hs1 0 1999999 113.0000,20.0000,7.0000,40.0000
hs1 2000000 3999999 34.0000,0.0000,0.0000,0.0000
hs1 4000000 5999999 2.0000,0.0000,0.0000,0.0000
hs1 6000000 7999999 1.0000,4.0000,0.0000,0.0000
hs1 8000000 9999999 2.0000,5.0000,4.0000,0.0000
hs1 10000000 11999999 0.0000,1.0000,0.0000,0.0000
hs1 12000000 13999999 148.0000,2.0000,0.0000,0.0000
hs1 14000000 15999999 2.0000,0.0000,0.0000,0.0000
hs1 16000000 17999999 162.0000,1.0000,5.0000,1.0000
hs1 18000000 19999999 2.0000,0.0000,0.0000,0.0000
hs1 20000000 21999999 123.0000,2.0000,0.0000,0.0000
hs1 22000000 23999999 2.0000,0.0000,0.0000,1.0000
hs1 24000000 25999999 5.0000,1.0000,2.0000,0.0000
hs1 26000000 27999999 3.0000,4.0000,3.0000,1.0000
hs1 28000000 29999999 9.0000,0.0000,0.0000,0.0000
hs1 30000000 31999999 11.0000,0.0000,0.0000,0.0000
hs1 32000000 33999999 2.0000,1.0000,3.0000,1.0000
hs1 34000000 35999999 1.0000,0.0000,0.0000,0.0000
hs1 36000000 37999999 0.0000,0.0000,2.0000,0.0000
hs1 38000000 39999999 7.0000,0.0000,0.0000,1.0000
hs1 40000000 41999999 4.0000,0.0000,1.0000,1.0000
hs1 44000000 45999999 0.0000,0.0000,1.0000,1.0000
hs1 46000000 47999999 7.0000,0.0000,1.0000,2.0000
hs1 48000000 49999999 0.0000,0.0000,0.0000,1.0000
hs1 50000000 51999999 3.0000,1.0000,0.0000,0.0000
hs1 54000000 55999999 6.0000,2.0000,2.0000,1.0000
hs1 58000000 59999999 6.0000,4.0000,2.0000,2.0000
hs1 64000000 65999999 2.0000,0.0000,0.0000,0.0000
hs1 66000000 67999999 1.0000,0.0000,1.0000,0.0000
hs1 68000000 69999999 0.0000,1.0000,0.0000,0.0000
hs1 70000000 71999999 0.0000,1.0000,0.0000,0.0000
hs1 72000000 73999999 1.0000,0.0000,1.0000,0.0000
hs1 74000000 75999999 2.0000,0.0000,0.0000,0.0000
hs1 78000000 79999999 4.0000,1.0000,0.0000,1.0000
hs1 80000000 81999999 7.0000,3.0000,3.0000,1.0000
hs1 86000000 87999999 5.0000,0.0000,1.0000,0.0000
hs1 88000000 89999999 2.0000,1.0000,1.0000,1.0000
hs1 90000000 91999999 0.0000,1.0000,2.0000,0.0000
hs1 92000000 93999999 3.0000,0.0000,3.0000,1.0000
hs1 96000000 97999999 1.0000,1.0000,2.0000,2.0000
hs1 98000000 99999999 1.0000,0.0000,0.0000,0.0000
hs1 100000000 101999999 0.0000,1.0000,0.0000,0.0000
hs1 102000000 103999999 26.0000,1.0000,3.0000,3.0000
hs1 104000000 105999999 25.0000,0.0000,0.0000,0.0000
hs1 106000000 107999999 1.0000,1.0000,0.0000,0.0000
hs1 108000000 109999999 6.0000,1.0000,0.0000,0.0000
hs1 110000000 111999999 2.0000,1.0000,2.0000,1.0000
hs1 112000000 113999999 4.0000,1.0000,1.0000,1.0000
hs1 114000000 115999999 0.0000,0.0000,0.0000,1.0000
hs1 116000000 117999999 5.0000,5.0000,2.0000,2.0000
hs1 118000000 119999999 3.0000,0.0000,1.0000,1.0000
hs1 120000000 121999999 40.0000,5.0000,0.0000,0.0000
hs1 140000000 141999999 18.0000,3.0000,4.0000,12.0000
hs1 142000000 143999999 250.0000,10.0000,2.0000,27.0000
hs1 144000000 145999999 194.0000,0.0000,1.0000,0.0000
hs1 146000000 147999999 455.0000,29.0000,0.0000,4.0000
hs1 148000000 149999999 6.0000,1.0000,2.0000,0.0000
hs1 150000000 151999999 13.0000,2.0000,1.0000,0.0000
hs1 152000000 153999999 23.0000,4.0000,5.0000,2.0000
hs1 154000000 155999999 5.0000,0.0000,3.0000,0.0000
hs1 156000000 157999999 2.0000,0.0000,0.0000,0.0000
hs1 158000000 159999999 12.0000,1.0000,3.0000,1.0000
hs1 162000000 163999999 0.0000,1.0000,0.0000,0.0000
hs1 164000000 165999999 1.0000,0.0000,1.0000,0.0000
hs1 166000000 167999999 2.0000,1.0000,0.0000,1.0000
hs1 168000000 169999999 1.0000,2.0000,2.0000,0.0000
hs1 176000000 177999999 4.0000,5.0000,2.0000,4.0000
hs1 178000000 179999999 5.0000,0.0000,2.0000,1.0000
hs1 180000000 181999999 0.0000,1.0000,1.0000,1.0000
hs1 182000000 183999999 2.0000,1.0000,0.0000,0.0000
hs1 188000000 189999999 1.0000,2.0000,0.0000,0.0000
hs1 192000000 193999999 1.0000,1.0000,0.0000,1.0000
hs1 194000000 195999999 16.0000,1.0000,1.0000,1.0000
hs1 198000000 199999999 0.0000,1.0000,1.0000,0.0000
hs1 200000000 201999999 7.0000,5.0000,3.0000,2.0000
hs1 202000000 203999999 1.0000,0.0000,0.0000,0.0000
hs1 204000000 205999999 25.0000,0.0000,0.0000,1.0000
hs1 208000000 209999999 1.0000,2.0000,2.0000,1.0000
hs1 212000000 213999999 4.0000,0.0000,0.0000,0.0000
hs1 216000000 217999999 1.0000,0.0000,0.0000,0.0000
hs1 218000000 219999999 2.0000,2.0000,0.0000,1.0000
hs1 220000000 221999999 15.0000,0.0000,3.0000,4.0000
hs1 222000000 223999999 22.0000,4.0000,3.0000,7.0000
hs1 224000000 225999999 9.0000,3.0000,3.0000,0.0000
hs1 226000000 227999999 21.0000,6.0000,8.0000,7.0000
hs1 228000000 229999999 0.0000,1.0000,1.0000,1.0000
hs1 232000000 233999999 1.0000,6.0000,0.0000,1.0000
hs1 234000000 235999999 2.0000,1.0000,2.0000,0.0000
hs1 238000000 239999999 6.0000,5.0000,2.0000,3.0000
hs1 240000000 241999999 22.0000,5.0000,2.0000,6.0000
hs1 244000000 245999999 11.0000,2.0000,1.0000,0.0000
hs1 246000000 247999999 19.0000,2.0000,2.0000,3.0000
hs2 0 1999999 3.0000,15.0000,3.0000,3.0000
hs2 2000000 3999999 0.0000,2.0000,0.0000,0.0000
hs2 4000000 5999999 3.0000,2.0000,0.0000,0.0000
hs2 6000000 7999999 2.0000,0.0000,0.0000,0.0000
hs2 8000000 9999999 0.0000,0.0000,1.0000,1.0000
hs2 10000000 11999999 1.0000,0.0000,1.0000,1.0000
hs2 12000000 13999999 2.0000,1.0000,1.0000,0.0000
hs2 16000000 17999999 0.0000,0.0000,1.0000,0.0000
hs2 18000000 19999999 0.0000,2.0000,0.0000,0.0000
hs2 24000000 25999999 2.0000,1.0000,2.0000,0.0000
hs2 28000000 29999999 1.0000,1.0000,0.0000,0.0000
hs2 32000000 33999999 1.0000,2.0000,2.0000,1.0000
hs2 36000000 37999999 1.0000,4.0000,1.0000,0.0000
hs2 38000000 39999999 1.0000,0.0000,0.0000,0.0000
hs2 40000000 41999999 6.0000,2.0000,2.0000,1.0000
hs2 42000000 43999999 1.0000,0.0000,0.0000,0.0000
hs2 44000000 45999999 0.0000,0.0000,1.0000,0.0000
hs2 46000000 47999999 0.0000,2.0000,1.0000,0.0000
hs2 48000000 49999999 1.0000,0.0000,0.0000,0.0000
hs2 54000000 55999999 0.0000,2.0000,2.0000,0.0000
hs2 62000000 63999999 5.0000,2.0000,3.0000,1.0000
hs2 64000000 65999999 1.0000,0.0000,0.0000,0.0000
hs2 68000000 69999999 1.0000,0.0000,0.0000,0.0000
hs2 70000000 71999999 3.0000,12.0000,27.0000,18.0000
hs2 72000000 73999999 0.0000,13.0000,0.0000,0.0000
hs2 74000000 75999999 0.0000,1.0000,2.0000,0.0000
hs2 76000000 77999999 0.0000,2.0000,1.0000,0.0000
hs2 78000000 79999999 1.0000,0.0000,2.0000,0.0000
hs2 82000000 83999999 0.0000,0.0000,0.0000,1.0000
hs2 84000000 85999999 1.0000,2.0000,1.0000,0.0000
hs2 86000000 87999999 0.0000,71.0000,0.0000,0.0000
hs2 88000000 89999999 0.0000,103.0000,1.0000,0.0000
hs2 90000000 91999999 24.0000,45.0000,0.0000,4.0000
hs2 94000000 95999999 9.0000,34.0000,8.0000,12.0000
hs2 96000000 97999999 1.0000,46.0000,3.0000,1.0000
hs2 98000000 99999999 0.0000,2.0000,0.0000,0.0000
hs2 100000000 101999999 3.0000,5.0000,5.0000,0.0000
hs2 102000000 103999999 0.0000,0.0000,0.0000,1.0000
hs2 104000000 105999999 1.0000,0.0000,0.0000,0.0000
hs2 106000000 107999999 4.0000,43.0000,3.0000,2.0000
hs2 108000000 109999999 1.0000,41.0000,0.0000,0.0000
hs2 110000000 111999999 4.0000,61.0000,0.0000,0.0000
hs2 112000000 113999999 3.0000,40.0000,4.0000,0.0000
hs2 114000000 115999999 11.0000,4.0000,3.0000,4.0000
hs2 126000000 127999999 0.0000,2.0000,0.0000,0.0000
hs2 128000000 129999999 1.0000,0.0000,0.0000,0.0000
hs2 130000000 131999999 2.0000,65.0000,0.0000,0.0000
hs2 132000000 133999999 14.0000,34.0000,0.0000,8.0000
hs2 134000000 135999999 0.0000,3.0000,6.0000,8.0000
hs2 136000000 137999999 0.0000,1.0000,1.0000,0.0000
hs2 138000000 139999999 0.0000,2.0000,0.0000,2.0000
hs2 144000000 145999999 0.0000,2.0000,0.0000,1.0000
hs2 148000000 149999999 0.0000,0.0000,0.0000,1.0000
hs2 152000000 153999999 0.0000,6.0000,0.0000,0.0000
hs2 154000000 155999999 0.0000,1.0000,0.0000,0.0000
hs2 156000000 157999999 1.0000,2.0000,0.0000,1.0000
hs2 158000000 159999999 1.0000,6.0000,9.0000,11.0000
hs2 160000000 161999999 2.0000,2.0000,0.0000,9.0000
hs2 162000000 163999999 3.0000,1.0000,0.0000,0.0000
hs2 170000000 171999999 1.0000,2.0000,2.0000,0.0000
hs2 172000000 173999999 1.0000,0.0000,0.0000,0.0000
hs2 174000000 175999999 6.0000,2.0000,2.0000,4.0000
hs2 176000000 177999999 1.0000,2.0000,1.0000,1.0000
hs2 178000000 179999999 0.0000,6.0000,0.0000,0.0000
hs2 182000000 183999999 1.0000,1.0000,2.0000,0.0000
hs2 186000000 187999999 1.0000,0.0000,3.0000,1.0000
hs2 188000000 189999999 3.0000,3.0000,3.0000,2.0000
hs2 190000000 191999999 3.0000,0.0000,0.0000,0.0000
hs2 194000000 195999999 0.0000,1.0000,0.0000,0.0000
hs2 196000000 197999999 1.0000,2.0000,1.0000,0.0000
hs2 198000000 199999999 1.0000,0.0000,1.0000,1.0000
hs2 200000000 201999999 9.0000,6.0000,6.0000,3.0000
hs2 202000000 203999999 1.0000,0.0000,0.0000,1.0000
hs2 204000000 205999999 1.0000,2.0000,3.0000,0.0000
hs2 206000000 207999999 8.0000,4.0000,4.0000,3.0000
hs2 212000000 213999999 0.0000,1.0000,1.0000,0.0000
hs2 214000000 215999999 0.0000,1.0000,0.0000,0.0000
hs2 218000000 219999999 1.0000,3.0000,2.0000,3.0000
hs2 220000000 221999999 0.0000,2.0000,0.0000,0.0000
hs2 222000000 223999999 0.0000,2.0000,0.0000,2.0000
hs2 228000000 229999999 0.0000,0.0000,2.0000,1.0000
hs2 230000000 231999999 1.0000,2.0000,1.0000,0.0000
hs2 232000000 233999999 1.0000,20.0000,0.0000,0.0000
hs2 234000000 235999999 0.0000,14.0000,0.0000,0.0000
hs2 236000000 237999999 1.0000,0.0000,0.0000,0.0000
hs2 238000000 239999999 3.0000,4.0000,1.0000,1.0000
hs2 240000000 241999999 1.0000,6.0000,0.0000,0.0000
hs2 242000000 243999999 15.0000,9.0000,6.0000,3.0000
hs3 0 1999999 0.0000,0.0000,5.0000,0.0000
hs3 2000000 3999999 0.0000,1.0000,2.0000,0.0000
hs3 6000000 7999999 1.0000,0.0000,0.0000,0.0000
hs3 8000000 9999999 0.0000,6.0000,12.0000,6.0000
hs3 10000000 11999999 4.0000,1.0000,21.0000,1.0000
hs3 12000000 13999999 1.0000,4.0000,15.0000,2.0000
hs3 14000000 15999999 3.0000,4.0000,10.0000,4.0000
hs3 16000000 17999999 1.0000,0.0000,0.0000,0.0000
hs3 18000000 19999999 2.0000,0.0000,2.0000,0.0000
hs3 22000000 23999999 2.0000,4.0000,1.0000,1.0000
hs3 30000000 31999999 2.0000,0.0000,0.0000,0.0000
hs3 32000000 33999999 2.0000,4.0000,4.0000,3.0000
hs3 34000000 35999999 0.0000,0.0000,1.0000,0.0000
hs3 36000000 37999999 0.0000,1.0000,0.0000,1.0000
hs3 38000000 39999999 7.0000,5.0000,2.0000,5.0000
hs3 40000000 41999999 3.0000,5.0000,3.0000,2.0000
hs3 42000000 43999999 7.0000,5.0000,2.0000,4.0000
hs3 44000000 45999999 1.0000,1.0000,0.0000,0.0000
hs3 46000000 47999999 1.0000,1.0000,0.0000,0.0000
hs3 48000000 49999999 3.0000,0.0000,1.0000,0.0000
hs3 50000000 51999999 0.0000,0.0000,2.0000,1.0000
hs3 52000000 53999999 2.0000,0.0000,1.0000,1.0000
hs3 62000000 63999999 1.0000,0.0000,0.0000,0.0000
hs3 68000000 69999999 1.0000,1.0000,1.0000,0.0000
hs3 70000000 71999999 0.0000,0.0000,1.0000,0.0000
hs3 72000000 73999999 1.0000,1.0000,3.0000,0.0000
hs3 74000000 75999999 13.0000,20.0000,33.0000,44.0000
hs3 76000000 77999999 3.0000,0.0000,4.0000,1.0000
hs3 80000000 81999999 1.0000,1.0000,1.0000,0.0000
hs3 82000000 83999999 0.0000,0.0000,2.0000,0.0000
hs3 84000000 85999999 0.0000,0.0000,1.0000,0.0000
hs3 86000000 87999999 0.0000,0.0000,0.0000,1.0000
hs3 88000000 89999999 0.0000,1.0000,0.0000,1.0000
hs3 90000000 91999999 0.0000,0.0000,2.0000,0.0000
hs3 94000000 95999999 0.0000,0.0000,2.0000,0.0000
hs3 96000000 97999999 1.0000,1.0000,2.0000,0.0000
hs3 98000000 99999999 0.0000,0.0000,4.0000,0.0000
hs3 100000000 101999999 0.0000,0.0000,0.0000,1.0000
hs3 102000000 103999999 0.0000,1.0000,0.0000,0.0000
hs3 106000000 107999999 0.0000,1.0000,0.0000,0.0000
hs3 108000000 109999999 0.0000,0.0000,0.0000,1.0000
hs3 110000000 111999999 4.0000,1.0000,3.0000,1.0000
hs3 112000000 113999999 1.0000,6.0000,7.0000,6.0000
hs3 114000000 115999999 0.0000,0.0000,0.0000,1.0000
hs3 116000000 117999999 0.0000,1.0000,1.0000,0.0000
hs3 120000000 121999999 0.0000,0.0000,2.0000,0.0000
hs3 122000000 123999999 0.0000,0.0000,2.0000,0.0000
hs3 124000000 125999999 0.0000,0.0000,9.0000,0.0000
hs3 126000000 127999999 1.0000,10.0000,28.0000,21.0000
hs3 130000000 131999999 0.0000,9.0000,29.0000,21.0000
hs3 132000000 133999999 2.0000,1.0000,0.0000,0.0000
hs3 134000000 135999999 1.0000,0.0000,3.0000,0.0000
hs3 136000000 137999999 0.0000,1.0000,0.0000,0.0000
hs3 138000000 139999999 3.0000,0.0000,2.0000,0.0000
hs3 140000000 141999999 0.0000,0.0000,6.0000,0.0000
hs3 142000000 143999999 2.0000,3.0000,3.0000,1.0000
hs3 144000000 145999999 2.0000,2.0000,0.0000,0.0000
hs3 148000000 149999999 1.0000,2.0000,1.0000,2.0000
hs3 150000000 151999999 2.0000,2.0000,1.0000,0.0000
hs3 152000000 153999999 0.0000,0.0000,2.0000,0.0000
hs3 154000000 155999999 4.0000,4.0000,4.0000,0.0000
hs3 156000000 157999999 2.0000,0.0000,1.0000,1.0000
hs3 158000000 159999999 0.0000,0.0000,3.0000,0.0000
hs3 160000000 161999999 1.0000,3.0000,0.0000,0.0000
hs3 162000000 163999999 0.0000,0.0000,1.0000,0.0000
hs3 168000000 169999999 0.0000,1.0000,0.0000,0.0000
hs3 170000000 171999999 2.0000,0.0000,1.0000,0.0000
hs3 172000000 173999999 0.0000,2.0000,2.0000,0.0000
hs3 176000000 177999999 0.0000,0.0000,1.0000,0.0000
hs3 180000000 181999999 0.0000,3.0000,5.0000,0.0000
hs3 182000000 183999999 0.0000,2.0000,0.0000,2.0000
hs3 184000000 185999999 1.0000,1.0000,6.0000,1.0000
hs3 186000000 187999999 4.0000,1.0000,2.0000,0.0000
hs3 188000000 189999999 0.0000,0.0000,1.0000,0.0000
hs3 192000000 193999999 1.0000,1.0000,0.0000,0.0000
hs3 194000000 195999999 1.0000,0.0000,0.0000,0.0000
hs3 196000000 197999999 0.0000,7.0000,64.0000,0.0000
hs3 198000000 199999999 21.0000,6.0000,18.0000,12.0000
hs4 0 1999999 5.0000,3.0000,1.0000,19.0000
hs4 2000000 3999999 1.0000,6.0000,16.0000,17.0000
hs4 4000000 5999999 1.0000,13.0000,25.0000,20.0000
hs4 6000000 7999999 0.0000,0.0000,0.0000,2.0000
hs4 8000000 9999999 2.0000,27.0000,49.0000,36.0000
hs4 12000000 13999999 0.0000,0.0000,0.0000,1.0000
hs4 14000000 15999999 0.0000,2.0000,0.0000,0.0000
hs4 16000000 17999999 0.0000,0.0000,0.0000,1.0000
hs4 20000000 21999999 1.0000,0.0000,0.0000,0.0000
hs4 22000000 23999999 1.0000,0.0000,0.0000,0.0000
hs4 24000000 25999999 0.0000,0.0000,0.0000,1.0000
hs4 26000000 27999999 0.0000,0.0000,0.0000,2.0000
hs4 30000000 31999999 0.0000,1.0000,0.0000,0.0000
hs4 34000000 35999999 0.0000,0.0000,0.0000,2.0000
hs4 38000000 39999999 0.0000,1.0000,1.0000,0.0000
hs4 40000000 41999999 2.0000,0.0000,1.0000,0.0000
hs4 48000000 49999999 38.0000,21.0000,4.0000,18.0000
hs4 54000000 55999999 0.0000,0.0000,0.0000,2.0000
hs4 56000000 57999999 1.0000,0.0000,1.0000,0.0000
hs4 62000000 63999999 1.0000,1.0000,0.0000,0.0000
hs4 66000000 67999999 0.0000,0.0000,0.0000,1.0000
hs4 68000000 69999999 1.0000,2.0000,0.0000,57.0000
hs4 70000000 71999999 0.0000,2.0000,0.0000,54.0000
hs4 72000000 73999999 1.0000,2.0000,2.0000,3.0000
hs4 74000000 75999999 5.0000,4.0000,3.0000,3.0000
hs4 76000000 77999999 0.0000,0.0000,0.0000,2.0000
hs4 78000000 79999999 5.0000,4.0000,5.0000,4.0000
hs4 80000000 81999999 3.0000,1.0000,2.0000,2.0000
hs4 82000000 83999999 3.0000,1.0000,3.0000,1.0000
hs4 86000000 87999999 1.0000,0.0000,0.0000,1.0000
hs4 88000000 89999999 0.0000,1.0000,0.0000,2.0000
hs4 92000000 93999999 0.0000,1.0000,0.0000,2.0000
hs4 98000000 99999999 3.0000,0.0000,1.0000,1.0000
hs4 100000000 101999999 0.0000,1.0000,1.0000,2.0000
hs4 104000000 105999999 0.0000,1.0000,0.0000,2.0000
hs4 106000000 107999999 2.0000,2.0000,2.0000,1.0000
hs4 108000000 109999999 1.0000,0.0000,1.0000,0.0000
hs4 110000000 111999999 3.0000,1.0000,3.0000,2.0000
hs4 116000000 117999999 0.0000,2.0000,3.0000,1.0000
hs4 118000000 119999999 35.0000,3.0000,4.0000,3.0000
hs4 120000000 121999999 14.0000,0.0000,3.0000,4.0000
hs4 130000000 131999999 1.0000,0.0000,0.0000,0.0000
hs4 132000000 133999999 0.0000,0.0000,0.0000,24.0000
hs4 136000000 137999999 1.0000,1.0000,1.0000,1.0000
hs4 140000000 141999999 1.0000,2.0000,0.0000,0.0000
hs4 144000000 145999999 2.0000,1.0000,1.0000,10.0000
hs4 154000000 155999999 0.0000,0.0000,0.0000,1.0000
hs4 156000000 157999999 2.0000,1.0000,1.0000,2.0000
hs4 158000000 159999999 5.0000,1.0000,1.0000,1.0000
hs4 162000000 163999999 0.0000,0.0000,0.0000,2.0000
hs4 164000000 165999999 10.0000,3.0000,2.0000,1.0000
hs4 166000000 167999999 0.0000,2.0000,0.0000,4.0000
hs4 168000000 169999999 1.0000,0.0000,0.0000,0.0000
hs4 170000000 171999999 0.0000,0.0000,0.0000,2.0000
hs4 174000000 175999999 1.0000,0.0000,0.0000,0.0000
hs4 176000000 177999999 0.0000,0.0000,0.0000,2.0000
hs4 182000000 183999999 0.0000,0.0000,0.0000,2.0000
hs4 184000000 185999999 0.0000,0.0000,1.0000,0.0000
hs4 186000000 187999999 0.0000,0.0000,0.0000,6.0000
hs4 188000000 189999999 0.0000,0.0000,1.0000,4.0000
hs4 190000000 191999999 5.0000,4.0000,13.0000,15.0000
