hsX 0 7142856 0.234293
hsX 7142857 14285713 0.429999
hsX 14285714 21428570 0.485750
hsX 21428571 28571427 0.210413
hsX 28571428 35714284 0.525564
hsX 35714285 42857141 0.274819
hsX 42857142 49999999 0.440554
hsX 50000000 57142856 0.288669
hsX 57142857 64285713 0.108388
hsX 64285714 71428570 0.390826
hsX 71428571 78571427 0.323903
hsX 78571428 85714284 0.229930
hsX 85714285 92857141 0.183359
hsX 92857142 99999999 0.232212
hsX 100000000 107142856 0.470627
hsX 107142857 114285713 0.439593
hsX 114285714 121428570 0.264718
hsX 121428571 128571427 0.194415
hsX 128571428 135714284 0.420435
hsX 135714285 142857141 0.140806
hsX 142857142 149999999 0.185236
hsX 150000000 157142856 0.292851
hs12 0 7142856 0.639784
hs12 7142857 14285713 0.474447
hs12 14285714 21428570 0.397814
hs12 21428571 28571427 0.523351
hs12 28571428 35714284 0.248986
hs12 35714285 42857141 0.401005
hs12 42857142 49999999 0.496907
hs12 50000000 57142856 0.424424
hs12 57142857 64285713 0.330248
hs12 64285714 71428570 0.405550
hs12 71428571 78571427 0.248529
hs12 78571428 85714284 0.443170
hs12 85714285 92857141 0.161262
hs12 92857142 99999999 0.511991
hs12 100000000 107142856 0.532735
hs12 107142857 114285713 0.513540
hs12 114285714 121428570 0.593274
hs12 121428571 128571427 0.433821
hs12 128571428 135714284 0.260038
hs11 0 7142856 0.457119
hs11 7142857 14285713 0.580210
hs11 14285714 21428570 0.602508
hs11 21428571 28571427 0.308634
hs11 28571428 35714284 0.362668
hs11 35714285 42857141 0.116265
hs11 42857142 49999999 0.445095
hs11 50000000 57142856 0.093498
hs11 57142857 64285713 0.468430
hs11 64285714 71428570 0.515780
hs11 71428571 78571427 0.684176
hs11 78571428 85714284 0.436424
hs11 85714285 92857141 0.359630
hs11 92857142 99999999 0.374957
hs11 100000000 107142856 0.400244
hs11 107142857 114285713 0.404884
hs11 114285714 121428570 0.452130
hs11 121428571 128571427 0.411062
hs11 128571428 135714284 0.423531
hs22 0 7142856 0.000000
hs22 7142857 14285713 0.000000
hs22 14285714 21428570 0.386728
hs22 21428571 28571427 0.669772
hs22 28571428 35714284 0.537469
hs22 35714285 42857141 0.653710
hs22 42857142 49999999 0.440165
hs10 0 7142856 0.326403
hs10 7142857 14285713 0.415187
hs10 14285714 21428570 0.546842
hs10 21428571 28571427 0.561751
hs10 28571428 35714284 0.407111
hs10 35714285 42857141 0.102968
hs10 42857142 49999999 0.327444
hs10 50000000 57142856 0.532950
hs10 57142857 64285713 0.289671
hs10 64285714 71428570 0.534646
hs10 71428571 78571427 0.670669
hs10 78571428 85714284 0.374289
hs10 85714285 92857141 0.435867
hs10 92857142 99999999 0.664306
hs10 100000000 107142856 0.689306
hs10 107142857 114285713 0.213894
hs10 114285714 121428570 0.544046
hs10 121428571 128571427 0.426362
hs10 128571428 135714284 0.343702
hs7 0 7142856 0.578131
hs7 7142857 14285713 0.285187
hs7 14285714 21428570 0.363063
hs7 21428571 28571427 0.445590
hs7 28571428 35714284 0.536517
hs7 35714285 42857141 0.515134
hs7 42857142 49999999 0.411137
hs7 50000000 57142856 0.221149
hs7 57142857 64285713 0.067102
hs7 64285714 71428570 0.459150
hs7 71428571 78571427 0.638192
hs7 78571428 85714284 0.330379
hs7 85714285 92857141 0.506413
hs7 92857142 99999999 0.421432
hs7 100000000 107142856 0.677806
hs7 107142857 114285713 0.429510
hs7 114285714 121428570 0.334332
hs7 121428571 128571427 0.408473
hs7 128571428 135714284 0.602762
hs7 135714285 142857141 0.472088
hs7 142857142 149999999 0.514980
hs7 150000000 157142856 0.477176
hs7 157142857 164285713 0.185769
hs4 0 7142856 0.580346
hs4 7142857 14285713 0.265156
hs4 14285714 21428570 0.422055
hs4 21428571 28571427 0.217967
hs4 28571428 35714284 0.059694
hs4 35714285 42857141 0.539023
hs4 42857142 49999999 0.344583
hs4 50000000 57142856 0.270566
hs4 57142857 64285713 0.110747
hs4 64285714 71428570 0.236434
hs4 71428571 78571427 0.416439
hs4 78571428 85714284 0.398961
hs4 85714285 92857141 0.643665
hs4 92857142 99999999 0.497140
hs4 100000000 107142856 0.371456
hs4 107142857 114285713 0.399441
hs4 114285714 121428570 0.270432
hs4 121428571 128571427 0.260512
hs4 128571428 135714284 0.115163
hs4 135714285 142857141 0.219607
hs4 142857142 149999999 0.454073
hs4 150000000 157142856 0.414003
hs4 157142857 164285713 0.266716
hs4 164285714 171428570 0.469499
hs4 171428571 178571427 0.372205
hs4 178571428 185714284 0.199758
hs4 185714285 192857141 0.179352
hs16 0 7142856 0.654076
hs16 7142857 14285713 0.474881
hs16 14285714 21428570 0.485813
hs16 21428571 28571427 0.504469
hs16 28571428 35714284 0.215532
hs16 35714285 42857141 0.000000
hs16 42857142 49999999 0.288036
hs16 50000000 57142856 0.390065
hs16 57142857 64285713 0.136502
hs16 64285714 71428570 0.620402
hs16 71428571 78571427 0.412286
hs16 78571428 85714284 0.482392
hs16 85714285 92857141 0.250090
hs20 0 7142856 0.387044
hs20 7142857 14285713 0.431738
hs20 14285714 21428570 0.636162
hs20 21428571 28571427 0.139640
hs20 28571428 35714284 0.558650
hs20 35714285 42857141 0.463082
hs20 42857142 49999999 0.486921
hs20 50000000 57142856 0.266792
hs20 57142857 64285713 0.368030
hs13 0 7142856 0.000000
hs13 7142857 14285713 0.000000
hs13 14285714 21428570 0.204510
hs13 21428571 28571427 0.407772
hs13 28571428 35714284 0.543733
hs13 35714285 42857141 0.423443
hs13 42857142 49999999 0.422799
hs13 50000000 57142856 0.187083
hs13 57142857 64285713 0.104301
hs13 64285714 71428570 0.283601
hs13 71428571 78571427 0.306642
hs13 78571428 85714284 0.107037
hs13 85714285 92857141 0.237803
hs13 92857142 99999999 0.672121
hs13 100000000 107142856 0.315323
hs13 107142857 114285713 0.411246
hs18 0 7142856 0.355963
hs18 7142857 14285713 0.512520
hs18 14285714 21428570 0.345552
hs18 21428571 28571427 0.271965
hs18 28571428 35714284 0.537868
hs18 35714285 42857141 0.276426
hs18 42857142 49999999 0.437757
hs18 50000000 57142856 0.332975
hs18 57142857 64285713 0.219705
hs18 64285714 71428570 0.295470
hs18 71428571 78571427 0.182014
hs3 0 7142856 0.344456
hs3 7142857 14285713 0.620307
hs3 14285714 21428570 0.409985
hs3 21428571 28571427 0.298340
hs3 28571428 35714284 0.368122
hs3 35714285 42857141 0.542680
hs3 42857142 49999999 0.593551
hs3 50000000 57142856 0.771049
hs3 57142857 64285713 0.668895
hs3 64285714 71428570 0.471088
hs3 71428571 78571427 0.263148
hs3 78571428 85714284 0.289273
hs3 85714285 92857141 0.139579
hs3 92857142 99999999 0.213384
hs3 100000000 107142856 0.355128
hs3 107142857 114285713 0.358076
hs3 114285714 121428570 0.486592
hs3 121428571 128571427 0.678690
hs3 128571428 135714284 0.594259
hs3 135714285 142857141 0.483274
hs3 142857142 149999999 0.268547
hs3 150000000 157142856 0.362027
hs3 157142857 164285713 0.434022
hs3 164285714 171428570 0.311377
hs3 171428571 178571427 0.521751
hs3 178571428 185714284 0.345477
hs3 185714285 192857141 0.453775
hs3 192857142 199999999 0.449708
hs9 0 7142856 0.483535
hs9 7142857 14285713 0.384726
hs9 14285714 21428570 0.512553
hs9 21428571 28571427 0.243274
hs9 28571428 35714284 0.306304
hs9 35714285 42857141 0.280769
hs9 42857142 49999999 0.035525
hs9 50000000 57142856 0.000000
hs9 57142857 64285713 0.000000
hs9 64285714 71428570 0.209289
hs9 71428571 78571427 0.394455
hs9 78571428 85714284 0.263378
hs9 85714285 92857141 0.282797
hs9 92857142 99999999 0.554261
hs9 100000000 107142856 0.324227
hs9 107142857 114285713 0.453366
hs9 114285714 121428570 0.455006
hs9 121428571 128571427 0.641670
hs9 128571428 135714284 0.651182
hs9 135714285 142857141 0.334328
hs15 0 7142856 0.000000
hs15 7142857 14285713 0.000000
hs15 14285714 21428570 0.090853
hs15 21428571 28571427 0.433432
hs15 28571428 35714284 0.424857
hs15 35714285 42857141 0.583285
hs15 42857142 49999999 0.513905
hs15 50000000 57142856 0.543082
hs15 57142857 64285713 0.558889
hs15 64285714 71428570 0.563657
hs15 71428571 78571427 0.499905
hs15 78571428 85714284 0.558431
hs15 85714285 92857141 0.389887
hs15 92857142 99999999 0.307139
hs15 100000000 107142856 0.014583
hs5 0 7142856 0.201792
hs5 7142857 14285713 0.437731
hs5 14285714 21428570 0.302345
hs5 21428571 28571427 0.221094
hs5 28571428 35714284 0.276375
hs5 35714285 42857141 0.456541
hs5 42857142 49999999 0.137077
hs5 50000000 57142856 0.293071
hs5 57142857 64285713 0.492022
hs5 64285714 71428570 0.598220
hs5 71428571 78571427 0.508405
hs5 78571428 85714284 0.416331
hs5 85714285 92857141 0.193441
hs5 92857142 99999999 0.375512
hs5 100000000 107142856 0.124257
hs5 107142857 114285713 0.486287
hs5 114285714 121428570 0.222858
hs5 121428571 128571427 0.284709
hs5 128571428 135714284 0.442753
hs5 135714285 142857141 1.233289
hs5 142857142 149999999 0.445657
hs5 150000000 157142856 0.348186
hs5 157142857 164285713 0.248247
hs5 164285714 171428570 0.504838
hs5 171428571 178571427 0.403032
hs5 178571428 185714284 0.147077
hsY 0 7142856 0.275437
hsY 7142857 14285713 0.211986
hsY 14285714 21428570 0.137805
hsY 21428571 28571427 0.208172
hsY 28571428 35714284 0.000000
hsY 35714285 42857141 0.000000
hsY 42857142 49999999 0.000000
hsY 50000000 57142856 0.000000
hsY 57142857 64285713 0.012656
hs1 0 7142856 0.469807
hs1 7142857 14285713 0.560738
hs1 14285714 21428570 0.558727
hs1 21428571 28571427 0.536287
hs1 28571428 35714284 0.464009
hs1 35714285 42857141 0.497530
hs1 42857142 49999999 0.641277
hs1 50000000 57142856 0.578455
hs1 57142857 64285713 0.547389
hs1 64285714 71428570 0.492184
hs1 71428571 78571427 0.550291
hs1 78571428 85714284 0.204924
hs1 85714285 92857141 0.394715
hs1 92857142 99999999 0.372882
hs1 100000000 107142856 0.234098
hs1 107142857 114285713 0.492602
hs1 114285714 121428570 0.346777
hs1 121428571 128571427 0.000000
hs1 128571428 135714284 0.000000
hs1 135714285 142857141 0.011174
hs1 142857142 149999999 0.444241
hs1 150000000 157142856 0.448468
hs1 157142857 164285713 0.405621
hs1 164285714 171428570 0.456432
hs1 171428571 178571427 0.631541
hs1 178571428 185714284 0.501300
hs1 185714285 192857141 0.100199
hs1 192857142 199999999 0.329762
hs1 200000000 207142856 0.510589
hs1 207142857 214285713 0.502797
hs1 214285714 221428570 0.350298
hs1 221428571 228571427 0.469402
hs1 228571428 235714284 0.593939
hs1 235714285 242857141 0.503419
hs1 242857142 249999999 0.320691
hs19 0 7142856 0.628565
hs19 7142857 14285713 0.566263
hs19 14285714 21428570 0.567976
hs19 21428571 28571427 0.068696
hs19 28571428 35714284 0.046692
hs19 35714285 42857141 0.401985
hs19 42857142 49999999 0.519477
hs19 50000000 57142856 0.582594
hs19 57142857 64285713 0.492715
hs2 0 7142856 0.271843
hs2 7142857 14285713 0.246196
hs2 14285714 21428570 0.189740
hs2 21428571 28571427 0.524788
hs2 28571428 35714284 0.493354
hs2 35714285 42857141 0.370041
hs2 42857142 49999999 0.493243
hs2 50000000 57142856 0.417764
hs2 57142857 64285713 0.329552
hs2 64285714 71428570 0.313915
hs2 71428571 78571427 0.461384
hs2 78571428 85714284 0.274489
hs2 85714285 92857141 0.230522
hs2 92857142 99999999 0.413142
hs2 100000000 107142856 0.292806
hs2 107142857 114285713 0.503776
hs2 114285714 121428570 0.361341
hs2 121428571 128571427 0.276346
hs2 128571428 135714284 0.398116
hs2 135714285 142857141 0.492917
hs2 142857142 149999999 0.391200
hs2 150000000 157142856 0.296453
hs2 157142857 164285713 0.509895
hs2 164285714 171428570 0.544015
hs2 171428571 178571427 0.441831
hs2 178571428 185714284 0.436290
hs2 185714285 192857141 0.333417
hs2 192857142 199999999 0.292654
hs2 200000000 207142856 0.579397
hs2 207142857 214285713 0.509547
hs2 214285714 221428570 0.475393
hs2 221428571 228571427 0.324143
hs2 228571428 235714284 0.591873
hs2 235714285 242857141 0.455275
hs8 0 7142856 0.450728
hs8 7142857 14285713 0.428550
hs8 14285714 21428570 0.424100
hs8 21428571 28571427 0.452555
hs8 28571428 35714284 0.428287
hs8 35714285 42857141 0.417093
hs8 42857142 49999999 0.155703
hs8 50000000 57142856 0.410394
hs8 57142857 64285713 0.337651
hs8 64285714 71428570 0.400992
hs8 71428571 78571427 0.293504
hs8 78571428 85714284 0.215384
hs8 85714285 92857141 0.347028
hs8 92857142 99999999 0.358226
hs8 100000000 107142856 0.547645
hs8 107142857 114285713 0.343913
hs8 114285714 121428570 0.329976
hs8 121428571 128571427 0.295734
hs8 128571428 135714284 0.355159
hs8 135714285 142857141 0.347361
hs8 142857142 149999999 0.205160
hs6 0 7142856 0.452054
hs6 7142857 14285713 0.343022
hs6 14285714 21428570 0.361933
hs6 21428571 28571427 0.328193
hs6 28571428 35714284 0.421485
hs6 35714285 42857141 0.599639
hs6 42857142 49999999 0.437914
hs6 50000000 57142856 0.380247
hs6 57142857 64285713 0.149715
hs6 64285714 71428570 0.496279
hs6 71428571 78571427 0.355612
hs6 78571428 85714284 0.240788
hs6 85714285 92857141 0.311305
hs6 92857142 99999999 0.166828
hs6 100000000 107142856 0.277811
hs6 107142857 114285713 0.494436
hs6 114285714 121428570 0.309333
hs6 121428571 128571427 0.471862
hs6 128571428 135714284 0.427985
hs6 135714285 142857141 0.408762
hs6 142857142 149999999 0.504652
hs6 150000000 157142856 0.454953
hs6 157142857 164285713 0.665983
hs6 164285714 171428570 0.291485
hs14 0 7142856 0.000000
hs14 7142857 14285713 0.000000
hs14 14285714 21428570 0.085616
hs14 21428571 28571427 0.170227
hs14 28571428 35714284 0.505181
hs14 35714285 42857141 0.211400
hs14 42857142 49999999 0.244798
hs14 50000000 57142856 0.408846
hs14 57142857 64285713 0.484090
hs14 64285714 71428570 0.579808
hs14 71428571 78571427 0.679379
hs14 78571428 85714284 0.252795
hs14 85714285 92857141 0.502936
hs14 92857142 99999999 0.350337
hs14 100000000 107142856 0.337017
hs17 0 7142856 0.606219
hs17 7142857 14285713 0.539544
hs17 14285714 21428570 0.478574
hs17 21428571 28571427 0.536605
hs17 28571428 35714284 0.576968
hs17 35714285 42857141 0.544554
hs17 42857142 49999999 0.363323
hs17 50000000 57142856 0.568614
hs17 57142857 64285713 0.641976
hs17 64285714 71428570 0.385580
hs17 71428571 78571427 0.629169
hs17 78571428 85714284 0.006539
hs21 0 7142856 0.000000
hs21 7142857 14285713 0.082748
hs21 14285714 21428570 0.211587
hs21 21428571 28571427 0.154616
hs21 28571428 35714284 0.448756
hs21 35714285 42857141 0.546975
hs21 42857142 49999999 0.324125
