hsX 0 4545453 0.271507
hsX 4545454 9090908 0.182722
hsX 9090909 13636362 0.534804
hsX 13636363 18181817 0.447187
hsX 18181818 22727271 0.487359
hsX 22727272 27272726 0.196797
hsX 27272727 31818180 0.516800
hsX 31818181 36363635 0.397701
hsX 36363636 40909089 0.241921
hsX 40909090 45454544 0.281471
hsX 45454545 49999999 0.529632
hsX 50000000 54545453 0.354909
hsX 54545454 59090908 0.146500
hsX 59090909 63636362 0.096502
hsX 63636363 68181817 0.236240
hsX 68181818 72727271 0.511819
hsX 72727272 77272726 0.378739
hsX 77272727 81818180 0.121835
hsX 81818181 86363635 0.319061
hsX 86363636 90909089 0.036262
hsX 90909090 95454544 0.194679
hsX 95454545 99999999 0.364905
hsX 100000000 104545453 0.466111
hsX 104545454 109090908 0.462987
hsX 109090909 113636362 0.418817
hsX 113636363 118181817 0.287017
hsX 118181818 122727271 0.308041
hsX 122727272 127272726 0.180430
hsX 127272727 131818180 0.320851
hsX 131818181 136363635 0.371172
hsX 136363636 140909089 0.208676
hsX 140909090 145454544 0.013988
hsX 145454545 149999999 0.286785
hsX 150000000 154545453 0.440307
hsX 154545454 159090908 0.019887
hs12 0 4545453 0.687672
hs12 4545454 9090908 0.487612
hs12 9090909 13636362 0.490307
hs12 13636363 18181817 0.367798
hs12 18181818 22727271 0.486573
hs12 22727272 27272726 0.516139
hs12 27272727 31818180 0.399199
hs12 31818181 36363635 0.154444
hs12 36363636 40909089 0.434515
hs12 40909090 45454544 0.478885
hs12 45454545 49999999 0.497605
hs12 50000000 54545453 0.402929
hs12 54545454 59090908 0.294957
hs12 59090909 63636362 0.413681
hs12 63636363 68181817 0.337053
hs12 68181818 72727271 0.374585
hs12 72727272 77272726 0.247626
hs12 77272727 81818180 0.531895
hs12 81818181 86363635 0.316791
hs12 86363636 90909089 0.129731
hs12 90909090 95454544 0.395280
hs12 95454545 99999999 0.523603
hs12 100000000 104545453 0.515087
hs12 104545454 109090908 0.590600
hs12 109090909 113636362 0.538459
hs12 113636363 118181817 0.427693
hs12 118181818 122727271 0.695886
hs12 122727272 127272726 0.258659
hs12 127272727 131818180 0.573949
hs12 131818181 136363635 0.066452
hs11 0 4545453 0.577155
hs11 4545454 9090908 0.407427
hs11 9090909 13636362 0.557703
hs11 13636363 18181817 0.534693
hs11 18181818 22727271 0.575290
hs11 22727272 27272726 0.252236
hs11 27272727 31818180 0.329412
hs11 31818181 36363635 0.500599
hs11 36363636 40909089 0.079974
hs11 40909090 45454544 0.228748
hs11 45454545 49999999 0.470687
hs11 50000000 54545453 0.007067
hs11 54545454 59090908 0.269054
hs11 59090909 63636362 0.520931
hs11 63636363 68181817 0.581764
hs11 68181818 72727271 0.505107
hs11 72727272 77272726 0.645518
hs11 77272727 81818180 0.295975
hs11 81818181 86363635 0.699632
hs11 86363636 90909089 0.335862
hs11 90909090 95454544 0.387613
hs11 95454545 99999999 0.360311
hs11 100000000 104545453 0.399770
hs11 104545454 109090908 0.432097
hs11 109090909 113636362 0.403284
hs11 113636363 118181817 0.433847
hs11 118181818 122727271 0.420786
hs11 122727272 127272726 0.411655
hs11 127272727 131818180 0.463040
hs11 131818181 136363635 0.322716
hs22 0 4545453 0.000000
hs22 4545454 9090908 0.000000
hs22 9090909 13636362 0.000000
hs22 13636363 18181817 0.310544
hs22 18181818 22727271 0.428382
hs22 22727272 27272726 0.712619
hs22 27272727 31818180 0.702880
hs22 31818181 36363635 0.421895
hs22 36363636 40909089 0.666719
hs22 40909090 45454544 0.645090
hs22 45454545 49999999 0.335626
hs10 0 4545453 0.323998
hs10 4545454 9090908 0.337423
hs10 9090909 13636362 0.371069
hs10 13636363 18181817 0.658355
hs10 18181818 22727271 0.473374
hs10 22727272 27272726 0.582788
hs10 27272727 31818180 0.369290
hs10 31818181 36363635 0.473400
hs10 36363636 40909089 0.075897
hs10 40909090 45454544 0.190638
hs10 45454545 49999999 0.367305
hs10 50000000 54545453 0.617819
hs10 54545454 59090908 0.220518
hs10 59090909 63636362 0.372763
hs10 63636363 68181817 0.358601
hs10 68181818 72727271 0.704179
hs10 72727272 77272726 0.695853
hs10 77272727 81818180 0.486021
hs10 81818181 86363635 0.378478
hs10 86363636 90909089 0.516544
hs10 90909090 95454544 0.486062
hs10 95454545 99999999 0.666930
hs10 100000000 104545453 0.663002
hs10 104545454 109090908 0.550185
hs10 109090909 113636362 0.148551
hs10 113636363 118181817 0.617917
hs10 118181818 122727271 0.379674
hs10 122727272 127272726 0.414412
hs10 127272727 131818180 0.451459
hs10 131818181 136363635 0.259142
hs7 0 4545453 0.587648
hs7 4545454 9090908 0.529797
hs7 9090909 13636362 0.187563
hs7 13636363 18181817 0.427366
hs7 18181818 22727271 0.372905
hs7 22727272 27272726 0.336451
hs7 27272727 31818180 0.545307
hs7 31818181 36363635 0.547015
hs7 36363636 40909089 0.663286
hs7 40909090 45454544 0.415440
hs7 45454545 49999999 0.313273
hs7 50000000 54545453 0.200687
hs7 54545454 59090908 0.159619
hs7 59090909 63636362 0.035827
hs7 63636363 68181817 0.267747
hs7 68181818 72727271 0.701858
hs7 72727272 77272726 0.536321
hs7 77272727 81818180 0.541497
hs7 81818181 86363635 0.305866
hs7 86363636 90909089 0.534046
hs7 90909090 95454544 0.452283
hs7 95454545 99999999 0.418816
hs7 100000000 104545453 0.740908
hs7 104545454 109090908 0.467432
hs7 109090909 113636362 0.425695
hs7 113636363 118181817 0.395450
hs7 118181818 122727271 0.410452
hs7 122727272 127272726 0.323064
hs7 127272727 131818180 0.569388
hs7 131818181 136363635 0.554811
hs7 136363636 140909089 0.567133
hs7 140909090 145454544 0.266732
hs7 145454545 149999999 0.684571
hs7 150000000 154545453 0.572016
hs7 154545454 159090908 0.469755
hs4 0 4545453 0.574925
hs4 4545454 9090908 0.602262
hs4 9090909 13636362 0.151459
hs4 13636363 18181817 0.337003
hs4 18181818 22727271 0.413362
hs4 22727272 27272726 0.255383
hs4 27272727 31818180 0.093805
hs4 31818181 36363635 0.053349
hs4 36363636 40909089 0.560694
hs4 40909090 45454544 0.310197
hs4 45454545 49999999 0.464284
hs4 50000000 54545453 0.207351
hs4 54545454 59090908 0.265282
hs4 59090909 63636362 0.126573
hs4 63636363 68181817 0.136522
hs4 68181818 72727271 0.386056
hs4 72727272 77272726 0.353150
hs4 77272727 81818180 0.502904
hs4 81818181 86363635 0.363457
hs4 86363636 90909089 0.569292
hs4 90909090 95454544 0.698081
hs4 95454545 99999999 0.436113
hs4 100000000 104545453 0.427633
hs4 104545454 109090908 0.295687
hs4 109090909 113636362 0.389437
hs4 113636363 118181817 0.317289
hs4 118181818 122727271 0.294868
hs4 122727272 127272726 0.320835
hs4 127272727 131818180 0.170482
hs4 131818181 136363635 0.010490
hs4 136363636 140909089 0.106228
hs4 140909090 145454544 0.517114
hs4 145454545 149999999 0.435298
hs4 150000000 154545453 0.461438
hs4 154545454 159090908 0.289215
hs4 159090909 163636362 0.314999
hs4 163636363 168181817 0.394087
hs4 168181818 172727271 0.347745
hs4 172727272 177272726 0.503976
hs4 177272727 181818180 0.141137
hs4 181818181 186363635 0.304670
hs4 186363636 190909089 0.211295
hs4 190909090 195454544 0.019559
hs16 0 4545453 0.675949
hs16 4545454 9090908 0.536510
hs16 9090909 13636362 0.511538
hs16 13636363 18181817 0.411120
hs16 18181818 22727271 0.544282
hs16 22727272 27272726 0.444452
hs16 27272727 31818180 0.527224
hs16 31818181 36363635 0.017850
hs16 36363636 40909089 0.000000
hs16 40909090 45454544 0.055893
hs16 45454545 49999999 0.396735
hs16 50000000 54545453 0.266018
hs16 54545454 59090908 0.374480
hs16 59090909 63636362 0.105816
hs16 63636363 68181817 0.613848
hs16 68181818 72727271 0.491256
hs16 72727272 77272726 0.480435
hs16 77272727 81818180 0.533108
hs16 81818181 86363635 0.414172
hs16 86363636 90909089 0.322171
hs20 0 4545453 0.452777
hs20 4545454 9090908 0.362587
hs20 9090909 13636362 0.334811
hs20 13636363 18181817 0.712635
hs20 18181818 22727271 0.435894
hs20 22727272 27272726 0.202202
hs20 27272727 31818180 0.308624
hs20 31818181 36363635 0.665792
hs20 36363636 40909089 0.392518
hs20 40909090 45454544 0.569677
hs20 45454545 49999999 0.438997
hs20 50000000 54545453 0.256423
hs20 54545454 59090908 0.270114
hs20 59090909 63636362 0.471040
hs13 0 4545453 0.000000
hs13 4545454 9090908 0.000000
hs13 9090909 13636362 0.000000
hs13 13636363 18181817 0.000000
hs13 18181818 22727271 0.337700
hs13 22727272 27272726 0.494885
hs13 27272727 31818180 0.458518
hs13 31818181 36363635 0.573079
hs13 36363636 40909089 0.385180
hs13 40909090 45454544 0.502172
hs13 45454545 49999999 0.394870
hs13 50000000 54545453 0.268766
hs13 54545454 59090908 0.038028
hs13 59090909 63636362 0.151095
hs13 63636363 68181817 0.204051
hs13 68181818 72727271 0.324372
hs13 72727272 77272726 0.319773
hs13 77272727 81818180 0.153611
hs13 81818181 86363635 0.093919
hs13 86363636 90909089 0.024229
hs13 90909090 95454544 0.769354
hs13 95454545 99999999 0.636298
hs13 100000000 104545453 0.359274
hs13 104545454 109090908 0.323370
hs13 109090909 113636362 0.406033
hs13 113636363 118181817 0.053075
hs18 0 4545453 0.352305
hs18 4545454 9090908 0.425309
hs18 9090909 13636362 0.543408
hs18 13636363 18181817 0.246801
hs18 18181818 22727271 0.459255
hs18 22727272 27272726 0.162397
hs18 27272727 31818180 0.549987
hs18 31818181 36363635 0.440902
hs18 36363636 40909089 0.206171
hs18 40909090 45454544 0.451389
hs18 45454545 49999999 0.464727
hs18 50000000 54545453 0.407331
hs18 54545454 59090908 0.321775
hs18 59090909 63636362 0.139391
hs18 63636363 68181817 0.256667
hs18 68181818 72727271 0.258429
hs18 72727272 77272726 0.235236
hs3 0 4545453 0.390972
hs3 4545454 9090908 0.416247
hs3 9090909 13636362 0.623171
hs3 13636363 18181817 0.566208
hs3 18181818 22727271 0.236393
hs3 22727272 27272726 0.298757
hs3 27272727 31818180 0.367796
hs3 31818181 36363635 0.329367
hs3 36363636 40909089 0.571271
hs3 40909090 45454544 0.516630
hs3 45454545 49999999 0.676311
hs3 50000000 54545453 0.754524
hs3 54545454 59090908 0.749726
hs3 59090909 63636362 0.683119
hs3 63636363 68181817 0.460117
hs3 68181818 72727271 0.454470
hs3 72727272 77272726 0.203154
hs3 77272727 81818180 0.412267
hs3 81818181 86363635 0.261999
hs3 86363636 90909089 0.111102
hs3 90909090 95454544 0.057092
hs3 95454545 99999999 0.278226
hs3 100000000 104545453 0.465480
hs3 104545454 109090908 0.213414
hs3 109090909 113636362 0.390432
hs3 113636363 118181817 0.582670
hs3 118181818 122727271 0.424010
hs3 122727272 127272726 0.731422
hs3 127272727 131818180 0.520094
hs3 131818181 136363635 0.663866
hs3 136363636 140909089 0.410794
hs3 140909090 145454544 0.590935
hs3 145454545 149999999 0.074056
hs3 150000000 154545453 0.401344
hs3 154545454 159090908 0.390181
hs3 159090909 163636362 0.459409
hs3 163636363 168181817 0.038307
hs3 168181818 172727271 0.607192
hs3 172727272 177272726 0.624870
hs3 177272727 181818180 0.266692
hs3 181818181 186363635 0.389333
hs3 186363636 190909089 0.475803
hs3 190909090 195454544 0.405799
hs3 195454545 199999999 0.463855
hs9 0 4545453 0.422455
hs9 4545454 9090908 0.516193
hs9 9090909 13636362 0.378710
hs9 13636363 18181817 0.486127
hs9 18181818 22727271 0.440481
hs9 22727272 27272726 0.114662
hs9 27272727 31818180 0.223875
hs9 31818181 36363635 0.525632
hs9 36363636 40909089 0.318124
hs9 40909090 45454544 0.090593
hs9 45454545 49999999 0.013652
hs9 50000000 54545453 0.000000
hs9 54545454 59090908 0.000000
hs9 59090909 63636362 0.000000
hs9 63636363 68181817 0.035921
hs9 68181818 72727271 0.486858
hs9 72727272 77272726 0.307918
hs9 77272727 81818180 0.372742
hs9 81818181 86363635 0.193649
hs9 86363636 90909089 0.310636
hs9 90909090 95454544 0.467948
hs9 95454545 99999999 0.502324
hs9 100000000 104545453 0.433129
hs9 104545454 109090908 0.179758
hs9 109090909 113636362 0.525822
hs9 113636363 118181817 0.524840
hs9 118181818 122727271 0.367833
hs9 122727272 127272726 0.754744
hs9 127272727 131818180 0.632464
hs9 131818181 136363635 0.595373
hs9 136363636 140909089 0.479977
hs15 0 4545453 0.000000
hs15 4545454 9090908 0.000000
hs15 9090909 13636362 0.000000
hs15 13636363 18181817 0.000000
hs15 18181818 22727271 0.177175
hs15 22727272 27272726 0.506606
hs15 27272727 31818180 0.471363
hs15 31818181 36363635 0.346807
hs15 36363636 40909089 0.567509
hs15 40909090 45454544 0.528763
hs15 45454545 49999999 0.617442
hs15 50000000 54545453 0.524960
hs15 54545454 59090908 0.563145
hs15 59090909 63636362 0.522395
hs15 63636363 68181817 0.576319
hs15 68181818 72727271 0.579592
hs15 72727272 77272726 0.558213
hs15 77272727 81818180 0.435724
hs15 81818181 86363635 0.552156
hs15 86363636 90909089 0.492239
hs15 90909090 95454544 0.108538
hs15 95454545 99999999 0.462559
hs15 100000000 104545453 0.022915
hs5 0 4545453 0.211649
hs5 4545454 9090908 0.215065
hs5 9090909 13636362 0.502781
hs5 13636363 18181817 0.437238
hs5 18181818 22727271 0.351021
hs5 22727272 27272726 0.109755
hs5 27272727 31818180 0.062902
hs5 31818181 36363635 0.471189
hs5 36363636 40909089 0.397741
hs5 40909090 45454544 0.363767
hs5 45454545 49999999 0.071532
hs5 50000000 54545453 0.255911
hs5 54545454 59090908 0.439968
hs5 59090909 63636362 0.441619
hs5 63636363 68181817 0.439772
hs5 68181818 72727271 0.717878
hs5 72727272 77272726 0.479076
hs5 77272727 81818180 0.643249
hs5 81818181 86363635 0.210079
hs5 86363636 90909089 0.284371
hs5 90909090 95454544 0.483177
hs5 95454545 99999999 0.125904
hs5 100000000 104545453 0.130579
hs5 104545454 109090908 0.310590
hs5 109090909 113636362 0.488736
hs5 113636363 118181817 0.194117
hs5 118181818 122727271 0.304245
hs5 122727272 127272726 0.211071
hs5 127272727 131818180 0.410626
hs5 131818181 136363635 0.411517
hs5 136363636 140909089 1.707959
hs5 140909090 145454544 0.343340
hs5 145454545 149999999 0.578349
hs5 150000000 154545453 0.343244
hs5 154545454 159090908 0.351648
hs5 159090909 163636362 0.242360
hs5 163636363 168181817 0.302247
hs5 168181818 172727271 0.641289
hs5 172727272 177272726 0.317778
hs5 177272727 181818180 0.396460
hsY 0 4545453 0.201321
hsY 4545454 9090908 0.264642
hsY 9090909 13636362 0.248883
hsY 13636363 18181817 0.129940
hsY 18181818 22727271 0.198877
hsY 22727272 27272726 0.265964
hsY 27272727 31818180 0.000000
hsY 31818181 36363635 0.000000
hsY 36363636 40909089 0.000000
hsY 40909090 45454544 0.000000
hsY 45454545 49999999 0.000000
hsY 50000000 54545453 0.000000
hsY 54545454 59090908 0.019887
hs1 0 4545453 0.464964
hs1 4545454 9090908 0.571550
hs1 9090909 13636362 0.547924
hs1 13636363 18181817 0.523703
hs1 18181818 22727271 0.544956
hs1 22727272 27272726 0.516954
hs1 27272727 31818180 0.435160
hs1 31818181 36363635 0.556022
hs1 36363636 40909089 0.441578
hs1 40909090 45454544 0.621407
hs1 45454545 49999999 0.634657
hs1 50000000 54545453 0.711447
hs1 54545454 59090908 0.508783
hs1 59090909 63636362 0.435818
hs1 63636363 68181817 0.665421
hs1 68181818 72727271 0.414671
hs1 72727272 77272726 0.448406
hs1 77272727 81818180 0.276283
hs1 81818181 86363635 0.391907
hs1 86363636 90909089 0.283166
hs1 90909090 95454544 0.511396
hs1 95454545 99999999 0.288310
hs1 100000000 104545453 0.291597
hs1 104545454 109090908 0.291104
hs1 109090909 113636362 0.447635
hs1 113636363 118181817 0.448920
hs1 118181818 122727271 0.207637
hs1 122727272 127272726 0.000000
hs1 127272727 131818180 0.000000
hs1 131818181 136363635 0.000000
hs1 136363636 140909089 0.000000
hs1 140909090 145454544 0.311901
hs1 145454545 149999999 0.403751
hs1 150000000 154545453 0.500084
hs1 154545454 159090908 0.378712
hs1 159090909 163636362 0.385248
hs1 163636363 168181817 0.477147
hs1 168181818 172727271 0.483824
hs1 172727272 177272726 0.606322
hs1 177272727 181818180 0.578161
hs1 181818181 186363635 0.430069
hs1 186363636 190909089 0.106925
hs1 190909090 195454544 0.210157
hs1 195454545 199999999 0.358571
hs1 200000000 204545453 0.556293
hs1 204545454 209090908 0.456707
hs1 209090909 213636362 0.474465
hs1 213636363 218181817 0.468704
hs1 218181818 222727271 0.330615
hs1 222727272 227272726 0.484232
hs1 227272727 231818180 0.540963
hs1 231818181 236363635 0.595197
hs1 236363636 240909089 0.471724
hs1 240909090 245454544 0.647294
hs1 245454545 249999999 0.082732
hs19 0 4545453 0.644459
hs19 4545454 9090908 0.562376
hs19 9090909 13636362 0.597987
hs19 13636363 18181817 0.575852
hs19 18181818 22727271 0.450185
hs19 22727272 27272726 0.047212
hs19 27272727 31818180 0.000000
hs19 31818181 36363635 0.079324
hs19 36363636 40909089 0.381392
hs19 40909090 45454544 0.581945
hs19 45454545 49999999 0.478722
hs19 50000000 54545453 0.594601
hs19 54545454 59090908 0.552268
hs19 59090909 63636362 0.522347
hs19 63636363 68181817 0.020556
hs2 0 4545453 0.377164
hs2 4545454 9090908 0.118835
hs2 9090909 13636362 0.318062
hs2 13636363 18181817 0.190494
hs2 18181818 22727271 0.107668
hs2 22727272 27272726 0.610636
hs2 27272727 31818180 0.645513
hs2 31818181 36363635 0.343789
hs2 36363636 40909089 0.496055
hs2 40909090 45454544 0.372559
hs2 45454545 49999999 0.487976
hs2 50000000 54545453 0.397268
hs2 54545454 59090908 0.302221
hs2 59090909 63636362 0.413011
hs2 63636363 68181817 0.181575
hs2 68181818 72727271 0.550935
hs2 72727272 77272726 0.474981
hs2 77272727 81818180 0.326319
hs2 81818181 86363635 0.259851
hs2 86363636 90909089 0.273200
hs2 90909090 95454544 0.075401
hs2 95454545 99999999 0.580729
hs2 100000000 104545453 0.321370
hs2 104545454 109090908 0.260344
hs2 109090909 113636362 0.608581
hs2 113636363 118181817 0.385109
hs2 118181818 122727271 0.341179
hs2 122727272 127272726 0.204724
hs2 127272727 131818180 0.284009
hs2 131818181 136363635 0.609321
hs2 136363636 140909089 0.266145
hs2 140909090 145454544 0.665035
hs2 145454545 149999999 0.322971
hs2 150000000 154545453 0.293771
hs2 154545454 159090908 0.356328
hs2 159090909 163636362 0.592081
hs2 163636363 168181817 0.393928
hs2 168181818 172727271 0.664574
hs2 172727272 177272726 0.364065
hs2 177272727 181818180 0.536661
hs2 181818181 186363635 0.311942
hs2 186363636 190909089 0.316020
hs2 190909090 195454544 0.202426
hs2 195454545 199999999 0.453932
hs2 200000000 204545453 0.574397
hs2 204545454 209090908 0.529158
hs2 209090909 213636362 0.493997
hs2 213636363 218181817 0.567546
hs2 218181818 222727271 0.327084
hs2 222727272 227272726 0.297159
hs2 227272727 231818180 0.565528
hs2 231818181 236363635 0.607985
hs2 236363636 240909089 0.403750
hs2 240909090 245454544 0.246525
hs8 0 4545453 0.547136
hs8 4545454 9090908 0.278018
hs8 9090909 13636362 0.491896
hs8 13636363 18181817 0.512780
hs8 18181818 22727271 0.401284
hs8 22727272 27272726 0.349226
hs8 27272727 31818180 0.502970
hs8 31818181 36363635 0.361674
hs8 36363636 40909089 0.446817
hs8 40909090 45454544 0.270738
hs8 45454545 49999999 0.169917
hs8 50000000 54545453 0.419195
hs8 54545454 59090908 0.259497
hs8 59090909 63636362 0.380332
hs8 63636363 68181817 0.342204
hs8 68181818 72727271 0.481087
hs8 72727272 77272726 0.323113
hs8 77272727 81818180 0.206730
hs8 81818181 86363635 0.277523
hs8 86363636 90909089 0.312905
hs8 90909090 95454544 0.243754
hs8 95454545 99999999 0.467226
hs8 100000000 104545453 0.543262
hs8 104545454 109090908 0.504752
hs8 109090909 113636362 0.210129
hs8 113636363 118181817 0.318268
hs8 118181818 122727271 0.444935
hs8 122727272 127272726 0.352777
hs8 127272727 131818180 0.186257
hs8 131818181 136363635 0.410258
hs8 136363636 140909089 0.239365
hs8 140909090 145454544 0.501414
hs8 145454545 149999999 0.099214
hs6 0 4545453 0.371226
hs6 4545454 9090908 0.457315
hs6 9090909 13636362 0.369329
hs6 13636363 18181817 0.373012
hs6 18181818 22727271 0.368166
hs6 22727272 27272726 0.339617
hs6 27272727 31818180 0.249192
hs6 31818181 36363635 0.575343
hs6 36363636 40909089 0.601321
hs6 40909090 45454544 0.573810
hs6 45454545 49999999 0.348334
hs6 50000000 54545453 0.359800
hs6 54545454 59090908 0.329939
hs6 59090909 63636362 0.133372
hs6 63636363 68181817 0.464461
hs6 68181818 72727271 0.409529
hs6 72727272 77272726 0.474123
hs6 77272727 81818180 0.141866
hs6 81818181 86363635 0.266388
hs6 86363636 90909089 0.409899
hs6 90909090 95454544 0.104451
hs6 95454545 99999999 0.207387
hs6 100000000 104545453 0.285567
hs6 104545454 109090908 0.448115
hs6 109090909 113636362 0.479741
hs6 113636363 118181817 0.251214
hs6 118181818 122727271 0.294202
hs6 122727272 127272726 0.523587
hs6 127272727 131818180 0.529719
hs6 131818181 136363635 0.544409
hs6 136363636 140909089 0.348588
hs6 140909090 145454544 0.432542
hs6 145454545 149999999 0.411351
hs6 150000000 154545453 0.551283
hs6 154545454 159090908 0.484494
hs6 159090909 163636362 0.682004
hs6 163636363 168181817 0.325841
hs6 168181818 172727271 0.175899
hs14 0 4545453 0.000000
hs14 4545454 9090908 0.000000
hs14 9090909 13636362 0.000000
hs14 13636363 18181817 0.000000
hs14 18181818 22727271 0.203693
hs14 22727272 27272726 0.192917
hs14 27272727 31818180 0.300610
hs14 31818181 36363635 0.550600
hs14 36363636 40909089 0.214938
hs14 40909090 45454544 0.137649
hs14 45454545 49999999 0.312371
hs14 50000000 54545453 0.434554
hs14 54545454 59090908 0.372110
hs14 59090909 63636362 0.497467
hs14 63636363 68181817 0.668899
hs14 68181818 72727271 0.575767
hs14 72727272 77272726 0.657354
hs14 77272727 81818180 0.551494
hs14 81818181 86363635 0.021512
hs14 86363636 90909089 0.496532
hs14 90909090 95454544 0.555544
hs14 95454545 99999999 0.288782
hs14 100000000 104545453 0.454267
hs14 104545454 109090908 0.075332
hs17 0 4545453 0.697191
hs17 4545454 9090908 0.532772
hs17 9090909 13636362 0.529084
hs17 13636363 18181817 0.466307
hs17 18181818 22727271 0.333705
hs17 22727272 27272726 0.633205
hs17 27272727 31818180 0.591518
hs17 31818181 36363635 0.573135
hs17 36363636 40909089 0.539857
hs17 40909090 45454544 0.545345
hs17 45454545 49999999 0.286973
hs17 50000000 54545453 0.489940
hs17 54545454 59090908 0.689373
hs17 59090909 63636362 0.651104
hs17 63636363 68181817 0.214763
hs17 68181818 72727271 0.639388
hs17 72727272 77272726 0.608228
hs17 77272727 81818180 0.214439
hs21 0 4545453 0.000000
hs21 4545454 9090908 0.000000
hs21 9090909 13636362 0.113904
hs21 13636363 18181817 0.270818
hs21 18181818 22727271 0.166798
hs21 22727272 27272726 0.145460
hs21 27272727 31818180 0.287822
hs21 31818181 36363635 0.431618
hs21 36363636 40909089 0.611870
hs21 40909090 45454544 0.575240
hs21 45454545 49999999 0.176026
