hsX 0 9999999 0.258087
hsX 10000000 19999999 0.532815
hsX 20000000 29999999 0.312102
hsX 30000000 39999999 0.365093
hsX 40000000 49999999 0.390040
hsX 50000000 59999999 0.227913
hsX 60000000 69999999 0.260405
hsX 70000000 79999999 0.332522
hsX 80000000 89999999 0.179610
hsX 90000000 99999999 0.254755
hsX 100000000 109999999 0.480663
hsX 110000000 119999999 0.358345
hsX 120000000 129999999 0.207367
hsX 130000000 139999999 0.320836
hsX 140000000 149999999 0.144096
hsX 150000000 159999999 0.209179
hs12 0 9999999 0.563987
hs12 10000000 19999999 0.437482
hs12 20000000 29999999 0.505184
hs12 30000000 39999999 0.283595
hs12 40000000 49999999 0.482819
hs12 50000000 59999999 0.317221
hs12 60000000 69999999 0.425248
hs12 70000000 79999999 0.339205
hs12 80000000 89999999 0.299739
hs12 90000000 99999999 0.422283
hs12 100000000 109999999 0.553306
hs12 110000000 119999999 0.506186
hs12 120000000 129999999 0.481963
hs12 130000000 139999999 0.125267
hs11 0 9999999 0.511540
hs11 10000000 19999999 0.551543
hs11 20000000 29999999 0.329354
hs11 30000000 39999999 0.323432
hs11 40000000 49999999 0.335917
hs11 50000000 59999999 0.156614
hs11 60000000 69999999 0.526004
hs11 70000000 79999999 0.601662
hs11 80000000 89999999 0.470679
hs11 90000000 99999999 0.339966
hs11 100000000 109999999 0.400900
hs11 110000000 119999999 0.428953
hs11 120000000 129999999 0.414131
hs11 130000000 139999999 0.250195
hs22 0 9999999 0.000000
hs22 10000000 19999999 0.226864
hs22 20000000 29999999 0.617154
hs22 30000000 39999999 0.565677
hs22 40000000 49999999 0.510194
hs10 0 9999999 0.300646
hs10 10000000 19999999 0.541322
hs10 20000000 29999999 0.517837
hs10 30000000 39999999 0.306375
hs10 40000000 49999999 0.253611
hs10 50000000 59999999 0.400642
hs10 60000000 69999999 0.481915
hs10 70000000 79999999 0.637211
hs10 80000000 89999999 0.401313
hs10 90000000 99999999 0.580632
hs10 100000000 109999999 0.551448
hs10 110000000 119999999 0.421854
hs10 120000000 129999999 0.449810
hs10 130000000 139999999 0.160680
hs7 0 9999999 0.508084
hs7 10000000 19999999 0.336510
hs7 20000000 29999999 0.441745
hs7 30000000 39999999 0.538447
hs7 40000000 49999999 0.414328
hs7 50000000 59999999 0.163775
hs7 60000000 69999999 0.257387
hs7 70000000 79999999 0.617271
hs7 80000000 89999999 0.403498
hs7 90000000 99999999 0.446509
hs7 100000000 109999999 0.549344
hs7 110000000 119999999 0.403053
hs7 120000000 129999999 0.463245
hs7 130000000 139999999 0.584576
hs7 140000000 149999999 0.456889
hs7 150000000 159999999 0.473532
hs4 0 9999999 0.561067
hs4 10000000 19999999 0.209614
hs4 20000000 29999999 0.290408
hs4 30000000 39999999 0.252899
hs4 40000000 49999999 0.420887
hs4 50000000 59999999 0.214833
hs4 60000000 69999999 0.184003
hs4 70000000 79999999 0.432393
hs4 80000000 89999999 0.460967
hs4 90000000 99999999 0.546341
hs4 100000000 109999999 0.364280
hs4 110000000 119999999 0.333315
hs4 120000000 129999999 0.285337
hs4 130000000 139999999 0.038396
hs4 140000000 149999999 0.472018
hs4 150000000 159999999 0.378237
hs4 160000000 169999999 0.372997
hs4 170000000 179999999 0.363582
hs4 180000000 189999999 0.234530
hs4 190000000 199999999 0.008891
hs16 0 9999999 0.578443
hs16 10000000 19999999 0.488974
hs16 20000000 29999999 0.503669
hs16 30000000 39999999 0.096607
hs16 40000000 49999999 0.205740
hs16 50000000 59999999 0.291135
hs16 60000000 69999999 0.472264
hs16 70000000 79999999 0.424369
hs16 80000000 89999999 0.449187
hs20 0 9999999 0.436402
hs20 10000000 19999999 0.520720
hs20 20000000 29999999 0.217607
hs20 30000000 39999999 0.505951
hs20 40000000 49999999 0.535917
hs20 50000000 59999999 0.309497
hs20 60000000 69999999 0.143948
hs13 0 9999999 0.000000
hs13 10000000 19999999 0.079538
hs13 20000000 29999999 0.430292
hs13 30000000 39999999 0.459345
hs13 40000000 49999999 0.461009
hs13 50000000 59999999 0.202432
hs13 60000000 69999999 0.165348
hs13 70000000 79999999 0.295718
hs13 80000000 89999999 0.043400
hs13 90000000 99999999 0.649236
hs13 100000000 109999999 0.352618
hs13 110000000 119999999 0.166360
hs18 0 9999999 0.411565
hs18 10000000 19999999 0.398765
hs18 20000000 29999999 0.353365
hs18 30000000 39999999 0.336805
hs18 40000000 49999999 0.455250
hs18 50000000 59999999 0.370698
hs18 60000000 69999999 0.162021
hs18 70000000 79999999 0.203112
hs3 0 9999999 0.428140
hs3 10000000 19999999 0.536686
hs3 20000000 29999999 0.300456
hs3 30000000 39999999 0.425521
hs3 40000000 49999999 0.578798
hs3 50000000 59999999 0.712743
hs3 60000000 69999999 0.608148
hs3 70000000 79999999 0.349163
hs3 80000000 89999999 0.189256
hs3 90000000 99999999 0.152417
hs3 100000000 109999999 0.360670
hs3 110000000 119999999 0.390237
hs3 120000000 129999999 0.664685
hs3 130000000 139999999 0.560686
hs3 140000000 149999999 0.326982
hs3 150000000 159999999 0.416769
hs3 160000000 169999999 0.281616
hs3 170000000 179999999 0.491622
hs3 180000000 189999999 0.438524
hs3 190000000 199999999 0.427282
hs9 0 9999999 0.517567
hs9 10000000 19999999 0.402939
hs9 20000000 29999999 0.253359
hs9 30000000 39999999 0.380114
hs9 40000000 49999999 0.050796
hs9 50000000 59999999 0.000000
hs9 60000000 69999999 0.048090
hs9 70000000 79999999 0.477055
hs9 80000000 89999999 0.226486
hs9 90000000 99999999 0.465640
hs9 100000000 109999999 0.283415
hs9 110000000 119999999 0.576730
hs9 120000000 129999999 0.587499
hs9 130000000 139999999 0.575680
hs9 140000000 149999999 0.019376
hs15 0 9999999 0.000000
hs15 10000000 19999999 0.026082
hs15 20000000 29999999 0.396814
hs15 30000000 39999999 0.444645
hs15 40000000 49999999 0.594125
hs15 50000000 59999999 0.523194
hs15 60000000 69999999 0.575773
hs15 70000000 79999999 0.501814
hs15 80000000 89999999 0.540895
hs15 90000000 99999999 0.301889
hs15 100000000 109999999 0.010416
hs5 0 9999999 0.271189
hs5 10000000 19999999 0.399162
hs5 20000000 29999999 0.160335
hs5 30000000 39999999 0.412049
hs5 40000000 49999999 0.209374
hs5 50000000 59999999 0.402331
hs5 60000000 69999999 0.518028
hs5 70000000 79999999 0.511505
hs5 80000000 89999999 0.291206
hs5 90000000 99999999 0.331932
hs5 100000000 109999999 0.249913
hs5 110000000 119999999 0.333358
hs5 120000000 129999999 0.271388
hs5 130000000 139999999 0.519945
hs5 140000000 149999999 0.939546
hs5 150000000 159999999 0.356274
hs5 160000000 169999999 0.350316
hs5 170000000 179999999 0.453605
hs5 180000000 189999999 0.019361
hsY 0 9999999 0.289307
hsY 10000000 19999999 0.136881
hsY 20000000 29999999 0.169097
hsY 30000000 39999999 0.000000
hsY 40000000 49999999 0.000000
hsY 50000000 59999999 0.009040
hs1 0 9999999 0.522571
hs1 10000000 19999999 0.539693
hs1 20000000 29999999 0.534860
hs1 30000000 39999999 0.451212
hs1 40000000 49999999 0.614789
hs1 50000000 59999999 0.602616
hs1 60000000 69999999 0.471067
hs1 70000000 79999999 0.499422
hs1 80000000 89999999 0.291798
hs1 90000000 99999999 0.378556
hs1 100000000 109999999 0.332135
hs1 110000000 119999999 0.401665
hs1 120000000 129999999 0.032969
hs1 130000000 139999999 0.000000
hs1 140000000 149999999 0.325296
hs1 150000000 159999999 0.437852
hs1 160000000 169999999 0.423864
hs1 170000000 179999999 0.606749
hs1 180000000 189999999 0.314789
hs1 190000000 199999999 0.269118
hs1 200000000 209999999 0.509239
hs1 210000000 219999999 0.435128
hs1 220000000 229999999 0.459800
hs1 230000000 239999999 0.534930
hs1 240000000 249999999 0.383143
hs19 0 9999999 0.590680
hs19 10000000 19999999 0.624251
hs19 20000000 29999999 0.093284
hs19 30000000 39999999 0.171704
hs19 40000000 49999999 0.519834
hs19 50000000 59999999 0.571294
hs19 60000000 69999999 0.196784
hs2 0 9999999 0.273906
hs2 10000000 19999999 0.189862
hs2 20000000 29999999 0.535992
hs2 30000000 39999999 0.418490
hs2 40000000 49999999 0.431181
hs2 50000000 59999999 0.317950
hs2 60000000 69999999 0.381050
hs2 70000000 79999999 0.430670
hs2 80000000 89999999 0.315495
hs2 90000000 99999999 0.298241
hs2 100000000 109999999 0.342338
hs2 110000000 119999999 0.413948
hs2 120000000 129999999 0.283332
hs2 130000000 139999999 0.431284
hs2 140000000 149999999 0.469456
hs2 150000000 159999999 0.356217
hs2 160000000 169999999 0.502115
hs2 170000000 179999999 0.540372
hs2 180000000 189999999 0.297240
hs2 190000000 199999999 0.343023
hs2 200000000 209999999 0.501914
hs2 210000000 219999999 0.599466
hs2 220000000 229999999 0.297530
hs2 230000000 239999999 0.577654
hs2 240000000 249999999 0.120312
hs8 0 9999999 0.403133
hs8 10000000 19999999 0.520654
hs8 20000000 29999999 0.391076
hs8 30000000 39999999 0.417232
hs8 40000000 49999999 0.237204
hs8 50000000 59999999 0.349461
hs8 60000000 69999999 0.409448
hs8 70000000 79999999 0.292839
hs8 80000000 89999999 0.309731
hs8 90000000 99999999 0.326505
hs8 100000000 109999999 0.493258
hs8 110000000 119999999 0.307373
hs8 120000000 129999999 0.314376
hs8 130000000 139999999 0.325304
hs8 140000000 149999999 0.291795
hs6 0 9999999 0.376609
hs6 10000000 19999999 0.359676
hs6 20000000 29999999 0.343601
hs6 30000000 39999999 0.583236
hs6 40000000 49999999 0.439906
hs6 50000000 59999999 0.313518
hs6 60000000 69999999 0.331507
hs6 70000000 79999999 0.362746
hs6 80000000 89999999 0.273316
hs6 90000000 99999999 0.219466
hs6 100000000 109999999 0.387310
hs6 110000000 119999999 0.385247
hs6 120000000 129999999 0.437607
hs6 130000000 139999999 0.473991
hs6 140000000 149999999 0.383588
hs6 150000000 159999999 0.492905
hs6 160000000 169999999 0.500058
hs6 170000000 179999999 0.015909
hs14 0 9999999 0.000000
hs14 10000000 19999999 0.020593
hs14 20000000 29999999 0.197273
hs14 30000000 39999999 0.447024
hs14 40000000 49999999 0.204555
hs14 50000000 59999999 0.410845
hs14 60000000 69999999 0.584749
hs14 70000000 79999999 0.626012
hs14 80000000 89999999 0.251875
hs14 90000000 99999999 0.453800
hs14 100000000 109999999 0.240727
hs17 0 9999999 0.640362
hs17 10000000 19999999 0.466919
hs17 20000000 29999999 0.537665
hs17 30000000 39999999 0.526743
hs17 40000000 49999999 0.432444
hs17 50000000 59999999 0.598940
hs17 60000000 69999999 0.439311
hs17 70000000 79999999 0.555947
hs21 0 9999999 0.007139
hs21 10000000 19999999 0.183443
hs21 20000000 29999999 0.189750
hs21 30000000 39999999 0.469464
hs21 40000000 49999999 0.413639
