hsX 0 4166665 0.296190
hsX 4166666 8333332 0.145655
hsX 8333333 12499999 0.547110
hsX 12500000 16666665 0.379517
hsX 16666666 20833332 0.572761
hsX 20833333 24999999 0.369910
hsX 25000000 29166665 0.163923
hsX 29166666 33333332 0.749727
hsX 33333333 37499999 0.149231
hsX 37500000 41666665 0.329925
hsX 41666666 45833332 0.177854
hsX 45833333 49999999 0.577727
hsX 50000000 54166665 0.319841
hsX 54166666 58333332 0.227150
hsX 58333333 62499999 0.000987
hsX 62500000 66666665 0.194936
hsX 66666666 70833332 0.513571
hsX 70833333 74999999 0.497149
hsX 75000000 79166665 0.154626
hsX 79166666 83333332 0.143726
hsX 83333333 87499999 0.347054
hsX 87500000 91666665 0.181978
hsX 91666666 95833332 0.035277
hsX 95833333 99999999 0.396198
hsX 100000000 104166665 0.417156
hsX 104166666 108333332 0.545626
hsX 108333333 112499999 0.507671
hsX 112500000 116666665 0.145346
hsX 116666666 120833332 0.398382
hsX 120833333 124999999 0.299970
hsX 125000000 129166665 0.103633
hsX 129166666 133333332 0.412508
hsX 133333333 137499999 0.242502
hsX 137500000 141666665 0.226935
hsX 141666666 145833332 0.014852
hsX 145833333 149999999 0.312556
hsX 150000000 154166665 0.435909
hsX 154166666 158333332 0.066121
hs12 0 4166665 0.710483
hs12 4166666 8333332 0.501842
hs12 8333333 12499999 0.500558
hs12 12500000 16666665 0.503123
hs12 16666666 20833332 0.276251
hs12 20833333 24999999 0.543617
hs12 25000000 29166665 0.458883
hs12 29166666 33333332 0.404424
hs12 33333333 37499999 0.060272
hs12 37500000 41666665 0.497171
hs12 41666666 45833332 0.469275
hs12 45833333 49999999 0.529462
hs12 50000000 54166665 0.406053
hs12 54166666 58333332 0.333129
hs12 58333333 62499999 0.309898
hs12 62500000 66666665 0.423097
hs12 66666666 70833332 0.417678
hs12 70833333 74999999 0.189723
hs12 75000000 79166665 0.392708
hs12 79166666 83333332 0.423215
hs12 83333333 87499999 0.362465
hs12 87500000 91666665 0.078327
hs12 91666666 95833332 0.451494
hs12 95833333 99999999 0.541083
hs12 100000000 104166665 0.552101
hs12 104166666 108333332 0.524538
hs12 108333333 112499999 0.664641
hs12 112500000 116666665 0.331776
hs12 116666666 120833332 0.610563
hs12 120833333 124999999 0.610618
hs12 125000000 129166665 0.354104
hs12 129166666 133333332 0.351789
hs11 0 4166665 0.626509
hs11 4166666 8333332 0.299729
hs11 8333333 12499999 0.643696
hs11 12500000 16666665 0.480978
hs11 16666666 20833332 0.617378
hs11 20833333 24999999 0.368255
hs11 25000000 29166665 0.303688
hs11 29166666 33333332 0.336136
hs11 33333333 37499999 0.441714
hs11 37500000 41666665 0.043179
hs11 41666666 45833332 0.257874
hs11 45833333 49999999 0.505147
hs11 50000000 54166665 0.007710
hs11 54166666 58333332 0.268537
hs11 58333333 62499999 0.424994
hs11 62500000 66666665 0.595291
hs11 66666666 70833332 0.491437
hs11 70833333 74999999 0.622785
hs11 75000000 79166665 0.671519
hs11 79166666 83333332 0.191868
hs11 83333333 87499999 0.644546
hs11 87500000 91666665 0.293216
hs11 91666666 95833332 0.495373
hs11 95833333 99999999 0.320545
hs11 100000000 104166665 0.414214
hs11 104166666 108333332 0.491585
hs11 108333333 112499999 0.280809
hs11 112500000 116666665 0.378917
hs11 116666666 120833332 0.547451
hs11 120833333 124999999 0.377340
hs11 125000000 129166665 0.387972
hs11 129166666 133333332 0.629604
hs11 133333333 137499999 0.078138
hs22 0 4166665 0.000000
hs22 4166666 8333332 0.000000
hs22 8333333 12499999 0.000000
hs22 12500000 16666665 0.138414
hs22 16666666 20833332 0.502881
hs22 20833333 24999999 0.655290
hs22 25000000 29166665 0.605619
hs22 29166666 33333332 0.603444
hs22 33333333 37499999 0.498329
hs22 37500000 41666665 0.620596
hs22 41666666 45833332 0.701015
hs22 45833333 49999999 0.282145
hs10 0 4166665 0.353453
hs10 4166666 8333332 0.368098
hs10 8333333 12499999 0.228025
hs10 12500000 16666665 0.601688
hs10 16666666 20833332 0.580758
hs10 20833333 24999999 0.545207
hs10 25000000 29166665 0.526574
hs10 29166666 33333332 0.385502
hs10 33333333 37499999 0.337579
hs10 37500000 41666665 0.071946
hs10 41666666 45833332 0.237093
hs10 45833333 49999999 0.371572
hs10 50000000 54166665 0.672467
hs10 54166666 58333332 0.242082
hs10 58333333 62499999 0.320423
hs10 62500000 66666665 0.277727
hs10 66666666 70833332 0.758614
hs10 70833333 74999999 0.646754
hs10 75000000 79166665 0.677470
hs10 79166666 83333332 0.255714
hs10 83333333 87499999 0.367716
hs10 87500000 91666665 0.607241
hs10 91666666 95833332 0.484537
hs10 95833333 99999999 0.693363
hs10 100000000 104166665 0.647355
hs10 104166666 108333332 0.536693
hs10 108333333 112499999 0.244198
hs10 112500000 116666665 0.450204
hs10 116666666 120833332 0.495956
hs10 120833333 124999999 0.457420
hs10 125000000 129166665 0.528271
hs10 129166666 133333332 0.221313
hs10 133333333 137499999 0.219691
hs7 0 4166665 0.615033
hs7 4166666 8333332 0.527436
hs7 8333333 12499999 0.260271
hs7 12500000 16666665 0.412671
hs7 16666666 20833332 0.286832
hs7 20833333 24999999 0.425615
hs7 25000000 29166665 0.438357
hs7 29166666 33333332 0.465294
hs7 33333333 37499999 0.640501
hs7 37500000 41666665 0.506905
hs7 41666666 45833332 0.499724
hs7 45833333 49999999 0.295236
hs7 50000000 54166665 0.218643
hs7 54166666 58333332 0.174417
hs7 58333333 62499999 0.005011
hs7 62500000 66666665 0.326162
hs7 66666666 70833332 0.425947
hs7 70833333 74999999 0.619396
hs7 75000000 79166665 0.689581
hs7 79166666 83333332 0.395403
hs7 83333333 87499999 0.376229
hs7 87500000 91666665 0.404274
hs7 91666666 95833332 0.515460
hs7 95833333 99999999 0.381733
hs7 100000000 104166665 0.734706
hs7 104166666 108333332 0.583482
hs7 108333333 112499999 0.422592
hs7 112500000 116666665 0.353059
hs7 116666666 120833332 0.346794
hs7 120833333 124999999 0.321218
hs7 125000000 129166665 0.514550
hs7 129166666 133333332 0.648849
hs7 133333333 137499999 0.493570
hs7 137500000 141666665 0.546391
hs7 141666666 145833332 0.275952
hs7 145833333 149999999 0.655895
hs7 150000000 154166665 0.564569
hs7 154166666 158333332 0.518080
hs7 158333333 162499999 0.053829
hs4 0 4166665 0.576436
hs4 4166666 8333332 0.661590
hs4 8333333 12499999 0.166788
hs4 12500000 16666665 0.304144
hs4 16666666 20833332 0.321139
hs4 20833333 24999999 0.362808
hs4 25000000 29166665 0.153707
hs4 29166666 33333332 0.102333
hs4 33333333 37499999 0.163693
hs4 37500000 41666665 0.598257
hs4 41666666 45833332 0.267502
hs4 45833333 49999999 0.485300
hs4 50000000 54166665 0.226201
hs4 54166666 58333332 0.289399
hs4 58333333 62499999 0.109096
hs4 62500000 66666665 0.144512
hs4 66666666 70833332 0.241317
hs4 70833333 74999999 0.395789
hs4 75000000 79166665 0.437673
hs4 79166666 83333332 0.427303
hs4 83333333 87499999 0.492188
hs4 87500000 91666665 0.538445
hs4 91666666 95833332 0.693569
hs4 95833333 99999999 0.416997
hs4 100000000 104166665 0.426716
hs4 104166666 108333332 0.310563
hs4 108333333 112499999 0.419627
hs4 112500000 116666665 0.403135
hs4 116666666 120833332 0.223309
hs4 120833333 124999999 0.377295
hs4 125000000 129166665 0.144537
hs4 129166666 133333332 0.112525
hs4 133333333 137499999 0.011443
hs4 137500000 141666665 0.248360
hs4 141666666 145833332 0.442861
hs4 145833333 149999999 0.463660
hs4 150000000 154166665 0.443926
hs4 154166666 158333332 0.339173
hs4 158333333 162499999 0.192197
hs4 162500000 166666665 0.492036
hs4 166666666 170833332 0.470015
hs4 170833333 174999999 0.375013
hs4 175000000 179166665 0.363201
hs4 179166666 183333332 0.001344
hs4 183333333 187499999 0.516145
hs4 187500000 191666665 0.066720
hs16 0 4166665 0.672930
hs16 4166666 8333332 0.582860
hs16 8333333 12499999 0.490885
hs16 12500000 16666665 0.494088
hs16 16666666 20833332 0.422978
hs16 20833333 24999999 0.588094
hs16 25000000 29166665 0.430207
hs16 29166666 33333332 0.312613
hs16 33333333 37499999 0.007807
hs16 37500000 41666665 0.000000
hs16 41666666 45833332 0.112394
hs16 45833333 49999999 0.381382
hs16 50000000 54166665 0.257603
hs16 54166666 58333332 0.440869
hs16 58333333 62499999 0.092125
hs16 62500000 66666665 0.430058
hs16 66666666 70833332 0.732550
hs16 70833333 74999999 0.319802
hs16 75000000 79166665 0.421851
hs16 79166666 83333332 0.693254
hs16 83333333 87499999 0.333973
hs16 87500000 91666665 0.206608
hs20 0 4166665 0.491300
hs20 4166666 8333332 0.260567
hs20 8333333 12499999 0.386178
hs20 12500000 16666665 0.746900
hs20 16666666 20833332 0.559036
hs20 20833333 24999999 0.166210
hs20 25000000 29166665 0.123382
hs20 29166666 33333332 0.566464
hs20 33333333 37499999 0.612982
hs20 37500000 41666665 0.406372
hs20 41666666 45833332 0.586049
hs20 45833333 49999999 0.414394
hs20 50000000 54166665 0.235924
hs20 54166666 58333332 0.338481
hs20 58333333 62499999 0.513861
hs13 0 4166665 0.000000
hs13 4166666 8333332 0.000000
hs13 8333333 12499999 0.000000
hs13 12500000 16666665 0.000000
hs13 16666666 20833332 0.295901
hs13 20833333 24999999 0.357741
hs13 25000000 29166665 0.514288
hs13 29166666 33333332 0.398718
hs13 33333333 37499999 0.565328
hs13 37500000 41666665 0.454876
hs13 41666666 45833332 0.462303
hs13 45833333 49999999 0.383286
hs13 50000000 54166665 0.293199
hs13 54166666 58333332 0.041485
hs13 58333333 62499999 0.163598
hs13 62500000 66666665 0.215240
hs13 66666666 70833332 0.169150
hs13 70833333 74999999 0.349458
hs13 75000000 79166665 0.359070
hs13 79166666 83333332 0.001194
hs13 83333333 87499999 0.104138
hs13 87500000 91666665 0.206570
hs13 91666666 95833332 0.739421
hs13 95833333 99999999 0.612199
hs13 100000000 104166665 0.391935
hs13 104166666 108333332 0.274761
hs13 108333333 112499999 0.342013
hs13 112500000 116666665 0.236838
hs18 0 4166665 0.384333
hs18 4166666 8333332 0.412352
hs18 8333333 12499999 0.428348
hs18 12500000 16666665 0.305694
hs18 16666666 20833332 0.480797
hs18 20833333 24999999 0.329157
hs18 25000000 29166665 0.310150
hs18 29166666 33333332 0.671838
hs18 33333333 37499999 0.156496
hs18 37500000 41666665 0.240151
hs18 41666666 45833332 0.530144
hs18 45833333 49999999 0.444339
hs18 50000000 54166665 0.382744
hs18 54166666 58333332 0.299963
hs18 58333333 62499999 0.262309
hs18 62500000 66666665 0.282436
hs18 66666666 70833332 0.182786
hs18 70833333 74999999 0.182180
hs18 75000000 79166665 0.173578
hs3 0 4166665 0.389189
hs3 4166666 8333332 0.371914
hs3 8333333 12499999 0.654513
hs3 12500000 16666665 0.572595
hs3 16666666 20833332 0.368270
hs3 20833333 24999999 0.299793
hs3 25000000 29166665 0.211877
hs3 29166666 33333332 0.517985
hs3 33333333 37499999 0.302548
hs3 37500000 41666665 0.563666
hs3 41666666 45833332 0.527570
hs3 45833333 49999999 0.667122
hs3 50000000 54166665 0.732208
hs3 54166666 58333332 0.799433
hs3 58333333 62499999 0.684249
hs3 62500000 66666665 0.587621
hs3 66666666 70833332 0.390669
hs3 70833333 74999999 0.371672
hs3 75000000 79166665 0.266335
hs3 79166666 83333332 0.241245
hs3 83333333 87499999 0.291318
hs3 87500000 91666665 0.097591
hs3 91666666 95833332 0.062282
hs3 95833333 99999999 0.303519
hs3 100000000 104166665 0.507796
hs3 104166666 108333332 0.106275
hs3 108333333 112499999 0.353936
hs3 112500000 116666665 0.654502
hs3 116666666 120833332 0.323290
hs3 120833333 124999999 0.741025
hs3 125000000 129166665 0.598119
hs3 129166666 133333332 0.618347
hs3 133333333 137499999 0.541094
hs3 137500000 141666665 0.485182
hs3 141666666 145833332 0.517469
hs3 145833333 149999999 0.080789
hs3 150000000 154166665 0.436334
hs3 154166666 158333332 0.349993
hs3 158333333 162499999 0.570067
hs3 162500000 166666665 0.034558
hs3 166666666 170833332 0.424473
hs3 170833333 174999999 0.591859
hs3 175000000 179166665 0.385593
hs3 179166666 183333332 0.312340
hs3 183333333 187499999 0.530678
hs3 187500000 191666665 0.449353
hs3 191666666 195833332 0.378898
hs3 195833333 199999999 0.469805
hs9 0 4166665 0.415644
hs9 4166666 8333332 0.426517
hs9 8333333 12499999 0.544654
hs9 12500000 16666665 0.393143
hs9 16666666 20833332 0.540295
hs9 20833333 24999999 0.160341
hs9 25000000 29166665 0.336683
hs9 29166666 33333332 0.127145
hs9 33333333 37499999 0.596344
hs9 37500000 41666665 0.208755
hs9 41666666 45833332 0.087348
hs9 45833333 49999999 0.014592
hs9 50000000 54166665 0.000000
hs9 54166666 58333332 0.000000
hs9 58333333 62499999 0.000000
hs9 62500000 66666665 0.009160
hs9 66666666 70833332 0.238571
hs9 70833333 74999999 0.540176
hs9 75000000 79166665 0.330410
hs9 79166666 83333332 0.194525
hs9 83333333 87499999 0.332157
hs9 87500000 91666665 0.295131
hs9 91666666 95833332 0.440838
hs9 95833333 99999999 0.540482
hs9 100000000 104166665 0.472505
hs9 104166666 108333332 0.159148
hs9 108333333 112499999 0.451545
hs9 112500000 116666665 0.575842
hs9 116666666 120833332 0.405308
hs9 120833333 124999999 0.574921
hs9 125000000 129166665 0.694320
hs9 129166666 133333332 0.595252
hs9 133333333 137499999 0.539471
hs9 137500000 141666665 0.434168
hs15 0 4166665 0.000000
hs15 4166666 8333332 0.000000
hs15 8333333 12499999 0.000000
hs15 12500000 16666665 0.000000
hs15 16666666 20833332 0.128853
hs15 20833333 24999999 0.293092
hs15 25000000 29166665 0.535937
hs15 29166666 33333332 0.511385
hs15 33333333 37499999 0.214383
hs15 37500000 41666665 0.728721
hs15 41666666 45833332 0.430540
hs15 45833333 49999999 0.665088
hs15 50000000 54166665 0.507982
hs15 54166666 58333332 0.527000
hs15 58333333 62499999 0.545200
hs15 62500000 66666665 0.645004
hs15 66666666 70833332 0.555324
hs15 70833333 74999999 0.601703
hs15 75000000 79166665 0.415514
hs15 79166666 83333332 0.525961
hs15 83333333 87499999 0.498590
hs15 87500000 91666665 0.471172
hs15 91666666 95833332 0.066494
hs15 95833333 99999999 0.504610
hs15 100000000 104166665 0.024999
hs5 0 4166665 0.230890
hs5 4166666 8333332 0.233952
hs5 8333333 12499999 0.493875
hs5 12500000 16666665 0.430406
hs5 16666666 20833332 0.225507
hs5 20833333 24999999 0.341102
hs5 25000000 29166665 0.037916
hs5 29166666 33333332 0.221034
hs5 33333333 37499999 0.500412
hs5 37500000 41666665 0.407834
hs5 41666666 45833332 0.350685
hs5 45833333 49999999 0.011451
hs5 50000000 54166665 0.256899
hs5 54166666 58333332 0.320424
hs5 58333333 62499999 0.629934
hs5 62500000 66666665 0.495356
hs5 66666666 70833332 0.635332
hs5 70833333 74999999 0.400018
hs5 75000000 79166665 0.603842
hs5 79166666 83333332 0.519301
hs5 83333333 87499999 0.130387
hs5 87500000 91666665 0.276061
hs5 91666666 95833332 0.537410
hs5 95833333 99999999 0.127042
hs5 100000000 104166665 0.142299
hs5 104166666 108333332 0.249505
hs5 108333333 112499999 0.517877
hs5 112500000 116666665 0.316525
hs5 116666666 120833332 0.185850
hs5 120833333 124999999 0.211522
hs5 125000000 129166665 0.359968
hs5 129166666 133333332 0.448842
hs5 133333333 137499999 0.450946
hs5 137500000 141666665 1.729907
hs5 141666666 145833332 0.356039
hs5 145833333 149999999 0.584680
hs5 150000000 154166665 0.339749
hs5 154166666 158333332 0.341310
hs5 158333333 162499999 0.326628
hs5 162500000 166666665 0.020108
hs5 166666666 170833332 0.818765
hs5 170833333 174999999 0.259761
hs5 175000000 179166665 0.544047
hs5 179166666 183333332 0.180568
hsY 0 4166665 0.219623
hsY 4166666 8333332 0.280208
hsY 8333333 12499999 0.226886
hsY 12500000 16666665 0.187292
hsY 16666666 20833332 0.134780
hsY 20833333 24999999 0.248646
hsY 25000000 29166665 0.131250
hsY 29166666 33333332 0.000000
hsY 33333333 37499999 0.000000
hsY 37500000 41666665 0.000000
hsY 41666666 45833332 0.000000
hsY 45833333 49999999 0.000000
hsY 50000000 54166665 0.000000
hsY 54166666 58333332 0.021695
hs1 0 4166665 0.504202
hs1 4166666 8333332 0.484802
hs1 8333333 12499999 0.668753
hs1 12500000 16666665 0.467562
hs1 16666666 20833332 0.474255
hs1 20833333 24999999 0.578605
hs1 25000000 29166665 0.578192
hs1 29166666 33333332 0.384763
hs1 33333333 37499999 0.514345
hs1 37500000 41666665 0.460259
hs1 41666666 45833332 0.637299
hs1 45833333 49999999 0.638463
hs1 50000000 54166665 0.714297
hs1 54166666 58333332 0.552763
hs1 58333333 62499999 0.436919
hs1 62500000 66666665 0.624774
hs1 66666666 70833332 0.393814
hs1 70833333 74999999 0.427831
hs1 75000000 79166665 0.606232
hs1 79166666 83333332 0.064907
hs1 83333333 87499999 0.508569
hs1 87500000 91666665 0.243261
hs1 91666666 95833332 0.499550
hs1 95833333 99999999 0.311382
hs1 100000000 104166665 0.318106
hs1 104166666 108333332 0.260387
hs1 108333333 112499999 0.447379
hs1 112500000 116666665 0.434626
hs1 116666666 120833332 0.367082
hs1 120833333 124999999 0.012667
hs1 125000000 129166665 0.000000
hs1 129166666 133333332 0.000000
hs1 133333333 137499999 0.000000
hs1 137500000 141666665 0.000000
hs1 141666666 145833332 0.370365
hs1 145833333 149999999 0.410346
hs1 150000000 154166665 0.488203
hs1 154166666 158333332 0.358592
hs1 158333333 162499999 0.424860
hs1 162500000 166666665 0.467652
hs1 166666666 170833332 0.497479
hs1 170833333 174999999 0.571975
hs1 175000000 179166665 0.626858
hs1 179166666 183333332 0.520036
hs1 183333333 187499999 0.232963
hs1 187500000 191666665 0.171770
hs1 191666666 195833332 0.245509
hs1 195833333 199999999 0.319797
hs1 200000000 204166665 0.582784
hs1 204166666 208333332 0.377224
hs1 208333333 212499999 0.485131
hs1 212500000 216666665 0.671745
hs1 216666666 220833332 0.163380
hs1 220833333 224999999 0.515399
hs1 225000000 229166665 0.398931
hs1 229166666 233333332 0.557601
hs1 233333333 237499999 0.511530
hs1 237500000 241666665 0.598969
hs1 241666666 245833332 0.645850
hs1 245833333 249999999 0.064830
hs19 0 4166665 0.635231
hs19 4166666 8333332 0.597439
hs19 8333333 12499999 0.552994
hs19 12500000 16666665 0.548543
hs19 16666666 20833332 0.627260
hs19 20833333 24999999 0.178247
hs19 25000000 29166665 0.000000
hs19 29166666 33333332 0.000828
hs19 33333333 37499999 0.103549
hs19 37500000 41666665 0.499248
hs19 41666666 45833332 0.606330
hs19 45833333 49999999 0.449737
hs19 50000000 54166665 0.593285
hs19 54166666 58333332 0.579664
hs19 58333333 62499999 0.510756
hs19 62500000 66666665 0.159682
hs2 0 4166665 0.411451
hs2 4166666 8333332 0.067618
hs2 8333333 12499999 0.402791
hs2 12500000 16666665 0.131479
hs2 16666666 20833332 0.177046
hs2 20833333 24999999 0.303410
hs2 25000000 29166665 0.714310
hs2 29166666 33333332 0.680795
hs2 33333333 37499999 0.263394
hs2 37500000 41666665 0.347577
hs2 41666666 45833332 0.484045
hs2 45833333 49999999 0.454721
hs2 50000000 54166665 0.377640
hs2 54166666 58333332 0.385439
hs2 58333333 62499999 0.252771
hs2 62500000 66666665 0.387727
hs2 66666666 70833332 0.357541
hs2 70833333 74999999 0.589873
hs2 75000000 79166665 0.260121
hs2 79166666 83333332 0.276004
hs2 83333333 87499999 0.422224
hs2 87500000 91666665 0.166589
hs2 91666666 95833332 0.078434
hs2 95833333 99999999 0.629809
hs2 100000000 104166665 0.331767
hs2 104166666 108333332 0.202722
hs2 108333333 112499999 0.640080
hs2 112500000 116666665 0.544054
hs2 116666666 120833332 0.228167
hs2 120833333 124999999 0.264188
hs2 125000000 129166665 0.284106
hs2 129166666 133333332 0.287933
hs2 133333333 137499999 0.533961
hs2 137500000 141666665 0.443875
hs2 141666666 145833332 0.543675
hs2 145833333 149999999 0.352332
hs2 150000000 154166665 0.294370
hs2 154166666 158333332 0.270146
hs2 158333333 162499999 0.610098
hs2 162500000 166666665 0.461666
hs2 166666666 170833332 0.574030
hs2 170833333 174999999 0.533560
hs2 175000000 179166665 0.490994
hs2 179166666 183333332 0.449751
hs2 183333333 187499999 0.207671
hs2 187500000 191666665 0.378140
hs2 191666666 195833332 0.127896
hs2 195833333 199999999 0.495198
hs2 200000000 204166665 0.611647
hs2 204166666 208333332 0.485209
hs2 208333333 212499999 0.483831
hs2 212500000 216666665 0.619607
hs2 216666666 220833332 0.481427
hs2 220833333 224999999 0.206180
hs2 225000000 229166665 0.393457
hs2 229166666 233333332 0.565906
hs2 233333333 237499999 0.620561
hs2 237500000 241666665 0.388137
hs2 241666666 245833332 0.176544
hs8 0 4166665 0.505967
hs8 4166666 8333332 0.356742
hs8 8333333 12499999 0.431024
hs8 12500000 16666665 0.492891
hs8 16666666 20833332 0.447739
hs8 20833333 24999999 0.357621
hs8 25000000 29166665 0.543674
hs8 29166666 33333332 0.449692
hs8 33333333 37499999 0.209246
hs8 37500000 41666665 0.491439
hs8 41666666 45833332 0.254917
hs8 45833333 49999999 0.185364
hs8 50000000 54166665 0.451083
hs8 54166666 58333332 0.282965
hs8 58333333 62499999 0.276494
hs8 62500000 66666665 0.322567
hs8 66666666 70833332 0.555592
hs8 70833333 74999999 0.449833
hs8 75000000 79166665 0.134392
hs8 79166666 83333332 0.259723
hs8 83333333 87499999 0.267923
hs8 87500000 91666665 0.311518
hs8 91666666 95833332 0.293071
hs8 95833333 99999999 0.446001
hs8 100000000 104166665 0.547241
hs8 104166666 108333332 0.510538
hs8 108333333 112499999 0.235054
hs8 112500000 116666665 0.333827
hs8 116666666 120833332 0.346868
hs8 120833333 124999999 0.398399
hs8 125000000 129166665 0.300228
hs8 129166666 133333332 0.258158
hs8 133333333 137499999 0.360218
hs8 137500000 141666665 0.377094
hs8 141666666 145833332 0.449557
hs8 145833333 149999999 0.039871
hs6 0 4166665 0.404974
hs6 4166666 8333332 0.493097
hs6 8333333 12499999 0.232499
hs6 12500000 16666665 0.412764
hs6 16666666 20833332 0.318364
hs6 20833333 24999999 0.398903
hs6 25000000 29166665 0.303391
hs6 29166666 33333332 0.377290
hs6 33333333 37499999 0.592081
hs6 37500000 41666665 0.558669
hs6 41666666 45833332 0.616578
hs6 45833333 49999999 0.338660
hs6 50000000 54166665 0.355520
hs6 54166666 58333332 0.386946
hs6 58333333 62499999 0.022499
hs6 62500000 66666665 0.639659
hs6 66666666 70833332 0.258083
hs6 70833333 74999999 0.517855
hs6 75000000 79166665 0.188328
hs6 79166666 83333332 0.175766
hs6 83333333 87499999 0.278300
hs6 87500000 91666665 0.492378
hs6 91666666 95833332 0.059751
hs6 95833333 99999999 0.226240
hs6 100000000 104166665 0.311527
hs6 104166666 108333332 0.371237
hs6 108333333 112499999 0.597426
hs6 112500000 116666665 0.123067
hs6 116666666 120833332 0.450880
hs6 120833333 124999999 0.463748
hs6 125000000 129166665 0.420070
hs6 129166666 133333332 0.459740
hs6 133333333 137499999 0.665946
hs6 137500000 141666665 0.178332
hs6 141666666 145833332 0.471864
hs6 145833333 149999999 0.448746
hs6 150000000 154166665 0.553335
hs6 154166666 158333332 0.431891
hs6 158333333 162499999 0.615828
hs6 162500000 166666665 0.430409
hs6 166666666 170833332 0.389832
hs14 0 4166665 0.000000
hs14 4166666 8333332 0.000000
hs14 8333333 12499999 0.000000
hs14 12500000 16666665 0.000000
hs14 16666666 20833332 0.095621
hs14 20833333 24999999 0.300596
hs14 25000000 29166665 0.054667
hs14 29166666 33333332 0.635860
hs14 33333333 37499999 0.443667
hs14 37500000 41666665 0.136604
hs14 41666666 45833332 0.078885
hs14 45833333 49999999 0.340769
hs14 50000000 54166665 0.403811
hs14 54166666 58333332 0.412621
hs14 58333333 62499999 0.429859
hs14 62500000 66666665 0.588295
hs14 66666666 70833332 0.639240
hs14 70833333 74999999 0.652687
hs14 75000000 79166665 0.705698
hs14 79166666 83333332 0.267038
hs14 83333333 87499999 0.030882
hs14 87500000 91666665 0.666688
hs14 91666666 95833332 0.502066
hs14 95833333 99999999 0.286586
hs14 100000000 104166665 0.451680
hs14 104166666 108333332 0.126063
hs17 0 4166665 0.706644
hs17 4166666 8333332 0.505959
hs17 8333333 12499999 0.601651
hs17 12500000 16666665 0.375070
hs17 16666666 20833332 0.538490
hs17 20833333 24999999 0.385667
hs17 25000000 29166665 0.733847
hs17 29166666 33333332 0.516864
hs17 33333333 37499999 0.480307
hs17 37500000 41666665 0.603573
hs17 41666666 45833332 0.529050
hs17 45833333 49999999 0.272796
hs17 50000000 54166665 0.448861
hs17 54166666 58333332 0.701372
hs17 58333333 62499999 0.669136
hs17 62500000 66666665 0.403686
hs17 66666666 70833332 0.400235
hs17 70833333 74999999 0.626149
hs17 75000000 79166665 0.576635
hs21 0 4166665 0.000000
hs21 4166666 8333332 0.000000
hs21 8333333 12499999 0.105039
hs21 12500000 16666665 0.220781
hs21 16666666 20833332 0.131575
hs21 20833333 24999999 0.144263
hs21 25000000 29166665 0.168290
hs21 29166666 33333332 0.482581
hs21 33333333 37499999 0.482005
hs21 37500000 41666665 0.576313
hs21 41666666 45833332 0.575267
hs21 45833333 49999999 0.146127
