hsX 0 1785713 0.237226
hsX 1785714 3571427 0.414544
hsX 3571428 5357141 0.039339
hsX 5357142 7142856 0.246063
hsX 7142857 8928570 0.214524
hsX 8928571 10714284 0.570190
hsX 10714285 12499999 0.585673
hsX 12500000 14285713 0.349607
hsX 14285714 16071427 0.447102
hsX 16071428 17857141 0.510999
hsX 17857142 19642856 0.646670
hsX 19642857 21428570 0.338227
hsX 21428571 23214284 0.297407
hsX 23214285 24999999 0.495092
hsX 25000000 26785713 0.004658
hsX 26785714 28571427 0.044495
hsX 28571428 30357141 0.750179
hsX 30357142 32142856 0.702635
hsX 32142857 33928570 0.629883
hsX 33928571 35714284 0.019560
hsX 35714285 37499999 0.328644
hsX 37500000 39285713 0.278015
hsX 39285714 41071427 0.230352
hsX 41071428 42857141 0.262264
hsX 42857142 44642856 0.264844
hsX 44642857 46428570 0.250018
hsX 46428571 48214284 0.444340
hsX 48214285 49999999 0.803015
hsX 50000000 51785713 0.286725
hsX 51785714 53571427 0.281240
hsX 53571428 55357141 0.465121
hsX 55357142 57142856 0.121589
hsX 57142857 58928570 0.121636
hsX 58928571 60714284 0.000000
hsX 60714285 62499999 0.002303
hsX 62500000 64285713 0.309612
hsX 64285714 66071427 0.145238
hsX 66071428 67857141 0.379504
hsX 67857142 69642856 0.434299
hsX 69642857 71428570 0.604261
hsX 71428571 73214284 0.465623
hsX 73214285 74999999 0.474660
hsX 75000000 76785713 0.084069
hsX 76785714 78571427 0.271261
hsX 78571428 80357141 0.206359
hsX 80357142 82142856 0.046792
hsX 82142857 83928570 0.191051
hsX 83928571 85714284 0.475517
hsX 85714285 87499999 0.230896
hsX 87500000 89285713 0.004762
hsX 89285714 91071427 0.086520
hsX 91071428 92857141 0.411259
hsX 92857142 94642856 0.000000
hsX 94642857 96428570 0.338583
hsX 96428571 98214284 0.175662
hsX 98214285 99999999 0.414602
hsX 100000000 101785713 0.557276
hsX 101785714 103571427 0.153439
hsX 103571428 105357141 0.775503
hsX 105357142 107142856 0.396291
hsX 107142857 108928570 0.482467
hsX 108928571 110714284 0.562224
hsX 110714285 112499999 0.503855
hsX 112500000 114285713 0.209828
hsX 114285714 116071427 0.129312
hsX 116071428 117857141 0.326946
hsX 117857142 119642856 0.349211
hsX 119642857 121428570 0.253401
hsX 121428571 123214284 0.355648
hsX 123214285 124999999 0.344282
hsX 125000000 126785713 0.004535
hsX 126785714 128571427 0.073195
hsX 128571428 130357141 0.408922
hsX 130357142 132142856 0.395719
hsX 132142857 133928570 0.493287
hsX 133928571 135714284 0.383811
hsX 135714285 137499999 0.010699
hsX 137500000 139285713 0.478016
hsX 139285714 141071427 0.049847
hsX 141071428 142857141 0.024662
hsX 142857142 144642856 0.004829
hsX 144642857 146428570 0.007637
hsX 146428571 148214284 0.334498
hsX 148214285 149999999 0.393978
hsX 150000000 151785713 0.318073
hsX 151785714 153571427 0.451119
hsX 153571428 155357141 0.402213
hs12 0 1785713 0.794033
hs12 1785714 3571427 0.749281
hs12 3571428 5357141 0.317567
hs12 5357142 7142856 0.698253
hs12 7142857 8928570 0.400490
hs12 8928571 10714284 0.350034
hs12 10714285 12499999 0.687069
hs12 12500000 14285713 0.460197
hs12 14285714 16071427 0.615004
hs12 16071428 17857141 0.098753
hs12 17857142 19642856 0.437544
hs12 19642857 21428570 0.439956
hs12 21428571 23214284 0.370524
hs12 23214285 24999999 0.665001
hs12 25000000 26785713 0.529968
hs12 26785714 28571427 0.527912
hs12 28571428 30357141 0.295671
hs12 30357142 32142856 0.326594
hs12 32142857 33928570 0.370305
hs12 33928571 35714284 0.003372
hs12 35714285 37499999 0.101195
hs12 37500000 39285713 0.501500
hs12 39285714 41071427 0.552896
hs12 41071428 42857141 0.448428
hs12 42857142 44642856 0.643386
hs12 44642857 46428570 0.166081
hs12 46428571 48214284 0.449187
hs12 48214285 49999999 0.728973
hs12 50000000 51785713 0.445292
hs12 51785714 53571427 0.471313
hs12 53571428 55357141 0.407314
hs12 55357142 57142856 0.373775
hs12 57142857 58928570 0.078742
hs12 58928571 60714284 0.182548
hs12 60714285 62499999 0.488868
hs12 62500000 64285713 0.570833
hs12 64285714 66071427 0.408591
hs12 66071428 67857141 0.202307
hs12 67857142 69642856 0.509819
hs12 69642857 71428570 0.501482
hs12 71428571 73214284 0.000000
hs12 73214285 74999999 0.211465
hs12 75000000 76785713 0.225539
hs12 76785714 78571427 0.557112
hs12 78571428 80357141 0.620262
hs12 80357142 82142856 0.500905
hs12 82142857 83928570 0.029870
hs12 83928571 85714284 0.621642
hs12 85714285 87499999 0.194239
hs12 87500000 89285713 0.104777
hs12 89285714 91071427 0.058171
hs12 91071428 92857141 0.287863
hs12 92857142 94642856 0.475703
hs12 94642857 96428570 0.356759
hs12 96428571 98214284 0.421412
hs12 98214285 99999999 0.794090
hs12 100000000 101785713 0.438591
hs12 101785714 103571427 0.608160
hs12 103571428 105357141 0.383398
hs12 105357142 107142856 0.700792
hs12 107142857 108928570 0.625322
hs12 108928571 110714284 0.686540
hs12 110714285 112499999 0.620183
hs12 112500000 114285713 0.122114
hs12 114285714 116071427 0.382487
hs12 116071428 117857141 0.595631
hs12 117857142 119642856 0.648585
hs12 119642857 121428570 0.746394
hs12 121428571 123214284 0.673291
hs12 123214285 124999999 0.455064
hs12 125000000 126785713 0.016971
hs12 126785714 128571427 0.589959
hs12 128571428 130357141 0.470528
hs12 130357142 132142856 0.522232
hs12 132142857 133928570 0.047393
hs11 0 1785713 0.645879
hs11 1785714 3571427 0.543206
hs11 3571428 5357141 0.326479
hs11 5357142 7142856 0.312910
hs11 7142857 8928570 0.615353
hs11 8928571 10714284 0.697033
hs11 10714285 12499999 0.522318
hs11 12500000 14285713 0.486135
hs11 14285714 16071427 0.421621
hs11 16071428 17857141 0.602404
hs11 17857142 19642856 0.577873
hs11 19642857 21428570 0.808133
hs11 21428571 23214284 0.232002
hs11 23214285 24999999 0.293927
hs11 25000000 26785713 0.257695
hs11 26785714 28571427 0.450911
hs11 28571428 30357141 0.014283
hs11 30357142 32142856 0.431913
hs11 32142857 33928570 0.469817
hs11 33928571 35714284 0.534659
hs11 35714285 37499999 0.364310
hs11 37500000 39285713 0.000000
hs11 39285714 41071427 0.100751
hs11 41071428 42857141 0.000000
hs11 42857142 44642856 0.376070
hs11 44642857 46428570 0.453558
hs11 46428571 48214284 0.767182
hs11 48214285 49999999 0.183571
hs11 50000000 51785713 0.017989
hs11 51785714 53571427 0.000000
hs11 53571428 55357141 0.012018
hs11 55357142 57142856 0.343983
hs11 57142857 58928570 0.325676
hs11 58928571 60714284 0.371178
hs11 60714285 62499999 0.565383
hs11 62500000 64285713 0.611484
hs11 64285714 66071427 0.559058
hs11 66071428 67857141 0.551302
hs11 67857142 69642856 0.333019
hs11 69642857 71428570 0.619744
hs11 71428571 73214284 0.699652
hs11 73214285 74999999 0.614607
hs11 75000000 76785713 0.628784
hs11 76785714 78571427 0.793661
hs11 78571428 80357141 0.144433
hs11 80357142 82142856 0.001043
hs11 82142857 83928570 0.779982
hs11 83928571 85714284 0.820236
hs11 85714285 87499999 0.350371
hs11 87500000 89285713 0.620822
hs11 89285714 91071427 0.063348
hs11 91071428 92857141 0.403981
hs11 92857142 94642856 0.438276
hs11 94642857 96428570 0.313613
hs11 96428571 98214284 0.000000
hs11 98214285 99999999 0.747938
hs11 100000000 101785713 0.489246
hs11 101785714 103571427 0.477254
hs11 103571428 105357141 0.258931
hs11 105357142 107142856 0.375546
hs11 107142857 108928570 0.516502
hs11 108928571 110714284 0.202984
hs11 110714285 112499999 0.448289
hs11 112500000 114285713 0.451760
hs11 114285714 116071427 0.185303
hs11 116071428 117857141 0.712783
hs11 117857142 119642856 0.410398
hs11 119642857 121428570 0.500037
hs11 121428571 123214284 0.369749
hs11 123214285 124999999 0.411956
hs11 125000000 126785713 0.556562
hs11 126785714 128571427 0.305982
hs11 128571428 130357141 0.315777
hs11 130357142 132142856 0.738707
hs11 132142857 133928570 0.639639
hs22 0 1785713 0.000000
hs22 1785714 3571427 0.000000
hs22 3571428 5357141 0.000000
hs22 5357142 7142856 0.000000
hs22 7142857 8928570 0.000000
hs22 8928571 10714284 0.000000
hs22 10714285 12499999 0.000000
hs22 12500000 14285713 0.000000
hs22 14285714 16071427 0.159737
hs22 16071428 17857141 0.575669
hs22 17857142 19642856 0.477941
hs22 19642857 21428570 0.333565
hs22 21428571 23214284 0.580008
hs22 23214285 24999999 0.898445
hs22 25000000 26785713 0.396750
hs22 26785714 28571427 0.803887
hs22 28571428 30357141 0.644556
hs22 30357142 32142856 0.693961
hs22 32142857 33928570 0.293895
hs22 33928571 35714284 0.517465
hs22 35714285 37499999 0.633402
hs22 37500000 39285713 0.655183
hs22 39285714 41071427 0.608635
hs22 41071428 42857141 0.717620
hs22 42857142 44642856 0.613803
hs22 44642857 46428570 0.558845
hs22 46428571 48214284 0.151088
hs22 48214285 49999999 0.436924
hs10 0 1785713 0.761098
hs10 1785714 3571427 0.058425
hs10 3571428 5357141 0.122507
hs10 5357142 7142856 0.363583
hs10 7142857 8928570 0.378006
hs10 8928571 10714284 0.000000
hs10 10714285 12499999 0.532058
hs10 12500000 14285713 0.750683
hs10 14285714 16071427 0.605635
hs10 16071428 17857141 0.527419
hs10 17857142 19642856 0.615605
hs10 19642857 21428570 0.438707
hs10 21428571 23214284 0.466642
hs10 23214285 24999999 0.626497
hs10 25000000 26785713 0.577375
hs10 26785714 28571427 0.576489
hs10 28571428 30357141 0.259055
hs10 30357142 32142856 0.299595
hs10 32142857 33928570 0.503816
hs10 33928571 35714284 0.565976
hs10 35714285 37499999 0.133556
hs10 37500000 39285713 0.167875
hs10 39285714 41071427 0.000000
hs10 41071428 42857141 0.110442
hs10 42857142 44642856 0.167432
hs10 44642857 46428570 0.451554
hs10 46428571 48214284 0.169434
hs10 48214285 49999999 0.521357
hs10 50000000 51785713 0.631701
hs10 51785714 53571427 0.849340
hs10 53571428 55357141 0.161367
hs10 55357142 57142856 0.489393
hs10 57142857 58928570 0.002149
hs10 58928571 60714284 0.317374
hs10 60714285 62499999 0.430279
hs10 62500000 64285713 0.408880
hs10 64285714 66071427 0.238394
hs10 66071428 67857141 0.284907
hs10 67857142 69642856 0.994055
hs10 69642857 71428570 0.621227
hs10 71428571 73214284 0.631913
hs10 73214285 74999999 0.747846
hs10 75000000 76785713 0.710415
hs10 76785714 78571427 0.592501
hs10 78571428 80357141 0.398954
hs10 80357142 82142856 0.362703
hs10 82142857 83928570 0.282828
hs10 83928571 85714284 0.452673
hs10 85714285 87499999 0.235359
hs10 87500000 89285713 0.741630
hs10 89285714 91071427 0.515156
hs10 91071428 92857141 0.251321
hs10 92857142 94642856 0.676936
hs10 94642857 96428570 0.622667
hs10 96428571 98214284 0.647521
hs10 98214285 99999999 0.710098
hs10 100000000 101785713 0.731867
hs10 101785714 103571427 0.528169
hs10 103571428 105357141 0.768893
hs10 105357142 107142856 0.728293
hs10 107142857 108928570 0.330889
hs10 108928571 110714284 0.000000
hs10 110714285 112499999 0.244463
hs10 112500000 114285713 0.280226
hs10 114285714 116071427 0.538014
hs10 116071428 117857141 0.761757
hs10 117857142 119642856 0.423116
hs10 119642857 121428570 0.453295
hs10 121428571 123214284 0.216583
hs10 123214285 124999999 0.602030
hs10 125000000 126785713 0.420371
hs10 126785714 128571427 0.466465
hs10 128571428 130357141 0.475000
hs10 130357142 132142856 0.264368
hs10 132142857 133928570 0.230783
hs10 133928571 135714284 0.404655
hs7 0 1785713 0.414659
hs7 1785714 3571427 0.687085
hs7 3571428 5357141 0.621016
hs7 5357142 7142856 0.589765
hs7 7142857 8928570 0.531880
hs7 8928571 10714284 0.000867
hs7 10714285 12499999 0.427785
hs7 12500000 14285713 0.180217
hs7 14285714 16071427 0.559473
hs7 16071428 17857141 0.346193
hs7 17857142 19642856 0.333242
hs7 19642857 21428570 0.213344
hs7 21428571 23214284 0.552411
hs7 23214285 24999999 0.440397
hs7 25000000 26785713 0.233395
hs7 26785714 28571427 0.556157
hs7 28571428 30357141 0.610861
hs7 30357142 32142856 0.449848
hs7 32142857 33928570 0.423909
hs7 33928571 35714284 0.661451
hs7 35714285 37499999 0.667399
hs7 37500000 39285713 0.502735
hs7 39285714 41071427 0.680044
hs7 41071428 42857141 0.210358
hs7 42857142 44642856 0.693695
hs7 44642857 46428570 0.270000
hs7 46428571 48214284 0.323821
hs7 48214285 49999999 0.357033
hs7 50000000 51785713 0.509457
hs7 51785714 53571427 0.000711
hs7 53571428 55357141 0.125126
hs7 55357142 57142856 0.249301
hs7 57142857 58928570 0.032547
hs7 58928571 60714284 0.000000
hs7 60714285 62499999 0.011692
hs7 62500000 64285713 0.224169
hs7 64285714 66071427 0.380373
hs7 66071428 67857141 0.156502
hs7 67857142 69642856 0.526970
hs7 69642857 71428570 0.772756
hs7 71428571 73214284 0.563903
hs7 73214285 74999999 0.575505
hs7 75000000 76785713 0.547215
hs7 76785714 78571427 0.866144
hs7 78571428 80357141 0.398545
hs7 80357142 82142856 0.331009
hs7 82142857 83928570 0.521190
hs7 83928571 85714284 0.070771
hs7 85714285 87499999 0.674622
hs7 87500000 89285713 0.445726
hs7 89285714 91071427 0.373689
hs7 91071428 92857141 0.531614
hs7 92857142 94642856 0.343327
hs7 94642857 96428570 0.463521
hs7 96428571 98214284 0.242216
hs7 98214285 99999999 0.636665
hs7 100000000 101785713 0.626790
hs7 101785714 103571427 0.821750
hs7 103571428 105357141 0.807374
hs7 105357142 107142856 0.455308
hs7 107142857 108928570 0.364552
hs7 108928571 110714284 0.369251
hs7 110714285 112499999 0.616797
hs7 112500000 114285713 0.367441
hs7 114285714 116071427 0.160817
hs7 116071428 117857141 0.575882
hs7 117857142 119642856 0.000000
hs7 119642857 121428570 0.600629
hs7 121428571 123214284 0.558169
hs7 123214285 124999999 0.119560
hs7 125000000 126785713 0.455771
hs7 126785714 128571427 0.500392
hs7 128571428 130357141 0.583892
hs7 130357142 132142856 0.603632
hs7 132142857 133928570 0.735347
hs7 133928571 135714284 0.488177
hs7 135714285 137499999 0.499050
hs7 137500000 139285713 0.659333
hs7 139285714 141071427 0.466192
hs7 141071428 142857141 0.263776
hs7 142857142 144642856 0.311688
hs7 144642857 146428570 0.551144
hs7 146428571 148214284 0.854036
hs7 148214285 149999999 0.343053
hs7 150000000 151785713 0.713638
hs7 151785714 153571427 0.270355
hs7 153571428 155357141 0.583005
hs7 155357142 157142856 0.341707
hs7 157142857 158928570 0.743076
hs4 0 1785713 0.601408
hs4 1785714 3571427 0.734969
hs4 3571428 5357141 0.301282
hs4 5357142 7142856 0.683726
hs4 7142857 8928570 0.663039
hs4 8928571 10714284 0.276314
hs4 10714285 12499999 0.017162
hs4 12500000 14285713 0.104110
hs4 14285714 16071427 0.383093
hs4 16071428 17857141 0.474732
hs4 17857142 19642856 0.000000
hs4 19642857 21428570 0.830393
hs4 21428571 23214284 0.221800
hs4 23214285 24999999 0.291418
hs4 25000000 26785713 0.358649
hs4 26785714 28571427 0.000000
hs4 28571428 30357141 0.014564
hs4 30357142 32142856 0.224213
hs4 32142857 33928570 0.000000
hs4 33928571 35714284 0.000000
hs4 35714285 37499999 0.381950
hs4 37500000 39285713 0.553844
hs4 39285714 41071427 0.642746
hs4 41071428 42857141 0.577553
hs4 42857142 44642856 0.196516
hs4 44642857 46428570 0.128113
hs4 46428571 48214284 0.834849
hs4 48214285 49999999 0.218852
hs4 50000000 51785713 0.000000
hs4 51785714 53571427 0.209080
hs4 53571428 55357141 0.436561
hs4 55357142 57142856 0.436622
hs4 57142857 58928570 0.120802
hs4 58928571 60714284 0.000000
hs4 60714285 62499999 0.254558
hs4 62500000 64285713 0.067628
hs4 64285714 66071427 0.187346
hs4 66071428 67857141 0.082220
hs4 67857142 69642856 0.414819
hs4 69642857 71428570 0.261352
hs4 71428571 73214284 0.463072
hs4 73214285 74999999 0.347337
hs4 75000000 76785713 0.271030
hs4 76785714 78571427 0.584318
hs4 78571428 80357141 0.559495
hs4 80357142 82142856 0.498272
hs4 82142857 83928570 0.274865
hs4 83928571 85714284 0.263210
hs4 85714285 87499999 0.715527
hs4 87500000 89285713 0.549572
hs4 89285714 91071427 0.470292
hs4 91071428 92857141 0.839268
hs4 92857142 94642856 0.671040
hs4 94642857 96428570 0.635916
hs4 96428571 98214284 0.146722
hs4 98214285 99999999 0.534883
hs4 100000000 101785713 0.336841
hs4 101785714 103571427 0.393516
hs4 103571428 105357141 0.431160
hs4 105357142 107142856 0.324307
hs4 107142857 108928570 0.294190
hs4 108928571 110714284 0.575444
hs4 110714285 112499999 0.343989
hs4 112500000 114285713 0.384142
hs4 114285714 116071427 0.453998
hs4 116071428 117857141 0.102535
hs4 117857142 119642856 0.167450
hs4 119642857 121428570 0.357746
hs4 121428571 123214284 0.325847
hs4 123214285 124999999 0.550343
hs4 125000000 126785713 0.165857
hs4 126785714 128571427 0.000000
hs4 128571428 130357141 0.433953
hs4 130357142 132142856 0.000000
hs4 132142857 133928570 0.000000
hs4 133928571 135714284 0.026701
hs4 135714285 137499999 0.000000
hs4 137500000 139285713 0.007593
hs4 139285714 141071427 0.353716
hs4 141071428 142857141 0.517121
hs4 142857142 144642856 0.565685
hs4 144642857 146428570 0.295636
hs4 146428571 148214284 0.488961
hs4 148214285 149999999 0.466008
hs4 150000000 151785713 0.314702
hs4 151785714 153571427 0.532318
hs4 153571428 155357141 0.473696
hs4 155357142 157142856 0.335294
hs4 157142857 158928570 0.254743
hs4 158928571 160714284 0.364937
hs4 160714285 162499999 0.000000
hs4 162500000 164285713 0.447185
hs4 164285714 166071427 0.519079
hs4 166071428 167857141 0.310948
hs4 167857142 169642856 0.460693
hs4 169642857 171428570 0.587274
hs4 171428571 173214284 0.136156
hs4 173214285 174999999 0.658480
hs4 175000000 176785713 0.211181
hs4 176785714 178571427 0.483003
hs4 178571428 180357141 0.153284
hs4 180357142 182142856 0.000000
hs4 182142857 183928570 0.253142
hs4 183928571 185714284 0.392604
hs4 185714285 187499999 0.561728
hs4 187500000 189285713 0.101383
hs4 189285714 191071427 0.004510
hs4 191071428 192857141 0.049787
hs16 0 1785713 0.720579
hs16 1785714 3571427 0.623642
hs16 3571428 5357141 0.637199
hs16 5357142 7142856 0.634886
hs16 7142857 8928570 0.449642
hs16 8928571 10714284 0.374144
hs16 10714285 12499999 0.635485
hs16 12500000 14285713 0.440252
hs16 14285714 16071427 0.584998
hs16 16071428 17857141 0.334016
hs16 17857142 19642856 0.429895
hs16 19642857 21428570 0.594343
hs16 21428571 23214284 0.486552
hs16 23214285 24999999 0.641986
hs16 25000000 26785713 0.305578
hs16 26785714 28571427 0.583759
hs16 28571428 30357141 0.459857
hs16 30357142 32142856 0.367593
hs16 32142857 33928570 0.016507
hs16 33928571 35714284 0.018169
hs16 35714285 37499999 0.000000
hs16 37500000 39285713 0.000000
hs16 39285714 41071427 0.000000
hs16 41071428 42857141 0.000000
hs16 42857142 44642856 0.000000
hs16 44642857 46428570 0.519523
hs16 46428571 48214284 0.279566
hs16 48214285 49999999 0.353055
hs16 50000000 51785713 0.139478
hs16 51785714 53571427 0.405052
hs16 53571428 55357141 0.397068
hs16 55357142 57142856 0.618663
hs16 57142857 58928570 0.070097
hs16 58928571 60714284 0.214370
hs16 60714285 62499999 0.000000
hs16 62500000 64285713 0.261543
hs16 64285714 66071427 0.478649
hs16 66071428 67857141 0.776856
hs16 67857142 69642856 0.791045
hs16 69642857 71428570 0.435060
hs16 71428571 73214284 0.247684
hs16 73214285 74999999 0.468122
hs16 75000000 76785713 0.359211
hs16 76785714 78571427 0.574129
hs16 78571428 80357141 0.563772
hs16 80357142 82142856 0.673646
hs16 82142857 83928570 0.568283
hs16 83928571 85714284 0.123866
hs16 85714285 87499999 0.518275
hs16 87500000 89285713 0.482084
hs20 0 1785713 0.363584
hs20 1785714 3571427 0.610151
hs20 3571428 5357141 0.366438
hs20 5357142 7142856 0.208002
hs20 7142857 8928570 0.475102
hs20 8928571 10714284 0.612133
hs20 10714285 12499999 0.020030
hs20 12500000 14285713 0.619689
hs20 14285714 16071427 0.949832
hs20 16071428 17857141 0.441313
hs20 17857142 19642856 0.593689
hs20 19642857 21428570 0.559814
hs20 21428571 23214284 0.038348
hs20 23214285 24999999 0.232322
hs20 25000000 26785713 0.275499
hs20 26785714 28571427 0.012393
hs20 28571428 30357141 0.333655
hs20 30357142 32142856 0.528043
hs20 32142857 33928570 0.734541
hs20 33928571 35714284 0.638361
hs20 35714285 37499999 0.517440
hs20 37500000 39285713 0.102816
hs20 39285714 41071427 0.703128
hs20 41071428 42857141 0.528942
hs20 42857142 44642856 0.505874
hs20 44642857 46428570 0.487178
hs20 46428571 48214284 0.574348
hs20 48214285 49999999 0.380281
hs20 50000000 51785713 0.357893
hs20 51785714 53571427 0.188387
hs20 53571428 55357141 0.174811
hs20 55357142 57142856 0.346076
hs20 57142857 58928570 0.273111
hs20 58928571 60714284 0.592950
hs20 60714285 62499999 0.606059
hs13 0 1785713 0.000000
hs13 1785714 3571427 0.000000
hs13 3571428 5357141 0.000000
hs13 5357142 7142856 0.000000
hs13 7142857 8928570 0.000000
hs13 8928571 10714284 0.000000
hs13 10714285 12499999 0.000000
hs13 12500000 14285713 0.000000
hs13 14285714 16071427 0.000000
hs13 16071428 17857141 0.000000
hs13 17857142 19642856 0.368049
hs13 19642857 21428570 0.449991
hs13 21428571 23214284 0.205292
hs13 23214285 24999999 0.501832
hs13 25000000 26785713 0.511452
hs13 26785714 28571427 0.412510
hs13 28571428 30357141 0.445540
hs13 30357142 32142856 0.546492
hs13 32142857 33928570 0.273356
hs13 33928571 35714284 0.909546
hs13 35714285 37499999 0.350549
hs13 37500000 39285713 0.377802
hs13 39285714 41071427 0.399335
hs13 41071428 42857141 0.566086
hs13 42857142 44642856 0.433542
hs13 44642857 46428570 0.540178
hs13 46428571 48214284 0.209964
hs13 48214285 49999999 0.507511
hs13 50000000 51785713 0.508712
hs13 51785714 53571427 0.175375
hs13 53571428 55357141 0.000044
hs13 55357142 57142856 0.064200
hs13 57142857 58928570 0.032598
hs13 58928571 60714284 0.378460
hs13 60714285 62499999 0.003269
hs13 62500000 64285713 0.002876
hs13 64285714 66071427 0.166018
hs13 66071428 67857141 0.353384
hs13 67857142 69642856 0.374633
hs13 69642857 71428570 0.240371
hs13 71428571 73214284 0.242106
hs13 73214285 74999999 0.332923
hs13 75000000 76785713 0.343788
hs13 76785714 78571427 0.307749
hs13 78571428 80357141 0.189080
hs13 80357142 82142856 0.000000
hs13 82142857 83928570 0.235392
hs13 83928571 85714284 0.003675
hs13 85714285 87499999 0.003921
hs13 87500000 89285713 0.000000
hs13 89285714 91071427 0.148663
hs13 91071428 92857141 0.798629
hs13 92857142 94642856 0.709273
hs13 94642857 96428570 0.806375
hs13 96428571 98214284 0.441688
hs13 98214285 99999999 0.731148
hs13 100000000 101785713 0.734742
hs13 101785714 103571427 0.179774
hs13 103571428 105357141 0.014095
hs13 105357142 107142856 0.332681
hs13 107142857 108928570 0.476347
hs13 108928571 110714284 0.405574
hs13 110714285 112499999 0.210442
hs13 112500000 114285713 0.552622
hs18 0 1785713 0.335246
hs18 1785714 3571427 0.392426
hs18 3571428 5357141 0.208484
hs18 5357142 7142856 0.487697
hs18 7142857 8928570 0.555530
hs18 8928571 10714284 0.389784
hs18 10714285 12499999 0.489245
hs18 12500000 14285713 0.615522
hs18 14285714 16071427 0.097765
hs18 16071428 17857141 0.400749
hs18 17857142 19642856 0.388656
hs18 19642857 21428570 0.495038
hs18 21428571 23214284 0.478600
hs18 23214285 24999999 0.126850
hs18 25000000 26785713 0.000029
hs18 26785714 28571427 0.482381
hs18 28571428 30357141 0.621601
hs18 30357142 32142856 0.539475
hs18 32142857 33928570 0.685154
hs18 33928571 35714284 0.305241
hs18 35714285 37499999 0.022583
hs18 37500000 39285713 0.284747
hs18 39285714 41071427 0.217470
hs18 41071428 42857141 0.580904
hs18 42857142 44642856 0.294073
hs18 44642857 46428570 0.592400
hs18 46428571 48214284 0.210801
hs18 48214285 49999999 0.653752
hs18 50000000 51785713 0.325455
hs18 51785714 53571427 0.369403
hs18 53571428 55357141 0.545050
hs18 55357142 57142856 0.091991
hs18 57142857 58928570 0.440370
hs18 58928571 60714284 0.303638
hs18 60714285 62499999 0.129128
hs18 62500000 64285713 0.005684
hs18 64285714 66071427 0.630207
hs18 66071428 67857141 0.023127
hs18 67857142 69642856 0.071588
hs18 69642857 71428570 0.456958
hs18 71428571 73214284 0.274020
hs18 73214285 74999999 0.049020
hs18 75000000 76785713 0.405015
hs3 0 1785713 0.292936
hs3 1785714 3571427 0.588141
hs3 3571428 5357141 0.348316
hs3 5357142 7142856 0.148431
hs3 7142857 8928570 0.595592
hs3 8928571 10714284 0.687861
hs3 10714285 12499999 0.641826
hs3 12500000 14285713 0.555950
hs3 14285714 16071427 0.600647
hs3 16071428 17857141 0.622549
hs3 17857142 19642856 0.267740
hs3 19642857 21428570 0.149004
hs3 21428571 23214284 0.184983
hs3 23214285 24999999 0.513997
hs3 25000000 26785713 0.223725
hs3 26785714 28571427 0.270654
hs3 28571428 30357141 0.408288
hs3 30357142 32142856 0.397546
hs3 32142857 33928570 0.635613
hs3 33928571 35714284 0.031042
hs3 35714285 37499999 0.442088
hs3 37500000 39285713 0.710863
hs3 39285714 41071427 0.355398
hs3 41071428 42857141 0.662371
hs3 42857142 44642856 0.415393
hs3 44642857 46428570 0.497845
hs3 46428571 48214284 0.704474
hs3 48214285 49999999 0.756493
hs3 50000000 51785713 0.825010
hs3 51785714 53571427 0.683991
hs3 53571428 55357141 0.722741
hs3 55357142 57142856 0.852454
hs3 57142857 58928570 0.698782
hs3 58928571 60714284 0.608381
hs3 60714285 62499999 0.779052
hs3 62500000 64285713 0.589365
hs3 64285714 66071427 0.479719
hs3 66071428 67857141 0.473985
hs3 67857142 69642856 0.611420
hs3 69642857 71428570 0.319228
hs3 71428571 73214284 0.395608
hs3 73214285 74999999 0.280585
hs3 75000000 76785713 0.036271
hs3 76785714 78571427 0.340128
hs3 78571428 80357141 0.655577
hs3 80357142 82142856 0.152377
hs3 82142857 83928570 0.000000
hs3 83928571 85714284 0.349139
hs3 85714285 87499999 0.330603
hs3 87500000 89285713 0.043887
hs3 89285714 91071427 0.183826
hs3 91071428 92857141 0.000000
hs3 92857142 94642856 0.000000
hs3 94642857 96428570 0.175040
hs3 96428571 98214284 0.110976
hs3 98214285 99999999 0.567520
hs3 100000000 101785713 0.657803
hs3 101785714 103571427 0.501951
hs3 103571428 105357141 0.025104
hs3 105357142 107142856 0.235655
hs3 107142857 108928570 0.236606
hs3 108928571 110714284 0.566735
hs3 110714285 112499999 0.034831
hs3 112500000 114285713 0.594133
hs3 114285714 116071427 0.777701
hs3 116071428 117857141 0.570501
hs3 117857142 119642856 0.004061
hs3 119642857 121428570 0.594103
hs3 121428571 123214284 0.702468
hs3 123214285 124999999 0.767607
hs3 125000000 126785713 0.814310
hs3 126785714 128571427 0.430375
hs3 128571428 130357141 0.510986
hs3 130357142 132142856 0.543155
hs3 132142857 133928570 0.735439
hs3 133928571 135714284 0.587455
hs3 135714285 137499999 0.479255
hs3 137500000 139285713 0.381806
hs3 139285714 141071427 0.453514
hs3 141071428 142857141 0.618519
hs3 142857142 144642856 0.646124
hs3 144642857 146428570 0.239556
hs3 146428571 148214284 0.147608
hs3 148214285 149999999 0.040900
hs3 150000000 151785713 0.437922
hs3 151785714 153571427 0.525343
hs3 153571428 155357141 0.088304
hs3 155357142 157142856 0.396540
hs3 157142857 158928570 0.566684
hs3 158928571 160714284 0.579076
hs3 160714285 162499999 0.571048
hs3 162500000 164285713 0.019280
hs3 164285714 166071427 0.000000
hs3 166071428 167857141 0.097510
hs3 167857142 169642856 0.429192
hs3 169642857 171428570 0.718806
hs3 171428571 173214284 0.523932
hs3 173214285 174999999 0.663354
hs3 175000000 176785713 0.677444
hs3 176785714 178571427 0.222274
hs3 178571428 180357141 0.207635
hs3 180357142 182142856 0.423618
hs3 182142857 183928570 0.097540
hs3 183928571 185714284 0.653115
hs3 185714285 187499999 0.585134
hs3 187500000 189285713 0.273189
hs3 189285714 191071427 0.632902
hs3 191071428 192857141 0.323874
hs3 192857142 194642856 0.494455
hs3 194642857 196428570 0.317485
hs3 196428571 198214284 0.558315
hs3 198214285 199999999 0.428576
hs9 0 1785713 0.406260
hs9 1785714 3571427 0.364697
hs9 3571428 5357141 0.536661
hs9 5357142 7142856 0.626519
hs9 7142857 8928570 0.364239
hs9 8928571 10714284 0.937526
hs9 10714285 12499999 0.000000
hs9 12500000 14285713 0.237139
hs9 14285714 16071427 0.530580
hs9 16071428 17857141 0.587069
hs9 17857142 19642856 0.489066
hs9 19642857 21428570 0.443496
hs9 21428571 23214284 0.188662
hs9 23214285 24999999 0.076138
hs9 25000000 26785713 0.001384
hs9 26785714 28571427 0.706912
hs9 28571428 30357141 0.077298
hs9 30357142 32142856 0.000000
hs9 32142857 33928570 0.524184
hs9 33928571 35714284 0.623732
hs9 35714285 37499999 0.540222
hs9 37500000 39285713 0.409072
hs9 39285714 41071427 0.050532
hs9 41071428 42857141 0.123250
hs9 42857142 44642856 0.106645
hs9 44642857 46428570 0.001407
hs9 46428571 48214284 0.034047
hs9 48214285 49999999 0.000000
hs9 50000000 51785713 0.000000
hs9 51785714 53571427 0.000000
hs9 53571428 55357141 0.000000
hs9 55357142 57142856 0.000000
hs9 57142857 58928570 0.000000
hs9 58928571 60714284 0.000000
hs9 60714285 62499999 0.000000
hs9 62500000 64285713 0.000000
hs9 64285714 66071427 0.014966
hs9 66071428 67857141 0.076470
hs9 67857142 69642856 0.109230
hs9 69642857 71428570 0.636488
hs9 71428571 73214284 0.605031
hs9 73214285 74999999 0.396264
hs9 75000000 76785713 0.202593
hs9 76785714 78571427 0.373931
hs9 78571428 80357141 0.561649
hs9 80357142 82142856 0.086677
hs9 82142857 83928570 0.073439
hs9 83928571 85714284 0.331747
hs9 85714285 87499999 0.369848
hs9 87500000 89285713 0.225977
hs9 89285714 91071427 0.324293
hs9 91071428 92857141 0.211071
hs9 92857142 94642856 0.637006
hs9 94642857 96428570 0.474494
hs9 96428571 98214284 0.553539
hs9 98214285 99999999 0.552003
hs9 100000000 101785713 0.499502
hs9 101785714 103571427 0.603009
hs9 103571428 105357141 0.012980
hs9 105357142 107142856 0.181417
hs9 107142857 108928570 0.260062
hs9 108928571 110714284 0.056755
hs9 110714285 112499999 0.913735
hs9 112500000 114285713 0.582912
hs9 114285714 116071427 0.606784
hs9 116071428 117857141 0.390812
hs9 117857142 119642856 0.708842
hs9 119642857 121428570 0.113586
hs9 121428571 123214284 0.413357
hs9 123214285 124999999 0.814539
hs9 125000000 126785713 0.720928
hs9 126785714 128571427 0.617855
hs9 128571428 130357141 0.754496
hs9 130357142 132142856 0.550142
hs9 132142857 133928570 0.603478
hs9 133928571 135714284 0.696612
hs9 135714285 137499999 0.324255
hs9 137500000 139285713 0.557546
hs9 139285714 141071427 0.455513
hs15 0 1785713 0.000000
hs15 1785714 3571427 0.000000
hs15 3571428 5357141 0.000000
hs15 5357142 7142856 0.000000
hs15 7142857 8928570 0.000000
hs15 8928571 10714284 0.000000
hs15 10714285 12499999 0.000000
hs15 12500000 14285713 0.000000
hs15 14285714 16071427 0.000000
hs15 16071428 17857141 0.000000
hs15 17857142 19642856 0.092286
hs15 19642857 21428570 0.271127
hs15 21428571 23214284 0.200770
hs15 23214285 24999999 0.420355
hs15 25000000 26785713 0.595558
hs15 26785714 28571427 0.517045
hs15 28571428 30357141 0.348643
hs15 30357142 32142856 0.715653
hs15 32142857 33928570 0.364984
hs15 33928571 35714284 0.270148
hs15 35714285 37499999 0.131947
hs15 37500000 39285713 0.604810
hs15 39285714 41071427 0.812931
hs15 41071428 42857141 0.783454
hs15 42857142 44642856 0.262732
hs15 44642857 46428570 0.354445
hs15 46428571 48214284 0.759343
hs15 48214285 49999999 0.679100
hs15 50000000 51785713 0.461506
hs15 51785714 53571427 0.523713
hs15 53571428 55357141 0.628112
hs15 55357142 57142856 0.558999
hs15 57142857 58928570 0.506484
hs15 58928571 60714284 0.332624
hs15 60714285 62499999 0.675653
hs15 62500000 64285713 0.720793
hs15 64285714 66071427 0.602785
hs15 66071428 67857141 0.523554
hs15 67857142 69642856 0.439553
hs15 69642857 71428570 0.688738
hs15 71428571 73214284 0.505435
hs15 73214285 74999999 0.723881
hs15 75000000 76785713 0.441270
hs15 76785714 78571427 0.329034
hs15 78571428 80357141 0.387196
hs15 80357142 82142856 0.634698
hs15 82142857 83928570 0.602671
hs15 83928571 85714284 0.609156
hs15 85714285 87499999 0.356125
hs15 87500000 89285713 0.587499
hs15 89285714 91071427 0.414744
hs15 91071428 92857141 0.201179
hs15 92857142 94642856 0.041862
hs15 94642857 96428570 0.090442
hs15 96428571 98214284 0.494887
hs15 98214285 99999999 0.601363
hs15 100000000 101785713 0.058330
hs5 0 1785713 0.518830
hs5 1785714 3571427 0.016918
hs5 3571428 5357141 0.114626
hs5 5357142 7142856 0.156792
hs5 7142857 8928570 0.277465
hs5 8928571 10714284 0.584418
hs5 10714285 12499999 0.567956
hs5 12500000 14285713 0.321086
hs5 14285714 16071427 0.533556
hs5 16071428 17857141 0.387312
hs5 17857142 19642856 0.075009
hs5 19642857 21428570 0.213502
hs5 21428571 23214284 0.695840
hs5 23214285 24999999 0.100065
hs5 25000000 26785713 0.000000
hs5 26785714 28571427 0.088470
hs5 28571428 30357141 0.000000
hs5 30357142 32142856 0.332634
hs5 32142857 33928570 0.402710
hs5 33928571 35714284 0.370155
hs5 35714285 37499999 0.577875
hs5 37500000 39285713 0.549154
hs5 39285714 41071427 0.201566
hs5 41071428 42857141 0.497570
hs5 42857142 44642856 0.273250
hs5 44642857 46428570 0.248338
hs5 46428571 48214284 0.000000
hs5 48214285 49999999 0.026720
hs5 50000000 51785713 0.106243
hs5 51785714 53571427 0.437004
hs5 53571428 55357141 0.429068
hs5 55357142 57142856 0.199970
hs5 57142857 58928570 0.508133
hs5 58928571 60714284 0.829447
hs5 60714285 62499999 0.307066
hs5 62500000 64285713 0.323443
hs5 64285714 66071427 0.583599
hs5 66071428 67857141 0.290895
hs5 67857142 69642856 0.929468
hs5 69642857 71428570 0.588919
hs5 71428571 73214284 0.474447
hs5 73214285 74999999 0.380876
hs5 75000000 76785713 0.598292
hs5 76785714 78571427 0.580007
hs5 78571428 80357141 0.604566
hs5 80357142 82142856 0.527579
hs5 82142857 83928570 0.524722
hs5 83928571 85714284 0.008457
hs5 85714285 87499999 0.081279
hs5 87500000 89285713 0.225998
hs5 89285714 91071427 0.418145
hs5 91071428 92857141 0.048340
hs5 92857142 94642856 0.958466
hs5 94642857 96428570 0.413673
hs5 96428571 98214284 0.056326
hs5 98214285 99999999 0.073584
hs5 100000000 101785713 0.117083
hs5 101785714 103571427 0.214949
hs5 103571428 105357141 0.000350
hs5 105357142 107142856 0.164644
hs5 107142857 108928570 0.581381
hs5 108928571 110714284 0.480735
hs5 110714285 112499999 0.563448
hs5 112500000 114285713 0.319583
hs5 114285714 116071427 0.418975
hs5 116071428 117857141 0.000000
hs5 117857142 119642856 0.308801
hs5 119642857 121428570 0.163658
hs5 121428571 123214284 0.394153
hs5 123214285 124999999 0.060590
hs5 125000000 126785713 0.336252
hs5 126785714 128571427 0.347840
hs5 128571428 130357141 0.313645
hs5 130357142 132142856 0.542535
hs5 132142857 133928570 0.489803
hs5 133928571 135714284 0.425028
hs5 135714285 137499999 0.484326
hs5 137500000 139285713 0.641061
hs5 139285714 141071427 3.317513
hs5 141071428 142857141 0.490257
hs5 142857142 144642856 0.183468
hs5 144642857 146428570 0.525268
hs5 146428571 148214284 0.459906
hs5 148214285 149999999 0.613986
hs5 150000000 151785713 0.382980
hs5 151785714 153571427 0.229611
hs5 153571428 155357141 0.261121
hs5 155357142 157142856 0.519031
hs5 157142857 158928570 0.326778
hs5 158928571 160714284 0.435170
hs5 160714285 162499999 0.196580
hs5 162500000 164285713 0.034462
hs5 164285714 166071427 0.000000
hs5 166071428 167857141 0.655573
hs5 167857142 169642856 0.738512
hs5 169642857 171428570 0.625266
hs5 171428571 173214284 0.390750
hs5 173214285 174999999 0.118918
hs5 175000000 176785713 0.547397
hs5 176785714 178571427 0.555064
hs5 178571428 180357141 0.541302
hs5 180357142 182142856 0.047007
hsY 0 1785713 0.237226
hsY 1785714 3571427 0.275228
hsY 3571428 5357141 0.240171
hsY 5357142 7142856 0.349122
hsY 7142857 8928570 0.084343
hsY 8928571 10714284 0.509584
hsY 10714285 12499999 0.000000
hsY 12500000 14285713 0.254018
hsY 14285714 16071427 0.182996
hsY 16071428 17857141 0.000000
hsY 17857142 19642856 0.222701
hsY 19642857 21428570 0.145522
hsY 21428571 23214284 0.271869
hsY 23214285 24999999 0.254569
hsY 25000000 26785713 0.306249
hsY 26785714 28571427 0.000000
hsY 28571428 30357141 0.000000
hsY 30357142 32142856 0.000000
hsY 32142857 33928570 0.000000
hsY 33928571 35714284 0.000000
hsY 35714285 37499999 0.000000
hsY 37500000 39285713 0.000000
hsY 39285714 41071427 0.000000
hsY 41071428 42857141 0.000000
hsY 42857142 44642856 0.000000
hsY 44642857 46428570 0.000000
hsY 46428571 48214284 0.000000
hsY 48214285 49999999 0.000000
hsY 50000000 51785713 0.000000
hsY 51785714 53571427 0.000000
hsY 53571428 55357141 0.000000
hsY 55357142 57142856 0.000000
hsY 57142857 58928570 0.050622
hs1 0 1785713 0.436237
hs1 1785714 3571427 0.617862
hs1 3571428 5357141 0.201546
hs1 5357142 7142856 0.623584
hs1 7142857 8928570 0.698937
hs1 8928571 10714284 0.699465
hs1 10714285 12499999 0.590467
hs1 12500000 14285713 0.254081
hs1 14285714 16071427 0.615914
hs1 16071428 17857141 0.565608
hs1 17857142 19642856 0.521377
hs1 19642857 21428570 0.532008
hs1 21428571 23214284 0.543778
hs1 23214285 24999999 0.514884
hs1 25000000 26785713 0.540962
hs1 26785714 28571427 0.545524
hs1 28571428 30357141 0.441659
hs1 30357142 32142856 0.315385
hs1 32142857 33928570 0.603947
hs1 33928571 35714284 0.495048
hs1 35714285 37499999 0.504510
hs1 37500000 39285713 0.287307
hs1 39285714 41071427 0.640388
hs1 41071428 42857141 0.557914
hs1 42857142 44642856 0.541972
hs1 44642857 46428570 0.807085
hs1 46428571 48214284 0.343491
hs1 48214285 49999999 0.872559
hs1 50000000 51785713 0.701611
hs1 51785714 53571427 0.756428
hs1 53571428 55357141 0.630629
hs1 55357142 57142856 0.225150
hs1 57142857 58928570 0.784891
hs1 58928571 60714284 0.376356
hs1 60714285 62499999 0.500886
hs1 62500000 64285713 0.527424
hs1 64285714 66071427 0.627184
hs1 66071428 67857141 0.702958
hs1 67857142 69642856 0.178232
hs1 69642857 71428570 0.460362
hs1 71428571 73214284 0.492606
hs1 73214285 74999999 0.386208
hs1 75000000 76785713 0.614910
hs1 76785714 78571427 0.707439
hs1 78571428 80357141 0.136106
hs1 80357142 82142856 0.058345
hs1 82142857 83928570 0.049190
hs1 83928571 85714284 0.576055
hs1 85714285 87499999 0.610606
hs1 87500000 89285713 0.167070
hs1 89285714 91071427 0.260023
hs1 91071428 92857141 0.541163
hs1 92857142 94642856 0.540034
hs1 94642857 96428570 0.224937
hs1 96428571 98214284 0.524576
hs1 98214285 99999999 0.201982
hs1 100000000 101785713 0.393295
hs1 101785714 103571427 0.251681
hs1 103571428 105357141 0.224407
hs1 105357142 107142856 0.067010
hs1 107142857 108928570 0.486618
hs1 108928571 110714284 0.569837
hs1 110714285 112499999 0.400852
hs1 112500000 114285713 0.513099
hs1 114285714 116071427 0.409571
hs1 116071428 117857141 0.429344
hs1 117857142 119642856 0.324532
hs1 119642857 121428570 0.223662
hs1 121428571 123214284 0.000000
hs1 123214285 124999999 0.000000
hs1 125000000 126785713 0.000000
hs1 126785714 128571427 0.000000
hs1 128571428 130357141 0.000000
hs1 130357142 132142856 0.000000
hs1 132142857 133928570 0.000000
hs1 133928571 135714284 0.000000
hs1 135714285 137499999 0.000000
hs1 137500000 139285713 0.000000
hs1 139285714 141071427 0.000000
hs1 141071428 142857141 0.044695
hs1 142857142 144642856 0.626702
hs1 144642857 146428570 0.334939
hs1 146428571 148214284 0.168978
hs1 148214285 149999999 0.646343
hs1 150000000 151785713 0.174749
hs1 151785714 153571427 0.693859
hs1 153571428 155357141 0.700721
hs1 155357142 157142856 0.224542
hs1 157142857 158928570 0.391758
hs1 158928571 160714284 0.580886
hs1 160714285 162499999 0.200680
hs1 162500000 164285713 0.449159
hs1 164285714 166071427 0.438314
hs1 166071428 167857141 0.483723
hs1 167857142 169642856 0.393539
hs1 169642857 171428570 0.510151
hs1 171428571 173214284 0.682935
hs1 173214285 174999999 0.628761
hs1 175000000 176785713 0.525855
hs1 176785714 178571427 0.688612
hs1 178571428 180357141 0.480072
hs1 180357142 182142856 0.596285
hs1 182142857 183928570 0.497036
hs1 183928571 185714284 0.431808
hs1 185714285 187499999 0.000000
hs1 187500000 189285713 0.212780
hs1 189285714 191071427 0.061207
hs1 191071428 192857141 0.126809
hs1 192857142 194642856 0.101540
hs1 194642857 196428570 0.603592
hs1 196428571 198214284 0.148935
hs1 198214285 199999999 0.464980
hs1 200000000 201785713 0.620644
hs1 201785714 203571427 0.585766
hs1 203571428 205357141 0.487720
hs1 205357142 207142856 0.348228
hs1 207142857 208928570 0.445277
hs1 208928571 210714284 0.573879
hs1 210714285 212499999 0.310478
hs1 212500000 214285713 0.681554
hs1 214285714 216071427 0.791194
hs1 216071428 217857141 0.126540
hs1 217857142 219642856 0.294381
hs1 219642857 221428570 0.189074
hs1 221428571 223214284 0.452620
hs1 223214285 224999999 0.615857
hs1 225000000 226785713 0.519613
hs1 226785714 228571427 0.289518
hs1 228571428 230357141 0.806044
hs1 230357142 232142856 0.343766
hs1 232142857 233928570 0.556722
hs1 233928571 235714284 0.669224
hs1 235714285 237499999 0.240593
hs1 237500000 239285713 0.597250
hs1 239285714 241071427 0.600347
hs1 241071428 242857141 0.575485
hs1 242857142 244642856 0.821227
hs1 244642857 246428570 0.423259
hs1 246428571 248214284 0.038278
hs19 0 1785713 0.551966
hs19 1785714 3571427 0.689193
hs19 3571428 5357141 0.687706
hs19 5357142 7142856 0.585393
hs19 7142857 8928570 0.542232
hs19 8928571 10714284 0.521732
hs19 10714285 12499999 0.588327
hs19 12500000 14285713 0.612762
hs19 14285714 16071427 0.441186
hs19 16071428 17857141 0.728895
hs19 17857142 19642856 0.760689
hs19 19642857 21428570 0.341136
hs19 21428571 23214284 0.162324
hs19 23214285 24999999 0.112461
hs19 25000000 26785713 0.000000
hs19 26785714 28571427 0.000000
hs19 28571428 30357141 0.000000
hs19 30357142 32142856 0.000000
hs19 32142857 33928570 0.001931
hs19 33928571 35714284 0.184837
hs19 35714285 37499999 0.056778
hs19 37500000 39285713 0.542955
hs19 39285714 41071427 0.450457
hs19 41071428 42857141 0.557749
hs19 42857142 44642856 0.676355
hs19 44642857 46428570 0.488176
hs19 46428571 48214284 0.450994
hs19 48214285 49999999 0.462382
hs19 50000000 51785713 0.511895
hs19 51785714 53571427 0.616355
hs19 53571428 55357141 0.724787
hs19 55357142 57142856 0.477337
hs19 57142857 58928570 0.557648
hs19 58928571 60714284 0.583059
hs19 60714285 62499999 0.457565
hs19 62500000 64285713 0.372590
hs2 0 1785713 0.422742
hs2 1785714 3571427 0.474627
hs2 3571428 5357141 0.062683
hs2 5357142 7142856 0.127318
hs2 7142857 8928570 0.100829
hs2 8928571 10714284 0.560408
hs2 10714285 12499999 0.309066
hs2 12500000 14285713 0.014483
hs2 14285714 16071427 0.251728
hs2 16071428 17857141 0.202442
hs2 17857142 19642856 0.053014
hs2 19642857 21428570 0.251775
hs2 21428571 23214284 0.000000
hs2 23214285 24999999 0.654409
hs2 25000000 26785713 0.735138
hs2 26785714 28571427 0.709605
hs2 28571428 30357141 0.691999
hs2 30357142 32142856 0.495555
hs2 32142857 33928570 0.785861
hs2 33928571 35714284 0.000000
hs2 35714285 37499999 0.451672
hs2 37500000 39285713 0.414400
hs2 39285714 41071427 0.396613
hs2 41071428 42857141 0.217481
hs2 42857142 44642856 0.608338
hs2 44642857 46428570 0.575683
hs2 46428571 48214284 0.427386
hs2 48214285 49999999 0.361565
hs2 50000000 51785713 0.623380
hs2 51785714 53571427 0.000000
hs2 53571428 55357141 0.740238
hs2 55357142 57142856 0.307438
hs2 57142857 58928570 0.109462
hs2 58928571 60714284 0.057306
hs2 60714285 62499999 0.532493
hs2 62500000 64285713 0.618946
hs2 64285714 66071427 0.208828
hs2 66071428 67857141 0.084254
hs2 67857142 69642856 0.502378
hs2 69642857 71428570 0.460201
hs2 71428571 73214284 0.659254
hs2 73214285 74999999 0.581468
hs2 75000000 76785713 0.170943
hs2 76785714 78571427 0.433870
hs2 78571428 80357141 0.435692
hs2 80357142 82142856 0.209912
hs2 82142857 83928570 0.000542
hs2 83928571 85714284 0.451809
hs2 85714285 87499999 0.533380
hs2 87500000 89285713 0.371128
hs2 89285714 91071427 0.000000
hs2 91071428 92857141 0.017580
hs2 92857142 94642856 0.000000
hs2 94642857 96428570 0.277617
hs2 96428571 98214284 0.575963
hs2 98214285 99999999 0.798990
hs2 100000000 101785713 0.469015
hs2 101785714 103571427 0.305108
hs2 103571428 105357141 0.127449
hs2 105357142 107142856 0.269655
hs2 107142857 108928570 0.285036
hs2 108928571 110714284 0.671288
hs2 110714285 112499999 0.613113
hs2 112500000 114285713 0.445666
hs2 114285714 116071427 0.685268
hs2 116071428 117857141 0.138526
hs2 117857142 119642856 0.111419
hs2 119642857 121428570 0.510151
hs2 121428571 123214284 0.246885
hs2 123214285 124999999 0.280374
hs2 125000000 126785713 0.218027
hs2 126785714 128571427 0.360098
hs2 128571428 130357141 0.084789
hs2 130357142 132142856 0.332283
hs2 132142857 133928570 0.672894
hs2 133928571 135714284 0.502499
hs2 135714285 137499999 0.410077
hs2 137500000 139285713 0.496399
hs2 139285714 141071427 0.205976
hs2 141071428 142857141 0.859215
hs2 142857142 144642856 0.574852
hs2 144642857 146428570 0.241828
hs2 146428571 148214284 0.002203
hs2 148214285 149999999 0.745916
hs2 150000000 151785713 0.042582
hs2 151785714 153571427 0.643456
hs2 153571428 155357141 0.379311
hs2 155357142 157142856 0.120462
hs2 157142857 158928570 0.378195
hs2 158928571 160714284 0.731707
hs2 160714285 162499999 0.445051
hs2 162500000 164285713 0.484625
hs2 164285714 166071427 0.372178
hs2 166071428 167857141 0.567072
hs2 167857142 169642856 0.500018
hs2 169642857 171428570 0.736791
hs2 171428571 173214284 0.523128
hs2 173214285 174999999 0.477786
hs2 175000000 176785713 0.342155
hs2 176785714 178571427 0.424255
hs2 178571428 180357141 0.855593
hs2 180357142 182142856 0.188545
hs2 182142857 183928570 0.509991
hs2 183928571 185714284 0.191029
hs2 185714285 187499999 0.168069
hs2 187500000 189285713 0.279327
hs2 189285714 191071427 0.452406
hs2 191071428 192857141 0.433866
hs2 192857142 194642856 0.015151
hs2 194642857 196428570 0.111326
hs2 196428571 198214284 0.708347
hs2 198214285 199999999 0.335790
hs2 200000000 201785713 0.474673
hs2 201785714 203571427 0.685983
hs2 203571428 205357141 0.434939
hs2 205357142 207142856 0.721992
hs2 207142857 208928570 0.440599
hs2 208928571 210714284 0.429939
hs2 210714285 212499999 0.500144
hs2 212500000 214285713 0.667506
hs2 214285714 216071427 0.707519
hs2 216071428 217857141 0.266047
hs2 217857142 219642856 0.710771
hs2 219642857 221428570 0.217237
hs2 221428571 223214284 0.260181
hs2 223214285 224999999 0.220907
hs2 225000000 226785713 0.361705
hs2 226785714 228571427 0.453781
hs2 228571428 230357141 0.450498
hs2 230357142 232142856 0.607368
hs2 232142857 233928570 0.637745
hs2 233928571 235714284 0.671881
hs2 235714285 237499999 0.503509
hs2 237500000 239285713 0.445090
hs2 239285714 241071427 0.269435
hs2 241071428 242857141 0.603063
hs8 0 1785713 0.268810
hs8 1785714 3571427 0.578445
hs8 3571428 5357141 0.710253
hs8 5357142 7142856 0.245405
hs8 7142857 8928570 0.289384
hs8 8928571 10714284 0.430973
hs8 10714285 12499999 0.495441
hs8 12500000 14285713 0.498404
hs8 14285714 16071427 0.638659
hs8 16071428 17857141 0.414387
hs8 17857142 19642856 0.567842
hs8 19642857 21428570 0.075513
hs8 21428571 23214284 0.635404
hs8 23214285 24999999 0.199045
hs8 25000000 26785713 0.466224
hs8 26785714 28571427 0.509549
hs8 28571428 30357141 0.396941
hs8 30357142 32142856 0.609564
hs8 32142857 33928570 0.425651
hs8 33928571 35714284 0.280991
hs8 35714285 37499999 0.117175
hs8 37500000 39285713 0.567889
hs8 39285714 41071427 0.484454
hs8 41071428 42857141 0.498855
hs8 42857142 44642856 0.190297
hs8 44642857 46428570 0.000000
hs8 46428571 48214284 0.008345
hs8 48214285 49999999 0.424170
hs8 50000000 51785713 0.449291
hs8 51785714 53571427 0.533558
hs8 53571428 55357141 0.285827
hs8 55357142 57142856 0.372898
hs8 57142857 58928570 0.074108
hs8 58928571 60714284 0.350120
hs8 60714285 62499999 0.292128
hs8 62500000 64285713 0.634248
hs8 64285714 66071427 0.118410
hs8 66071428 67857141 0.323457
hs8 67857142 69642856 0.675311
hs8 69642857 71428570 0.486790
hs8 71428571 73214284 0.346670
hs8 73214285 74999999 0.513766
hs8 75000000 76785713 0.157233
hs8 76785714 78571427 0.156348
hs8 78571428 80357141 0.119628
hs8 80357142 82142856 0.379971
hs8 82142857 83928570 0.106422
hs8 83928571 85714284 0.255516
hs8 85714285 87499999 0.369639
hs8 87500000 89285713 0.554000
hs8 89285714 91071427 0.130920
hs8 91071428 92857141 0.333554
hs8 92857142 94642856 0.122588
hs8 94642857 96428570 0.391415
hs8 96428571 98214284 0.407430
hs8 98214285 99999999 0.511470
hs8 100000000 101785713 0.729508
hs8 101785714 103571427 0.487871
hs8 103571428 105357141 0.586856
hs8 105357142 107142856 0.386346
hs8 107142857 108928570 0.415385
hs8 108928571 110714284 0.373325
hs8 110714285 112499999 0.037318
hs8 112500000 114285713 0.549625
hs8 114285714 116071427 0.130315
hs8 116071428 117857141 0.212628
hs8 117857142 119642856 0.540471
hs8 119642857 121428570 0.436489
hs8 121428571 123214284 0.259110
hs8 123214285 124999999 0.389250
hs8 125000000 126785713 0.508728
hs8 126785714 128571427 0.025847
hs8 128571428 130357141 0.174967
hs8 130357142 132142856 0.419057
hs8 132142857 133928570 0.429501
hs8 133928571 135714284 0.397110
hs8 135714285 137499999 0.188199
hs8 137500000 139285713 0.041590
hs8 139285714 141071427 0.542333
hs8 141071428 142857141 0.617322
hs8 142857142 144642856 0.315043
hs8 144642857 146428570 0.505599
hs6 0 1785713 0.367632
hs6 1785714 3571427 0.489252
hs6 3571428 5357141 0.403445
hs6 5357142 7142856 0.547885
hs6 7142857 8928570 0.300799
hs6 8928571 10714284 0.064206
hs6 10714285 12499999 0.464776
hs6 12500000 14285713 0.542308
hs6 14285714 16071427 0.232939
hs6 16071428 17857141 0.458123
hs6 17857142 19642856 0.249987
hs6 19642857 21428570 0.506684
hs6 21428571 23214284 0.307720
hs6 23214285 24999999 0.338976
hs6 25000000 26785713 0.434038
hs6 26785714 28571427 0.232038
hs6 28571428 30357141 0.196864
hs6 30357142 32142856 0.473646
hs6 32142857 33928570 0.413328
hs6 33928571 35714284 0.602102
hs6 35714285 37499999 0.617763
hs6 37500000 39285713 0.752590
hs6 39285714 41071427 0.432585
hs6 41071428 42857141 0.595618
hs6 42857142 44642856 0.529093
hs6 44642857 46428570 0.608555
hs6 46428571 48214284 0.507961
hs6 48214285 49999999 0.106047
hs6 50000000 51785713 0.174733
hs6 51785714 53571427 0.474525
hs6 53571428 55357141 0.412486
hs6 55357142 57142856 0.459243
hs6 57142857 58928570 0.234713
hs6 58928571 60714284 0.000000
hs6 60714285 62499999 0.029219
hs6 62500000 64285713 0.334929
hs6 64285714 66071427 0.931359
hs6 66071428 67857141 0.226250
hs6 67857142 69642856 0.134683
hs6 69642857 71428570 0.692824
hs6 71428571 73214284 0.462617
hs6 73214285 74999999 0.520398
hs6 75000000 76785713 0.408904
hs6 76785714 78571427 0.030529
hs6 78571428 80357141 0.146129
hs6 80357142 82142856 0.214328
hs6 82142857 83928570 0.199648
hs6 83928571 85714284 0.403046
hs6 85714285 87499999 0.096338
hs6 87500000 89285713 0.340937
hs6 89285714 91071427 0.767874
hs6 91071428 92857141 0.040071
hs6 92857142 94642856 0.139420
hs6 94642857 96428570 0.017872
hs6 96428571 98214284 0.387736
hs6 98214285 99999999 0.122284
hs6 100000000 101785713 0.351098
hs6 101785714 103571427 0.375799
hs6 103571428 105357141 0.041710
hs6 105357142 107142856 0.342638
hs6 107142857 108928570 0.685992
hs6 108928571 110714284 0.611033
hs6 110714285 112499999 0.578841
hs6 112500000 114285713 0.101878
hs6 114285714 116071427 0.036524
hs6 116071428 117857141 0.510408
hs6 117857142 119642856 0.651328
hs6 119642857 121428570 0.039071
hs6 121428571 123214284 0.342220
hs6 123214285 124999999 0.739859
hs6 125000000 126785713 0.401411
hs6 126785714 128571427 0.403956
hs6 128571428 130357141 0.620885
hs6 130357142 132142856 0.423765
hs6 132142857 133928570 0.376058
hs6 133928571 135714284 0.291232
hs6 135714285 137499999 1.089458
hs6 137500000 139285713 0.315252
hs6 139285714 141071427 0.100855
hs6 141071428 142857141 0.129483
hs6 142857142 144642856 0.657206
hs6 144642857 146428570 0.451299
hs6 146428571 148214284 0.473909
hs6 148214285 149999999 0.436194
hs6 150000000 151785713 0.570182
hs6 151785714 153571427 0.720932
hs6 153571428 155357141 0.361007
hs6 155357142 157142856 0.167690
hs6 157142857 158928570 0.729318
hs6 158928571 160714284 0.404926
hs6 160714285 162499999 0.781736
hs6 162500000 164285713 0.747953
hs6 164285714 166071427 0.204270
hs6 166071428 167857141 0.412179
hs6 167857142 169642856 0.298202
hs6 169642857 171428570 0.251290
hs14 0 1785713 0.000000
hs14 1785714 3571427 0.000000
hs14 3571428 5357141 0.000000
hs14 5357142 7142856 0.000000
hs14 7142857 8928570 0.000000
hs14 8928571 10714284 0.000000
hs14 10714285 12499999 0.000000
hs14 12500000 14285713 0.000000
hs14 14285714 16071427 0.000000
hs14 16071428 17857141 0.000000
hs14 17857142 19642856 0.043975
hs14 19642857 21428570 0.298491
hs14 21428571 23214284 0.255941
hs14 23214285 24999999 0.326099
hs14 25000000 26785713 0.085049
hs14 26785714 28571427 0.013819
hs14 28571428 30357141 0.294242
hs14 30357142 32142856 0.610919
hs14 32142857 33928570 0.627734
hs14 33928571 35714284 0.487831
hs14 35714285 37499999 0.526858
hs14 37500000 39285713 0.152428
hs14 39285714 41071427 0.000000
hs14 41071428 42857141 0.166316
hs14 42857142 44642856 0.102359
hs14 44642857 46428570 0.110155
hs14 46428571 48214284 0.439694
hs14 48214285 49999999 0.326982
hs14 50000000 51785713 0.535292
hs14 51785714 53571427 0.326668
hs14 53571428 55357141 0.467191
hs14 55357142 57142856 0.306234
hs14 57142857 58928570 0.371023
hs14 58928571 60714284 0.513069
hs14 60714285 62499999 0.388534
hs14 62500000 64285713 0.663734
hs14 64285714 66071427 0.375621
hs14 66071428 67857141 0.920764
hs14 67857142 69642856 0.610658
hs14 69642857 71428570 0.412190
hs14 71428571 73214284 0.815012
hs14 73214285 74999999 0.589207
hs14 75000000 76785713 0.646800
hs14 76785714 78571427 0.666495
hs14 78571428 80357141 0.654255
hs14 80357142 82142856 0.302168
hs14 82142857 83928570 0.000000
hs14 83928571 85714284 0.054759
hs14 85714285 87499999 0.017298
hs14 87500000 89285713 0.601494
hs14 89285714 91071427 0.699700
hs14 91071428 92857141 0.693251
hs14 92857142 94642856 0.488900
hs14 94642857 96428570 0.422560
hs14 96428571 98214284 0.029409
hs14 98214285 99999999 0.460481
hs14 100000000 101785713 0.338817
hs14 101785714 103571427 0.655014
hs14 103571428 105357141 0.336889
hs14 105357142 107142856 0.017348
hs17 0 1785713 0.713438
hs17 1785714 3571427 0.648582
hs17 3571428 5357141 0.724218
hs17 5357142 7142856 0.338636
hs17 7142857 8928570 0.616636
hs17 8928571 10714284 0.723084
hs17 10714285 12499999 0.468667
hs17 12500000 14285713 0.349791
hs17 14285714 16071427 0.317558
hs17 16071428 17857141 0.610645
hs17 17857142 19642856 0.571679
hs17 19642857 21428570 0.414413
hs17 21428571 23214284 0.136384
hs17 23214285 24999999 0.631059
hs17 25000000 26785713 0.777072
hs17 26785714 28571427 0.601904
hs17 28571428 30357141 0.601406
hs17 30357142 32142856 0.503574
hs17 32142857 33928570 0.535367
hs17 33928571 35714284 0.667525
hs17 35714285 37499999 0.352193
hs17 37500000 39285713 0.612138
hs17 39285714 41071427 0.576183
hs17 41071428 42857141 0.637700
hs17 42857142 44642856 0.536552
hs17 44642857 46428570 0.463323
hs17 46428571 48214284 0.452108
hs17 48214285 49999999 0.001308
hs17 50000000 51785713 0.336927
hs17 51785714 53571427 0.453604
hs17 53571428 55357141 0.763463
hs17 55357142 57142856 0.720461
hs17 57142857 58928570 0.662899
hs17 58928571 60714284 0.632233
hs17 60714285 62499999 0.675608
hs17 62500000 64285713 0.597163
hs17 64285714 66071427 0.344771
hs17 66071428 67857141 0.003025
hs17 67857142 69642856 0.527129
hs17 69642857 71428570 0.667395
hs17 71428571 73214284 0.571512
hs17 73214285 74999999 0.625835
hs17 75000000 76785713 0.626153
hs17 76785714 78571427 0.693173
hs17 78571428 80357141 0.026155
hs21 0 1785713 0.000000
hs21 1785714 3571427 0.000000
hs21 3571428 5357141 0.000000
hs21 5357142 7142856 0.000000
hs21 7142857 8928570 0.000000
hs21 8928571 10714284 0.245091
hs21 10714285 12499999 0.000000
hs21 12500000 14285713 0.085902
hs21 14285714 16071427 0.202579
hs21 16071428 17857141 0.387673
hs21 17857142 19642856 0.146010
hs21 19642857 21428570 0.110086
hs21 21428571 23214284 0.226528
hs21 23214285 24999999 0.000000
hs21 25000000 26785713 0.291823
hs21 26785714 28571427 0.100115
hs21 28571428 30357141 0.474039
hs21 30357142 32142856 0.295953
hs21 32142857 33928570 0.528094
hs21 33928571 35714284 0.496938
hs21 35714285 37499999 0.456417
hs21 37500000 39285713 0.549285
hs21 39285714 41071427 0.657296
hs21 41071428 42857141 0.524903
hs21 42857142 44642856 0.524621
hs21 44642857 46428570 0.538950
hs21 46428571 48214284 0.232930
