hsX 0 1282050 0.095385
hsX 1282051 2564101 0.486834
hsX 2564102 3846152 0.380398
hsX 3846153 5128204 0.000000
hsX 5128205 6410255 0.264127
hsX 6410256 7692306 0.184068
hsX 7692307 8974357 0.199638
hsX 8974358 10256409 0.522153
hsX 10256410 11538460 0.686526
hsX 11538461 12820511 0.557766
hsX 12820512 14102563 0.324157
hsX 14102564 15384614 0.363014
hsX 15384615 16666665 0.383463
hsX 16666666 17948716 0.588022
hsX 17948717 19230768 0.624697
hsX 19230769 20512819 0.648753
hsX 20512820 21794870 0.284932
hsX 21794871 23076922 0.227684
hsX 23076923 24358973 0.287549
hsX 24358974 25641024 0.402044
hsX 25641025 26923075 0.006488
hsX 26923076 28205127 0.018431
hsX 28205128 29487178 0.757831
hsX 29487179 30769229 0.416482
hsX 30769230 32051281 0.821367
hsX 32051282 33333332 0.948765
hsX 33333333 34615383 0.025589
hsX 34615384 35897434 0.044602
hsX 35897435 37179486 0.278946
hsX 37179487 38461537 0.519120
hsX 38461538 39743588 0.003978
hsX 39743589 41025640 0.320847
hsX 41025641 42307691 0.364616
hsX 42307692 43589742 0.132970
hsX 43589743 44871793 0.403467
hsX 44871794 46153845 0.041147
hsX 46153846 47435896 0.572894
hsX 47435897 48717947 0.346319
hsX 48717948 49999999 0.958398
hsX 50000000 51282050 0.319696
hsX 51282051 52564101 0.211136
hsX 52564102 53846152 0.381011
hsX 53846153 55128204 0.502195
hsX 55128205 56410255 0.107142
hsX 56410256 57692306 0.252481
hsX 57692307 58974357 0.004058
hsX 58974358 60256409 0.000000
hsX 60256410 61538460 0.000000
hsX 61538461 62820511 0.146241
hsX 62820512 64102563 0.234583
hsX 64102564 65384614 0.224932
hsX 65384615 66666665 0.030993
hsX 66666666 67948716 0.532703
hsX 67948717 69230768 0.374188
hsX 69230769 70512819 0.628063
hsX 70512820 71794870 0.696531
hsX 71794871 73076922 0.255220
hsX 73076923 74358973 0.649379
hsX 74358974 75641024 0.155750
hsX 75641025 76923075 0.217246
hsX 76923076 78205127 0.264110
hsX 78205128 79487178 0.027273
hsX 79487179 80769229 0.331906
hsX 80769230 82051281 0.000000
hsX 82051282 83333332 0.122114
hsX 83333333 84615383 0.330085
hsX 84615384 85897434 0.619092
hsX 85897435 87179486 0.178748
hsX 87179487 88461537 0.005896
hsX 88461538 89743588 0.000736
hsX 89743589 91025640 0.084796
hsX 91025641 92307691 0.576606
hsX 92307692 93589742 0.031933
hsX 93589743 94871793 0.000000
hsX 94871794 96153845 0.257313
hsX 96153846 97435896 0.458958
hsX 97435897 98717947 0.089461
hsX 98717948 99999999 0.488021
hsX 100000000 101282050 0.402076
hsX 101282051 102564101 0.437085
hsX 102564102 103846152 0.266595
hsX 103846153 105128204 0.928312
hsX 105128205 106410255 0.437879
hsX 106410256 107692306 0.548668
hsX 107692307 108974357 0.273459
hsX 108974358 110256409 0.597248
hsX 110256410 111538460 0.759644
hsX 111538461 112820511 0.128003
hsX 112820512 114102563 0.254861
hsX 114102564 115384614 0.197104
hsX 115384615 116666665 0.020409
hsX 116666666 117948716 0.455389
hsX 117948717 119230768 0.328663
hsX 119230769 120512819 0.510689
hsX 120512820 121794870 0.000000
hsX 121794871 123076922 0.495366
hsX 123076923 124358973 0.479536
hsX 124358974 125641024 0.004738
hsX 125641025 126923075 0.001578
hsX 126923076 128205127 0.001124
hsX 128205128 129487178 0.415010
hsX 129487179 130769229 0.337909
hsX 130769230 132051281 0.468657
hsX 132051282 133333332 0.448441
hsX 133333333 134615383 0.332419
hsX 134615384 135897434 0.449908
hsX 135897435 137179486 0.005806
hsX 137179487 138461537 0.467671
hsX 138461538 139743588 0.204727
hsX 139743589 141025640 0.062839
hsX 141025641 142307691 0.008824
hsX 142307692 143589742 0.025526
hsX 143589743 144871793 0.014882
hsX 144871794 146153845 0.002067
hsX 146153846 147435896 0.112200
hsX 147435897 148717947 0.468843
hsX 148717948 149999999 0.434034
hsX 150000000 151282050 0.306065
hsX 151282051 152564101 0.296954
hsX 152564102 153846152 0.662059
hsX 153846153 155128204 0.366522
hs12 0 1282050 0.819319
hs12 1282051 2564101 0.847316
hs12 2564102 3846152 0.637196
hs12 3846153 5128204 0.288110
hs12 5128205 6410255 0.569195
hs12 6410256 7692306 0.585293
hs12 7692307 8974357 0.388209
hs12 8974358 10256409 0.367926
hs12 10256410 11538460 0.638060
hs12 11538461 12820511 0.601101
hs12 12820512 14102563 0.466133
hs12 14102564 15384614 0.417064
hs12 15384615 16666665 0.577098
hs12 16666666 17948716 0.000000
hs12 17948717 19230768 0.396966
hs12 19230769 20512819 0.289968
hs12 20512820 21794870 0.683688
hs12 21794871 23076922 0.367697
hs12 23076923 24358973 0.610391
hs12 24358974 25641024 0.567904
hs12 25641025 26923075 0.557641
hs12 26923076 28205127 0.453169
hs12 28205128 29487178 0.358307
hs12 29487179 30769229 0.328344
hs12 30769230 32051281 0.390698
hs12 32051282 33333332 0.465544
hs12 33333333 34615383 0.054935
hs12 34615384 35897434 0.000000
hs12 35897435 37179486 0.010119
hs12 37179487 38461537 0.463789
hs12 38461538 39743588 0.654912
hs12 39743589 41025640 0.445039
hs12 41025641 42307691 0.337113
hs12 42307692 43589742 0.802184
hs12 43589743 44871793 0.445627
hs12 44871794 46153845 0.145281
hs12 46153846 47435896 0.363382
hs12 47435897 48717947 0.566085
hs12 48717948 49999999 0.769117
hs12 50000000 51282050 0.486211
hs12 51282051 52564101 0.445100
hs12 52564102 53846152 0.381016
hs12 53846153 55128204 0.404341
hs12 55128205 56410255 0.551212
hs12 56410256 57692306 0.134460
hs12 57692307 58974357 0.071982
hs12 58974358 60256409 0.000000
hs12 60256410 61538460 0.762211
hs12 61538461 62820511 0.403625
hs12 62820512 64102563 0.529814
hs12 64102564 65384614 0.568377
hs12 65384615 66666665 0.046225
hs12 66666666 67948716 0.293640
hs12 67948717 69230768 0.399216
hs12 69230769 70512819 0.521523
hs12 70512820 71794870 0.465134
hs12 71794871 73076922 0.000000
hs12 73076923 74358973 0.258349
hs12 74358974 75641024 0.201529
hs12 75641025 76923075 0.255949
hs12 76923076 78205127 0.492235
hs12 78205128 79487178 0.561880
hs12 79487179 80769229 0.728334
hs12 80769230 82051281 0.447298
hs12 82051282 83333332 0.000714
hs12 83333333 84615383 0.238380
hs12 84615384 85897434 0.702255
hs12 85897435 87179486 0.168991
hs12 87179487 88461537 0.158930
hs12 88461538 89743588 0.055394
hs12 89743589 91025640 0.076640
hs12 91025641 92307691 0.190973
hs12 92307692 93589742 0.522017
hs12 93589743 94871793 0.479372
hs12 94871794 96153845 0.336819
hs12 96153846 97435896 0.058178
hs12 97435897 98717947 0.959091
hs12 98717948 99999999 0.711408
hs12 100000000 101282050 0.521806
hs12 101282051 102564101 0.327428
hs12 102564102 103846152 0.790663
hs12 103846153 105128204 0.246137
hs12 105128205 106410255 0.832686
hs12 106410256 107692306 0.431827
hs12 107692307 108974357 0.722885
hs12 108974358 110256409 0.642353
hs12 110256410 111538460 0.740856
hs12 111538461 112820511 0.466157
hs12 112820512 114102563 0.106450
hs12 114102564 115384614 0.248589
hs12 115384615 116666665 0.659597
hs12 116666666 117948716 0.489246
hs12 117948717 119230768 0.696056
hs12 119230769 120512819 0.622323
hs12 120512820 121794870 0.746497
hs12 121794871 123076922 0.780876
hs12 123076923 124358973 0.374545
hs12 124358974 125641024 0.282933
hs12 125641025 126923075 0.000000
hs12 126923076 128205127 0.536015
hs12 128205128 129487178 0.652072
hs12 129487179 130769229 0.294982
hs12 130769230 132051281 0.686328
hs12 132051282 133333332 0.101116
hs11 0 1282050 0.546462
hs11 1282051 2564101 0.633089
hs11 2564102 3846152 0.646746
hs11 3846153 5128204 0.272347
hs11 5128205 6410255 0.216678
hs11 6410256 7692306 0.549014
hs11 7692307 8974357 0.562698
hs11 8974358 10256409 0.762980
hs11 10256410 11538460 0.447643
hs11 11538461 12820511 0.601873
hs11 12820512 14102563 0.404667
hs11 14102564 15384614 0.623514
hs11 15384615 16666665 0.397754
hs11 16666666 17948716 0.611686
hs11 17948717 19230768 0.488537
hs11 19230769 20512819 0.718037
hs11 20512820 21794870 0.750187
hs11 21794871 23076922 0.225464
hs11 23076923 24358973 0.000000
hs11 24358974 25641024 0.456793
hs11 25641025 26923075 0.311537
hs11 26923076 28205127 0.544982
hs11 28205128 29487178 0.083072
hs11 29487179 30769229 0.177370
hs11 30769230 32051281 0.432577
hs11 32051282 33333332 0.482493
hs11 33333333 34615383 0.482092
hs11 34615384 35897434 0.503161
hs11 35897435 37179486 0.450319
hs11 37179487 38461537 0.000000
hs11 38461538 39743588 0.000000
hs11 39743589 41025640 0.140332
hs11 41025641 42307691 0.000000
hs11 42307692 43589742 0.131678
hs11 43589743 44871793 0.492944
hs11 44871794 46153845 0.414421
hs11 46153846 47435896 0.788833
hs11 47435897 48717947 0.405446
hs11 48717948 49999999 0.246496
hs11 50000000 51282050 0.024330
hs11 51282051 52564101 0.000726
hs11 52564102 53846152 0.000000
hs11 53846153 55128204 0.010704
hs11 55128205 56410255 0.327480
hs11 56410256 57692306 0.386435
hs11 57692307 58974357 0.226363
hs11 58974358 60256409 0.346635
hs11 60256410 61538460 0.571223
hs11 61538461 62820511 0.516208
hs11 62820512 64102563 0.594720
hs11 64102564 65384614 0.571542
hs11 65384615 66666665 0.637362
hs11 66666666 67948716 0.535013
hs11 67948717 69230768 0.351553
hs11 69230769 70512819 0.624129
hs11 70512820 71794870 0.459081
hs11 71794871 73076922 0.709079
hs11 73076923 74358973 0.699713
hs11 74358974 75641024 0.595687
hs11 75641025 76923075 0.582865
hs11 76923076 78205127 0.759649
hs11 78205128 79487178 0.486888
hs11 79487179 80769229 0.000000
hs11 80769230 82051281 0.000000
hs11 82051282 83333332 0.623570
hs11 83333333 84615383 1.000000
hs11 84615384 85897434 0.713119
hs11 85897435 87179486 0.370797
hs11 87179487 88461537 0.519032
hs11 88461538 89743588 0.444778
hs11 89743589 91025640 0.000000
hs11 91025641 92307691 0.424612
hs11 92307692 93589742 0.419866
hs11 93589743 94871793 0.328664
hs11 94871794 96153845 0.436819
hs11 96153846 97435896 0.000000
hs11 97435897 98717947 0.250277
hs11 98717948 99999999 0.791494
hs11 100000000 101282050 0.431447
hs11 101282051 102564101 0.484633
hs11 102564102 103846152 0.430116
hs11 103846153 105128204 0.182083
hs11 105128205 106410255 0.486084
hs11 106410256 107692306 0.517922
hs11 107692307 108974357 0.417060
hs11 108974358 110256409 0.246834
hs11 110256410 111538460 0.478296
hs11 111538461 112820511 0.380002
hs11 112820512 114102563 0.431235
hs11 114102564 115384614 0.258100
hs11 115384615 116666665 0.344141
hs11 116666666 117948716 0.714967
hs11 117948717 119230768 0.448792
hs11 119230769 120512819 0.553212
hs11 120512820 121794870 0.289548
hs11 121794871 123076922 0.410241
hs11 123076923 124358973 0.234023
hs11 124358974 125641024 0.582679
hs11 125641025 126923075 0.547321
hs11 126923076 128205127 0.194668
hs11 128205128 129487178 0.465931
hs11 129487179 130769229 0.223869
hs11 130769230 132051281 0.939038
hs11 132051282 133333332 0.708406
hs11 133333333 134615383 0.253948
hs22 0 1282050 0.000000
hs22 1282051 2564101 0.000000
hs22 2564102 3846152 0.000000
hs22 3846153 5128204 0.000000
hs22 5128205 6410255 0.000000
hs22 6410256 7692306 0.000000
hs22 7692307 8974357 0.000000
hs22 8974358 10256409 0.000000
hs22 10256410 11538460 0.000000
hs22 11538461 12820511 0.000000
hs22 12820512 14102563 0.000000
hs22 14102564 15384614 0.025419
hs22 15384615 16666665 0.424427
hs22 16666666 17948716 0.601006
hs22 17948717 19230768 0.420717
hs22 19230769 20512819 0.535948
hs22 20512820 21794870 0.243544
hs22 21794871 23076922 0.601697
hs22 23076923 24358973 0.599680
hs22 24358974 25641024 1.091126
hs22 25641025 26923075 0.330095
hs22 26923076 28205127 0.795502
hs22 28205128 29487178 0.637722
hs22 29487179 30769229 0.669670
hs22 30769230 32051281 0.702597
hs22 32051282 33333332 0.464205
hs22 33333333 34615383 0.278777
hs22 34615384 35897434 0.543903
hs22 35897435 37179486 0.599079
hs22 37179487 38461537 0.520409
hs22 38461538 39743588 0.790481
hs22 39743589 41025640 0.647239
hs22 41025641 42307691 0.626929
hs22 42307692 43589742 0.681219
hs22 43589743 44871793 0.613025
hs22 44871794 46153845 0.703488
hs22 46153846 47435896 0.142330
hs22 47435897 48717947 0.195067
hs22 48717948 49999999 0.489832
hs10 0 1282050 0.656042
hs10 1282051 2564101 0.404058
hs10 2564102 3846152 0.088621
hs10 3846153 5128204 0.113247
hs10 5128205 6410255 0.437118
hs10 6410256 7692306 0.353657
hs10 7692307 8974357 0.292296
hs10 8974358 10256409 0.000000
hs10 10256410 11538460 0.280110
hs10 11538461 12820511 0.710970
hs10 12820512 14102563 0.652738
hs10 14102564 15384614 0.710706
hs10 15384615 16666665 0.342042
hs10 16666666 17948716 0.777966
hs10 17948717 19230768 0.747777
hs10 19230769 20512819 0.286606
hs10 20512820 21794870 0.398823
hs10 21794871 23076922 0.575594
hs10 23076923 24358973 0.393480
hs10 24358974 25641024 0.756605
hs10 25641025 26923075 0.616673
hs10 26923076 28205127 0.467834
hs10 28205128 29487178 0.349396
hs10 29487179 30769229 0.324780
hs10 30769230 32051281 0.343192
hs10 32051282 33333332 0.584909
hs10 33333333 34615383 0.260759
hs10 34615384 35897434 0.793205
hs10 35897435 37179486 0.007904
hs10 37179487 38461537 0.187507
hs10 38461538 39743588 0.081582
hs10 39743589 41025640 0.000000
hs10 41025641 42307691 0.041285
hs10 42307692 43589742 0.331755
hs10 43589743 44871793 0.068044
hs10 44871794 46153845 0.485795
hs10 46153846 47435896 0.225188
hs10 47435897 48717947 0.241699
hs10 48717948 49999999 0.584397
hs10 50000000 51282050 0.672248
hs10 51282051 52564101 0.601644
hs10 52564102 53846152 0.911627
hs10 53846153 55128204 0.004931
hs10 55128205 56410255 0.778844
hs10 56410256 57692306 0.000000
hs10 57692307 58974357 0.002993
hs10 58974358 60256409 0.354683
hs10 60256410 61538460 0.351642
hs10 61538461 62820511 0.335050
hs10 62820512 64102563 0.561014
hs10 64102564 65384614 0.340546
hs10 65384615 66666665 0.001054
hs10 66666666 67948716 0.467210
hs10 67948717 69230768 1.058189
hs10 69230769 70512819 0.726805
hs10 70512820 71794870 0.576658
hs10 71794871 73076922 0.549122
hs10 73076923 74358973 0.771295
hs10 74358974 75641024 0.757472
hs10 75641025 76923075 0.659066
hs10 76923076 78205127 0.604195
hs10 78205128 79487178 0.767895
hs10 79487179 80769229 0.289862
hs10 80769230 82051281 0.190439
hs10 82051282 83333332 0.182084
hs10 83333333 84615383 0.772461
hs10 84615384 85897434 0.101246
hs10 85897435 87179486 0.203817
hs10 87179487 88461537 0.708882
hs10 88461538 89743588 0.681452
hs10 89743589 91025640 0.472026
hs10 91025641 92307691 0.228727
hs10 92307692 93589742 0.532586
hs10 93589743 94871793 0.676352
hs10 94871794 96153845 0.581223
hs10 96153846 97435896 0.644554
hs10 97435897 98717947 0.699022
hs10 98717948 99999999 0.694438
hs10 100000000 101282050 0.747575
hs10 101282051 102564101 0.573343
hs10 102564102 103846152 0.614447
hs10 103846153 105128204 0.736761
hs10 105128205 106410255 0.696602
hs10 106410256 107692306 0.471688
hs10 107692307 108974357 0.460881
hs10 108974358 110256409 0.000000
hs10 110256410 111538460 0.000000
hs10 111538461 112820511 0.523660
hs10 112820512 114102563 0.079557
hs10 114102564 115384614 0.587392
hs10 115384615 116666665 0.613057
hs10 116666666 117948716 0.808975
hs10 117948717 119230768 0.464965
hs10 119230769 120512819 0.298488
hs10 120512820 121794870 0.538324
hs10 121794871 123076922 0.149180
hs10 123076923 124358973 0.637996
hs10 124358974 125641024 0.338547
hs10 125641025 126923075 0.489557
hs10 126923076 128205127 0.607676
hs10 128205128 129487178 0.487290
hs10 129487179 130769229 0.174318
hs10 130769230 132051281 0.368227
hs10 132051282 133333332 0.171078
hs10 133333333 134615383 0.443897
hs10 134615384 135897434 0.270099
hs7 0 1282050 0.461337
hs7 1282051 2564101 0.572212
hs7 2564102 3846152 0.715308
hs7 3846153 5128204 0.565688
hs7 5128205 6410255 0.667413
hs7 6410256 7692306 0.495413
hs7 7692307 8974357 0.484479
hs7 8974358 10256409 0.001208
hs7 10256410 11538460 0.284407
hs7 11538461 12820511 0.379379
hs7 12820512 14102563 0.078151
hs7 14102564 15384614 0.682150
hs7 15384615 16666665 0.512938
hs7 16666666 17948716 0.241119
hs7 17948717 19230768 0.394337
hs7 19230769 20512819 0.182862
hs7 20512820 21794870 0.373238
hs7 21794871 23076922 0.441166
hs7 23076923 24358973 0.403740
hs7 24358974 25641024 0.322749
hs7 25641025 26923075 0.347747
hs7 26923076 28205127 0.500403
hs7 28205128 29487178 0.756249
hs7 29487179 30769229 0.424195
hs7 30769230 32051281 0.484334
hs7 32051282 33333332 0.380178
hs7 33333333 34615383 0.616674
hs7 34615384 35897434 0.608117
hs7 35897435 37179486 0.641908
hs7 37179487 38461537 0.396785
hs7 38461538 39743588 0.738918
hs7 39743589 41025640 0.726668
hs7 41025641 42307691 0.292998
hs7 42307692 43589742 0.370460
hs7 43589743 44871793 0.690141
hs7 44871794 46153845 0.281688
hs7 46153846 47435896 0.120604
hs7 47435897 48717947 0.676247
hs7 48717948 49999999 0.151481
hs7 50000000 51282050 0.655032
hs7 51282051 52564101 0.054568
hs7 52564102 53846152 0.000991
hs7 53846153 55128204 0.085112
hs7 55128205 56410255 0.416337
hs7 56410256 57692306 0.065407
hs7 57692307 58974357 0.000000
hs7 58974358 60256409 0.000000
hs7 60256410 61538460 0.000000
hs7 61538461 62820511 0.016285
hs7 62820512 64102563 0.245909
hs7 64102564 65384614 0.374050
hs7 65384615 66666665 0.440067
hs7 66666666 67948716 0.000000
hs7 67948717 69230768 0.412565
hs7 69230769 70512819 0.734876
hs7 70512820 71794870 0.834439
hs7 71794871 73076922 0.551090
hs7 73076923 74358973 0.697758
hs7 74358974 75641024 0.468405
hs7 75641025 76923075 0.536819
hs7 76923076 78205127 0.844307
hs7 78205128 79487178 0.558245
hs7 79487179 80769229 0.305565
hs7 80769230 82051281 0.438067
hs7 82051282 83333332 0.541427
hs7 83333333 84615383 0.283091
hs7 84615384 85897434 0.000000
hs7 85897435 87179486 0.711108
hs7 87179487 88461537 0.582035
hs7 88461538 89743588 0.324918
hs7 89743589 91025640 0.462919
hs7 91025641 92307691 0.583387
hs7 92307692 93589742 0.295073
hs7 93589743 94871793 0.483359
hs7 94871794 96153845 0.485989
hs7 96153846 97435896 0.134433
hs7 97435897 98717947 0.467428
hs7 98717948 99999999 0.638772
hs7 100000000 101282050 0.501443
hs7 101282051 102564101 0.878041
hs7 102564102 103846152 0.758311
hs7 103846153 105128204 0.867041
hs7 105128205 106410255 0.274883
hs7 106410256 107692306 0.802090
hs7 107692307 108974357 0.202304
hs7 108974358 110256409 0.130301
hs7 110256410 111538460 0.899094
hs7 111538461 112820511 0.351229
hs7 112820512 114102563 0.492296
hs7 114102564 115384614 0.105851
hs7 115384615 116666665 0.542095
hs7 116666666 117948716 0.390467
hs7 117948717 119230768 0.000000
hs7 119230769 120512819 0.521978
hs7 120512820 121794870 0.457960
hs7 121794871 123076922 0.575284
hs7 123076923 124358973 0.225349
hs7 124358974 125641024 0.000000
hs7 125641025 126923075 0.652307
hs7 126923076 128205127 0.514221
hs7 128205128 129487178 0.638902
hs7 129487179 130769229 0.660067
hs7 130769230 132051281 0.502650
hs7 132051282 133333332 0.812899
hs7 133333333 134615383 0.580871
hs7 134615384 135897434 0.328127
hs7 135897435 137179486 0.561224
hs7 137179487 138461537 0.552285
hs7 138461538 139743588 0.717571
hs7 139743589 141025640 0.384599
hs7 141025641 142307691 0.287501
hs7 142307692 143589742 0.231842
hs7 143589743 144871793 0.329317
hs7 144871794 146153845 0.553380
hs7 146153846 147435896 1.000082
hs7 147435897 148717947 0.539177
hs7 148717948 149999999 0.342400
hs7 150000000 151282050 0.629416
hs7 151282051 152564101 0.463407
hs7 152564102 153846152 0.492026
hs7 153846153 155128204 0.483573
hs7 155128205 156410255 0.310474
hs7 156410256 157692306 0.708229
hs7 157692307 158974357 0.606427
hs4 0 1282050 0.683193
hs4 1282051 2564101 0.601162
hs4 2564102 3846152 0.578555
hs4 3846153 5128204 0.239543
hs4 5128205 6410255 0.800894
hs4 6410256 7692306 0.686990
hs4 7692307 8974357 0.576802
hs4 8974358 10256409 0.344124
hs4 10256410 11538460 0.054382
hs4 11538461 12820511 0.000000
hs4 12820512 14102563 0.145010
hs4 14102564 15384614 0.307478
hs4 15384615 16666665 0.535980
hs4 16666666 17948716 0.351370
hs4 17948717 19230768 0.000000
hs4 19230769 20512819 0.442333
hs4 20512820 21794870 0.824072
hs4 21794871 23076922 0.199150
hs4 23076923 24358973 0.121100
hs4 24358974 25641024 0.427860
hs4 25641025 26923075 0.356490
hs4 26923076 28205127 0.000000
hs4 28205128 29487178 0.000000
hs4 29487179 30769229 0.332583
hs4 30769230 32051281 0.000000
hs4 32051282 33333332 0.000000
hs4 33333333 34615383 0.000000
hs4 34615384 35897434 0.119667
hs4 35897435 37179486 0.265991
hs4 37179487 38461537 0.446286
hs4 38461538 39743588 0.700773
hs4 39743589 41025640 0.655147
hs4 41025641 42307691 0.672072
hs4 42307692 43589742 0.143193
hs4 43589743 44871793 0.273719
hs4 44871794 46153845 0.178443
hs4 46153846 47435896 0.710043
hs4 47435897 48717947 0.725707
hs4 48717948 49999999 0.031906
hs4 50000000 51282050 0.000000
hs4 51282051 52564101 0.064903
hs4 52564102 53846152 0.440602
hs4 53846153 55128204 0.329208
hs4 55128205 56410255 0.307416
hs4 56410256 57692306 0.533570
hs4 57692307 58974357 0.000000
hs4 58974358 60256409 0.000000
hs4 60256410 61538460 0.000000
hs4 61538461 62820511 0.448758
hs4 62820512 64102563 0.000000
hs4 64102564 65384614 0.102176
hs4 65384615 66666665 0.273291
hs4 66666666 67948716 0.000000
hs4 67948717 69230768 0.519907
hs4 69230769 70512819 0.173175
hs4 70512820 71794870 0.292470
hs4 71794871 73076922 0.524889
hs4 73076923 74358973 0.470566
hs4 74358974 75641024 0.241768
hs4 75641025 76923075 0.291578
hs4 76923076 78205127 0.728992
hs4 78205128 79487178 0.475444
hs4 79487179 80769229 0.330878
hs4 80769230 82051281 0.644559
hs4 82051282 83333332 0.187541
hs4 83333333 84615383 0.537262
hs4 84615384 85897434 0.187520
hs4 85897435 87179486 0.624828
hs4 87179487 88461537 0.748635
hs4 88461538 89743588 0.395407
hs4 89743589 91025640 0.498127
hs4 91025641 92307691 0.858269
hs4 92307692 93589742 0.452300
hs4 93589743 94871793 1.000000
hs4 94871794 96153845 0.500751
hs4 96153846 97435896 0.410781
hs4 97435897 98717947 0.014741
hs4 98717948 99999999 0.730274
hs4 100000000 101282050 0.369846
hs4 101282051 102564101 0.352079
hs4 102564102 103846152 0.443911
hs4 103846153 105128204 0.451991
hs4 105128205 106410255 0.110753
hs4 106410256 107692306 0.578270
hs4 107692307 108974357 0.179622
hs4 108974358 110256409 0.554910
hs4 110256410 111538460 0.634949
hs4 111538461 112820511 0.083613
hs4 112820512 114102563 0.392124
hs4 114102564 115384614 0.633525
hs4 115384615 116666665 0.284542
hs4 116666666 117948716 0.000034
hs4 117948717 119230768 0.045123
hs4 119230769 120512819 0.575740
hs4 120512820 121794870 0.110659
hs4 121794871 123076922 0.441818
hs4 123076923 124358973 0.533166
hs4 124358974 125641024 0.300780
hs4 125641025 126923075 0.175660
hs4 126923076 128205127 0.000000
hs4 128205128 129487178 0.374934
hs4 129487179 130769229 0.229501
hs4 130769230 132051281 0.000000
hs4 132051282 133333332 0.000000
hs4 133333333 134615383 0.032966
hs4 134615384 135897434 0.004224
hs4 135897435 137179486 0.000000
hs4 137179487 138461537 0.000000
hs4 138461538 139743588 0.071616
hs4 139743589 141025640 0.395921
hs4 141025641 142307691 0.682870
hs4 142307692 143589742 0.414784
hs4 143589743 144871793 0.575117
hs4 144871794 146153845 0.156145
hs4 146153846 147435896 0.441915
hs4 147435897 148717947 0.415859
hs4 148717948 149999999 0.599132
hs4 150000000 151282050 0.048767
hs4 151282051 152564101 0.787757
hs4 152564102 153846152 0.466584
hs4 153846153 155128204 0.536460
hs4 155128205 156410255 0.282662
hs4 156410256 157692306 0.184355
hs4 157692307 158974357 0.354820
hs4 158974358 160256409 0.436307
hs4 160256410 161538460 0.071998
hs4 161538461 162820511 0.230891
hs4 162820512 164102563 0.377617
hs4 164102564 165384614 0.628749
hs4 165384615 166666665 0.361860
hs4 166666666 167948716 0.224790
hs4 167948717 169230768 0.346008
hs4 169230769 170512819 0.742855
hs4 170512820 171794870 0.325872
hs4 171794871 173076922 0.082504
hs4 173076923 174358973 0.899891
hs4 174358974 175641024 0.200313
hs4 175641025 176923075 0.321208
hs4 176923076 178205127 0.528377
hs4 178205128 179487178 0.254923
hs4 179487179 180769229 0.000000
hs4 180769230 182051281 0.000000
hs4 182051282 183333332 0.004366
hs4 183333333 184615383 0.576551
hs4 184615384 185897434 0.402127
hs4 185897435 187179486 0.604891
hs4 187179487 188461537 0.216973
hs4 188461538 189743588 0.024423
hs4 189743589 191025640 0.000000
hs4 191025641 192307691 0.069347
hs16 0 1282050 0.657824
hs16 1282051 2564101 0.818299
hs16 2564102 3846152 0.572447
hs16 3846153 5128204 0.711266
hs16 5128205 6410255 0.312877
hs16 6410256 7692306 1.000000
hs16 7692307 8974357 0.226008
hs16 8974358 10256409 0.356745
hs16 10256410 11538460 0.438560
hs16 11538461 12820511 0.754067
hs16 12820512 14102563 0.312669
hs16 14102564 15384614 0.478339
hs16 15384615 16666665 0.643384
hs16 16666666 17948716 0.287476
hs16 17948717 19230768 0.362308
hs16 19230769 20512819 0.541324
hs16 20512820 21794870 0.662637
hs16 21794871 23076922 0.511399
hs16 23076923 24358973 0.693755
hs16 24358974 25641024 0.328633
hs16 25641025 26923075 0.324079
hs16 26923076 28205127 0.680940
hs16 28205128 29487178 0.413191
hs16 29487179 30769229 0.492371
hs16 30769230 32051281 0.378122
hs16 32051282 33333332 0.023913
hs16 33333333 34615383 0.025374
hs16 34615384 35897434 0.000000
hs16 35897435 37179486 0.000000
hs16 37179487 38461537 0.000000
hs16 38461538 39743588 0.000000
hs16 39743589 41025640 0.000000
hs16 41025641 42307691 0.000000
hs16 42307692 43589742 0.000000
hs16 43589743 44871793 0.000000
hs16 44871794 46153845 0.615131
hs16 46153846 47435896 0.371767
hs16 47435897 48717947 0.325364
hs16 48717948 49999999 0.292509
hs16 50000000 51282050 0.085642
hs16 51282051 52564101 0.557188
hs16 52564102 53846152 0.115621
hs16 53846153 55128204 0.507747
hs16 55128205 56410255 0.632051
hs16 56410256 57692306 0.371786
hs16 57692307 58974357 0.000819
hs16 58974358 60256409 0.009106
hs16 60256410 61538460 0.289480
hs16 61538461 62820511 0.000000
hs16 62820512 64102563 0.313482
hs16 64102564 65384614 0.309994
hs16 65384615 66666665 0.774214
hs16 66666666 67948716 0.780604
hs16 67948717 69230768 0.721465
hs16 69230769 70512819 0.725199
hs16 70512820 71794870 0.369716
hs16 71794871 73076922 0.075109
hs16 73076923 74358973 0.645620
hs16 74358974 75641024 0.219930
hs16 75641025 76923075 0.489975
hs16 76923076 78205127 0.692537
hs16 78205128 79487178 0.297827
hs16 79487179 80769229 0.704391
hs16 80769230 82051281 0.649899
hs16 82051282 83333332 0.671964
hs16 83333333 84615383 0.324777
hs16 84615384 85897434 0.038753
hs16 85897435 87179486 0.503754
hs16 87179487 88461537 0.754641
hs16 88461538 89743588 0.134963
hs20 0 1282050 0.370282
hs20 1282051 2564101 0.401450
hs20 2564102 3846152 0.710387
hs20 3846153 5128204 0.374933
hs20 5128205 6410255 0.289845
hs20 6410256 7692306 0.009490
hs20 7692307 8974357 0.661749
hs20 8974358 10256409 0.654901
hs20 10256410 11538460 0.197712
hs20 11538461 12820511 0.027899
hs20 12820512 14102563 0.709651
hs20 14102564 15384614 1.010630
hs20 15384615 16666665 0.707145
hs20 16666666 17948716 0.411979
hs20 17948717 19230768 0.466895
hs20 19230769 20512819 0.837804
hs20 20512820 21794870 0.273770
hs20 21794871 23076922 0.043008
hs20 23076923 24358973 0.096906
hs20 24358974 25641024 0.537994
hs20 25641025 26923075 0.072422
hs20 26923076 28205127 0.000000
hs20 28205128 29487178 0.049440
hs20 29487179 30769229 0.577766
hs20 30769230 32051281 0.525124
hs20 32051282 33333332 0.705937
hs20 33333333 34615383 0.735015
hs20 34615384 35897434 0.646895
hs20 35897435 37179486 0.601726
hs20 37179487 38461537 0.008556
hs20 38461538 39743588 0.391999
hs20 39743589 41025640 0.694852
hs20 41025641 42307691 0.497352
hs20 42307692 43589742 0.556824
hs20 43589743 44871793 0.528689
hs20 44871794 46153845 0.567692
hs20 46153846 47435896 0.419290
hs20 47435897 48717947 0.484765
hs20 48717948 49999999 0.430686
hs20 50000000 51282050 0.286840
hs20 51282051 52564101 0.367176
hs20 52564102 53846152 0.106872
hs20 53846153 55128204 0.156034
hs20 55128205 56410255 0.333699
hs20 56410256 57692306 0.370693
hs20 57692307 58974357 0.245501
hs20 58974358 60256409 0.677585
hs20 60256410 61538460 0.529287
hs20 61538461 62820511 0.463177
hs13 0 1282050 0.000000
hs13 1282051 2564101 0.000000
hs13 2564102 3846152 0.000000
hs13 3846153 5128204 0.000000
hs13 5128205 6410255 0.000000
hs13 6410256 7692306 0.000000
hs13 7692307 8974357 0.000000
hs13 8974358 10256409 0.000000
hs13 10256410 11538460 0.000000
hs13 11538461 12820511 0.000000
hs13 12820512 14102563 0.000000
hs13 14102564 15384614 0.000000
hs13 15384615 16666665 0.000000
hs13 16666666 17948716 0.000000
hs13 17948717 19230768 0.344636
hs13 19230769 20512819 0.573883
hs13 20512820 21794870 0.220894
hs13 21794871 23076922 0.220993
hs13 23076923 24358973 0.514721
hs13 24358974 25641024 0.639119
hs13 25641025 26923075 0.342852
hs13 26923076 28205127 0.495933
hs13 28205128 29487178 0.510033
hs13 29487179 30769229 0.312463
hs13 30769230 32051281 0.551764
hs13 32051282 33333332 0.364311
hs13 33333333 34615383 0.238933
hs13 34615384 35897434 1.207033
hs13 35897435 37179486 0.264637
hs13 37179487 38461537 0.311397
hs13 38461538 39743588 0.341541
hs13 39743589 41025640 0.530892
hs13 41025641 42307691 0.531692
hs13 42307692 43589742 0.647215
hs13 43589743 44871793 0.380854
hs13 44871794 46153845 0.484742
hs13 46153846 47435896 0.142015
hs13 47435897 48717947 0.459996
hs13 48717948 49999999 0.522881
hs13 50000000 51282050 0.506292
hs13 51282051 52564101 0.446544
hs13 52564102 53846152 0.000061
hs13 53846153 55128204 0.000000
hs13 55128205 56410255 0.000000
hs13 56410256 57692306 0.134825
hs13 57692307 58974357 0.000000
hs13 58974358 60256409 0.527140
hs13 60256410 61538460 0.004554
hs13 61538461 62820511 0.000000
hs13 62820512 64102563 0.004005
hs13 64102564 65384614 0.000000
hs13 65384615 66666665 0.695525
hs13 66666666 67948716 0.027927
hs13 67948717 69230768 0.223539
hs13 69230769 70512819 0.298272
hs13 70512820 71794870 0.334803
hs13 71794871 73076922 0.293434
hs13 73076923 74358973 0.349377
hs13 74358974 75641024 0.396470
hs13 75641025 76923075 0.251005
hs13 76923076 78205127 0.237830
hs13 78205128 79487178 0.439798
hs13 79487179 80769229 0.003881
hs13 80769230 82051281 0.000000
hs13 82051282 83333332 0.000000
hs13 83333333 84615383 0.327867
hs13 84615384 85897434 0.005119
hs13 85897435 87179486 0.005462
hs13 87179487 88461537 0.000000
hs13 88461538 89743588 0.000076
hs13 89743589 91025640 0.171277
hs13 91025641 92307691 1.000000
hs13 92307692 93589742 0.719519
hs13 93589743 94871793 0.501376
hs13 94871794 96153845 0.932222
hs13 96153846 97435896 0.298076
hs13 97435897 98717947 0.707034
hs13 98717948 99999999 0.734537
hs13 100000000 101282050 0.630533
hs13 101282051 102564101 0.643257
hs13 102564102 103846152 0.000000
hs13 103846153 105128204 0.019632
hs13 105128205 106410255 0.054676
hs13 106410256 107692306 0.565773
hs13 107692307 108974357 0.506413
hs13 108974358 110256409 0.415525
hs13 110256410 111538460 0.200377
hs13 111538461 112820511 0.423078
hs13 112820512 114102563 0.582259
hs13 114102564 115384614 0.006506
hs18 0 1282050 0.414238
hs18 1282051 2564101 0.081229
hs18 2564102 3846152 0.734909
hs18 3846153 5128204 0.018707
hs18 5128205 6410255 0.533557
hs18 6410256 7692306 0.306587
hs18 7692307 8974357 0.667770
hs18 8974358 10256409 0.453207
hs18 10256410 11538460 0.420798
hs18 11538461 12820511 0.542000
hs18 12820512 14102563 0.650148
hs18 14102564 15384614 0.151715
hs18 15384615 16666665 0.000000
hs18 16666666 17948716 0.558187
hs18 17948717 19230768 0.278449
hs18 19230769 20512819 0.725954
hs18 20512820 21794870 0.226456
hs18 21794871 23076922 0.666622
hs18 23076923 24358973 0.176683
hs18 24358974 25641024 0.000000
hs18 25641025 26923075 0.059217
hs18 26923076 28205127 0.482382
hs18 28205128 29487178 0.608864
hs18 29487179 30769229 0.674824
hs18 30769230 32051281 0.415057
hs18 32051282 33333332 0.951120
hs18 33333333 34615383 0.051999
hs18 34615384 35897434 0.425157
hs18 35897435 37179486 0.000000
hs18 37179487 38461537 0.129929
hs18 38461538 39743588 0.298137
hs18 39743589 41025640 0.302904
hs18 41025641 42307691 0.456933
hs18 42307692 43589742 0.422302
hs18 43589743 44871793 0.401263
hs18 44871794 46153845 0.679704
hs18 46153846 47435896 0.304139
hs18 47435897 48717947 0.465979
hs18 48717948 49999999 0.517727
hs18 50000000 51282050 0.355962
hs18 51282051 52564101 0.199029
hs18 52564102 53846152 0.451767
hs18 53846153 55128204 0.604738
hs18 55128205 56410255 0.243649
hs18 56410256 57692306 0.096420
hs18 57692307 58974357 0.542536
hs18 58974358 60256409 0.397340
hs18 60256410 61538460 0.000000
hs18 61538461 62820511 0.179857
hs18 62820512 64102563 0.007917
hs18 64102564 65384614 0.426441
hs18 65384615 66666665 0.483560
hs18 66666666 67948716 0.000000
hs18 67948717 69230768 0.099711
hs18 69230769 70512819 0.244343
hs18 70512820 71794870 0.392135
hs18 71794871 73076922 0.366001
hs18 73076923 74358973 0.015670
hs18 74358974 75641024 0.417353
hs18 75641025 76923075 0.215053
hs3 0 1282050 0.300200
hs3 1282051 2564101 0.456366
hs3 2564102 3846152 0.494075
hs3 3846153 5128204 0.390776
hs3 5128205 6410255 0.070953
hs3 6410256 7692306 0.635315
hs3 7692307 8974357 0.436717
hs3 8974358 10256409 0.723593
hs3 10256410 11538460 0.627062
hs3 11538461 12820511 0.613014
hs3 12820512 14102563 0.560968
hs3 14102564 15384614 0.604963
hs3 15384615 16666665 0.547685
hs3 16666666 17948716 0.617163
hs3 17948717 19230768 0.122255
hs3 19230769 20512819 0.457461
hs3 20512820 21794870 0.258404
hs3 21794871 23076922 0.000000
hs3 23076923 24358973 0.597096
hs3 24358974 25641024 0.271876
hs3 25641025 26923075 0.158569
hs3 26923076 28205127 0.190125
hs3 28205128 29487178 0.334569
hs3 29487179 30769229 0.510033
hs3 30769230 32051281 0.449184
hs3 32051282 33333332 0.576525
hs3 33333333 34615383 0.324278
hs3 34615384 35897434 0.118736
hs3 35897435 37179486 0.380940
hs3 37179487 38461537 0.767831
hs3 38461538 39743588 0.456057
hs3 39743589 41025640 0.420588
hs3 41025641 42307691 0.701564
hs3 42307692 43589742 0.549290
hs3 43589743 44871793 0.372997
hs3 44871794 46153845 0.534477
hs3 46153846 47435896 0.546090
hs3 47435897 48717947 0.724189
hs3 48717948 49999999 0.800910
hs3 50000000 51282050 0.842770
hs3 51282051 52564101 0.643773
hs3 52564102 53846152 0.826527
hs3 53846153 55128204 0.795427
hs3 55128205 56410255 0.715049
hs3 56410256 57692306 0.788893
hs3 57692307 58974357 0.692422
hs3 58974358 60256409 0.454532
hs3 60256410 61538460 0.758116
hs3 61538461 62820511 0.934134
hs3 62820512 64102563 0.505688
hs3 64102564 65384614 0.253745
hs3 65384615 66666665 0.900335
hs3 66666666 67948716 0.239507
hs3 67948717 69230768 0.665079
hs3 69230769 70512819 0.365087
hs3 70512820 71794870 0.490251
hs3 71794871 73076922 0.248207
hs3 73076923 74358973 0.267750
hs3 74358974 75641024 0.212305
hs3 75641025 76923075 0.039941
hs3 76923076 78205127 0.473749
hs3 78205128 79487178 0.591320
hs3 79487179 80769229 0.321805
hs3 80769230 82051281 0.212240
hs3 82051282 83333332 0.000000
hs3 83333333 84615383 0.000000
hs3 84615384 85897434 0.629158
hs3 85897435 87179486 0.282336
hs3 87179487 88461537 0.060264
hs3 88461538 89743588 0.292197
hs3 89743589 91025640 0.000000
hs3 91025641 92307691 0.000000
hs3 92307692 93589742 0.000000
hs3 93589743 94871793 0.000000
hs3 94871794 96153845 0.213375
hs3 96153846 97435896 0.030430
hs3 97435897 98717947 0.547431
hs3 98717948 99999999 0.397617
hs3 100000000 101282050 0.601371
hs3 101282051 102564101 0.706515
hs3 102564102 103846152 0.342452
hs3 103846153 105128204 0.000000
hs3 105128205 106410255 0.000000
hs3 106410256 107692306 0.328234
hs3 107692307 108974357 0.365272
hs3 108974358 110256409 0.605690
hs3 110256410 111538460 0.147976
hs3 111538461 112820511 0.110383
hs3 112820512 114102563 0.703200
hs3 114102564 115384614 0.715814
hs3 115384615 116666665 0.646251
hs3 116666666 117948716 0.583918
hs3 117948717 119230768 0.000000
hs3 119230769 120512819 0.256137
hs3 120512820 121794870 0.648424
hs3 121794871 123076922 0.833961
hs3 123076923 124358973 0.732852
hs3 124358974 125641024 0.794451
hs3 125641025 126923075 0.752357
hs3 126923076 128205127 0.564229
hs3 128205128 129487178 0.405767
hs3 129487179 130769229 0.503560
hs3 130769230 132051281 0.548850
hs3 132051282 133333332 0.788032
hs3 133333333 134615383 0.678791
hs3 134615384 135897434 0.500655
hs3 135897435 137179486 0.372402
hs3 137179487 138461537 0.693383
hs3 138461538 139743588 0.342975
hs3 139743589 141025640 0.333833
hs3 141025641 142307691 0.583743
hs3 142307692 143589742 0.630139
hs3 143589743 144871793 0.726155
hs3 144871794 146153845 0.155096
hs3 146153846 147435896 0.105409
hs3 147435897 148717947 0.121950
hs3 148717948 149999999 0.035205
hs3 150000000 151282050 0.536697
hs3 151282051 152564101 0.579363
hs3 152564102 153846152 0.299600
hs3 153846153 155128204 0.021488
hs3 155128205 156410255 0.297518
hs3 156410256 157692306 0.571940
hs3 157692307 158974357 0.499713
hs3 158974358 160256409 0.466159
hs3 160256410 161538460 0.710364
hs3 161538461 162820511 0.452291
hs3 162820512 164102563 0.000000
hs3 164102564 165384614 0.000000
hs3 165384615 166666665 0.085458
hs3 166666666 167948716 0.050359
hs3 167948717 169230768 0.396410
hs3 169230769 170512819 0.682767
hs3 170512820 171794870 0.719284
hs3 171794871 173076922 0.530299
hs3 173076923 174358973 0.611128
hs3 174358974 175641024 0.690202
hs3 175641025 176923075 0.673352
hs3 176923076 178205127 0.064777
hs3 178205128 179487178 0.137676
hs3 179487179 180769229 0.463910
hs3 180769230 182051281 0.392160
hs3 182051282 183333332 0.159034
hs3 183333333 184615383 0.427391
hs3 184615384 185897434 0.498382
hs3 185897435 187179486 0.631142
hs3 187179487 188461537 0.498156
hs3 188461538 189743588 0.355517
hs3 189743589 191025640 0.540389
hs3 191025641 192307691 0.353629
hs3 192307692 193589742 0.326211
hs3 193589743 194871793 0.644508
hs3 194871794 196153845 0.170013
hs3 196153846 197435896 0.513767
hs3 197435897 198717947 0.607725
hs3 198717948 199999999 0.376557
hs9 0 1282050 0.565863
hs9 1282051 2564101 0.169050
hs9 2564102 3846152 0.363901
hs9 3846153 5128204 0.688895
hs9 5128205 6410255 0.413292
hs9 6410256 7692306 0.510753
hs9 7692307 8974357 0.525269
hs9 8974358 10256409 1.000001
hs9 10256410 11538460 0.270125
hs9 11538461 12820511 0.050646
hs9 12820512 14102563 0.136798
hs9 14102564 15384614 0.488300
hs9 15384615 16666665 0.601969
hs9 16666666 17948716 0.609313
hs9 17948717 19230768 0.472290
hs9 19230769 20512819 0.452209
hs9 20512820 21794870 0.460298
hs9 21794871 23076922 0.176908
hs9 23076923 24358973 0.106049
hs9 24358974 25641024 0.000000
hs9 25641025 26923075 0.065772
hs9 26923076 28205127 0.635069
hs9 28205128 29487178 0.393380
hs9 29487179 30769229 0.000000
hs9 30769230 32051281 0.000000
hs9 32051282 33333332 0.413220
hs9 33333333 34615383 0.732341
hs9 34615384 35897434 0.530151
hs9 35897435 37179486 0.497787
hs9 37179487 38461537 0.539567
hs9 38461538 39743588 0.236601
hs9 39743589 41025640 0.041831
hs9 41025641 42307691 0.087792
hs9 42307692 43589742 0.184896
hs9 43589743 44871793 0.047524
hs9 44871794 46153845 0.001959
hs9 46153846 47435896 0.047422
hs9 47435897 48717947 0.000000
hs9 48717948 49999999 0.000000
hs9 50000000 51282050 0.000000
hs9 51282051 52564101 0.000000
hs9 52564102 53846152 0.000000
hs9 53846153 55128204 0.000000
hs9 55128205 56410255 0.000000
hs9 56410256 57692306 0.000000
hs9 57692307 58974357 0.000000
hs9 58974358 60256409 0.000000
hs9 60256410 61538460 0.000000
hs9 61538461 62820511 0.000000
hs9 62820512 64102563 0.000000
hs9 64102564 65384614 0.020845
hs9 65384615 66666665 0.008924
hs9 66666666 67948716 0.097588
hs9 67948717 69230768 0.149716
hs9 69230769 70512819 0.289119
hs9 70512820 71794870 0.743663
hs9 71794871 73076922 0.698903
hs9 73076923 74358973 0.276579
hs9 74358974 75641024 0.275360
hs9 75641025 76923075 0.361990
hs9 76923076 78205127 0.266833
hs9 78205128 79487178 0.664029
hs9 79487179 80769229 0.292460
hs9 80769230 82051281 0.120728
hs9 82051282 83333332 0.000000
hs9 83333333 84615383 0.102290
hs9 84615384 85897434 0.513830
hs9 85897435 87179486 0.347384
hs9 87179487 88461537 0.393642
hs9 88461538 89743588 0.227906
hs9 89743589 91025640 0.260908
hs9 91025641 92307691 0.192726
hs9 92307692 93589742 0.279081
hs9 93589743 94871793 0.812281
hs9 94871794 96153845 0.445136
hs9 96153846 97435896 0.633371
hs9 97435897 98717947 0.440510
hs9 98717948 99999999 0.578909
hs9 100000000 101282050 0.604183
hs9 101282051 102564101 0.486363
hs9 102564102 103846152 0.445095
hs9 103846153 105128204 0.018080
hs9 105128205 106410255 0.041344
hs9 106410256 107692306 0.457806
hs9 107692307 108974357 0.115768
hs9 108974358 110256409 0.041998
hs9 110256410 111538460 0.506194
hs9 111538461 112820511 0.996798
hs9 112820512 114102563 0.520758
hs9 114102564 115384614 0.681953
hs9 115384615 116666665 0.475539
hs9 116666666 117948716 0.329935
hs9 117948717 119230768 0.976937
hs9 119230769 120512819 0.010379
hs9 120512820 121794870 0.158210
hs9 121794871 123076922 0.506161
hs9 123076923 124358973 0.938429
hs9 124358974 125641024 0.696733
hs9 125641025 126923075 0.680253
hs9 126923076 128205127 0.604771
hs9 128205128 129487178 0.745668
hs9 129487179 130769229 0.720004
hs9 130769230 132051281 0.500174
hs9 132051282 133333332 0.509199
hs9 133333333 134615383 0.731809
hs9 134615384 135897434 0.687850
hs9 135897435 137179486 0.333622
hs9 137179487 138461537 0.407619
hs9 138461538 139743588 0.683352
hs9 139743589 141025640 0.320075
hs15 0 1282050 0.000000
hs15 1282051 2564101 0.000000
hs15 2564102 3846152 0.000000
hs15 3846153 5128204 0.000000
hs15 5128205 6410255 0.000000
hs15 6410256 7692306 0.000000
hs15 7692307 8974357 0.000000
hs15 8974358 10256409 0.000000
hs15 10256410 11538460 0.000000
hs15 11538461 12820511 0.000000
hs15 12820512 14102563 0.000000
hs15 14102564 15384614 0.000000
hs15 15384615 16666665 0.000000
hs15 16666666 17948716 0.000000
hs15 17948717 19230768 0.092266
hs15 19230769 20512819 0.214445
hs15 20512820 21794870 0.204304
hs15 21794871 23076922 0.211789
hs15 23076923 24358973 0.238222
hs15 24358974 25641024 0.762829
hs15 25641025 26923075 0.490124
hs15 26923076 28205127 0.653047
hs15 28205128 29487178 0.297235
hs15 29487179 30769229 0.343069
hs15 30769230 32051281 0.772166
hs15 32051282 33333332 0.495621
hs15 33333333 34615383 0.136684
hs15 34615384 35897434 0.376278
hs15 35897435 37179486 0.180534
hs15 37179487 38461537 0.483381
hs15 38461538 39743588 0.607917
hs15 39743589 41025640 0.850946
hs15 41025641 42307691 0.812692
hs15 42307692 43589742 0.528025
hs15 43589743 44871793 0.330755
hs15 44871794 46153845 0.173027
hs15 46153846 47435896 0.721019
hs15 47435897 48717947 0.767660
hs15 48717948 49999999 0.656960
hs15 50000000 51282050 0.492674
hs15 51282051 52564101 0.559754
hs15 52564102 53846152 0.468476
hs15 53846153 55128204 0.547665
hs15 55128205 56410255 0.559964
hs15 56410256 57692306 0.692278
hs15 57692307 58974357 0.446108
hs15 58974358 60256409 0.427584
hs15 60256410 61538460 0.333106
hs15 61538461 62820511 0.793825
hs15 62820512 64102563 0.675262
hs15 64102564 65384614 0.611664
hs15 65384615 66666665 0.623494
hs15 66666666 67948716 0.482560
hs15 67948717 69230768 0.284773
hs15 69230769 70512819 0.889063
hs15 70512820 71794870 0.579342
hs15 71794871 73076922 0.476472
hs15 73076923 74358973 0.600991
hs15 74358974 75641024 0.705412
hs15 75641025 76923075 0.397090
hs15 76923076 78205127 0.313301
hs15 78205128 79487178 0.525228
hs15 79487179 80769229 0.283638
hs15 80769230 82051281 0.674886
hs15 82051282 83333332 0.607377
hs15 83333333 84615383 0.533220
hs15 84615384 85897434 0.591165
hs15 85897435 87179486 0.386267
hs15 87179487 88461537 0.561788
hs15 88461538 89743588 0.580640
hs15 89743589 91025640 0.363318
hs15 91025641 92307691 0.135327
hs15 92307692 93589742 0.144887
hs15 93589743 94871793 0.069527
hs15 94871794 96153845 0.053949
hs15 96153846 97435896 0.397600
hs15 97435897 98717947 0.646419
hs15 98717948 99999999 0.543706
hs15 100000000 101282050 0.081246
hs5 0 1282050 0.519595
hs5 1282051 2564101 0.219806
hs5 2564102 3846152 0.010992
hs5 3846153 5128204 0.027798
hs5 5128205 6410255 0.213998
hs5 6410256 7692306 0.321589
hs5 7692307 8974357 0.196956
hs5 8974358 10256409 0.604541
hs5 10256410 11538460 0.674005
hs5 11538461 12820511 0.476731
hs5 12820512 14102563 0.227712
hs5 14102564 15384614 0.469613
hs5 15384615 16666665 0.551312
hs5 16666666 17948716 0.331044
hs5 17948717 19230768 0.000000
hs5 19230769 20512819 0.401854
hs5 20512820 21794870 0.107666
hs5 21794871 23076922 0.861540
hs5 23076923 24358973 0.016368
hs5 24358974 25641024 0.123008
hs5 25641025 26923075 0.005157
hs5 26923076 28205127 0.118069
hs5 28205128 29487178 0.000000
hs5 29487179 30769229 0.000000
hs5 30769230 32051281 0.391883
hs5 32051282 33333332 0.326478
hs5 33333333 34615383 0.375351
hs5 34615384 35897434 0.555972
hs5 35897435 37179486 0.484500
hs5 37179487 38461537 0.584768
hs5 38461538 39743588 0.495032
hs5 39743589 41025640 0.147071
hs5 41025641 42307691 0.444990
hs5 42307692 43589742 0.509659
hs5 43589743 44871793 0.153422
hs5 44871794 46153845 0.340759
hs5 46153846 47435896 0.000000
hs5 47435897 48717947 0.000000
hs5 48717948 49999999 0.037217
hs5 50000000 51282050 0.147982
hs5 51282051 52564101 0.231809
hs5 52564102 53846152 0.432643
hs5 53846153 55128204 0.432471
hs5 55128205 56410255 0.314970
hs5 56410256 57692306 0.072951
hs5 57692307 58974357 0.743470
hs5 58974358 60256409 0.898566
hs5 60256410 61538460 0.402136
hs5 61538461 62820511 0.246585
hs5 62820512 64102563 0.307652
hs5 64102564 65384614 0.793393
hs5 65384615 66666665 0.508861
hs5 66666666 67948716 0.058647
hs5 67948717 69230768 0.824830
hs5 69230769 70512819 1.137401
hs5 70512820 71794870 0.357020
hs5 71794871 73076922 0.349339
hs5 73076923 74358973 0.305509
hs5 74358974 75641024 0.542159
hs5 75641025 76923075 0.653248
hs5 76923076 78205127 0.598831
hs5 78205128 79487178 0.583738
hs5 79487179 80769229 0.692543
hs5 80769230 82051281 0.479738
hs5 82051282 83333332 0.432095
hs5 83333333 84615383 0.298767
hs5 84615384 85897434 0.011780
hs5 85897435 87179486 0.113210
hs5 87179487 88461537 0.314783
hs5 88461538 89743588 0.012539
hs5 89743589 91025640 0.569877
hs5 91025641 92307691 0.000000
hs5 92307692 93589742 0.589274
hs5 93589743 94871793 0.897454
hs5 94871794 96153845 0.372192
hs5 96153846 97435896 0.176842
hs5 97435897 98717947 0.076854
hs5 98717948 99999999 0.046853
hs5 100000000 101282050 0.075152
hs5 101282051 102564101 0.358801
hs5 102564102 103846152 0.028520
hs5 103846153 105128204 0.000487
hs5 105128205 106410255 0.000000
hs5 106410256 107692306 0.595668
hs5 107692307 108974357 0.443439
hs5 108974358 110256409 0.536238
hs5 110256410 111538460 0.453537
hs5 111538461 112820511 0.716556
hs5 112820512 114102563 0.193201
hs5 114102564 115384614 0.313583
hs5 115384615 116666665 0.269988
hs5 116666666 117948716 0.000000
hs5 117948717 119230768 0.430115
hs5 119230769 120512819 0.173899
hs5 120512820 121794870 0.176193
hs5 121794871 123076922 0.426859
hs5 123076923 124358973 0.084394
hs5 124358974 125641024 0.000000
hs5 125641025 126923075 0.528073
hs5 126923076 128205127 0.356593
hs5 128205128 129487178 0.455862
hs5 129487179 130769229 0.182809
hs5 130769230 132051281 0.560641
hs5 132051282 133333332 0.544653
hs5 133333333 134615383 0.483558
hs5 134615384 135897434 0.318947
hs5 135897435 137179486 0.511079
hs5 137179487 138461537 0.659375
hs5 138461538 139743588 0.602611
hs5 139743589 141025640 4.390984
hs5 141025641 142307691 0.353455
hs5 142307692 143589742 0.404729
hs5 143589743 144871793 0.192968
hs5 144871794 146153845 0.517338
hs5 146153846 147435896 0.567540
hs5 147435897 148717947 0.505179
hs5 148717948 149999999 0.637344
hs5 150000000 151282050 0.520738
hs5 151282051 152564101 0.012698
hs5 152564102 153846152 0.497418
hs5 153846153 155128204 0.186101
hs5 155128205 156410255 0.397061
hs5 156410256 157692306 0.382716
hs5 157692307 158974357 0.398314
hs5 158974358 160256409 0.549097
hs5 160256410 161538460 0.330840
hs5 161538461 162820511 0.011251
hs5 162820512 164102563 0.036750
hs5 164102564 165384614 0.000000
hs5 165384615 166666665 0.017352
hs5 166666666 167948716 0.932353
hs5 167948717 169230768 0.700304
hs5 169230769 170512819 0.864267
hs5 170512820 171794870 0.535958
hs5 171794871 173076922 0.306691
hs5 173076923 174358973 0.123829
hs5 174358974 175641024 0.197209
hs5 175641025 176923075 0.689414
hs5 176923076 178205127 0.509591
hs5 178205128 179487178 0.602423
hs5 179487179 180769229 0.398170
hsY 0 1282050 0.095385
hsY 1282051 2564101 0.486834
hsY 2564102 3846152 0.131557
hsY 3846153 5128204 0.155952
hsY 5128205 6410255 0.517342
hsY 6410256 7692306 0.232890
hsY 7692307 8974357 0.032093
hsY 8974358 10256409 0.704492
hsY 10256410 11538460 0.005286
hsY 11538461 12820511 0.000000
hsY 12820512 14102563 0.353811
hsY 14102564 15384614 0.191998
hsY 15384615 16666665 0.062890
hsY 16666666 17948716 0.000000
hsY 17948717 19230768 0.154188
hsY 19230769 20512819 0.283846
hsY 20512820 21794870 0.074848
hsY 21794871 23076922 0.378674
hsY 23076923 24358973 0.329075
hsY 24358974 25641024 0.423910
hsY 25641025 26923075 0.028155
hsY 26923076 28205127 0.000000
hsY 28205128 29487178 0.000000
hsY 29487179 30769229 0.000000
hsY 30769230 32051281 0.000000
hsY 32051282 33333332 0.000000
hsY 33333333 34615383 0.000000
hsY 34615384 35897434 0.000000
hsY 35897435 37179486 0.000000
hsY 37179487 38461537 0.000000
hsY 38461538 39743588 0.000000
hsY 39743589 41025640 0.000000
hsY 41025641 42307691 0.000000
hsY 42307692 43589742 0.000000
hsY 43589743 44871793 0.000000
hsY 44871794 46153845 0.000000
hsY 46153846 47435896 0.000000
hsY 47435897 48717947 0.000000
hsY 48717948 49999999 0.000000
hsY 50000000 51282050 0.000000
hsY 51282051 52564101 0.000000
hsY 52564102 53846152 0.000000
hsY 53846153 55128204 0.000000
hsY 55128205 56410255 0.000000
hsY 56410256 57692306 0.060184
hsY 57692307 58974357 0.010326
hs1 0 1282050 0.278274
hs1 1282051 2564101 0.748394
hs1 2564102 3846152 0.611987
hs1 3846153 5128204 0.110279
hs1 5128205 6410255 0.373407
hs1 6410256 7692306 0.923727
hs1 7692307 8974357 0.567696
hs1 8974358 10256409 0.627134
hs1 10256410 11538460 0.643478
hs1 11538461 12820511 0.592648
hs1 12820512 14102563 0.264581
hs1 14102564 15384614 0.462528
hs1 15384615 16666665 0.703150
hs1 16666666 17948716 0.511071
hs1 17948717 19230768 0.443739
hs1 19230769 20512819 0.518601
hs1 20512820 21794870 0.653112
hs1 21794871 23076922 0.548872
hs1 23076923 24358973 0.474521
hs1 24358974 25641024 0.487219
hs1 25641025 26923075 0.559958
hs1 26923076 28205127 0.583225
hs1 28205128 29487178 0.739759
hs1 29487179 30769229 0.030205
hs1 30769230 32051281 0.437035
hs1 32051282 33333332 0.564082
hs1 33333333 34615383 0.694251
hs1 34615384 35897434 0.392200
hs1 35897435 37179486 0.512673
hs1 37179487 38461537 0.381078
hs1 38461538 39743588 0.424141
hs1 39743589 41025640 0.523711
hs1 41025641 42307691 0.562883
hs1 42307692 43589742 0.474092
hs1 43589743 44871793 0.708757
hs1 44871794 46153845 0.769877
hs1 46153846 47435896 0.551950
hs1 47435897 48717947 0.321319
hs1 48717948 49999999 0.996759
hs1 50000000 51282050 0.738609
hs1 51282051 52564101 0.704012
hs1 52564102 53846152 0.675111
hs1 53846153 55128204 0.714125
hs1 55128205 56410255 0.152619
hs1 56410256 57692306 0.633470
hs1 57692307 58974357 0.705730
hs1 58974358 60256409 0.473222
hs1 60256410 61538460 0.217256
hs1 61538461 62820511 0.680326
hs1 62820512 64102563 0.435221
hs1 64102564 65384614 0.623246
hs1 65384615 66666665 0.815499
hs1 66666666 67948716 0.566264
hs1 67948717 69230768 0.238799
hs1 69230769 70512819 0.379905
hs1 70512820 71794870 0.381167
hs1 71794871 73076922 0.566276
hs1 73076923 74358973 0.073854
hs1 74358974 75641024 0.650241
hs1 75641025 76923075 0.735484
hs1 76923076 78205127 0.748845
hs1 78205128 79487178 0.360928
hs1 79487179 80769229 0.000000
hs1 80769230 82051281 0.009838
hs1 82051282 83333332 0.139943
hs1 83333333 84615383 0.276748
hs1 84615384 85897434 0.615545
hs1 85897435 87179486 0.598145
hs1 87179487 88461537 0.178366
hs1 88461538 89743588 0.333047
hs1 89743589 91025640 0.245878
hs1 91025641 92307691 0.459510
hs1 92307692 93589742 0.682468
hs1 93589743 94871793 0.452092
hs1 94871794 96153845 0.225188
hs1 96153846 97435896 0.166480
hs1 97435897 98717947 0.564259
hs1 98717948 99999999 0.281253
hs1 100000000 101282050 0.544081
hs1 101282051 102564101 0.173294
hs1 102564102 103846152 0.184875
hs1 103846153 105128204 0.131593
hs1 105128205 106410255 0.270418
hs1 106410256 107692306 0.164422
hs1 107692307 108974357 0.549081
hs1 108974358 110256409 0.619693
hs1 110256410 111538460 0.273324
hs1 111538461 112820511 0.480971
hs1 112820512 114102563 0.539159
hs1 114102564 115384614 0.549974
hs1 115384615 116666665 0.265731
hs1 116666666 117948716 0.480535
hs1 117948717 119230768 0.276453
hs1 119230769 120512819 0.409098
hs1 120512820 121794870 0.068096
hs1 121794871 123076922 0.000000
hs1 123076923 124358973 0.000000
hs1 124358974 125641024 0.000000
hs1 125641025 126923075 0.000000
hs1 126923076 128205127 0.000000
hs1 128205128 129487178 0.000000
hs1 129487179 130769229 0.000000
hs1 130769230 132051281 0.000000
hs1 132051282 133333332 0.000000
hs1 133333333 134615383 0.000000
hs1 134615384 135897434 0.000000
hs1 135897435 137179486 0.000000
hs1 137179487 138461537 0.000000
hs1 138461538 139743588 0.000000
hs1 139743589 141025640 0.000000
hs1 141025641 142307691 0.000000
hs1 142307692 143589742 0.349043
hs1 143589743 144871793 0.649339
hs1 144871794 146153845 0.361436
hs1 146153846 147435896 0.140128
hs1 147435897 148717947 0.388605
hs1 148717948 149999999 0.648758
hs1 150000000 151282050 0.188109
hs1 151282051 152564101 0.502213
hs1 152564102 153846152 0.698404
hs1 153846153 155128204 0.677336
hs1 155128205 156410255 0.331360
hs1 156410256 157692306 0.225260
hs1 157692307 158974357 0.436905
hs1 158974358 160256409 0.534730
hs1 160256410 161538460 0.512173
hs1 161538461 162820511 0.045957
hs1 162820512 164102563 0.573754
hs1 164102564 165384614 0.277662
hs1 165384615 166666665 0.648886
hs1 166666666 167948716 0.413331
hs1 167948717 169230768 0.356606
hs1 169230769 170512819 0.651178
hs1 170512820 171794870 0.293619
hs1 171794871 173076922 0.793937
hs1 173076923 174358973 0.666685
hs1 174358974 175641024 0.685245
hs1 175641025 176923075 0.347567
hs1 176923076 178205127 0.737907
hs1 178205128 179487178 0.636290
hs1 179487179 180769229 0.328771
hs1 180769230 182051281 0.683954
hs1 182051282 183333332 0.608045
hs1 183333333 184615383 0.578627
hs1 184615384 185897434 0.178504
hs1 185897435 187179486 0.000000
hs1 187179487 188461537 0.099933
hs1 188461538 189743588 0.196439
hs1 189743589 191025640 0.082727
hs1 191025641 192307691 0.179154
hs1 192307692 193589742 0.000000
hs1 193589743 194871793 0.298419
hs1 194871794 196153845 0.646374
hs1 196153846 197435896 0.244801
hs1 197435897 198717947 0.120525
hs1 198717948 199999999 0.527126
hs1 200000000 201282050 0.751436
hs1 201282051 202564101 0.446300
hs1 202564102 203846152 0.580666
hs1 203846153 205128204 0.479471
hs1 205128205 206410255 0.529093
hs1 206410256 207692306 0.060738
hs1 207692307 208974357 0.652929
hs1 208974358 210256409 0.585173
hs1 210256410 211538460 0.573531
hs1 211538461 212820511 0.239307
hs1 212820512 214102563 0.604509
hs1 214102564 215384614 0.932341
hs1 215384615 216666665 0.444381
hs1 216666666 217948716 0.044409
hs1 217948717 219230768 0.405063
hs1 219230769 220512819 0.036712
hs1 220512820 221794870 0.355444
hs1 221794871 223076922 0.482962
hs1 223076923 224358973 0.620752
hs1 224358974 225641024 0.573550
hs1 225641025 226923075 0.416738
hs1 226923076 228205127 0.192783
hs1 228205128 229487178 0.507122
hs1 229487179 230769229 0.911879
hs1 230769230 232051281 0.359407
hs1 232051282 233333332 0.407939
hs1 233333333 234615383 0.700194
hs1 234615384 235897434 0.770025
hs1 235897435 237179486 0.192255
hs1 237179487 238461537 0.327660
hs1 238461538 239743588 0.751836
hs1 239743589 241025640 0.588586
hs1 241025641 242307691 0.609748
hs1 242307692 243589742 0.550288
hs1 243589743 244871793 0.937985
hs1 244871794 246153845 0.303313
hs1 246153846 247435896 0.186940
hs19 0 1282050 0.545303
hs19 1282051 2564101 0.654383
hs19 2564102 3846152 0.701675
hs19 3846153 5128204 0.679743
hs19 5128205 6410255 0.603672
hs19 6410256 7692306 0.561924
hs19 7692307 8974357 0.529625
hs19 8974358 10256409 0.460619
hs19 10256410 11538460 0.758062
hs19 11538461 12820511 0.475434
hs19 12820512 14102563 0.636286
hs19 14102564 15384614 0.455397
hs19 15384615 16666665 0.524053
hs19 16666666 17948716 0.736687
hs19 17948717 19230768 0.754521
hs19 19230769 20512819 0.493330
hs19 20512820 21794870 0.324108
hs19 21794871 23076922 0.152612
hs19 23076923 24358973 0.156642
hs19 24358974 25641024 0.000000
hs19 25641025 26923075 0.000000
hs19 26923076 28205127 0.000000
hs19 28205128 29487178 0.000000
hs19 29487179 30769229 0.000000
hs19 30769230 32051281 0.000000
hs19 32051282 33333332 0.002689
hs19 33333333 34615383 0.007791
hs19 34615384 35897434 0.270347
hs19 35897435 37179486 0.058398
hs19 37179487 38461537 0.507288
hs19 38461538 39743588 0.466026
hs19 39743589 41025640 0.386124
hs19 41025641 42307691 0.520236
hs19 42307692 43589742 0.700565
hs19 43589743 44871793 0.569316
hs19 44871794 46153845 0.574737
hs19 46153846 47435896 0.465213
hs19 47435897 48717947 0.349653
hs19 48717948 49999999 0.515615
hs19 50000000 51282050 0.613511
hs19 51282051 52564101 0.447123
hs19 52564102 53846152 0.684727
hs19 53846153 55128204 0.735602
hs19 55128205 56410255 0.521453
hs19 56410256 57692306 0.517310
hs19 57692307 58974357 0.503769
hs19 58974358 60256409 0.569848
hs19 60256410 61538460 0.574881
hs19 61538461 62820511 0.416730
hs19 62820512 64102563 0.406052
hs2 0 1282050 0.336051
hs2 1282051 2564101 0.671018
hs2 2564102 3846152 0.330147
hs2 3846153 5128204 0.000000
hs2 5128205 6410255 0.048757
hs2 6410256 7692306 0.128578
hs2 7692307 8974357 0.176154
hs2 8974358 10256409 0.564185
hs2 10256410 11538460 0.453989
hs2 11538461 12820511 0.177338
hs2 12820512 14102563 0.000000
hs2 14102564 15384614 0.130643
hs2 15384615 16666665 0.276492
hs2 16666666 17948716 0.245641
hs2 17948717 19230768 0.048099
hs2 19230769 20512819 0.185592
hs2 20512820 21794870 0.170654
hs2 21794871 23076922 0.000000
hs2 23076923 24358973 0.604378
hs2 24358974 25641024 0.658355
hs2 25641025 26923075 0.709672
hs2 26923076 28205127 0.770545
hs2 28205128 29487178 0.713453
hs2 29487179 30769229 0.584909
hs2 30769230 32051281 0.494115
hs2 32051282 33333332 0.910162
hs2 33333333 34615383 0.226915
hs2 34615384 35897434 0.000000
hs2 35897435 37179486 0.462185
hs2 37179487 38461537 0.410397
hs2 38461538 39743588 0.499297
hs2 39743589 41025640 0.386860
hs2 41025641 42307691 0.053201
hs2 42307692 43589742 0.483900
hs2 43589743 44871793 0.777241
hs2 44871794 46153845 0.508805
hs2 46153846 47435896 0.513430
hs2 47435897 48717947 0.402151
hs2 48717948 49999999 0.312262
hs2 50000000 51282050 0.868280
hs2 51282051 52564101 0.000000
hs2 52564102 53846152 0.148766
hs2 53846153 55128204 0.804568
hs2 55128205 56410255 0.461814
hs2 56410256 57692306 0.044115
hs2 57692307 58974357 0.152464
hs2 58974358 60256409 0.000000
hs2 60256410 61538460 0.523483
hs2 61538461 62820511 0.354397
hs2 62820512 64102563 0.765309
hs2 64102564 65384614 0.236383
hs2 65384615 66666665 0.202047
hs2 66666666 67948716 0.010213
hs2 67948717 69230768 0.455968
hs2 69230769 70512819 0.541932
hs2 70512820 71794870 0.592644
hs2 71794871 73076922 0.578589
hs2 73076923 74358973 0.603270
hs2 74358974 75641024 0.477609
hs2 75641025 76923075 0.130844
hs2 76923076 78205127 0.530444
hs2 78205128 79487178 0.011269
hs2 79487179 80769229 0.887965
hs2 80769230 82051281 0.000000
hs2 82051282 83333332 0.000755
hs2 83333333 84615383 0.043490
hs2 84615384 85897434 0.639729
hs2 85897435 87179486 0.689010
hs2 87179487 88461537 0.376476
hs2 88461538 89743588 0.140452
hs2 89743589 91025640 0.000000
hs2 91025641 92307691 0.024486
hs2 92307692 93589742 0.000000
hs2 93589743 94871793 0.063488
hs2 94871794 96153845 0.214371
hs2 96153846 97435896 0.516706
hs2 97435897 98717947 0.715111
hs2 98717948 99999999 0.792117
hs2 100000000 101282050 0.473208
hs2 101282051 102564101 0.474799
hs2 102564102 103846152 0.130235
hs2 103846153 105128204 0.110645
hs2 105128205 106410255 0.343805
hs2 106410256 107692306 0.098658
hs2 107692307 108974357 0.431092
hs2 108974358 110256409 0.739667
hs2 110256410 111538460 0.647171
hs2 111538461 112820511 0.540477
hs2 112820512 114102563 0.403609
hs2 114102564 115384614 0.463499
hs2 115384615 116666665 0.728660
hs2 116666666 117948716 0.000000
hs2 117948717 119230768 0.107485
hs2 119230769 120512819 0.485842
hs2 120512820 121794870 0.355691
hs2 121794871 123076922 0.260616
hs2 123076923 124358973 0.000000
hs2 124358974 125641024 0.694201
hs2 125641025 126923075 0.000000
hs2 126923076 128205127 0.339721
hs2 128205128 129487178 0.279944
hs2 129487179 130769229 0.115431
hs2 130769230 132051281 0.347392
hs2 132051282 133333332 0.472960
hs2 133333333 134615383 0.553152
hs2 134615384 135897434 0.753900
hs2 135897435 137179486 0.400968
hs2 137179487 138461537 0.553869
hs2 138461538 139743588 0.166342
hs2 139743589 141025640 0.249737
hs2 141025641 142307691 1.000000
hs2 142307692 143589742 0.360938
hs2 143589743 144871793 0.810350
hs2 144871794 146153845 0.198710
hs2 146153846 147435896 0.003069
hs2 147435897 148717947 0.308981
hs2 148717948 149999999 0.729973
hs2 150000000 151282050 0.059311
hs2 151282051 152564101 0.441700
hs2 152564102 153846152 0.454543
hs2 153846153 155128204 0.455159
hs2 155128205 156410255 0.123180
hs2 156410256 157692306 0.124251
hs2 157692307 158974357 0.556008
hs2 158974358 160256409 0.705756
hs2 160256410 161538460 0.490016
hs2 161538461 162820511 0.575043
hs2 162820512 164102563 0.419127
hs2 164102564 165384614 0.306294
hs2 165384615 166666665 0.607522
hs2 166666666 167948716 0.482839
hs2 167948717 169230768 0.433253
hs2 169230769 170512819 0.772837
hs2 170512820 171794870 0.732844
hs2 171794871 173076922 0.476848
hs2 173076923 174358973 0.453990
hs2 174358974 175641024 0.561982
hs2 175641025 176923075 0.215180
hs2 176923076 178205127 0.251681
hs2 178205128 179487178 1.083439
hs2 179487179 180769229 0.502871
hs2 180769230 182051281 0.081478
hs2 182051282 183333332 0.607848
hs2 183333333 184615383 0.174758
hs2 184615384 185897434 0.266076
hs2 185897435 187179486 0.104770
hs2 187179487 188461537 0.281767
hs2 188461538 189743588 0.418764
hs2 189743589 191025640 0.412281
hs2 191025641 192307691 0.438885
hs2 192307692 193589742 0.222246
hs2 193589743 194871793 0.000000
hs2 194871794 196153845 0.000000
hs2 196153846 197435896 0.785318
hs2 197435897 198717947 0.697377
hs2 198717948 199999999 0.126700
hs2 200000000 201282050 0.355558
hs2 201282051 202564101 0.789444
hs2 202564102 203846152 0.657158
hs2 203846153 205128204 0.241704
hs2 205128205 206410255 0.917446
hs2 206410256 207692306 0.460740
hs2 207692307 208974357 0.422166
hs2 208974358 210256409 0.270716
hs2 210256410 211538460 0.592274
hs2 211538461 212820511 0.680024
hs2 212820512 214102563 0.536884
hs2 214102564 215384614 0.878480
hs2 215384615 216666665 0.348360
hs2 216666666 217948716 0.343483
hs2 217948717 219230768 0.749724
hs2 219230769 220512819 0.471430
hs2 220512820 221794870 0.000000
hs2 221794871 223076922 0.265036
hs2 223076923 224358973 0.233870
hs2 224358974 225641024 0.477539
hs2 225641025 226923075 0.197445
hs2 226923076 228205127 0.547099
hs2 228205128 229487178 0.227832
hs2 229487179 230769229 0.710602
hs2 230769230 232051281 0.609657
hs2 232051282 233333332 0.518935
hs2 233333333 234615383 1.210850
hs2 234615384 235897434 0.104655
hs2 235897435 237179486 0.701317
hs2 237179487 238461537 0.324356
hs2 238461538 239743588 0.380447
hs2 239743589 241025640 0.257812
hs2 241025641 242307691 0.744384
hs2 242307692 243589742 0.128215
hs8 0 1282050 0.174594
hs8 1282051 2564101 0.388418
hs8 2564102 3846152 0.831379
hs8 3846153 5128204 0.774996
hs8 5128205 6410255 0.173432
hs8 6410256 7692306 0.310318
hs8 7692307 8974357 0.261134
hs8 8974358 10256409 0.430162
hs8 10256410 11538460 0.626921
hs8 11538461 12820511 0.294843
hs8 12820512 14102563 0.489785
hs8 14102564 15384614 0.809386
hs8 15384615 16666665 0.241162
hs8 16666666 17948716 0.617237
hs8 17948717 19230768 0.462989
hs8 19230769 20512819 0.374927
hs8 20512820 21794870 0.084618
hs8 21794871 23076922 0.749904
hs8 23076923 24358973 0.269880
hs8 24358974 25641024 0.302467
hs8 25641025 26923075 0.404783
hs8 26923076 28205127 0.554396
hs8 28205128 29487178 0.582221
hs8 29487179 30769229 0.395802
hs8 30769230 32051281 0.507800
hs8 32051282 33333332 0.538839
hs8 33333333 34615383 0.125461
hs8 34615384 35897434 0.436181
hs8 35897435 37179486 0.118406
hs8 37179487 38461537 0.382015
hs8 38461538 39743588 0.665303
hs8 39743589 41025640 0.418447
hs8 41025641 42307691 0.474758
hs8 42307692 43589742 0.485133
hs8 43589743 44871793 0.000000
hs8 44871794 46153845 0.000000
hs8 46153846 47435896 0.000000
hs8 47435897 48717947 0.309469
hs8 48717948 49999999 0.292963
hs8 50000000 51282050 0.232942
hs8 51282051 52564101 0.589168
hs8 52564102 53846152 0.643140
hs8 53846153 55128204 0.253304
hs8 55128205 56410255 0.243858
hs8 56410256 57692306 0.395210
hs8 57692307 58974357 0.032081
hs8 58974358 60256409 0.487668
hs8 60256410 61538460 0.072176
hs8 61538461 62820511 0.561573
hs8 62820512 64102563 0.594000
hs8 64102564 65384614 0.064266
hs8 65384615 66666665 0.163222
hs8 66666666 67948716 0.515152
hs8 67948717 69230768 0.715434
hs8 69230769 70512819 0.356299
hs8 70512820 71794870 0.613254
hs8 71794871 73076922 0.267251
hs8 73076923 74358973 0.450133
hs8 74358974 75641024 0.485374
hs8 75641025 76923075 0.083739
hs8 76923076 78205127 0.217770
hs8 78205128 79487178 0.000000
hs8 79487179 80769229 0.208626
hs8 80769230 82051281 0.415815
hs8 82051282 83333332 0.219660
hs8 83333333 84615383 0.000000
hs8 84615384 85897434 0.498754
hs8 85897435 87179486 0.256927
hs8 87179487 88461537 0.751775
hs8 88461538 89743588 0.230972
hs8 89743589 91025640 0.054779
hs8 91025641 92307691 0.380018
hs8 92307692 93589742 0.222422
hs8 93589743 94871793 0.121890
hs8 94871794 96153845 0.451722
hs8 96153846 97435896 0.131005
hs8 97435897 98717947 0.484260
hs8 98717948 99999999 0.700644
hs8 100000000 101282050 0.851139
hs8 101282051 102564101 0.213320
hs8 102564102 103846152 0.643950
hs8 103846153 105128204 0.643622
hs8 105128205 106410255 0.328099
hs8 106410256 107692306 0.636749
hs8 107692307 108974357 0.312858
hs8 108974358 110256409 0.242741
hs8 110256410 111538460 0.329227
hs8 111538461 112820511 0.000000
hs8 112820512 114102563 0.622693
hs8 114102564 115384614 0.324367
hs8 115384615 116666665 0.137878
hs8 116666666 117948716 0.174945
hs8 117948717 119230768 0.445990
hs8 119230769 120512819 0.426104
hs8 120512820 121794870 0.729694
hs8 121794871 123076922 0.103217
hs8 123076923 124358973 0.294678
hs8 124358974 125641024 0.520211
hs8 125641025 126923075 0.435867
hs8 126923076 128205127 0.004509
hs8 128205128 129487178 0.275196
hs8 129487179 130769229 0.000000
hs8 130769230 132051281 0.528512
hs8 132051282 133333332 0.297951
hs8 133333333 134615383 0.755948
hs8 134615384 135897434 0.215298
hs8 135897435 137179486 0.199462
hs8 137179487 138461537 0.000000
hs8 138461538 139743588 0.343770
hs8 139743589 141025640 0.433837
hs8 141025641 142307691 0.819088
hs8 142307692 143589742 0.270775
hs8 143589743 144871793 0.349939
hs8 144871794 146153845 0.567453
hs8 146153846 147435896 0.031336
hs6 0 1282050 0.335865
hs6 1282051 2564101 0.492197
hs6 2564102 3846152 0.389895
hs6 3846153 5128204 0.359251
hs6 5128205 6410255 0.696366
hs6 6410256 7692306 0.451728
hs6 7692307 8974357 0.212252
hs6 8974358 10256409 0.000000
hs6 10256410 11538460 0.526159
hs6 11538461 12820511 0.210638
hs6 12820512 14102563 0.740315
hs6 14102564 15384614 0.038528
hs6 15384615 16666665 0.562638
hs6 16666666 17948716 0.438947
hs6 17948717 19230768 0.285677
hs6 19230769 20512819 0.091839
hs6 20512820 21794870 0.633475
hs6 21794871 23076922 0.409034
hs6 23076923 24358973 0.078279
hs6 24358974 25641024 0.651183
hs6 25641025 26923075 0.347236
hs6 26923076 28205127 0.200451
hs6 28205128 29487178 0.186398
hs6 29487179 30769229 0.359156
hs6 30769230 32051281 0.415364
hs6 32051282 33333332 0.446290
hs6 33333333 34615383 0.465481
hs6 34615384 35897434 0.708113
hs6 35897435 37179486 0.620233
hs6 37179487 38461537 0.663407
hs6 38461538 39743588 0.808226
hs6 39743589 41025640 0.309584
hs6 41025641 42307691 0.535369
hs6 42307692 43589742 0.657240
hs6 43589743 44871793 0.373952
hs6 44871794 46153845 0.742363
hs6 46153846 47435896 0.462460
hs6 47435897 48717947 0.350324
hs6 48717948 49999999 0.147709
hs6 50000000 51282050 0.089241
hs6 51282051 52564101 0.550862
hs6 52564102 53846152 0.339277
hs6 53846153 55128204 0.370573
hs6 55128205 56410255 0.498691
hs6 56410256 57692306 0.564373
hs6 57692307 58974357 0.032422
hs6 58974358 60256409 0.000000
hs6 60256410 61538460 0.000000
hs6 61538461 62820511 0.290697
hs6 62820512 64102563 0.216508
hs6 64102564 65384614 0.761536
hs6 65384615 66666665 0.850847
hs6 66666666 67948716 0.000000
hs6 67948717 69230768 0.000000
hs6 69230769 70512819 0.642899
hs6 70512820 71794870 0.735868
hs6 71794871 73076922 0.345928
hs6 73076923 74358973 0.646430
hs6 74358974 75641024 0.150673
hs6 75641025 76923075 0.611151
hs6 76923076 78205127 0.000000
hs6 78205128 79487178 0.000916
hs6 79487179 80769229 0.285560
hs6 80769230 82051281 0.216504
hs6 82051282 83333332 0.069176
hs6 83333333 84615383 0.539928
hs6 84615384 85897434 0.230363
hs6 85897435 87179486 0.134185
hs6 87179487 88461537 0.433295
hs6 88461538 89743588 0.317203
hs6 89743589 91025640 0.764505
hs6 91025641 92307691 0.085226
hs6 92307692 93589742 0.000000
hs6 93589743 94871793 0.194192
hs6 94871794 96153845 0.016936
hs6 96153846 97435896 0.262746
hs6 97435897 98717947 0.285341
hs6 98717948 99999999 0.170256
hs6 100000000 101282050 0.368991
hs6 101282051 102564101 0.596244
hs6 102564102 103846152 0.047228
hs6 103846153 105128204 0.000000
hs6 105128205 106410255 0.347491
hs6 106410256 107692306 0.448590
hs6 107692307 108974357 0.712201
hs6 108974358 110256409 0.697864
hs6 110256410 111538460 0.487009
hs6 111538461 112820511 0.596515
hs6 112820512 114102563 0.000000
hs6 114102564 115384614 0.051258
hs6 115384615 116666665 0.207193
hs6 116666666 117948716 0.533532
hs6 117948717 119230768 0.624448
hs6 119230769 120512819 0.307378
hs6 120512820 121794870 0.198915
hs6 121794871 123076922 0.248293
hs6 123076923 124358973 0.559974
hs6 124358974 125641024 0.855695
hs6 125641025 126923075 0.203414
hs6 126923076 128205127 0.316054
hs6 128205128 129487178 0.678202
hs6 129487179 130769229 0.590366
hs6 130769230 132051281 0.384351
hs6 132051282 133333332 0.331302
hs6 133333333 134615383 0.414362
hs6 134615384 135897434 0.509699
hs6 135897435 137179486 1.122475
hs6 137179487 138461537 0.180227
hs6 138461538 139743588 0.517140
hs6 139743589 141025640 0.000000
hs6 141025641 142307691 0.000000
hs6 142307692 143589742 0.547887
hs6 143589743 144871793 0.717297
hs6 144871794 146153845 0.354606
hs6 146153846 147435896 0.573903
hs6 147435897 148717947 0.200506
hs6 148717948 149999999 0.597785
hs6 150000000 151282050 0.523765
hs6 151282051 152564101 0.790387
hs6 152564102 153846152 0.484185
hs6 153846153 155128204 0.449260
hs6 155128205 156410255 0.285501
hs6 156410256 157692306 0.337622
hs6 157692307 158974357 0.715567
hs6 158974358 160256409 0.337568
hs6 160256410 161538460 0.586883
hs6 161538461 162820511 0.942685
hs6 162820512 164102563 0.791793
hs6 164102564 165384614 0.000000
hs6 165384615 166666665 0.357037
hs6 166666666 167948716 0.511198
hs6 167948717 169230768 0.341869
hs6 169230769 170512819 0.345718
hs6 170512820 171794870 0.068168
hs14 0 1282050 0.000000
hs14 1282051 2564101 0.000000
hs14 2564102 3846152 0.000000
hs14 3846153 5128204 0.000000
hs14 5128205 6410255 0.000000
hs14 6410256 7692306 0.000000
hs14 7692307 8974357 0.000000
hs14 8974358 10256409 0.000000
hs14 10256410 11538460 0.000000
hs14 11538461 12820511 0.000000
hs14 12820512 14102563 0.000000
hs14 14102564 15384614 0.000000
hs14 15384615 16666665 0.000000
hs14 16666666 17948716 0.000000
hs14 17948717 19230768 0.053727
hs14 19230769 20512819 0.153262
hs14 20512820 21794870 0.270016
hs14 21794871 23076922 0.331420
hs14 23076923 24358973 0.299907
hs14 24358974 25641024 0.179370
hs14 25641025 26923075 0.118461
hs14 26923076 28205127 0.000000
hs14 28205128 29487178 0.293195
hs14 29487179 30769229 0.388695
hs14 30769230 32051281 0.526690
hs14 32051282 33333332 0.917172
hs14 33333333 34615383 0.284450
hs14 34615384 35897434 0.440883
hs14 35897435 37179486 0.716584
hs14 37179487 38461537 0.005712
hs14 38461538 39743588 0.206598
hs14 39743589 41025640 0.000000
hs14 41025641 42307691 0.231654
hs14 42307692 43589742 0.000000
hs14 43589743 44871793 0.256375
hs14 44871794 46153845 0.000000
hs14 46153846 47435896 0.652058
hs14 47435897 48717947 0.000000
hs14 48717948 49999999 0.455440
hs14 50000000 51282050 0.598093
hs14 51282051 52564101 0.506016
hs14 52564102 53846152 0.096477
hs14 53846153 55128204 0.565036
hs14 55128205 56410255 0.337656
hs14 56410256 57692306 0.290052
hs14 57692307 58974357 0.401310
hs14 58974358 60256409 0.441341
hs14 60256410 61538460 0.528139
hs14 61538461 62820511 0.456327
hs14 62820512 64102563 0.702913
hs14 64102564 65384614 0.543779
hs14 65384615 66666665 0.495263
hs14 66666666 67948716 0.889635
hs14 67948717 69230768 0.573413
hs14 69230769 70512819 0.506037
hs14 70512820 71794870 0.527561
hs14 71794871 73076922 0.828035
hs14 73076923 74358973 0.664253
hs14 74358974 75641024 0.805567
hs14 75641025 76923075 0.396623
hs14 76923076 78205127 0.551158
hs14 78205128 79487178 0.932401
hs14 79487179 80769229 0.538064
hs14 80769230 82051281 0.147409
hs14 82051282 83333332 0.000000
hs14 83333333 84615383 0.000000
hs14 84615384 85897434 0.076272
hs14 85897435 87179486 0.000000
hs14 87179487 88461537 0.499783
hs14 88461538 89743588 0.651156
hs14 89743589 91025640 0.669343
hs14 91025641 92307691 0.703902
hs14 92307692 93589742 0.708997
hs14 93589743 94871793 0.414341
hs14 94871794 96153845 0.358354
hs14 96153846 97435896 0.065730
hs14 97435897 98717947 0.055564
hs14 98717948 99999999 0.626782
hs14 100000000 101282050 0.147396
hs14 101282051 102564101 0.797151
hs14 102564102 103846152 0.507185
hs14 103846153 105128204 0.401772
hs14 105128205 106410255 0.024164
hs17 0 1282050 0.674627
hs17 1282051 2564101 0.840040
hs17 2564102 3846152 0.547094
hs17 3846153 5128204 0.679613
hs17 5128205 6410255 0.358348
hs17 6410256 7692306 0.602367
hs17 7692307 8974357 0.570012
hs17 8974358 10256409 0.829406
hs17 10256410 11538460 0.468563
hs17 11538461 12820511 0.551211
hs17 12820512 14102563 0.225597
hs17 14102564 15384614 0.149181
hs17 15384615 16666665 0.619242
hs17 16666666 17948716 0.616262
hs17 17948717 19230768 0.618056
hs17 19230769 20512819 0.490232
hs17 20512820 21794870 0.210902
hs17 21794871 23076922 0.154946
hs17 23076923 24358973 0.600687
hs17 24358974 25641024 0.788805
hs17 25641025 26923075 0.686878
hs17 26923076 28205127 0.562575
hs17 28205128 29487178 0.909170
hs17 29487179 30769229 0.294076
hs17 30769230 32051281 0.530718
hs17 32051282 33333332 0.605015
hs17 33333333 34615383 0.462230
hs17 34615384 35897434 0.692456
hs17 35897435 37179486 0.238958
hs17 37179487 38461537 0.706523
hs17 38461538 39743588 0.531528
hs17 39743589 41025640 0.568964
hs17 41025641 42307691 0.694663
hs17 42307692 43589742 0.497780
hs17 43589743 44871793 0.539914
hs17 44871794 46153845 0.498255
hs17 46153846 47435896 0.573463
hs17 47435897 48717947 0.122054
hs17 48717948 49999999 0.001822
hs17 50000000 51282050 0.313385
hs17 51282051 52564101 0.394342
hs17 52564102 53846152 0.523321
hs17 53846153 55128204 0.769945
hs17 55128205 56410255 0.790609
hs17 56410256 57692306 0.640036
hs17 57692307 58974357 0.675926
hs17 58974358 60256409 0.693784
hs17 60256410 61538460 0.567907
hs17 61538461 62820511 0.710624
hs17 62820512 64102563 0.660054
hs17 64102564 65384614 0.429748
hs17 65384615 66666665 0.055248
hs17 66666666 67948716 0.004213
hs17 67948717 69230768 0.672385
hs17 69230769 70512819 0.467716
hs17 70512820 71794870 0.749654
hs17 71794871 73076922 0.570081
hs17 73076923 74358973 0.456998
hs17 74358974 75641024 0.525024
hs17 75641025 76923075 0.851150
hs17 76923076 78205127 0.605650
hs17 78205128 79487178 0.306940
hs21 0 1282050 0.000000
hs21 1282051 2564101 0.000000
hs21 2564102 3846152 0.000000
hs21 3846153 5128204 0.000000
hs21 5128205 6410255 0.000000
hs21 6410256 7692306 0.000000
hs21 7692307 8974357 0.000000
hs21 8974358 10256409 0.341376
hs21 10256410 11538460 0.000000
hs21 11538461 12820511 0.000000
hs21 12820512 14102563 0.086965
hs21 14102564 15384614 0.278140
hs21 15384615 16666665 0.352433
hs21 16666666 17948716 0.242419
hs21 17948717 19230768 0.185200
hs21 19230769 20512819 0.000000
hs21 20512820 21794870 0.439048
hs21 21794871 23076922 0.029808
hs21 23076923 24358973 0.000000
hs21 24358974 25641024 0.000000
hs21 25641025 26923075 0.470224
hs21 26923076 28205127 0.068007
hs21 28205128 29487178 0.191141
hs21 29487179 30769229 0.484616
hs21 30769230 32051281 0.404414
hs21 32051282 33333332 0.496929
hs21 33333333 34615383 0.533579
hs21 34615384 35897434 0.397214
hs21 35897435 37179486 0.436317
hs21 37179487 38461537 0.665835
hs21 38461538 39743588 0.456914
hs21 39743589 41025640 0.721538
hs21 41025641 42307691 0.495688
hs21 42307692 43589742 0.499466
hs21 43589743 44871793 0.649351
hs21 44871794 46153845 0.499695
hs21 46153846 47435896 0.428469
