hsX 0 2272726 0.241469
hsX 2272727 4545453 0.301546
hsX 4545454 6818180 0.149655
hsX 6818181 9090908 0.215789
hsX 9090909 11363635 0.604896
hsX 11363636 13636362 0.464713
hsX 13636363 15909089 0.452163
hsX 15909090 18181817 0.442210
hsX 18181818 20454544 0.686483
hsX 20454545 22727271 0.288234
hsX 22727272 24999999 0.389934
hsX 25000000 27272726 0.003660
hsX 27272727 29545453 0.463532
hsX 29545454 31818180 0.570068
hsX 31818181 34090908 0.638901
hsX 34090909 36363635 0.156501
hsX 36363636 38636362 0.334394
hsX 38636363 40909089 0.149448
hsX 40909090 43181817 0.237607
hsX 43181818 45454544 0.325336
hsX 45454545 47727271 0.364380
hsX 47727272 49999999 0.694883
hsX 50000000 52272726 0.250481
hsX 52272727 54545453 0.459337
hsX 54545454 56818180 0.170265
hsX 56818181 59090908 0.122734
hsX 59090909 61363635 0.000000
hsX 61363636 63636362 0.193005
hsX 63636363 65909089 0.166188
hsX 65909090 68181817 0.306293
hsX 68181818 70454544 0.555186
hsX 70454545 72727271 0.468451
hsX 72727272 74999999 0.523057
hsX 75000000 77272726 0.234422
hsX 77272727 79545453 0.082083
hsX 79545454 81818180 0.161588
hsX 81818181 84090908 0.150437
hsX 84090909 86363635 0.487685
hsX 86363636 88636362 0.070354
hsX 88636363 90909089 0.002170
hsX 90909090 93181817 0.389358
hsX 93181818 95454544 0.000000
hsX 95454545 97727271 0.404050
hsX 97727272 99999999 0.325759
hsX 100000000 102272726 0.466764
hsX 102272727 104545453 0.465458
hsX 104545454 106818180 0.472155
hsX 106818181 109090908 0.453819
hsX 109090909 111363635 0.688503
hsX 111363636 113636362 0.149130
hsX 113636363 115909089 0.266467
hsX 115909090 118181817 0.307567
hsX 118181818 120454544 0.422800
hsX 120454545 122727271 0.193282
hsX 122727272 124999999 0.356663
hsX 125000000 127272726 0.004197
hsX 127272727 129545453 0.234108
hsX 129545454 131818180 0.407594
hsX 131818181 134090908 0.439281
hsX 134090909 136363635 0.303062
hsX 136363636 138636362 0.327309
hsX 138636363 140909089 0.090042
hsX 140909090 143181817 0.019377
hsX 143181818 145454544 0.008600
hsX 145454545 147727271 0.192459
hsX 147727272 149999999 0.381110
hsX 150000000 152272726 0.294278
hsX 152272727 154545453 0.586337
hsX 154545454 156818180 0.039775
hs12 0 2272726 0.811948
hs12 2272727 4545453 0.563395
hs12 4545454 6818180 0.534174
hs12 6818181 9090908 0.441051
hs12 9090909 11363635 0.545843
hs12 11363636 13636362 0.434770
hs12 13636363 15909089 0.593582
hs12 15909090 18181817 0.142014
hs12 18181818 20454544 0.357763
hs12 20454545 22727271 0.615384
hs12 22727272 24999999 0.525847
hs12 25000000 27272726 0.506431
hs12 27272727 29545453 0.432331
hs12 29545454 31818180 0.366068
hs12 31818181 34090908 0.308888
hs12 34090909 36363635 0.000000
hs12 36363636 38636362 0.344256
hs12 38636363 40909089 0.524773
hs12 40909090 43181817 0.484845
hs12 43181818 45454544 0.472924
hs12 45454545 47727271 0.319460
hs12 47727272 49999999 0.675749
hs12 50000000 52272726 0.498200
hs12 52272727 54545453 0.307658
hs12 54545454 56818180 0.528044
hs12 56818181 59090908 0.061869
hs12 59090909 61363635 0.353042
hs12 61363636 63636362 0.474319
hs12 63636363 65909089 0.449783
hs12 65909090 68181817 0.224324
hs12 68181818 70454544 0.481122
hs12 70454545 72727271 0.268048
hs12 72727272 74999999 0.166151
hs12 75000000 77272726 0.329101
hs12 77272727 79545453 0.528818
hs12 79545454 81818180 0.534971
hs12 81818181 84090908 0.196239
hs12 84090909 86363635 0.437342
hs12 86363636 88636362 0.216229
hs12 88636363 90909089 0.043233
hs12 90909090 93181817 0.279334
hs12 93181818 95454544 0.511227
hs12 95454545 97727271 0.208992
hs12 97727272 99999999 0.838214
hs12 100000000 102272726 0.391030
hs12 102272727 104545453 0.639144
hs12 104545454 106818180 0.602241
hs12 106818181 109090908 0.578959
hs12 109090909 111363635 0.723785
hs12 111363636 113636362 0.353133
hs12 113636363 115909089 0.252024
hs12 115909090 118181817 0.603363
hs12 118181818 120454544 0.655155
hs12 120454545 122727271 0.736616
hs12 122727272 124999999 0.503983
hs12 125000000 127272726 0.013334
hs12 127272727 129545453 0.695844
hs12 129545454 131818180 0.452054
hs12 131818181 134090908 0.132905
hs11 0 2272726 0.575912
hs11 2272727 4545453 0.578398
hs11 4545454 6818180 0.233629
hs11 6818181 9090908 0.581225
hs11 9090909 11363635 0.570026
hs11 11363636 13636362 0.545380
hs11 13636363 15909089 0.451061
hs11 15909090 18181817 0.618326
hs11 18181818 20454544 0.617254
hs11 20454545 22727271 0.533327
hs11 22727272 24999999 0.262463
hs11 25000000 27272726 0.242010
hs11 27272727 29545453 0.314752
hs11 29545454 31818180 0.344073
hs11 31818181 34090908 0.401239
hs11 34090909 36363635 0.599960
hs11 36363636 38636362 0.080787
hs11 38636363 40909089 0.079162
hs11 40909090 43181817 0.000000
hs11 43181818 45454544 0.457497
hs11 45454545 47727271 0.673982
hs11 47727272 49999999 0.267392
hs11 50000000 52272726 0.014134
hs11 52272727 54545453 0.000000
hs11 54545454 56818180 0.197271
hs11 56818181 59090908 0.340837
hs11 59090909 61363635 0.479165
hs11 61363636 63636362 0.562698
hs11 63636363 65909089 0.576207
hs11 65909090 68181817 0.587320
hs11 68181818 70454544 0.445888
hs11 70454545 72727271 0.564327
hs11 72727272 74999999 0.651867
hs11 75000000 77272726 0.639169
hs11 77272727 79545453 0.591950
hs11 79545454 81818180 0.000000
hs11 81818181 84090908 0.685091
hs11 84090909 86363635 0.714173
hs11 86363636 88636362 0.458521
hs11 88636363 90909089 0.213203
hs11 90909090 93181817 0.397038
hs11 93181818 95454544 0.378188
hs11 95454545 97727271 0.132957
hs11 97727272 99999999 0.587666
hs11 100000000 102272726 0.458239
hs11 102272727 104545453 0.341301
hs11 104545454 106818180 0.387764
hs11 106818181 109090908 0.476430
hs11 109090909 111363635 0.353771
hs11 111363636 113636362 0.452797
hs11 113636363 115909089 0.205696
hs11 115909090 118181817 0.661998
hs11 118181818 120454544 0.480768
hs11 120454545 122727271 0.360804
hs11 122727272 124999999 0.386012
hs11 125000000 127272726 0.437299
hs11 127272727 129545453 0.391697
hs11 129545454 131818180 0.534383
hs11 131818181 134090908 0.645431
hs22 0 2272726 0.000000
hs22 2272727 4545453 0.000000
hs22 4545454 6818180 0.000000
hs22 6818181 9090908 0.000000
hs22 9090909 11363635 0.000000
hs22 11363636 13636362 0.000000
hs22 13636363 15909089 0.079035
hs22 15909090 18181817 0.542053
hs22 18181818 20454544 0.485716
hs22 20454545 22727271 0.371048
hs22 22727272 24999999 0.899220
hs22 25000000 27272726 0.526018
hs22 27272727 29545453 0.680280
hs22 29545454 31818180 0.725481
hs22 31818181 34090908 0.332501
hs22 34090909 36363635 0.511290
hs22 36363636 38636362 0.607063
hs22 38636363 40909089 0.726374
hs22 40909090 43181817 0.640831
hs22 43181818 45454544 0.649348
hs22 45454545 47727271 0.327955
hs22 47727272 49999999 0.343298
hs10 0 2272726 0.598005
hs10 2272727 4545453 0.049991
hs10 4545454 6818180 0.377842
hs10 6818181 9090908 0.297004
hs10 9090909 11363635 0.133792
hs10 11363636 13636362 0.608345
hs10 13636363 15909089 0.726875
hs10 15909090 18181817 0.589835
hs10 18181818 20454544 0.459001
hs10 20454545 22727271 0.487747
hs10 22727272 24999999 0.579814
hs10 25000000 27272726 0.585762
hs10 27272727 29545453 0.379625
hs10 29545454 31818180 0.358956
hs10 31818181 34090908 0.417061
hs10 34090909 36363635 0.529740
hs10 36363636 38636362 0.122790
hs10 38636363 40909089 0.029003
hs10 40909090 43181817 0.162668
hs10 43181818 45454544 0.218608
hs10 45454545 47727271 0.283359
hs10 47727272 49999999 0.451251
hs10 50000000 52272726 0.636824
hs10 52272727 54545453 0.598814
hs10 54545454 56818180 0.439348
hs10 56818181 59090908 0.001688
hs10 59090909 61363635 0.361922
hs10 61363636 63636362 0.383604
hs10 63636363 65909089 0.350488
hs10 65909090 68181817 0.366713
hs10 68181818 70454544 0.904355
hs10 70454545 72727271 0.504002
hs10 72727272 74999999 0.802032
hs10 75000000 77272726 0.589673
hs10 77272727 79545453 0.747510
hs10 79545454 81818180 0.224532
hs10 81818181 84090908 0.354099
hs10 84090909 86363635 0.402856
hs10 86363636 88636362 0.467754
hs10 88636363 90909089 0.565333
hs10 90909090 93181817 0.311265
hs10 93181818 95454544 0.660858
hs10 95454545 97727271 0.637644
hs10 97727272 99999999 0.696216
hs10 100000000 102272726 0.704289
hs10 102272727 104545453 0.621714
hs10 104545454 106818180 0.753792
hs10 106818181 109090908 0.346577
hs10 109090909 111363635 0.000000
hs10 111363636 113636362 0.297103
hs10 113636363 115909089 0.473652
hs10 115909090 118181817 0.762182
hs10 118181818 120454544 0.349437
hs10 120454545 122727271 0.409912
hs10 122727272 124999999 0.473023
hs10 125000000 127272726 0.355801
hs10 127272727 129545453 0.615880
hs10 129545454 131818180 0.287039
hs10 131818181 134090908 0.250041
hs10 134090909 136363635 0.268244
hs7 0 2272726 0.521847
hs7 2272727 4545453 0.653450
hs7 4545454 6818180 0.635437
hs7 6818181 9090908 0.424156
hs7 9090909 11363635 0.089892
hs7 11363636 13636362 0.285233
hs7 13636363 15909089 0.542858
hs7 15909090 18181817 0.311874
hs7 18181818 20454544 0.325121
hs7 20454545 22727271 0.420690
hs7 22727272 24999999 0.423848
hs7 25000000 27272726 0.249055
hs7 27272727 29545453 0.695323
hs7 29545454 31818180 0.395291
hs7 31818181 34090908 0.518608
hs7 34090909 36363635 0.575422
hs7 36363636 38636362 0.576754
hs7 38636363 40909089 0.749818
hs7 40909090 43181817 0.203463
hs7 43181818 45454544 0.627417
hs7 45454545 47727271 0.210766
hs7 47727272 49999999 0.415780
hs7 50000000 52272726 0.400287
hs7 52272727 54545453 0.001086
hs7 54545454 56818180 0.293665
hs7 56818181 59090908 0.025572
hs7 59090909 61363635 0.000000
hs7 61363636 63636362 0.071655
hs7 63636363 65909089 0.378664
hs7 65909090 68181817 0.156831
hs7 68181818 70454544 0.621633
hs7 70454545 72727271 0.782083
hs7 72727272 74999999 0.512746
hs7 75000000 77272726 0.559896
hs7 77272727 79545453 0.704335
hs7 79545454 81818180 0.378659
hs7 81818181 84090908 0.450333
hs7 84090909 86363635 0.161399
hs7 86363636 88636362 0.700595
hs7 88636363 90909089 0.367498
hs7 90909090 93181817 0.483885
hs7 93181818 95454544 0.420682
hs7 95454545 97727271 0.278723
hs7 97727272 99999999 0.558908
hs7 100000000 102272726 0.635728
hs7 102272727 104545453 0.846088
hs7 104545454 106818180 0.517598
hs7 106818181 109090908 0.417266
hs7 109090909 111363635 0.503762
hs7 111363636 113636362 0.347629
hs7 113636363 115909089 0.318377
hs7 115909090 118181817 0.472523
hs7 118181818 120454544 0.268808
hs7 120454545 122727271 0.552097
hs7 122727272 124999999 0.183520
hs7 125000000 127272726 0.462609
hs7 127272727 129545453 0.576902
hs7 129545454 131818180 0.561874
hs7 131818181 134090908 0.675250
hs7 134090909 136363635 0.434373
hs7 136363636 138636362 0.618081
hs7 138636363 140909089 0.516186
hs7 140909090 143181817 0.311144
hs7 143181818 145454544 0.222320
hs7 145454545 147727271 1.000047
hs7 147727272 149999999 0.369095
hs7 150000000 152272726 0.616464
hs7 152272727 154545453 0.527567
hs7 154545454 156818180 0.268167
hs7 156818181 159090908 0.671344
hs4 0 2272726 0.652246
hs4 2272727 4545453 0.497605
hs4 4545454 6818180 0.564175
hs4 6818181 9090908 0.640349
hs4 9090909 11363635 0.221118
hs4 11363636 13636362 0.081800
hs4 13636363 15909089 0.301002
hs4 15909090 18181817 0.373004
hs4 18181818 20454544 0.223880
hs4 20454545 22727271 0.602843
hs4 22727272 24999999 0.228971
hs4 25000000 27272726 0.281795
hs4 27272727 29545453 0.000000
hs4 29545454 31818180 0.187611
hs4 31818181 34090908 0.000000
hs4 34090909 36363635 0.106697
hs4 36363636 38636362 0.415295
hs4 38636363 40909089 0.706092
hs4 40909090 43181817 0.465988
hs4 43181818 45454544 0.154406
hs4 45454545 47727271 0.614273
hs4 47727272 49999999 0.314295
hs4 50000000 52272726 0.000000
hs4 52272727 54545453 0.414701
hs4 54545454 56818180 0.327690
hs4 56818181 59090908 0.202874
hs4 59090909 61363635 0.000000
hs4 61363636 63636362 0.253146
hs4 63636363 65909089 0.075772
hs4 65909090 68181817 0.197272
hs4 68181818 70454544 0.308942
hs4 70454545 72727271 0.463169
hs4 72727272 74999999 0.334675
hs4 75000000 77272726 0.371626
hs4 77272727 79545453 0.583766
hs4 79545454 81818180 0.422041
hs4 81818181 84090908 0.398291
hs4 84090909 86363635 0.328624
hs4 86363636 88636362 0.715635
hs4 88636363 90909089 0.422950
hs4 90909090 93181817 0.705948
hs4 93181818 95454544 0.690214
hs4 95454545 97727271 0.451961
hs4 97727272 99999999 0.420265
hs4 100000000 102272726 0.312673
hs4 102272727 104545453 0.542594
hs4 104545454 106818180 0.206006
hs4 106818181 109090908 0.385368
hs4 109090909 111363635 0.627187
hs4 111363636 113636362 0.151688
hs4 113636363 115909089 0.508673
hs4 115909090 118181817 0.125906
hs4 118181818 120454544 0.348069
hs4 120454545 122727271 0.241666
hs4 122727272 124999999 0.511354
hs4 125000000 127272726 0.130317
hs4 127272727 129545453 0.211501
hs4 129545454 131818180 0.129462
hs4 131818181 134090908 0.000000
hs4 134090909 136363635 0.020979
hs4 136363636 138636362 0.000000
hs4 138636363 140909089 0.212457
hs4 140909090 143181817 0.490985
hs4 143181818 145454544 0.543243
hs4 145454545 147727271 0.397774
hs4 147727272 149999999 0.472821
hs4 150000000 152272726 0.417800
hs4 152272727 154545453 0.505076
hs4 154545454 156818180 0.294159
hs4 156818181 159090908 0.284270
hs4 159090909 161363635 0.286736
hs4 161363636 163636362 0.343261
hs4 163636363 165909089 0.415946
hs4 165909090 168181817 0.372228
hs4 168181818 170454544 0.511666
hs4 170454545 172727271 0.183825
hs4 172727272 174999999 0.624357
hs4 175000000 177272726 0.383595
hs4 177272727 179545453 0.282273
hs4 179545454 181818180 0.000000
hs4 181818181 184090908 0.225292
hs4 184090909 186363635 0.384047
hs4 186363636 188636362 0.408814
hs4 188636363 190909089 0.013777
hs4 190909090 193181817 0.039119
hs16 0 2272726 0.716750
hs16 2272727 4545453 0.635148
hs16 4545454 6818180 0.560913
hs16 6818181 9090908 0.512107
hs16 9090909 11363635 0.448634
hs16 11363636 13636362 0.574442
hs16 13636363 15909089 0.506781
hs16 15909090 18181817 0.315459
hs16 18181818 20454544 0.492311
hs16 20454545 22727271 0.596254
hs16 22727272 24999999 0.602902
hs16 25000000 27272726 0.286002
hs16 27272727 29545453 0.571568
hs16 29545454 31818180 0.482879
hs16 31818181 34090908 0.021424
hs16 34090909 36363635 0.014276
hs16 36363636 38636362 0.000000
hs16 38636363 40909089 0.000000
hs16 40909090 43181817 0.000000
hs16 43181818 45454544 0.111786
hs16 45454545 47727271 0.444926
hs16 47727272 49999999 0.348544
hs16 50000000 52272726 0.234462
hs16 52272727 54545453 0.297574
hs16 54545454 56818180 0.628164
hs16 56818181 59090908 0.120795
hs16 59090909 61363635 0.168433
hs16 61363636 63636362 0.043199
hs16 63636363 65909089 0.476078
hs16 65909090 68181817 0.751617
hs16 68181818 70454544 0.743869
hs16 70454545 72727271 0.238642
hs16 72727272 74999999 0.464348
hs16 75000000 77272726 0.496523
hs16 77272727 79545453 0.404821
hs16 79545454 81818180 0.661394
hs16 81818181 84090908 0.589365
hs16 84090909 86363635 0.238978
hs16 86363636 88636362 0.632373
hs16 88636363 90909089 0.011970
hs20 0 2272726 0.352912
hs20 2272727 4545453 0.552643
hs20 4545454 6818180 0.310869
hs20 6818181 9090908 0.414306
hs20 9090909 11363635 0.439949
hs20 11363636 13636362 0.229673
hs20 13636363 15909089 0.987249
hs20 15909090 18181817 0.438021
hs20 18181818 20454544 0.672854
hs20 20454545 22727271 0.198934
hs20 22727272 24999999 0.187941
hs20 25000000 27272726 0.216463
hs20 27272727 29545453 0.040457
hs20 29545454 31818180 0.576791
hs20 31818181 34090908 0.706566
hs20 34090909 36363635 0.625018
hs20 36363636 38636362 0.223222
hs20 38636363 40909089 0.561813
hs20 40909090 43181817 0.581011
hs20 43181818 45454544 0.558343
hs20 45454545 47727271 0.451949
hs20 47727272 49999999 0.426045
hs20 50000000 52272726 0.352023
hs20 52272727 54545453 0.160823
hs20 54545454 56818180 0.259484
hs20 56818181 59090908 0.280745
hs20 59090909 61363635 0.635376
hs20 61363636 63636362 0.306703
hs13 0 2272726 0.000000
hs13 2272727 4545453 0.000000
hs13 4545454 6818180 0.000000
hs13 6818181 9090908 0.000000
hs13 9090909 11363635 0.000000
hs13 11363636 13636362 0.000000
hs13 13636363 15909089 0.000000
hs13 15909090 18181817 0.000000
hs13 18181818 20454544 0.492498
hs13 20454545 22727271 0.182902
hs13 22727272 24999999 0.522944
hs13 25000000 27272726 0.466827
hs13 27272727 29545453 0.513995
hs13 29545454 31818180 0.403040
hs13 31818181 34090908 0.336341
hs13 34090909 36363635 0.809816
hs13 36363636 38636362 0.302701
hs13 38636363 40909089 0.467659
hs13 40909090 43181817 0.608146
hs13 43181818 45454544 0.396198
hs13 45454545 47727271 0.274147
hs13 47727272 49999999 0.515593
hs13 50000000 52272726 0.525188
hs13 52272727 54545453 0.012344
hs13 54545454 56818180 0.033253
hs13 56818181 59090908 0.042802
hs13 59090909 61363635 0.299930
hs13 61363636 63636362 0.002259
hs13 63636363 65909089 0.059014
hs13 65909090 68181817 0.349087
hs13 68181818 70454544 0.294355
hs13 70454545 72727271 0.354390
hs13 72727272 74999999 0.286282
hs13 75000000 77272726 0.353263
hs13 77272727 79545453 0.305032
hs13 79545454 81818180 0.002189
hs13 81818181 84090908 0.184950
hs13 84090909 86363635 0.002888
hs13 86363636 88636362 0.003081
hs13 88636363 90909089 0.045378
hs13 90909090 93181817 0.841780
hs13 93181818 95454544 0.696927
hs13 95454545 97727271 0.535952
hs13 97727272 99999999 0.736644
hs13 100000000 102272726 0.679775
hs13 102272727 104545453 0.038773
hs13 104545454 106818180 0.129609
hs13 106818181 109090908 0.517130
hs13 109090909 111363635 0.347432
hs13 111363636 113636362 0.464633
hs13 113636363 115909089 0.106150
hs18 0 2272726 0.263408
hs18 2272727 4545453 0.441203
hs18 4545454 6818180 0.300981
hs18 6818181 9090908 0.549637
hs18 9090909 11363635 0.493029
hs18 11363636 13636362 0.593788
hs18 13636363 15909089 0.164289
hs18 15909090 18181817 0.329312
hs18 18181818 20454544 0.552149
hs18 20454545 22727271 0.366362
hs18 22727272 24999999 0.237093
hs18 25000000 27272726 0.087701
hs18 27272727 29545453 0.586919
hs18 29545454 31818180 0.513055
hs18 31818181 34090908 0.641971
hs18 34090909 36363635 0.239832
hs18 36363636 38636362 0.099330
hs18 38636363 40909089 0.313012
hs18 40909090 43181817 0.495979
hs18 43181818 45454544 0.406799
hs18 45454545 47727271 0.374543
hs18 47727272 49999999 0.554911
hs18 50000000 52272726 0.255715
hs18 52272727 54545453 0.558948
hs18 54545454 56818180 0.231830
hs18 56818181 59090908 0.411719
hs18 59090909 61363635 0.172858
hs18 61363636 63636362 0.105924
hs18 63636363 65909089 0.444627
hs18 65909090 68181817 0.068707
hs18 68181818 70454544 0.176080
hs18 70454545 72727271 0.340779
hs18 72727272 74999999 0.152245
hs18 75000000 77272726 0.318226
hs3 0 2272726 0.298576
hs3 2272727 4545453 0.483368
hs3 4545454 6818180 0.184008
hs3 6818181 9090908 0.648487
hs3 9090909 11363635 0.641234
hs3 11363636 13636362 0.605108
hs3 13636363 15909089 0.643270
hs3 15909090 18181817 0.489146
hs3 18181818 20454544 0.327019
hs3 20454545 22727271 0.145766
hs3 22727272 24999999 0.403855
hs3 25000000 27272726 0.193659
hs3 27272727 29545453 0.303747
hs3 29545454 31818180 0.431846
hs3 31818181 34090908 0.591755
hs3 34090909 36363635 0.066979
hs3 36363636 38636362 0.711596
hs3 38636363 40909089 0.430947
hs3 40909090 43181817 0.586126
hs3 43181818 45454544 0.447133
hs3 45454545 47727271 0.587415
hs3 47727272 49999999 0.765208
hs3 50000000 52272726 0.735293
hs3 52272727 54545453 0.773756
hs3 54545454 56818180 0.769490
hs3 56818181 59090908 0.729963
hs3 59090909 61363635 0.660924
hs3 61363636 63636362 0.705314
hs3 63636363 65909089 0.487919
hs3 65909090 68181817 0.432316
hs3 68181818 70454544 0.561022
hs3 70454545 72727271 0.347917
hs3 72727272 74999999 0.333482
hs3 75000000 77272726 0.072826
hs3 77272727 79545453 0.582122
hs3 79545454 81818180 0.242413
hs3 81818181 84090908 0.033202
hs3 84090909 86363635 0.490796
hs3 86363636 88636362 0.057375
hs3 88636363 90909089 0.164829
hs3 90909090 93181817 0.000000
hs3 93181818 95454544 0.114184
hs3 95454545 97727271 0.023348
hs3 97727272 99999999 0.533104
hs3 100000000 102272726 0.679513
hs3 102272727 104545453 0.251446
hs3 104545454 106818180 0.092415
hs3 106818181 109090908 0.334414
hs3 109090909 111363635 0.389525
hs3 111363636 113636362 0.391339
hs3 113636363 115909089 0.642469
hs3 115909090 118181817 0.522870
hs3 118181818 120454544 0.137047
hs3 120454545 122727271 0.710973
hs3 122727272 124999999 0.773835
hs3 125000000 127272726 0.689009
hs3 127272727 129545453 0.528622
hs3 129545454 131818180 0.511566
hs3 131818181 134090908 0.719623
hs3 134090909 136363635 0.608109
hs3 136363636 138636362 0.439799
hs3 138636363 140909089 0.381789
hs3 140909090 143181817 0.544418
hs3 143181818 145454544 0.637452
hs3 145454545 147727271 0.099070
hs3 147727272 149999999 0.049043
hs3 150000000 152272726 0.450027
hs3 152272727 154545453 0.352662
hs3 154545454 156818180 0.236480
hs3 156818181 159090908 0.543883
hs3 159090909 161363635 0.626909
hs3 161363636 163636362 0.291909
hs3 163636363 165909089 0.000000
hs3 165909090 168181817 0.076615
hs3 168181818 170454544 0.583125
hs3 170454545 172727271 0.631258
hs3 172727272 174999999 0.620483
hs3 175000000 177272726 0.629257
hs3 177272727 179545453 0.077664
hs3 179545454 181818180 0.455720
hs3 181818181 184090908 0.159549
hs3 184090909 186363635 0.619117
hs3 186363636 188636362 0.512541
hs3 188636363 190909089 0.439065
hs3 190909090 193181817 0.325941
hs3 193181818 195454544 0.485657
hs3 195454545 197727271 0.469040
hs3 197727272 199999999 0.458671
hs9 0 2272726 0.397649
hs9 2272727 4545453 0.447261
hs9 4545454 6818180 0.531912
hs9 6818181 9090908 0.500474
hs9 9090909 11363635 0.665199
hs9 11363636 13636362 0.092222
hs9 13636363 15909089 0.487751
hs9 15909090 18181817 0.484504
hs9 18181818 20454544 0.495871
hs9 20454545 22727271 0.385091
hs9 22727272 24999999 0.059822
hs9 25000000 27272726 0.169503
hs9 27272727 29545453 0.447750
hs9 29545454 31818180 0.000000
hs9 31818181 34090908 0.466858
hs9 34090909 36363635 0.584405
hs9 36363636 38636362 0.501708
hs9 38636363 40909089 0.134540
hs9 40909090 43181817 0.151084
hs9 43181818 45454544 0.030102
hs9 45454545 47727271 0.027303
hs9 47727272 49999999 0.000000
hs9 50000000 52272726 0.000000
hs9 52272727 54545453 0.000000
hs9 54545454 56818180 0.000000
hs9 56818181 59090908 0.000000
hs9 59090909 61363635 0.000000
hs9 61363636 63636362 0.000000
hs9 63636363 65909089 0.011759
hs9 65909090 68181817 0.060084
hs9 68181818 70454544 0.246499
hs9 70454545 72727271 0.727217
hs9 72727272 74999999 0.398938
hs9 75000000 77272726 0.216898
hs9 77272727 79545453 0.521399
hs9 79545454 81818180 0.224085
hs9 81818181 84090908 0.057702
hs9 84090909 86363635 0.329595
hs9 86363636 88636362 0.378272
hs9 88636363 90909089 0.242999
hs9 90909090 93181817 0.263752
hs9 93181818 95454544 0.672145
hs9 95454545 97727271 0.482146
hs9 97727272 99999999 0.522502
hs9 100000000 102272726 0.565003
hs9 102272727 104545453 0.301256
hs9 104545454 106818180 0.110453
hs9 106818181 109090908 0.249062
hs9 109090909 111363635 0.264745
hs9 111363636 113636362 0.786899
hs9 113636363 115909089 0.593278
hs9 115909090 118181817 0.456403
hs9 118181818 120454544 0.457539
hs9 120454545 122727271 0.278126
hs9 122727272 124999999 0.775896
hs9 125000000 127272726 0.733592
hs9 127272727 129545453 0.673006
hs9 129545454 131818180 0.591922
hs9 131818181 134090908 0.587930
hs9 134090909 136363635 0.602816
hs9 136363636 138636362 0.433391
hs9 138636363 140909089 0.526563
hs15 0 2272726 0.000000
hs15 2272727 4545453 0.000000
hs15 4545454 6818180 0.000000
hs15 6818181 9090908 0.000000
hs15 9090909 11363635 0.000000
hs15 11363636 13636362 0.000000
hs15 13636363 15909089 0.000000
hs15 15909090 18181817 0.000000
hs15 18181818 20454544 0.147376
hs15 20454545 22727271 0.206973
hs15 22727272 24999999 0.419217
hs15 25000000 27272726 0.593996
hs15 27272727 29545453 0.417406
hs15 29545454 31818180 0.525320
hs15 31818181 34090908 0.460472
hs15 34090909 36363635 0.233142
hs15 36363636 38636362 0.380503
hs15 38636363 40909089 0.754516
hs15 40909090 43181817 0.714194
hs15 43181818 45454544 0.343332
hs15 45454545 47727271 0.586472
hs15 47727272 49999999 0.648413
hs15 50000000 52272726 0.465472
hs15 52272727 54545453 0.584448
hs15 54545454 56818180 0.556615
hs15 56818181 59090908 0.569675
hs15 59090909 61363635 0.341266
hs15 61363636 63636362 0.703523
hs15 63636363 65909089 0.714133
hs15 65909090 68181817 0.438505
hs15 68181818 70454544 0.634197
hs15 70454545 72727271 0.524986
hs15 72727272 74999999 0.667902
hs15 75000000 77272726 0.448524
hs15 77272727 79545453 0.394186
hs15 79545454 81818180 0.477263
hs15 81818181 84090908 0.633140
hs15 84090909 86363635 0.471172
hs15 86363636 88636362 0.502711
hs15 88636363 90909089 0.481768
hs15 90909090 93181817 0.176902
hs15 93181818 95454544 0.040174
hs15 95454545 97727271 0.369003
hs15 97727272 99999999 0.556115
hs15 100000000 102272726 0.045831
hs5 0 2272726 0.417098
hs5 2272727 4545453 0.006200
hs5 4545454 6818180 0.210903
hs5 6818181 9090908 0.219228
hs5 9090909 11363635 0.643088
hs5 11363636 13636362 0.362473
hs5 13636363 15909089 0.533284
hs5 15909090 18181817 0.341193
hs5 18181818 20454544 0.226687
hs5 20454545 22727271 0.475356
hs5 22727272 24999999 0.149998
hs5 25000000 27272726 0.069512
hs5 27272727 29545453 0.000000
hs5 29545454 31818180 0.125804
hs5 31818181 34090908 0.491161
hs5 34090909 36363635 0.451218
hs5 36363636 38636362 0.536092
hs5 38636363 40909089 0.259389
hs5 40909090 43181817 0.452467
hs5 43181818 45454544 0.275067
hs5 45454545 47727271 0.122071
hs5 47727272 49999999 0.020994
hs5 50000000 52272726 0.157183
hs5 52272727 54545453 0.354638
hs5 54545454 56818180 0.409260
hs5 56818181 59090908 0.470676
hs5 59090909 61363635 0.682447
hs5 61363636 63636362 0.200790
hs5 63636363 65909089 0.587846
hs5 65909090 68181817 0.291699
hs5 68181818 70454544 1.104350
hs5 70454545 72727271 0.331405
hs5 72727272 74999999 0.429302
hs5 75000000 77272726 0.528850
hs5 77272727 79545453 0.650852
hs5 79545454 81818180 0.635646
hs5 81818181 84090908 0.412281
hs5 84090909 86363635 0.007877
hs5 86363636 88636362 0.240200
hs5 88636363 90909089 0.328542
hs5 90909090 93181817 0.170151
hs5 93181818 95454544 0.796204
hs5 95454545 97727271 0.182024
hs5 97727272 99999999 0.069784
hs5 100000000 102272726 0.144885
hs5 102272727 104545453 0.116272
hs5 104545454 106818180 0.034185
hs5 106818181 109090908 0.586995
hs5 109090909 111363635 0.516999
hs5 111363636 113636362 0.460474
hs5 113636363 115909089 0.375316
hs5 115909090 118181817 0.012919
hs5 118181818 120454544 0.340726
hs5 120454545 122727271 0.267765
hs5 122727272 124999999 0.120025
hs5 125000000 127272726 0.302116
hs5 127272727 129545453 0.479720
hs5 129545454 131818180 0.341533
hs5 131818181 134090908 0.528219
hs5 134090909 136363635 0.294815
hs5 136363636 138636362 0.693554
hs5 138636363 140909089 2.722365
hs5 140909090 143181817 0.446506
hs5 143181818 145454544 0.240173
hs5 145454545 147727271 0.558100
hs5 147727272 149999999 0.598598
hs5 150000000 152272726 0.300913
hs5 152272727 154545453 0.385575
hs5 154545454 156818180 0.333032
hs5 156818181 159090908 0.370264
hs5 159090909 161363635 0.418968
hs5 161363636 163636362 0.065753
hs5 163636363 165909089 0.000000
hs5 165909090 168181817 0.604494
hs5 168181818 170454544 0.788174
hs5 170454545 172727271 0.494404
hs5 172727272 174999999 0.100014
hs5 175000000 177272726 0.535542
hs5 177272727 179545453 0.593951
hs5 179545454 181818180 0.198968
hsY 0 2272726 0.241469
hsY 2272727 4545453 0.161174
hsY 4545454 6818180 0.383376
hsY 6818181 9090908 0.145909
hsY 9090909 11363635 0.400388
hsY 11363636 13636362 0.097379
hsY 13636363 15909089 0.245990
hsY 15909090 18181817 0.013891
hsY 18181818 20454544 0.233205
hsY 20454545 22727271 0.164549
hsY 22727272 24999999 0.291303
hsY 25000000 27272726 0.240625
hsY 27272727 29545453 0.000000
hsY 29545454 31818180 0.000000
hsY 31818181 34090908 0.000000
hsY 34090909 36363635 0.000000
hsY 36363636 38636362 0.000000
hsY 38636363 40909089 0.000000
hsY 40909090 43181817 0.000000
hsY 43181818 45454544 0.000000
hsY 45454545 47727271 0.000000
hsY 47727272 49999999 0.000000
hsY 50000000 52272726 0.000000
hsY 52272727 54545453 0.000000
hsY 54545454 56818180 0.000000
hsY 56818181 59090908 0.039775
hs1 0 2272726 0.504776
hs1 2272727 4545453 0.425153
hs1 4545454 6818180 0.403751
hs1 6818181 9090908 0.739350
hs1 9090909 11363635 0.656587
hs1 11363636 13636362 0.439260
hs1 13636363 15909089 0.508949
hs1 15909090 18181817 0.538457
hs1 18181818 20454544 0.501247
hs1 20454545 22727271 0.588665
hs1 22727272 24999999 0.520465
hs1 25000000 27272726 0.513443
hs1 27272727 29545453 0.687242
hs1 29545454 31818180 0.183078
hs1 31818181 34090908 0.610682
hs1 34090909 36363635 0.501361
hs1 36363636 38636362 0.386648
hs1 38636363 40909089 0.496508
hs1 40909090 43181817 0.572723
hs1 43181818 45454544 0.670091
hs1 45454545 47727271 0.583731
hs1 47727272 49999999 0.685582
hs1 50000000 52272726 0.709676
hs1 52272727 54545453 0.713217
hs1 54545454 56818180 0.297981
hs1 56818181 59090908 0.719585
hs1 59090909 61363635 0.311115
hs1 61363636 63636362 0.560521
hs1 63636363 65909089 0.701173
hs1 65909090 68181817 0.629668
hs1 68181818 70454544 0.272325
hs1 70454545 72727271 0.557017
hs1 72727272 74999999 0.303449
hs1 75000000 77272726 0.593363
hs1 77272727 79545453 0.552566
hs1 79545454 81818180 0.000000
hs1 81818181 84090908 0.084492
hs1 84090909 86363635 0.699322
hs1 86363636 88636362 0.242055
hs1 88636363 90909089 0.324277
hs1 90909090 93181817 0.552911
hs1 93181818 95454544 0.469880
hs1 95454545 97727271 0.227869
hs1 97727272 99999999 0.348751
hs1 100000000 102272726 0.404673
hs1 102272727 104545453 0.178520
hs1 104545454 106818180 0.152544
hs1 106818181 109090908 0.429664
hs1 109090909 111363635 0.443359
hs1 111363636 113636362 0.451911
hs1 113636363 115909089 0.508286
hs1 115909090 118181817 0.389554
hs1 118181818 120454544 0.376861
hs1 120454545 122727271 0.038413
hs1 122727272 124999999 0.000000
hs1 125000000 127272726 0.000000
hs1 127272727 129545453 0.000000
hs1 129545454 131818180 0.000000
hs1 131818181 134090908 0.000000
hs1 134090909 136363635 0.000000
hs1 136363636 138636362 0.000000
hs1 138636363 140909089 0.000000
hs1 140909090 143181817 0.071958
hs1 143181818 145454544 0.551843
hs1 145454545 147727271 0.231682
hs1 147727272 149999999 0.575820
hs1 150000000 152272726 0.284986
hs1 152272727 154545453 0.715182
hs1 154545454 156818180 0.365342
hs1 156818181 159090908 0.392083
hs1 159090909 161363635 0.532103
hs1 161363636 163636362 0.238393
hs1 163636363 165909089 0.443744
hs1 165909090 168181817 0.510550
hs1 168181818 170454544 0.482360
hs1 170454545 172727271 0.485287
hs1 172727272 174999999 0.699365
hs1 175000000 177272726 0.513278
hs1 177272727 179545453 0.675081
hs1 179545454 181818180 0.481241
hs1 181818181 184090908 0.573927
hs1 184090909 186363635 0.286212
hs1 186363636 188636362 0.133295
hs1 188636363 190909089 0.080555
hs1 190909090 193181817 0.101061
hs1 193181818 195454544 0.319252
hs1 195454545 197727271 0.351800
hs1 197727272 199999999 0.365342
hs1 200000000 202272726 0.577463
hs1 202272727 204545453 0.535122
hs1 204545454 206818180 0.492124
hs1 206818181 209090908 0.421289
hs1 209090909 211363635 0.536436
hs1 211363636 213636362 0.412495
hs1 213636363 215909089 0.760224
hs1 215909090 218181817 0.177184
hs1 218181818 220454544 0.242875
hs1 220454545 222727271 0.418355
hs1 222727272 224999999 0.551815
hs1 225000000 227272726 0.416649
hs1 227272727 229545453 0.394248
hs1 229545454 231818180 0.687678
hs1 231818181 234090908 0.549473
hs1 234090909 236363635 0.640922
hs1 236363636 238636362 0.264235
hs1 238636363 240909089 0.679213
hs1 240909090 243181817 0.495894
hs1 243181818 245454544 0.798694
hs1 245454545 247727271 0.165465
hs19 0 2272726 0.586667
hs19 2272727 4545453 0.702251
hs19 4545454 6818180 0.598359
hs19 6818181 9090908 0.526394
hs19 9090909 11363635 0.620660
hs19 11363636 13636362 0.575315
hs19 13636363 15909089 0.468183
hs19 15909090 18181817 0.683521
hs19 18181818 20454544 0.637434
hs19 20454545 22727271 0.262937
hs19 22727272 24999999 0.094425
hs19 25000000 27272726 0.000000
hs19 27272727 29545453 0.000000
hs19 29545454 31818180 0.000000
hs19 31818181 34090908 0.001517
hs19 34090909 36363635 0.157131
hs19 36363636 38636362 0.354268
hs19 38636363 40909089 0.408517
hs19 40909090 43181817 0.575080
hs19 43181818 45454544 0.588811
hs19 45454545 47727271 0.542211
hs19 47727272 49999999 0.415234
hs19 50000000 52272726 0.518643
hs19 52272727 54545453 0.670559
hs19 54545454 56818180 0.576982
hs19 56818181 59090908 0.527554
hs19 59090909 61363635 0.612633
hs19 61363636 63636362 0.432060
hs19 63636363 65909089 0.041111
hs2 0 2272726 0.546440
hs2 2272727 4545453 0.207887
hs2 4545454 6818180 0.027504
hs2 6818181 9090908 0.210167
hs2 9090909 11363635 0.509545
hs2 11363636 13636362 0.126580
hs2 13636363 15909089 0.194145
hs2 15909090 18181817 0.186843
hs2 18181818 20454544 0.118028
hs2 20454545 22727271 0.097308
hs2 22727272 24999999 0.514178
hs2 25000000 27272726 0.707093
hs2 27272727 29545453 0.754136
hs2 29545454 31818180 0.536890
hs2 31818181 34090908 0.687578
hs2 34090909 36363635 0.000000
hs2 36363636 38636362 0.492226
hs2 38636363 40909089 0.499884
hs2 40909090 43181817 0.177968
hs2 43181818 45454544 0.567151
hs2 45454545 47727271 0.637908
hs2 47727272 49999999 0.338044
hs2 50000000 52272726 0.489799
hs2 52272727 54545453 0.304738
hs2 54545454 56818180 0.518436
hs2 56818181 59090908 0.086005
hs2 59090909 61363635 0.218316
hs2 61363636 63636362 0.607707
hs2 63636363 65909089 0.287785
hs2 65909090 68181817 0.075365
hs2 68181818 70454544 0.553754
hs2 70454545 72727271 0.548116
hs2 72727272 74999999 0.620130
hs2 75000000 77272726 0.329831
hs2 77272727 79545453 0.151735
hs2 79545454 81818180 0.500903
hs2 81818181 84090908 0.000426
hs2 84090909 86363635 0.519277
hs2 86363636 88636362 0.471247
hs2 88636363 90909089 0.075153
hs2 90909090 93181817 0.013812
hs2 93181818 95454544 0.136989
hs2 95454545 97727271 0.364802
hs2 97727272 99999999 0.796656
hs2 100000000 102272726 0.459488
hs2 102272727 104545453 0.183252
hs2 104545454 106818180 0.254710
hs2 106818181 109090908 0.265979
hs2 109090909 111363635 0.705396
hs2 111363636 113636362 0.511767
hs2 113636363 115909089 0.589948
hs2 115909090 118181817 0.180270
hs2 118181818 120454544 0.323368
hs2 120454545 122727271 0.358989
hs2 122727272 124999999 0.220293
hs2 125000000 127272726 0.189155
hs2 127272727 129545453 0.331706
hs2 129545454 131818180 0.236311
hs2 131818181 134090908 0.603600
hs2 134090909 136363635 0.615042
hs2 136363636 138636362 0.361563
hs2 138636363 140909089 0.170727
hs2 140909090 143181817 0.746526
hs2 143181818 145454544 0.583544
hs2 145454545 147727271 0.059864
hs2 147727272 149999999 0.586077
hs2 150000000 152272726 0.185548
hs2 152272727 154545453 0.401994
hs2 154545454 156818180 0.277730
hs2 156818181 159090908 0.434926
hs2 159090909 161363635 0.623348
hs2 161363636 163636362 0.560813
hs2 163636363 165909089 0.304898
hs2 165909090 168181817 0.482958
hs2 168181818 170454544 0.654717
hs2 170454545 172727271 0.674431
hs2 172727272 174999999 0.429063
hs2 175000000 177272726 0.299066
hs2 177272727 179545453 0.753112
hs2 179545454 181818180 0.320209
hs2 181818181 184090908 0.450894
hs2 184090909 186363635 0.172990
hs2 186363636 188636362 0.195150
hs2 188636363 190909089 0.436889
hs2 190909090 193181817 0.392947
hs2 193181818 195454544 0.011905
hs2 195454545 197727271 0.541376
hs2 197727272 199999999 0.366488
hs2 200000000 202272726 0.571989
hs2 202272727 204545453 0.576804
hs2 204545454 206818180 0.599184
hs2 206818181 209090908 0.459133
hs2 209090909 211363635 0.448237
hs2 211363636 213636362 0.539756
hs2 213636363 215909089 0.743921
hs2 215909090 218181817 0.391171
hs2 218181818 220454544 0.586292
hs2 220454545 222727271 0.067877
hs2 222727272 224999999 0.310121
hs2 225000000 227272726 0.284197
hs2 227272727 229545453 0.437140
hs2 229545454 231818180 0.693915
hs2 231818181 234090908 0.627676
hs2 234090909 236363635 0.588294
hs2 236363636 238636362 0.492684
hs2 238636363 240909089 0.314816
hs2 240909090 243181817 0.493051
hs8 0 2272726 0.317596
hs8 2272727 4545453 0.776676
hs8 4545454 6818180 0.302468
hs8 6818181 9090908 0.253568
hs8 9090909 11363635 0.558884
hs8 11363636 13636362 0.424908
hs8 13636363 15909089 0.604015
hs8 15909090 18181817 0.421545
hs8 18181818 20454544 0.436674
hs8 20454545 22727271 0.365893
hs8 22727272 24999999 0.289745
hs8 25000000 27272726 0.408706
hs8 27272727 29545453 0.598781
hs8 29545454 31818180 0.407160
hs8 31818181 34090908 0.477297
hs8 34090909 36363635 0.246051
hs8 36363636 38636362 0.290611
hs8 38636363 40909089 0.603024
hs8 40909090 43181817 0.510349
hs8 43181818 45454544 0.031128
hs8 45454545 47727271 0.000000
hs8 47727272 49999999 0.339833
hs8 50000000 52272726 0.389212
hs8 52272727 54545453 0.449178
hs8 54545454 56818180 0.357245
hs8 56818181 59090908 0.161748
hs8 59090909 61363635 0.306462
hs8 61363636 63636362 0.454201
hs8 63636363 65909089 0.325987
hs8 65909090 68181817 0.358421
hs8 68181818 70454544 0.536745
hs8 70454545 72727271 0.425429
hs8 72727272 74999999 0.522685
hs8 75000000 77272726 0.123540
hs8 77272727 79545453 0.122844
hs8 79545454 81818180 0.290616
hs8 81818181 84090908 0.185543
hs8 84090909 86363635 0.369504
hs8 86363636 88636362 0.481971
hs8 88636363 90909089 0.143840
hs8 90909090 93181817 0.356077
hs8 93181818 95454544 0.131431
hs8 95454545 97727271 0.318298
hs8 97727272 99999999 0.616155
hs8 100000000 102272726 0.596328
hs8 102272727 104545453 0.490195
hs8 104545454 106818180 0.604832
hs8 106818181 109090908 0.404672
hs8 109090909 111363635 0.274165
hs8 111363636 113636362 0.146094
hs8 113636363 115909089 0.388145
hs8 115909090 118181817 0.248391
hs8 118181818 120454544 0.416447
hs8 120454545 122727271 0.473424
hs8 122727272 124999999 0.305840
hs8 125000000 127272726 0.399715
hs8 127272727 129545453 0.157783
hs8 129545454 131818180 0.214731
hs8 131818181 134090908 0.515435
hs8 134090909 136363635 0.305082
hs8 136363636 138636362 0.091362
hs8 138636363 140909089 0.387368
hs8 140909090 143181817 0.556468
hs8 143181818 145454544 0.446361
hs8 145454545 147727271 0.198429
hs6 0 2272726 0.467112
hs6 2272727 4545453 0.275341
hs6 4545454 6818180 0.638675
hs6 6818181 9090908 0.275955
hs6 9090909 11363635 0.240958
hs6 11363636 13636362 0.497699
hs6 13636363 15909089 0.286095
hs6 15909090 18181817 0.459929
hs6 18181818 20454544 0.147060
hs6 20454545 22727271 0.589273
hs6 22727272 24999999 0.266339
hs6 25000000 27272726 0.412895
hs6 27272727 29545453 0.150335
hs6 29545454 31818180 0.348048
hs6 31818181 34090908 0.463688
hs6 34090909 36363635 0.686997
hs6 36363636 38636362 0.649005
hs6 38636363 40909089 0.553637
hs6 40909090 43181817 0.558233
hs6 43181818 45454544 0.589387
hs6 45454545 47727271 0.481494
hs6 47727272 49999999 0.215173
hs6 50000000 52272726 0.272685
hs6 52272727 54545453 0.446915
hs6 54545454 56818180 0.404585
hs6 56818181 59090908 0.255293
hs6 59090909 61363635 0.000000
hs6 61363636 63636362 0.266744
hs6 63636363 65909089 0.679725
hs6 65909090 68181817 0.249196
hs6 68181818 70454544 0.337020
hs6 70454545 72727271 0.482038
hs6 72727272 74999999 0.603494
hs6 75000000 77272726 0.344752
hs6 77272727 79545453 0.000517
hs6 79545454 81818180 0.283216
hs6 81818181 84090908 0.221938
hs6 84090909 86363635 0.310838
hs6 86363636 88636362 0.264443
hs6 88636363 90909089 0.555355
hs6 90909090 93181817 0.099359
hs6 93181818 95454544 0.109544
hs6 95454545 97727271 0.270072
hs6 97727272 99999999 0.144701
hs6 100000000 102272726 0.416287
hs6 102272727 104545453 0.154847
hs6 104545454 106818180 0.241234
hs6 106818181 109090908 0.654995
hs6 109090909 111363635 0.589125
hs6 111363636 113636362 0.370357
hs6 113636363 115909089 0.028915
hs6 115909090 118181817 0.473513
hs6 118181818 120454544 0.469978
hs6 120454545 122727271 0.118426
hs6 122727272 124999999 0.731779
hs6 125000000 127272726 0.315395
hs6 127272727 129545453 0.586503
hs6 129545454 131818180 0.472934
hs6 131818181 134090908 0.374227
hs6 134090909 136363635 0.714592
hs6 136363636 138636362 0.459549
hs6 138636363 140909089 0.237628
hs6 140909090 143181817 0.180478
hs6 143181818 145454544 0.684607
hs6 145454545 147727271 0.442815
hs6 147727272 149999999 0.379886
hs6 150000000 152272726 0.621213
hs6 152272727 154545453 0.481353
hs6 154545454 156818180 0.326361
hs6 156818181 159090908 0.642626
hs6 159090909 161363635 0.400793
hs6 161363636 163636362 0.963214
hs6 163636363 165909089 0.209827
hs6 165909090 168181817 0.441855
hs6 168181818 170454544 0.289121
hs6 170454545 172727271 0.062677
hs14 0 2272726 0.000000
hs14 2272727 4545453 0.000000
hs14 4545454 6818180 0.000000
hs14 6818181 9090908 0.000000
hs14 9090909 11363635 0.000000
hs14 11363636 13636362 0.000000
hs14 13636363 15909089 0.000000
hs14 15909090 18181817 0.000000
hs14 18181818 20454544 0.116338
hs14 20454545 22727271 0.291048
hs14 22727272 24999999 0.319010
hs14 25000000 27272726 0.066824
hs14 27272727 29545453 0.165392
hs14 29545454 31818180 0.435827
hs14 31818181 34090908 0.637435
hs14 34090909 36363635 0.463764
hs14 36363636 38636362 0.342149
hs14 38636363 40909089 0.087727
hs14 40909090 43181817 0.130676
hs14 43181818 45454544 0.144622
hs14 45454545 47727271 0.367828
hs14 47727272 49999999 0.256915
hs14 50000000 52272726 0.557256
hs14 52272727 54545453 0.311851
hs14 54545454 56818180 0.377326
hs14 56818181 59090908 0.366894
hs14 59090909 61363635 0.507308
hs14 61363636 63636362 0.487626
hs14 63636363 65909089 0.475766
hs14 65909090 68181817 0.862031
hs14 68181818 70454544 0.502473
hs14 70454545 72727271 0.649061
hs14 72727272 74999999 0.634347
hs14 75000000 77272726 0.680362
hs14 77272727 79545453 0.716311
hs14 79545454 81818180 0.386677
hs14 81818181 84090908 0.000000
hs14 84090909 86363635 0.043025
hs14 86363636 88636362 0.281929
hs14 88636363 90909089 0.711135
hs14 90909090 93181817 0.730883
hs14 93181818 95454544 0.380204
hs14 95454545 97727271 0.215758
hs14 97727272 99999999 0.361806
hs14 100000000 102272726 0.430461
hs14 102272727 104545453 0.478072
hs14 104545454 106818180 0.150663
hs17 0 2272726 0.764905
hs17 2272727 4545453 0.629476
hs17 4545454 6818180 0.448601
hs17 6818181 9090908 0.616944
hs17 9090909 11363635 0.620365
hs17 11363636 13636362 0.437802
hs17 13636363 15909089 0.261688
hs17 15909090 18181817 0.670927
hs17 18181818 20454544 0.535876
hs17 20454545 22727271 0.131533
hs17 22727272 24999999 0.589931
hs17 25000000 27272726 0.676479
hs17 27272727 29545453 0.819067
hs17 29545454 31818180 0.363969
hs17 31818181 34090908 0.547639
hs17 34090909 36363635 0.598630
hs17 36363636 38636362 0.537612
hs17 38636363 40909089 0.542102
hs17 40909090 43181817 0.599350
hs17 43181818 45454544 0.491340
hs17 45454545 47727271 0.572919
hs17 47727272 49999999 0.001028
hs17 50000000 52272726 0.335759
hs17 52272727 54545453 0.644121
hs17 54545454 56818180 0.774356
hs17 56818181 59090908 0.604389
hs17 59090909 61363635 0.593262
hs17 61363636 63636362 0.708946
hs17 63636363 65909089 0.414768
hs17 65909090 68181817 0.014758
hs17 68181818 70454544 0.612218
hs17 70454545 72727271 0.666558
hs17 72727272 74999999 0.588170
hs17 75000000 77272726 0.628285
hs17 77272727 79545453 0.428879
hs21 0 2272726 0.000000
hs21 2272727 4545453 0.000000
hs21 4545454 6818180 0.000000
hs21 6818181 9090908 0.000000
hs21 9090909 11363635 0.192571
hs21 11363636 13636362 0.035237
hs21 13636363 15909089 0.170720
hs21 15909090 18181817 0.370916
hs21 18181818 20454544 0.069114
hs21 20454545 22727271 0.264483
hs21 22727272 24999999 0.000000
hs21 25000000 27272726 0.290921
hs21 27272727 29545453 0.145944
hs21 29545454 31818180 0.429699
hs21 31818181 34090908 0.532467
hs21 34090909 36363635 0.330768
hs21 36363636 38636362 0.631187
hs21 38636363 40909089 0.592554
hs21 40909090 43181817 0.561166
hs21 43181818 45454544 0.589314
hs21 45454545 47727271 0.352051
