hsX 0 1136362 0.101308
hsX 1136363 2272726 0.381630
hsX 2272727 3409089 0.506913
hsX 3409090 4545453 0.096178
hsX 4545454 5681817 0.000000
hsX 5681818 6818180 0.299311
hsX 6818181 7954544 0.233504
hsX 7954545 9090908 0.198075
hsX 9090909 10227271 0.589096
hsX 10227272 11363635 0.620697
hsX 11363636 12499999 0.599454
hsX 12500000 13636362 0.329971
hsX 13636363 14772726 0.398749
hsX 14772727 15909089 0.505578
hsX 15909090 17045453 0.402457
hsX 17045454 18181817 0.481964
hsX 18181818 19318180 0.683191
hsX 19318181 20454544 0.689776
hsX 20454545 21590908 0.249145
hsX 21590909 22727271 0.327324
hsX 22727272 23863635 0.200461
hsX 23863636 24999999 0.579407
hsX 25000000 26136362 0.004930
hsX 26136363 27272726 0.002390
hsX 27272727 28409089 0.020794
hsX 28409090 29545453 0.906271
hsX 29545454 30681817 0.406494
hsX 30681818 31818180 0.733642
hsX 31818181 32954544 1.000000
hsX 32954545 34090908 0.277801
hsX 34090909 35227271 0.028467
hsX 35227272 36363635 0.284534
hsX 36363636 37499999 0.231907
hsX 37500000 38636362 0.436881
hsX 38636363 39772726 0.000000
hsX 39772727 40909089 0.298896
hsX 40909090 42045453 0.474447
hsX 42045454 43181817 0.000766
hsX 43181818 44318180 0.392973
hsX 44318181 45454544 0.257698
hsX 45454545 46590908 0.232727
hsX 46590909 47727271 0.496034
hsX 47727272 48863635 0.387612
hsX 48863636 49999999 1.002154
hsX 50000000 51136362 0.354877
hsX 51136363 52272726 0.146085
hsX 52272727 53409089 0.338853
hsX 53409090 54545453 0.579821
hsX 54545454 55681817 0.211562
hsX 55681818 56818180 0.128968
hsX 56818181 57954544 0.245469
hsX 57954545 59090908 0.000000
hsX 59090909 60227271 0.000000
hsX 60227272 61363635 0.000000
hsX 61363636 62499999 0.003619
hsX 62500000 63636362 0.382390
hsX 63636363 64772726 0.140556
hsX 64772727 65909089 0.191819
hsX 65909090 67045453 0.158617
hsX 67045454 68181817 0.453968
hsX 68181818 69318180 0.443113
hsX 69318181 70454544 0.667259
hsX 70454545 71590908 0.620151
hsX 71590909 72727271 0.316751
hsX 72727272 73863635 0.618134
hsX 73863636 74999999 0.427979
hsX 75000000 76136362 0.007967
hsX 76136363 77272726 0.460877
hsX 77272727 78409089 0.083222
hsX 78409090 79545453 0.080943
hsX 79545454 80681817 0.323176
hsX 80681818 81818180 0.000000
hsX 81818181 82954544 0.001327
hsX 82954545 84090908 0.299548
hsX 84090909 85227271 0.373316
hsX 85227272 86363635 0.602054
hsX 86363636 87499999 0.134057
hsX 87500000 88636362 0.006652
hsX 88636363 89772726 0.000831
hsX 89772727 90909089 0.003509
hsX 90909090 92045453 0.742688
hsX 92045454 93181817 0.036027
hsX 93181818 94318180 0.000000
hsX 94318181 95454544 0.000000
hsX 95454545 96590908 0.674917
hsX 96590909 97727271 0.133184
hsX 97727272 98863635 0.229135
hsX 98863636 99999999 0.422382
hsX 100000000 101136362 0.451434
hsX 101136363 102272726 0.482094
hsX 102272727 103409089 0.183310
hsX 103409090 104545453 0.747606
hsX 104545454 105681817 0.471042
hsX 105681818 106818180 0.473268
hsX 106818181 107954544 0.721445
hsX 107954545 109090908 0.186192
hsX 109090909 110227271 0.648176
hsX 110227272 111363635 0.728830
hsX 111363636 112499999 0.298260
hsX 112500000 113636362 0.000000
hsX 113636363 114772726 0.489690
hsX 114772727 115909089 0.043244
hsX 115909090 117045453 0.114092
hsX 117045454 118181817 0.501042
hsX 118181818 119318180 0.320575
hsX 119318181 120454544 0.525025
hsX 120454545 121590908 0.000000
hsX 121590909 122727271 0.386564
hsX 122727272 123863635 0.659020
hsX 123863636 124999999 0.054307
hsX 125000000 126136362 0.007126
hsX 126136363 127272726 0.001268
hsX 127272727 128409089 0.000820
hsX 128409090 129545453 0.467396
hsX 129545454 130681817 0.304308
hsX 130681818 131818180 0.510880
hsX 131818181 132954544 0.592618
hsX 132954545 134090908 0.285945
hsX 134090909 135227271 0.355217
hsX 135227272 136363635 0.250906
hsX 136363636 137499999 0.005205
hsX 137500000 138636362 0.649414
hsX 138636363 139772726 0.109190
hsX 139772727 140909089 0.070895
hsX 140909090 142045453 0.009955
hsX 142045454 143181817 0.028799
hsX 143181818 144318180 0.007588
hsX 144318181 145454544 0.009611
hsX 145454545 146590908 0.002389
hsX 146590909 147727271 0.382528
hsX 147727272 148863635 0.287665
hsX 148863636 149999999 0.474556
hsX 150000000 151136362 0.217099
hsX 151136363 152272726 0.371458
hsX 152272727 153409089 0.563173
hsX 153409090 154545453 0.609500
hsX 154545454 155681817 0.079549
hs12 0 1136362 0.796154
hs12 1136363 2272726 0.827742
hs12 2272727 3409089 0.712657
hs12 3409090 4545453 0.414132
hs12 4545454 5681817 0.352132
hs12 5681818 6818180 0.716216
hs12 6818181 7954544 0.516196
hs12 7954545 9090908 0.365906
hs12 9090909 10227271 0.371290
hs12 10227272 11363635 0.720396
hs12 11363636 12499999 0.487750
hs12 12500000 13636362 0.381791
hs12 13636363 14772726 0.588863
hs12 14772727 15909089 0.598300
hs12 15909090 17045453 0.275832
hs12 17045454 18181817 0.008195
hs12 18181818 19318180 0.516586
hs12 19318181 20454544 0.198939
hs12 20454545 21590908 0.751645
hs12 21590909 22727271 0.479123
hs12 22727272 23863635 0.259374
hs12 23863636 24999999 0.792319
hs12 25000000 26136362 0.436239
hs12 26136363 27272726 0.576624
hs12 27272727 28409089 0.506664
hs12 28409090 29545453 0.357998
hs12 29545454 30681817 0.257080
hs12 30681818 31818180 0.475056
hs12 31818181 32954544 0.555798
hs12 32954545 34090908 0.061978
hs12 34090909 35227271 0.000000
hs12 35227272 36363635 0.000000
hs12 36363636 37499999 0.159020
hs12 37500000 38636362 0.529491
hs12 38636363 39772726 0.590990
hs12 39772727 40909089 0.458557
hs12 40909090 42045453 0.253757
hs12 42045454 43181817 0.715933
hs12 43181818 44318180 0.626697
hs12 44318181 45454544 0.319151
hs12 45454545 46590908 0.245426
hs12 46590909 47727271 0.393494
hs12 47727272 48863635 0.573870
hs12 48863636 49999999 0.777629
hs12 50000000 51136362 0.504036
hs12 51136363 52272726 0.492364
hs12 52272727 53409089 0.440568
hs12 53409090 54545453 0.174749
hs12 54545454 55681817 0.549759
hs12 55681818 56818180 0.506330
hs12 56818181 57954544 0.042528
hs12 57954545 59090908 0.081210
hs12 59090909 60227271 0.000000
hs12 60227272 61363635 0.706084
hs12 61363636 62499999 0.348997
hs12 62500000 63636362 0.599641
hs12 63636363 64772726 0.482874
hs12 64772727 65909089 0.416691
hs12 65909090 67045453 0.115944
hs12 67045454 68181817 0.332703
hs12 68181818 69318180 0.461546
hs12 69318181 70454544 0.500698
hs12 70454545 71590908 0.536095
hs12 71590909 72727271 0.000000
hs12 72727272 73863635 0.129490
hs12 73863636 74999999 0.202812
hs12 75000000 76136362 0.322286
hs12 76136363 77272726 0.335916
hs12 77272727 78409089 0.517512
hs12 78409090 79545453 0.540124
hs12 79545454 80681817 0.770428
hs12 80681818 81818180 0.299515
hs12 81818181 82954544 0.205934
hs12 82954545 84090908 0.186544
hs12 84090909 85227271 0.408689
hs12 85227272 86363635 0.465996
hs12 86363636 87499999 0.267809
hs12 87500000 88636362 0.164650
hs12 88636363 89772726 0.000000
hs12 89772727 90909089 0.086466
hs12 90909090 92045453 0.194621
hs12 92045454 93181817 0.364046
hs12 93181818 94318180 0.520050
hs12 94318181 95454544 0.502403
hs12 95454545 96590908 0.204756
hs12 96590909 97727271 0.213228
hs12 97727272 98863635 1.002018
hs12 98863636 99999999 0.674409
hs12 100000000 101136362 0.588704
hs12 101136363 102272726 0.193356
hs12 102272727 103409089 0.719976
hs12 103409090 104545453 0.558312
hs12 104545454 105681817 0.561717
hs12 105681818 106818180 0.642765
hs12 106818181 107954544 0.474602
hs12 107954545 109090908 0.683317
hs12 109090909 110227271 0.646341
hs12 110227272 111363635 0.801229
hs12 111363636 112499999 0.514373
hs12 112500000 113636362 0.191894
hs12 113636363 114772726 0.000000
hs12 114772727 115909089 0.504048
hs12 115909090 117045453 0.791741
hs12 117045454 118181817 0.414984
hs12 118181818 119318180 0.684697
hs12 119318181 120454544 0.625613
hs12 120454545 121590908 0.803116
hs12 121590909 122727271 0.670116
hs12 122727272 123863635 0.533598
hs12 123863636 124999999 0.474368
hs12 125000000 126136362 0.026668
hs12 126136363 127272726 0.000000
hs12 127272727 128409089 0.784222
hs12 128409090 129545453 0.607467
hs12 129545454 130681817 0.274792
hs12 130681818 131818180 0.629315
hs12 131818181 132954544 0.265809
hs11 0 1136362 0.555811
hs11 1136363 2272726 0.596013
hs11 2272727 3409089 0.716739
hs11 3409090 4545453 0.440058
hs11 4545454 5681817 0.214408
hs11 5681818 6818180 0.252850
hs11 6818181 7954544 0.462917
hs11 7954545 9090908 0.699534
hs11 9090909 10227271 0.763223
hs11 10227272 11363635 0.376828
hs11 11363636 12499999 0.678042
hs11 12500000 13636362 0.412717
hs11 13636363 14772726 0.693487
hs11 14772727 15909089 0.208636
hs11 15909090 17045453 0.665675
hs11 17045454 18181817 0.570977
hs11 18181818 19318180 0.453374
hs11 19318181 20454544 0.781133
hs11 20454545 21590908 0.875325
hs11 21590909 22727271 0.191329
hs11 22727272 23863635 0.063041
hs11 23863636 24999999 0.461885
hs11 25000000 26136362 0.053471
hs11 26136363 27272726 0.430549
hs11 27272727 28409089 0.629504
hs11 28409090 29545453 0.000000
hs11 29545454 30681817 0.200110
hs11 30681818 31818180 0.488036
hs11 31818181 32954544 0.339575
hs11 32954545 34090908 0.462903
hs11 34090909 35227271 0.491389
hs11 35227272 36363635 0.708530
hs11 36363636 37499999 0.161573
hs11 37500000 38636362 0.000000
hs11 38636363 39772726 0.000000
hs11 39772727 40909089 0.158323
hs11 40909090 42045453 0.000000
hs11 42045454 43181817 0.000000
hs11 43181818 44318180 0.543293
hs11 44318181 45454544 0.371701
hs11 45454545 46590908 0.521058
hs11 46590909 47727271 0.826907
hs11 47727272 48863635 0.256687
hs11 48863636 49999999 0.278098
hs11 50000000 51136362 0.026506
hs11 51136363 52272726 0.001762
hs11 52272727 53409089 0.000000
hs11 53409090 54545453 0.000000
hs11 54545454 55681817 0.041480
hs11 55681818 56818180 0.353063
hs11 56818181 57954544 0.442160
hs11 57954545 59090908 0.239514
hs11 59090909 60227271 0.376682
hs11 60227272 61363635 0.581647
hs11 61363636 62499999 0.508400
hs11 62500000 63636362 0.616996
hs11 63636363 64772726 0.602859
hs11 64772727 65909089 0.549556
hs11 65909090 67045453 0.698453
hs11 67045454 68181817 0.476187
hs11 68181818 69318180 0.241003
hs11 69318181 70454544 0.650772
hs11 70454545 71590908 0.447483
hs11 71590909 72727271 0.681172
hs11 72727272 73863635 0.757572
hs11 73863636 74999999 0.546162
hs11 75000000 76136362 0.567475
hs11 76136363 77272726 0.710862
hs11 77272727 78409089 0.814076
hs11 78409090 79545453 0.369824
hs11 79545454 80681817 0.000000
hs11 80681818 81818180 0.000000
hs11 81818181 82954544 0.370182
hs11 82954545 84090908 1.000000
hs11 84090909 85227271 0.940266
hs11 85227272 86363635 0.488080
hs11 86363636 87499999 0.268323
hs11 87500000 88636362 0.648718
hs11 88636363 89772726 0.426406
hs11 89772727 90909089 0.000000
hs11 90909090 92045453 0.282080
hs11 92045454 93181817 0.511997
hs11 93181818 94318180 0.402347
hs11 94318181 95454544 0.354028
hs11 95454545 96590908 0.265914
hs11 96590909 97727271 0.000000
hs11 97727272 98863635 0.410569
hs11 98863636 99999999 0.764762
hs11 100000000 101136362 0.473176
hs11 101136363 102272726 0.443302
hs11 102272727 103409089 0.484595
hs11 103409090 104545453 0.198007
hs11 104545454 105681817 0.382024
hs11 105681818 106818180 0.393503
hs11 106818181 107954544 0.690687
hs11 107954545 109090908 0.262172
hs11 109090909 110227271 0.278480
hs11 110227272 111363635 0.429062
hs11 111363636 112499999 0.315887
hs11 112500000 113636362 0.589707
hs11 113636363 114772726 0.316594
hs11 114772727 115909089 0.094798
hs11 115909090 117045453 0.698626
hs11 117045454 118181817 0.625371
hs11 118181818 119318180 0.377224
hs11 119318181 120454544 0.584311
hs11 120454545 121590908 0.366495
hs11 121590909 122727271 0.355112
hs11 122727272 123863635 0.181647
hs11 123863636 124999999 0.590377
hs11 125000000 126136362 0.663737
hs11 126136363 127272726 0.210860
hs11 127272727 128409089 0.341600
hs11 128409090 129545453 0.441794
hs11 129545454 130681817 0.193655
hs11 130681818 131818180 0.875111
hs11 131818181 132954544 0.958701
hs11 132954545 134090908 0.332161
hs22 0 1136362 0.000000
hs22 1136363 2272726 0.000000
hs22 2272727 3409089 0.000000
hs22 3409090 4545453 0.000000
hs22 4545454 5681817 0.000000
hs22 5681818 6818180 0.000000
hs22 6818181 7954544 0.000000
hs22 7954545 9090908 0.000000
hs22 9090909 10227271 0.000000
hs22 10227272 11363635 0.000000
hs22 11363636 12499999 0.000000
hs22 12500000 13636362 0.000000
hs22 13636363 14772726 0.027814
hs22 14772727 15909089 0.130256
hs22 15909090 17045453 0.603870
hs22 17045454 18181817 0.480236
hs22 18181818 19318180 0.454268
hs22 19318181 20454544 0.517165
hs22 20454545 21590908 0.224426
hs22 21590909 22727271 0.517671
hs22 22727272 23863635 0.781175
hs22 23863636 24999999 1.017265
hs22 25000000 26136362 0.371928
hs22 26136363 27272726 0.680108
hs22 27272727 28409089 0.732860
hs22 28409090 29545453 0.627700
hs22 29545454 30681817 0.702496
hs22 30681818 31818180 0.748466
hs22 31818181 32954544 0.569673
hs22 32954545 34090908 0.095328
hs22 34090909 35227271 0.522215
hs22 35227272 36363635 0.500364
hs22 36363636 37499999 0.709300
hs22 37500000 38636362 0.504826
hs22 38636363 39772726 0.750955
hs22 39772727 40909089 0.701794
hs22 40909090 42045453 0.584616
hs22 42045454 43181817 0.697047
hs22 43181818 44318180 0.635710
hs22 44318181 45454544 0.662986
hs22 45454545 46590908 0.418486
hs22 46590909 47727271 0.237424
hs22 47727272 48863635 0.208666
hs22 48863636 49999999 0.477930
hs10 0 1136362 0.651482
hs10 1136363 2272726 0.544529
hs10 2272727 3409089 0.091811
hs10 3409090 4545453 0.008172
hs10 4545454 5681817 0.245075
hs10 5681818 6818180 0.510609
hs10 6818181 7954544 0.448183
hs10 7954545 9090908 0.145826
hs10 9090909 10227271 0.000000
hs10 10227272 11363635 0.267584
hs10 11363636 12499999 0.568507
hs10 12500000 13636362 0.648183
hs10 13636363 14772726 0.794942
hs10 14772727 15909089 0.658808
hs10 15909090 17045453 0.426618
hs10 17045454 18181817 0.753053
hs10 18181818 19318180 0.645934
hs10 19318181 20454544 0.272068
hs10 20454545 21590908 0.501237
hs10 21590909 22727271 0.474257
hs10 22727272 23863635 0.323999
hs10 23863636 24999999 0.835628
hs10 25000000 26136362 0.568359
hs10 26136363 27272726 0.603165
hs10 27272727 28409089 0.498834
hs10 28409090 29545453 0.260415
hs10 29545454 30681817 0.351915
hs10 30681818 31818180 0.365996
hs10 31818181 32954544 0.418129
hs10 32954545 34090908 0.415993
hs10 34090909 35227271 0.621075
hs10 35227272 36363635 0.438405
hs10 36363636 37499999 0.039785
hs10 37500000 38636362 0.205796
hs10 38636363 39772726 0.058007
hs10 39772727 40909089 0.000000
hs10 40909090 42045453 0.000000
hs10 42045454 43181817 0.325337
hs10 43181818 44318180 0.111322
hs10 44318181 45454544 0.325894
hs10 45454545 46590908 0.411118
hs10 46590909 47727271 0.155601
hs10 47727272 48863635 0.243182
hs10 48863636 49999999 0.659320
hs10 50000000 51136362 0.689268
hs10 51136363 52272726 0.584380
hs10 52272727 53409089 0.910844
hs10 53409090 54545453 0.286784
hs10 54545454 55681817 0.395365
hs10 55681818 56818180 0.483331
hs10 56818181 57954544 0.003377
hs10 57954545 59090908 0.000000
hs10 59090909 60227271 0.374514
hs10 60227272 61363635 0.349330
hs10 61363636 62499999 0.451040
hs10 62500000 63636362 0.316168
hs10 63636363 64772726 0.500171
hs10 64772727 65909089 0.200805
hs10 65909090 67045453 0.001189
hs10 67045454 68181817 0.732237
hs10 68181818 69318180 1.024739
hs10 69318181 70454544 0.783972
hs10 70454545 71590908 0.531917
hs10 71590909 72727271 0.476087
hs10 72727272 73863635 0.759636
hs10 73863636 74999999 0.844427
hs10 75000000 76136362 0.818704
hs10 76136363 77272726 0.360643
hs10 77272727 78409089 0.725236
hs10 78409090 79545453 0.769784
hs10 79545454 80681817 0.270287
hs10 80681818 81818180 0.178778
hs10 81818181 82954544 0.298242
hs10 82954545 84090908 0.409957
hs10 84090909 85227271 0.568486
hs10 85227272 86363635 0.237226
hs10 86363636 87499999 0.132624
hs10 87500000 88636362 0.802885
hs10 88636363 89772726 0.633073
hs10 89772727 90909089 0.497593
hs10 90909090 92045453 0.293000
hs10 92045454 93181817 0.329530
hs10 93181818 94318180 0.761296
hs10 94318181 95454544 0.560421
hs10 95454545 96590908 0.649735
hs10 96590909 97727271 0.625552
hs10 97727272 98863635 0.714915
hs10 98863636 99999999 0.677518
hs10 100000000 101136362 0.806794
hs10 101136363 102272726 0.601784
hs10 102272727 103409089 0.503103
hs10 103409090 104545453 0.740326
hs10 104545454 105681817 0.790404
hs10 105681818 106818180 0.717181
hs10 106818181 107954544 0.173187
hs10 107954545 109090908 0.519968
hs10 109090909 110227271 0.000000
hs10 110227272 111363635 0.000000
hs10 111363636 112499999 0.384156
hs10 112500000 113636362 0.210049
hs10 113636363 114772726 0.547075
hs10 114772727 115909089 0.400229
hs10 115909090 117045453 0.706206
hs10 117045454 118181817 0.818158
hs10 118181818 119318180 0.466031
hs10 119318181 120454544 0.232842
hs10 120454545 121590908 0.580679
hs10 121590909 122727271 0.239145
hs10 122727272 123863635 0.394369
hs10 123863636 124999999 0.551677
hs10 125000000 126136362 0.211798
hs10 126136363 127272726 0.499805
hs10 127272727 128409089 0.681996
hs10 128409090 129545453 0.549763
hs10 129545454 130681817 0.196666
hs10 130681818 131818180 0.377412
hs10 131818181 132954544 0.191057
hs10 132954545 134090908 0.309024
hs10 134090909 135227271 0.472175
hs10 135227272 136363635 0.064314
hs7 0 1136362 0.503472
hs7 1136363 2272726 0.540222
hs7 2272727 3409089 0.544760
hs7 3409090 4545453 0.762140
hs7 4545454 5681817 0.518115
hs7 5681818 6818180 0.752758
hs7 6818181 7954544 0.330283
hs7 7954545 9090908 0.518030
hs7 9090909 10227271 0.001363
hs7 10227272 11363635 0.178422
hs7 11363636 12499999 0.493812
hs7 12500000 13636362 0.076653
hs7 13636363 14772726 0.635116
hs7 14772727 15909089 0.450600
hs7 15909090 17045453 0.449212
hs7 17045454 18181817 0.174536
hs7 18181818 19318180 0.443935
hs7 19318181 20454544 0.206306
hs7 20454545 21590908 0.241602
hs7 21590909 22727271 0.599777
hs7 22727272 23863635 0.526179
hs7 23863636 24999999 0.321516
hs7 25000000 26136362 0.049430
hs7 26136363 27272726 0.448679
hs7 27272727 28409089 0.599758
hs7 28409090 29545453 0.790889
hs7 29545454 30681817 0.438444
hs7 30681818 31818180 0.352138
hs7 31818181 32954544 0.360844
hs7 32954545 34090908 0.676372
hs7 34090909 35227271 0.812552
hs7 35227272 36363635 0.338292
hs7 36363636 37499999 0.794490
hs7 37500000 38636362 0.359017
hs7 38636363 39772726 0.705447
hs7 39772727 40909089 0.794189
hs7 40909090 42045453 0.156595
hs7 42045454 43181817 0.250330
hs7 43181818 44318180 0.844071
hs7 44318181 45454544 0.410763
hs7 45454545 46590908 0.183180
hs7 46590909 47727271 0.238352
hs7 47727272 48863635 0.660659
hs7 48863636 49999999 0.170901
hs7 50000000 51136362 0.610805
hs7 51136363 52272726 0.189769
hs7 52272727 53409089 0.001118
hs7 53409090 54545453 0.001055
hs7 54545454 55681817 0.346232
hs7 55681818 56818180 0.241098
hs7 56818181 57954544 0.051145
hs7 57954545 59090908 0.000000
hs7 59090909 60227271 0.000000
hs7 60227272 61363635 0.000000
hs7 61363636 62499999 0.018373
hs7 62500000 63636362 0.124937
hs7 63636363 64772726 0.311869
hs7 64772727 65909089 0.445459
hs7 65909090 67045453 0.313661
hs7 67045454 68181817 0.000000
hs7 68181818 69318180 0.542380
hs7 69318181 70454544 0.700887
hs7 70454545 71590908 0.875479
hs7 71590909 72727271 0.688688
hs7 72727272 73863635 0.530006
hs7 73863636 74999999 0.495486
hs7 75000000 76136362 0.645838
hs7 76136363 77272726 0.473955
hs7 77272727 78409089 0.958342
hs7 78409090 79545453 0.450329
hs7 79545454 80681817 0.344740
hs7 80681818 81818180 0.412577
hs7 81818181 82954544 0.550047
hs7 82954545 84090908 0.350619
hs7 84090909 85227271 0.111212
hs7 85227272 86363635 0.211587
hs7 86363636 87499999 0.848533
hs7 87500000 88636362 0.552657
hs7 88636363 89772726 0.238369
hs7 89772727 90909089 0.496626
hs7 90909090 92045453 0.443553
hs7 92045454 93181817 0.524217
hs7 93181818 94318180 0.171322
hs7 94318181 95454544 0.670042
hs7 95454545 96590908 0.348836
hs7 96590909 97727271 0.208611
hs7 97727272 98863635 0.493367
hs7 98863636 99999999 0.624450
hs7 100000000 101136362 0.534016
hs7 101136363 102272726 0.737441
hs7 102272727 103409089 0.982367
hs7 103409090 104545453 0.709809
hs7 104545454 105681817 0.670414
hs7 105681818 106818180 0.364781
hs7 106818181 107954544 0.823057
hs7 107954545 109090908 0.011474
hs7 109090909 110227271 0.121365
hs7 110227272 111363635 0.886158
hs7 111363636 112499999 0.541981
hs7 112500000 113636362 0.153278
hs7 113636363 114772726 0.510162
hs7 114772727 115909089 0.126593
hs7 115909090 117045453 0.723781
hs7 117045454 118181817 0.221265
hs7 118181818 119318180 0.000000
hs7 119318181 120454544 0.537616
hs7 120454545 121590908 0.521952
hs7 121590909 122727271 0.582241
hs7 122727272 123863635 0.255131
hs7 123863636 124999999 0.111908
hs7 125000000 126136362 0.238019
hs7 126136363 127272726 0.687199
hs7 127272727 128409089 0.509487
hs7 128409090 129545453 0.644317
hs7 129545454 130681817 0.625643
hs7 130681818 131818180 0.498105
hs7 131818181 132954544 0.729693
hs7 132954545 134090908 0.620806
hs7 134090909 135227271 0.648827
hs7 135227272 136363635 0.219919
hs7 136363636 137499999 0.653539
hs7 137500000 138636362 0.582622
hs7 138636363 139772726 0.719584
hs7 139772727 140909089 0.312788
hs7 140909090 142045453 0.388440
hs7 142045454 143181817 0.233849
hs7 143181818 144318180 0.435699
hs7 144318181 145454544 0.008941
hs7 145454545 146590908 1.000000
hs7 146590909 147727271 1.000093
hs7 147727272 148863635 0.399956
hs7 148863636 149999999 0.338234
hs7 150000000 151136362 0.649489
hs7 151136363 152272726 0.583438
hs7 152272727 153409089 0.170490
hs7 153409090 154545453 0.884645
hs7 154545454 155681817 0.174363
hs7 155681818 156818180 0.361971
hs7 156818181 157954544 0.889282
hs7 157954545 159090908 0.453405
hs4 0 1136362 0.677443
hs4 1136363 2272726 0.627048
hs4 2272727 3409089 0.741892
hs4 3409090 4545453 0.253318
hs4 4545454 5681817 0.507756
hs4 5681818 6818180 0.620595
hs4 6818181 7954544 0.861242
hs4 7954545 9090908 0.419456
hs4 9090909 10227271 0.355239
hs4 10227272 11363635 0.086996
hs4 11363636 12499999 0.000000
hs4 12500000 13636362 0.163601
hs4 13636363 14772726 0.059382
hs4 14772727 15909089 0.542621
hs4 15909090 17045453 0.349591
hs4 17045454 18181817 0.396417
hs4 18181818 19318180 0.000000
hs4 19318181 20454544 0.447761
hs4 20454545 21590908 0.981004
hs4 21590909 22727271 0.224682
hs4 22727272 23863635 0.086291
hs4 23863636 24999999 0.371651
hs4 25000000 26136362 0.267854
hs4 26136363 27272726 0.295737
hs4 27272727 28409089 0.000000
hs4 28409090 29545453 0.000000
hs4 29545454 30681817 0.308602
hs4 30681818 31818180 0.066620
hs4 31818181 32954544 0.000000
hs4 32954545 34090908 0.000000
hs4 34090909 35227271 0.000000
hs4 35227272 36363635 0.213395
hs4 36363636 37499999 0.386812
hs4 37500000 38636362 0.443779
hs4 38636363 39772726 0.710875
hs4 39772727 40909089 0.701309
hs4 40909090 42045453 0.464216
hs4 42045454 43181817 0.467760
hs4 43181818 44318180 0.241916
hs4 44318181 45454544 0.066896
hs4 45454545 46590908 0.341510
hs4 46590909 47727271 0.887037
hs4 47727272 48863635 0.628589
hs4 48863636 49999999 0.000000
hs4 50000000 51136362 0.000000
hs4 51136363 52272726 0.000000
hs4 52272727 53409089 0.203569
hs4 53409090 54545453 0.625834
hs4 54545454 55681817 0.222696
hs4 55681818 56818180 0.432684
hs4 56818181 57954544 0.405749
hs4 57954545 59090908 0.000000
hs4 59090909 60227271 0.000000
hs4 60227272 61363635 0.000000
hs4 61363636 62499999 0.400019
hs4 62500000 63636362 0.106272
hs4 63636363 64772726 0.000000
hs4 64772727 65909089 0.151544
hs4 65909090 67045453 0.272060
hs4 67045454 68181817 0.122484
hs4 68181818 69318180 0.464078
hs4 69318181 70454544 0.153806
hs4 70454545 71590908 0.339332
hs4 71590909 72727271 0.587006
hs4 72727272 73863635 0.393104
hs4 73863636 74999999 0.276245
hs4 75000000 76136362 0.274947
hs4 76136363 77272726 0.468304
hs4 77272727 78409089 0.600867
hs4 78409090 79545453 0.566665
hs4 79545454 80681817 0.322017
hs4 80681818 81818180 0.522066
hs4 81818181 82954544 0.416713
hs4 82954545 84090908 0.379869
hs4 84090909 85227271 0.296063
hs4 85227272 86363635 0.361185
hs4 86363636 87499999 0.767573
hs4 87500000 88636362 0.663698
hs4 88636363 89772726 0.370606
hs4 89772727 90909089 0.475293
hs4 90909090 92045453 0.798589
hs4 92045454 93181817 0.613306
hs4 93181818 94318180 0.768776
hs4 94318181 95454544 0.611653
hs4 95454545 96590908 0.816217
hs4 96590909 97727271 0.087705
hs4 97727272 98863635 0.144837
hs4 98863636 99999999 0.695694
hs4 100000000 101136362 0.417263
hs4 101136363 102272726 0.208083
hs4 102272727 103409089 0.454960
hs4 103409090 104545453 0.630228
hs4 104545454 105681817 0.131539
hs4 105681818 106818180 0.280474
hs4 106818181 107954544 0.480055
hs4 107954545 109090908 0.290682
hs4 109090909 110227271 0.512379
hs4 110227272 111363635 0.741994
hs4 111363636 112499999 0.094332
hs4 112500000 113636362 0.209044
hs4 113636363 114772726 0.763961
hs4 114772727 115909089 0.253384
hs4 115909090 117045453 0.251774
hs4 117045454 118181817 0.000039
hs4 118181818 119318180 0.127831
hs4 119318181 120454544 0.568307
hs4 120454545 121590908 0.129170
hs4 121590909 122727271 0.354163
hs4 122727272 123863635 0.383550
hs4 123863636 124999999 0.639158
hs4 125000000 126136362 0.105294
hs4 126136363 127272726 0.155339
hs4 127272727 128409089 0.000000
hs4 128409090 129545453 0.423002
hs4 129545454 130681817 0.258924
hs4 130681818 131818180 0.000000
hs4 131818181 132954544 0.000000
hs4 132954545 134090908 0.000000
hs4 134090909 135227271 0.037192
hs4 135227272 136363635 0.004766
hs4 136363636 137499999 0.000000
hs4 137500000 138636362 0.000000
hs4 138636363 139772726 0.080798
hs4 139772727 140909089 0.344115
hs4 140909090 142045453 0.671803
hs4 142045454 143181817 0.310167
hs4 143181818 144318180 0.708609
hs4 144318181 145454544 0.377877
hs4 145454545 146590908 0.240525
hs4 146590909 147727271 0.555023
hs4 147727272 148863635 0.325917
hs4 148863636 149999999 0.619726
hs4 150000000 151136362 0.000000
hs4 151136363 152272726 0.835600
hs4 152272727 153409089 0.399010
hs4 153409090 154545453 0.611143
hs4 154545454 155681817 0.460316
hs4 155681818 156818180 0.128002
hs4 156818181 157954544 0.214283
hs4 157954545 159090908 0.354258
hs4 159090909 160227271 0.492244
hs4 160227272 161363635 0.081228
hs4 161363636 162499999 0.000000
hs4 162500000 163636362 0.686522
hs4 163636363 164772726 0.170276
hs4 164772727 165909089 0.661617
hs4 165909090 167045453 0.313522
hs4 167045454 168181817 0.430934
hs4 168181818 169318180 0.244991
hs4 169318181 170454544 0.778341
hs4 170454545 171590908 0.367650
hs4 171590909 172727271 0.000000
hs4 172727272 173863635 0.785389
hs4 173863636 174999999 0.463325
hs4 175000000 176136362 0.331856
hs4 176136363 177272726 0.435333
hs4 177272727 178409089 0.276940
hs4 178409090 179545453 0.287606
hs4 179545454 180681817 0.000000
hs4 180681818 181818180 0.000000
hs4 181818181 182954544 0.000000
hs4 182954545 184090908 0.450585
hs4 184090909 185227271 0.373984
hs4 185227272 186363635 0.394111
hs4 186363636 187499999 0.678779
hs4 187500000 188636362 0.138848
hs4 188636363 189772726 0.027555
hs4 189772727 190909089 0.000000
hs4 190909090 192045453 0.078237
hs16 0 1136362 0.673441
hs16 1136363 2272726 0.760060
hs16 2272727 3409089 0.566269
hs16 3409090 4545453 0.704026
hs16 4545454 5681817 0.409864
hs16 5681818 6818180 0.711963
hs16 6818181 7954544 0.778942
hs16 7954545 9090908 0.245273
hs16 9090909 10227271 0.402482
hs16 10227272 11363635 0.494786
hs16 11363636 12499999 0.657372
hs16 12500000 13636362 0.491511
hs16 13636363 14772726 0.423206
hs16 14772727 15909089 0.590355
hs16 15909090 17045453 0.306586
hs16 17045454 18181817 0.324332
hs16 18181818 19318180 0.408757
hs16 19318181 20454544 0.575864
hs16 20454545 21590908 0.688116
hs16 21590909 22727271 0.504391
hs16 22727272 23863635 0.612864
hs16 23863636 24999999 0.592940
hs16 25000000 26136362 0.480194
hs16 26136363 27272726 0.091810
hs16 27272727 28409089 0.758138
hs16 28409090 29545453 0.384998
hs16 29545454 30681817 0.536494
hs16 30681818 31818180 0.429265
hs16 31818181 32954544 0.030033
hs16 32954545 34090908 0.012816
hs16 34090909 35227271 0.028552
hs16 35227272 36363635 0.000000
hs16 36363636 37499999 0.000000
hs16 37500000 38636362 0.000000
hs16 38636363 39772726 0.000000
hs16 39772727 40909089 0.000000
hs16 40909090 42045453 0.000000
hs16 42045454 43181817 0.000000
hs16 43181818 44318180 0.000000
hs16 44318181 45454544 0.223573
hs16 45454545 46590908 0.592821
hs16 46590909 47727271 0.297031
hs16 47727272 48863635 0.439580
hs16 48863636 49999999 0.257507
hs16 50000000 51136362 0.094112
hs16 51136363 52272726 0.374813
hs16 52272727 53409089 0.383873
hs16 53409090 54545453 0.211275
hs16 54545454 55681817 0.642412
hs16 55681818 56818180 0.613916
hs16 56818181 57954544 0.240666
hs16 57954545 59090908 0.000924
hs16 59090909 60227271 0.000000
hs16 60227272 61363635 0.336867
hs16 61363636 62499999 0.000000
hs16 62500000 63636362 0.086398
hs16 63636363 64772726 0.324598
hs16 64772727 65909089 0.627558
hs16 65909090 67045453 0.848976
hs16 67045454 68181817 0.654258
hs16 68181818 69318180 0.804979
hs16 69318181 70454544 0.682759
hs16 70454545 71590908 0.424000
hs16 71590909 72727271 0.053285
hs16 72727272 73863635 0.575963
hs16 73863636 74999999 0.352733
hs16 75000000 76136362 0.286847
hs16 76136363 77272726 0.706198
hs16 77272727 78409089 0.473631
hs16 78409090 79545453 0.336010
hs16 79545454 80681817 0.768398
hs16 80681818 81818180 0.554390
hs16 81818181 82954544 0.758628
hs16 82954545 84090908 0.420103
hs16 84090909 85227271 0.194647
hs16 85227272 86363635 0.283308
hs16 86363636 87499999 0.531124
hs16 87500000 88636362 0.733622
hs16 88636363 89772726 0.023940
hs20 0 1136362 0.337523
hs20 1136363 2272726 0.368301
hs20 2272727 3409089 0.681474
hs20 3409090 4545453 0.423812
hs20 4545454 5681817 0.366453
hs20 5681818 6818180 0.255284
hs20 6818181 7954544 0.084606
hs20 7954545 9090908 0.744007
hs20 9090909 10227271 0.649100
hs20 10227272 11363635 0.230798
hs20 11363636 12499999 0.031476
hs20 12500000 13636362 0.427870
hs20 13636363 14772726 0.974499
hs20 14772727 15909089 0.999999
hs20 15909090 17045453 0.342585
hs20 17045454 18181817 0.533457
hs20 18181818 19318180 0.528697
hs20 19318181 20454544 0.817010
hs20 20454545 21590908 0.351065
hs20 21590909 22727271 0.046804
hs20 22727272 23863635 0.116854
hs20 23863636 24999999 0.259028
hs20 25000000 26136362 0.432844
hs20 26136363 27272726 0.000083
hs20 27272727 28409089 0.019474
hs20 28409090 29545453 0.061440
hs20 29545454 30681817 0.595522
hs20 30681818 31818180 0.558060
hs20 31818181 32954544 0.615594
hs20 32954545 34090908 0.797538
hs20 34090909 35227271 0.721578
hs20 35227272 36363635 0.528458
hs20 36363636 37499999 0.446444
hs20 37500000 38636362 0.000000
hs20 38636363 39772726 0.442255
hs20 39772727 40909089 0.681371
hs20 40909090 42045453 0.508453
hs20 42045454 43181817 0.653570
hs20 43181818 44318180 0.517030
hs20 44318181 45454544 0.599657
hs20 45454545 46590908 0.259567
hs20 46590909 47727271 0.644332
hs20 47727272 48863635 0.402233
hs20 48863636 49999999 0.449856
hs20 50000000 51136362 0.195409
hs20 51136363 52272726 0.508637
hs20 52272727 53409089 0.154392
hs20 53409090 54545453 0.167254
hs20 54545454 55681817 0.213316
hs20 55681818 56818180 0.305652
hs20 56818181 57954544 0.497042
hs20 57954545 59090908 0.064447
hs20 59090909 60227271 0.754878
hs20 60227272 61363635 0.515874
hs20 61363636 62499999 0.613406
hs13 0 1136362 0.000000
hs13 1136363 2272726 0.000000
hs13 2272727 3409089 0.000000
hs13 3409090 4545453 0.000000
hs13 4545454 5681817 0.000000
hs13 5681818 6818180 0.000000
hs13 6818181 7954544 0.000000
hs13 7954545 9090908 0.000000
hs13 9090909 10227271 0.000000
hs13 10227272 11363635 0.000000
hs13 11363636 12499999 0.000000
hs13 12500000 13636362 0.000000
hs13 13636363 14772726 0.000000
hs13 14772727 15909089 0.000000
hs13 15909090 17045453 0.000000
hs13 17045454 18181817 0.000000
hs13 18181818 19318180 0.430068
hs13 19318181 20454544 0.554928
hs13 20454545 21590908 0.300496
hs13 21590909 22727271 0.065307
hs13 22727272 23863635 0.535012
hs13 23863636 24999999 0.510875
hs13 25000000 26136362 0.673930
hs13 26136363 27272726 0.259723
hs13 27272727 28409089 0.452568
hs13 28409090 29545453 0.575422
hs13 29545454 30681817 0.275600
hs13 30681818 31818180 0.530481
hs13 31818181 32954544 0.542010
hs13 32954545 34090908 0.130672
hs13 34090909 35227271 0.892517
hs13 35227272 36363635 0.727116
hs13 36363636 37499999 0.360517
hs13 37500000 38636362 0.244885
hs13 38636363 39772726 0.348805
hs13 39772727 40909089 0.586514
hs13 40909090 42045453 0.572967
hs13 42045454 43181817 0.643325
hs13 43181818 44318180 0.273090
hs13 44318181 45454544 0.519307
hs13 45454545 46590908 0.452020
hs13 46590909 47727271 0.096274
hs13 47727272 48863635 0.554284
hs13 48863636 49999999 0.476903
hs13 50000000 51136362 0.453304
hs13 51136363 52272726 0.597071
hs13 52272727 53409089 0.024619
hs13 53409090 54545453 0.000069
hs13 54545454 55681817 0.000000
hs13 55681818 56818180 0.066506
hs13 56818181 57954544 0.085605
hs13 57954545 59090908 0.000000
hs13 59090909 60227271 0.594722
hs13 60227272 61363635 0.005137
hs13 61363636 62499999 0.000000
hs13 62500000 63636362 0.004519
hs13 63636363 64772726 0.000000
hs13 64772727 65909089 0.118028
hs13 65909090 67045453 0.698174
hs13 67045454 68181817 0.000000
hs13 68181818 69318180 0.329120
hs13 69318181 70454544 0.259589
hs13 70454545 71590908 0.377726
hs13 71590909 72727271 0.331053
hs13 72727272 73863635 0.394169
hs13 73863636 74999999 0.178396
hs13 75000000 76136362 0.268903
hs13 76136363 77272726 0.437623
hs13 77272727 78409089 0.174461
hs13 78409090 79545453 0.435604
hs13 79545454 80681817 0.004379
hs13 80681818 81818180 0.000000
hs13 81818181 82954544 0.000000
hs13 82954545 84090908 0.369901
hs13 84090909 85227271 0.000000
hs13 85227272 86363635 0.005775
hs13 86363636 87499999 0.006162
hs13 87500000 88636362 0.000000
hs13 88636363 89772726 0.000085
hs13 89772727 90909089 0.090671
hs13 90909090 92045453 1.000000
hs13 92045454 93181817 0.683560
hs13 93181818 94318180 0.676816
hs13 94318181 95454544 0.717038
hs13 95454545 96590908 0.709761
hs13 96590909 97727271 0.362142
hs13 97727272 98863635 0.761158
hs13 98863636 99999999 0.712130
hs13 100000000 101136362 0.587045
hs13 101136363 102272726 0.772504
hs13 102272727 103409089 0.077546
hs13 103409090 104545453 0.000000
hs13 104545454 105681817 0.022149
hs13 105681818 106818180 0.237070
hs13 106818181 107954544 0.495826
hs13 107954545 109090908 0.538434
hs13 109090909 110227271 0.468798
hs13 110227272 111363635 0.226067
hs13 111363636 112499999 0.273161
hs13 112500000 113636362 0.656106
hs13 113636363 114772726 0.212300
hs18 0 1136362 0.446454
hs18 1136363 2272726 0.080362
hs18 2272727 3409089 0.509389
hs18 3409090 4545453 0.373017
hs18 4545454 5681817 0.195289
hs18 5681818 6818180 0.406673
hs18 6818181 7954544 0.576662
hs18 7954545 9090908 0.522613
hs18 9090909 10227271 0.511311
hs18 10227272 11363635 0.474747
hs18 11363636 12499999 0.395274
hs18 12500000 13636362 0.792302
hs18 13636363 14772726 0.256087
hs18 14772727 15909089 0.072491
hs18 15909090 17045453 0.142658
hs18 17045454 18181817 0.515967
hs18 18181818 19318180 0.348165
hs18 19318181 20454544 0.756132
hs18 20454545 21590908 0.255489
hs18 21590909 22727271 0.477235
hs18 22727272 23863635 0.344115
hs18 23863636 24999999 0.130071
hs18 25000000 26136362 0.000045
hs18 26136363 27272726 0.175357
hs18 27272727 28409089 0.525649
hs18 28409090 29545453 0.648190
hs18 29545454 30681817 0.671348
hs18 30681818 31818180 0.354761
hs18 31818181 32954544 0.907534
hs18 32954545 34090908 0.376408
hs18 34090909 35227271 0.164021
hs18 35227272 36363635 0.315644
hs18 36363636 37499999 0.035488
hs18 37500000 38636362 0.163172
hs18 38636363 39772726 0.284287
hs18 39772727 40909089 0.341738
hs18 40909090 42045453 0.355267
hs18 42045454 43181817 0.636690
hs18 43181818 44318180 0.098386
hs18 44318181 45454544 0.715212
hs18 45454545 46590908 0.587484
hs18 46590909 47727271 0.161601
hs18 47727272 48863635 0.653925
hs18 48863636 49999999 0.455896
hs18 50000000 51136362 0.273393
hs18 51136363 52272726 0.238036
hs18 52272727 53409089 0.467803
hs18 53409090 54545453 0.650093
hs18 54545454 55681817 0.458568
hs18 55681818 56818180 0.005093
hs18 56818181 57954544 0.206538
hs18 57954545 59090908 0.616901
hs18 59090909 60227271 0.345716
hs18 60227272 61363635 0.000000
hs18 61363636 62499999 0.202916
hs18 62500000 63636362 0.008932
hs18 63636363 64772726 0.247005
hs18 64772727 65909089 0.642250
hs18 65909090 67045453 0.137414
hs18 67045454 68181817 0.000000
hs18 68181818 69318180 0.112495
hs18 69318181 70454544 0.239664
hs18 70454545 71590908 0.478413
hs18 71590909 72727271 0.203144
hs18 72727272 73863635 0.227459
hs18 73863636 74999999 0.077032
hs18 75000000 76136362 0.636452
hs3 0 1136362 0.210482
hs3 1136363 2272726 0.386669
hs3 2272727 3409089 0.787398
hs3 3409090 4545453 0.179338
hs3 4545454 5681817 0.368016
hs3 5681818 6818180 0.000000
hs3 6818181 7954544 0.774768
hs3 7954545 9090908 0.522206
hs3 9090909 10227271 0.703218
hs3 10227272 11363635 0.579250
hs3 11363636 12499999 0.679246
hs3 12500000 13636362 0.530969
hs3 13636363 14772726 0.551405
hs3 14772727 15909089 0.735135
hs3 15909090 17045453 0.408725
hs3 17045454 18181817 0.569567
hs3 18181818 19318180 0.214851
hs3 19318181 20454544 0.439187
hs3 20454545 21590908 0.135850
hs3 21590909 22727271 0.155683
hs3 22727272 23863635 0.377263
hs3 23863636 24999999 0.430447
hs3 25000000 26136362 0.274157
hs3 26136363 27272726 0.113162
hs3 27272727 28409089 0.272921
hs3 28409090 29545453 0.334572
hs3 29545454 30681817 0.475427
hs3 30681818 31818180 0.388265
hs3 31818181 32954544 0.595276
hs3 32954545 34090908 0.588233
hs3 34090909 35227271 0.000000
hs3 35227272 36363635 0.133959
hs3 36363636 37499999 0.609532
hs3 37500000 38636362 0.813660
hs3 38636363 39772726 0.387383
hs3 39772727 40909089 0.474510
hs3 40909090 42045453 0.665782
hs3 42045454 43181817 0.506470
hs3 43181818 44318180 0.362666
hs3 44318181 45454544 0.531600
hs3 45454545 46590908 0.489418
hs3 46590909 47727271 0.685412
hs3 47727272 48863635 0.722693
hs3 48863636 49999999 0.807722
hs3 50000000 51136362 0.822613
hs3 51136363 52272726 0.647973
hs3 52272727 53409089 0.841014
hs3 53409090 54545453 0.706497
hs3 54545454 55681817 0.654622
hs3 55681818 56818180 0.884357
hs3 56818181 57954544 0.797817
hs3 57954545 59090908 0.662109
hs3 59090909 60227271 0.455133
hs3 60227272 61363635 0.866714
hs3 61363636 62499999 0.786082
hs3 62500000 63636362 0.624547
hs3 63636363 64772726 0.452991
hs3 64772727 65909089 0.522848
hs3 65909090 67045453 0.554225
hs3 67045454 68181817 0.310407
hs3 68181818 69318180 0.744662
hs3 69318181 70454544 0.377383
hs3 70454545 71590908 0.443066
hs3 71590909 72727271 0.252768
hs3 72727272 73863635 0.439375
hs3 73863636 74999999 0.227588
hs3 75000000 76136362 0.056998
hs3 76136363 77272726 0.088655
hs3 77272727 78409089 0.445832
hs3 78409090 79545453 0.718412
hs3 79545454 80681817 0.311780
hs3 80681818 81818180 0.173045
hs3 81818181 82954544 0.066405
hs3 82954545 84090908 0.000000
hs3 84090909 85227271 0.120076
hs3 85227272 86363635 0.861516
hs3 86363636 87499999 0.086574
hs3 87500000 88636362 0.028177
hs3 88636363 89772726 0.329659
hs3 89772727 90909089 0.000000
hs3 90909090 92045453 0.000000
hs3 92045454 93181817 0.000000
hs3 93181818 94318180 0.000000
hs3 94318181 95454544 0.228367
hs3 95454545 96590908 0.046695
hs3 96590909 97727271 0.000000
hs3 97727272 98863635 0.745819
hs3 98863636 99999999 0.320389
hs3 100000000 101136362 0.422059
hs3 101136363 102272726 0.936968
hs3 102272727 103409089 0.463444
hs3 103409090 104545453 0.039449
hs3 104545454 105681817 0.000000
hs3 105681818 106818180 0.184829
hs3 106818181 107954544 0.185486
hs3 107954545 109090908 0.483342
hs3 109090909 110227271 0.586462
hs3 110227272 111363635 0.192589
hs3 111363636 112499999 0.054735
hs3 112500000 113636362 0.727943
hs3 113636363 114772726 0.505606
hs3 114772727 115909089 0.779332
hs3 115909090 117045453 0.509931
hs3 117045454 118181817 0.535809
hs3 118181818 119318180 0.000000
hs3 119318181 120454544 0.274094
hs3 120454545 121590908 0.696347
hs3 121590909 122727271 0.725600
hs3 122727272 123863635 0.735973
hs3 123863636 124999999 0.811696
hs3 125000000 126136362 0.840553
hs3 126136363 127272726 0.537464
hs3 127272727 128409089 0.577916
hs3 128409090 129545453 0.479328
hs3 129545454 130681817 0.457521
hs3 130681818 131818180 0.565612
hs3 131818181 132954544 0.753830
hs3 132954545 134090908 0.685415
hs3 134090909 135227271 0.659427
hs3 135227272 136363635 0.556792
hs3 136363636 137499999 0.330530
hs3 137500000 138636362 0.549068
hs3 138636363 139772726 0.412587
hs3 139772727 140909089 0.350991
hs3 140909090 142045453 0.577284
hs3 142045454 143181817 0.511553
hs3 143181818 144318180 0.740721
hs3 144318181 145454544 0.534184
hs3 145454545 146590908 0.000000
hs3 146590909 147727271 0.198139
hs3 147727272 148863635 0.058369
hs3 148863636 149999999 0.039718
hs3 150000000 151136362 0.577076
hs3 151136363 152272726 0.322978
hs3 152272727 153409089 0.515786
hs3 153409090 154545453 0.189539
hs3 154545454 155681817 0.260087
hs3 155681818 156818180 0.212873
hs3 156818181 157954544 0.608993
hs3 157954545 159090908 0.478773
hs3 159090909 160227271 0.525923
hs3 160227272 161363635 0.727895
hs3 161363636 162499999 0.553521
hs3 162500000 163636362 0.030298
hs3 163636363 164772726 0.000000
hs3 164772727 165909089 0.000000
hs3 165909090 167045453 0.153230
hs3 167045454 168181817 0.000000
hs3 168181818 169318180 0.504734
hs3 169318181 170454544 0.661517
hs3 170454545 171590908 0.735108
hs3 171590909 172727271 0.527408
hs3 172727272 173863635 0.565118
hs3 173863636 174999999 0.675848
hs3 175000000 176136362 0.493126
hs3 176136363 177272726 0.765389
hs3 177272727 178409089 0.155327
hs3 178409090 179545453 0.000000
hs3 179545454 180681817 0.518256
hs3 180681818 181818180 0.393185
hs3 181818181 182954544 0.233805
hs3 182954545 184090908 0.085294
hs3 184090909 185227271 0.756203
hs3 185227272 186363635 0.482031
hs3 186363636 187499999 0.622291
hs3 187500000 188636362 0.402791
hs3 188636363 189772726 0.396668
hs3 189772727 190909089 0.481463
hs3 190909090 192045453 0.492675
hs3 192045454 193181817 0.159206
hs3 193181818 194318180 0.622205
hs3 194318181 195454544 0.349109
hs3 195454545 196590908 0.444308
hs3 196590909 197727271 0.493771
hs3 197727272 198863635 0.560618
hs3 198863636 199999999 0.356724
hs9 0 1136362 0.638409
hs9 1136363 2272726 0.156889
hs9 2272727 3409089 0.322140
hs9 3409090 4545453 0.572382
hs9 4545454 5681817 0.553343
hs9 5681818 6818180 0.510482
hs9 6818181 7954544 0.308684
hs9 7954545 9090908 0.692263
hs9 9090909 10227271 0.999999
hs9 10227272 11363635 0.330398
hs9 11363636 12499999 0.000000
hs9 12500000 13636362 0.184444
hs9 13636363 14772726 0.321694
hs9 14772727 15909089 0.653808
hs9 15909090 17045453 0.452404
hs9 17045454 18181817 0.516604
hs9 18181818 19318180 0.565781
hs9 19318181 20454544 0.425961
hs9 20454545 21590908 0.568624
hs9 21590909 22727271 0.201557
hs9 22727272 23863635 0.119645
hs9 23863636 24999999 0.000000
hs9 25000000 26136362 0.002174
hs9 26136363 27272726 0.336831
hs9 27272727 28409089 0.631174
hs9 28409090 29545453 0.264326
hs9 29545454 30681817 0.000000
hs9 30681818 31818180 0.000000
hs9 31818181 32954544 0.159210
hs9 32954545 34090908 0.774506
hs9 34090909 35227271 0.531898
hs9 35227272 36363635 0.636912
hs9 36363636 37499999 0.550263
hs9 37500000 38636362 0.453153
hs9 38636363 39772726 0.221886
hs9 39772727 40909089 0.047194
hs9 40909090 42045453 0.099048
hs9 42045454 43181817 0.203120
hs9 43181818 44318180 0.059097
hs9 44318181 45454544 0.001106
hs9 45454545 46590908 0.001104
hs9 46590909 47727271 0.053502
hs9 47727272 48863635 0.000000
hs9 48863636 49999999 0.000000
hs9 50000000 51136362 0.000000
hs9 51136363 52272726 0.000000
hs9 52272727 53409089 0.000000
hs9 53409090 54545453 0.000000
hs9 54545454 55681817 0.000000
hs9 55681818 56818180 0.000000
hs9 56818181 57954544 0.000000
hs9 57954545 59090908 0.000000
hs9 59090909 60227271 0.000000
hs9 60227272 61363635 0.000000
hs9 61363636 62499999 0.000000
hs9 62500000 63636362 0.000000
hs9 63636363 64772726 0.000000
hs9 64772727 65909089 0.023518
hs9 65909090 67045453 0.042837
hs9 67045454 68181817 0.077331
hs9 68181818 69318180 0.168911
hs9 69318181 70454544 0.324086
hs9 70454545 71590908 0.765934
hs9 71590909 72727271 0.688499
hs9 72727272 73863635 0.354495
hs9 73863636 74999999 0.443382
hs9 75000000 76136362 0.000000
hs9 76136363 77272726 0.433795
hs9 77272727 78409089 0.333508
hs9 78409090 79545453 0.709290
hs9 79545454 80681817 0.311964
hs9 80681818 81818180 0.136206
hs9 81818181 82954544 0.000000
hs9 82954545 84090908 0.115404
hs9 84090909 85227271 0.225169
hs9 85227272 86363635 0.434021
hs9 86363636 87499999 0.443316
hs9 87500000 88636362 0.313229
hs9 88636363 89772726 0.258486
hs9 89772727 90909089 0.227513
hs9 90909090 92045453 0.282918
hs9 92045454 93181817 0.244585
hs9 93181818 94318180 0.643330
hs9 94318181 95454544 0.700960
hs9 95454545 96590908 0.338787
hs9 96590909 97727271 0.625505
hs9 97727272 98863635 0.468813
hs9 98863636 99999999 0.576191
hs9 100000000 101136362 0.681642
hs9 101136363 102272726 0.448364
hs9 102272727 103409089 0.486709
hs9 103409090 104545453 0.115803
hs9 104545454 105681817 0.020398
hs9 105681818 106818180 0.200509
hs9 106818181 107954544 0.362635
hs9 107954545 109090908 0.135489
hs9 109090909 110227271 0.042503
hs9 110227272 111363635 0.486987
hs9 111363636 112499999 0.990687
hs9 112500000 113636362 0.583110
hs9 113636363 114772726 0.633139
hs9 114772727 115909089 0.553416
hs9 115909090 117045453 0.541399
hs9 117045454 118181817 0.371407
hs9 118181818 119318180 0.903369
hs9 119318181 120454544 0.011709
hs9 120454545 121590908 0.178493
hs9 121590909 122727271 0.377758
hs9 122727272 123863635 1.051494
hs9 123863636 124999999 0.500298
hs9 125000000 126136362 0.652996
hs9 126136363 127272726 0.814187
hs9 127272727 128409089 0.560418
hs9 128409090 129545453 0.785593
hs9 129545454 130681817 0.705111
hs9 130681818 131818180 0.478732
hs9 131818181 132954544 0.542576
hs9 132954545 134090908 0.633284
hs9 134090909 135227271 0.706263
hs9 135227272 136363635 0.499369
hs9 136363636 137499999 0.327959
hs9 137500000 138636362 0.538822
hs9 138636363 139772726 0.717658
hs9 139772727 140909089 0.335468
hs15 0 1136362 0.000000
hs15 1136363 2272726 0.000000
hs15 2272727 3409089 0.000000
hs15 3409090 4545453 0.000000
hs15 4545454 5681817 0.000000
hs15 5681818 6818180 0.000000
hs15 6818181 7954544 0.000000
hs15 7954545 9090908 0.000000
hs15 9090909 10227271 0.000000
hs15 10227272 11363635 0.000000
hs15 11363636 12499999 0.000000
hs15 12500000 13636362 0.000000
hs15 13636363 14772726 0.000000
hs15 14772727 15909089 0.000000
hs15 15909090 17045453 0.000000
hs15 17045454 18181817 0.000000
hs15 18181818 19318180 0.117636
hs15 19318181 20454544 0.177116
hs15 20454545 21590908 0.281779
hs15 21590909 22727271 0.132168
hs15 22727272 23863635 0.358652
hs15 23863636 24999999 0.479781
hs15 25000000 26136362 0.794629
hs15 26136363 27272726 0.393363
hs15 27272727 28409089 0.531853
hs15 28409090 29545453 0.302960
hs15 29545454 30681817 0.323474
hs15 30681818 31818180 0.727166
hs15 31818181 32954544 0.673989
hs15 32954545 34090908 0.246954
hs15 34090909 35227271 0.424519
hs15 35227272 36363635 0.041766
hs15 36363636 37499999 0.165579
hs15 37500000 38636362 0.595426
hs15 38636363 39772726 0.657841
hs15 39772727 40909089 0.851191
hs15 40909090 42045453 0.798254
hs15 42045454 43181817 0.630135
hs15 43181818 44318180 0.287785
hs15 44318181 45454544 0.398879
hs15 45454545 46590908 0.300098
hs15 46590909 47727271 0.872846
hs15 47727272 48863635 0.649388
hs15 48863636 49999999 0.647437
hs15 50000000 51136362 0.555837
hs15 51136363 52272726 0.375107
hs15 52272727 53409089 0.482207
hs15 53409090 54545453 0.686690
hs15 54545454 55681817 0.613943
hs15 55681818 56818180 0.499286
hs15 56818181 57954544 0.580347
hs15 57954545 59090908 0.559003
hs15 59090909 60227271 0.378301
hs15 60227272 61363635 0.304231
hs15 61363636 62499999 0.759047
hs15 62500000 63636362 0.648000
hs15 63636363 64772726 0.738025
hs15 64772727 65909089 0.690240
hs15 65909090 67045453 0.498254
hs15 67045454 68181817 0.378756
hs15 68181818 69318180 0.354370
hs15 69318181 70454544 0.914024
hs15 70454545 71590908 0.531826
hs15 71590909 72727271 0.518147
hs15 72727272 73863635 0.506988
hs15 73863636 74999999 0.828816
hs15 75000000 76136362 0.374942
hs15 76136363 77272726 0.522106
hs15 77272727 78409089 0.236270
hs15 78409090 79545453 0.552101
hs15 79545454 80681817 0.295930
hs15 80681818 81818180 0.658596
hs15 81818181 82954544 0.575271
hs15 82954545 84090908 0.691009
hs15 84090909 85227271 0.685894
hs15 85227272 86363635 0.256450
hs15 86363636 87499999 0.431669
hs15 87500000 88636362 0.573752
hs15 88636363 89772726 0.591305
hs15 89772727 90909089 0.372232
hs15 90909090 92045453 0.190341
hs15 92045454 93181817 0.163462
hs15 93181818 94318180 0.065784
hs15 94318181 95454544 0.014565
hs15 95454545 96590908 0.127558
hs15 96590909 97727271 0.610449
hs15 97727272 98863635 0.591671
hs15 98863636 99999999 0.520560
hs15 100000000 101136362 0.091662
hs5 0 1136362 0.537006
hs5 1136363 2272726 0.297191
hs5 2272727 3409089 0.007692
hs5 3409090 4545453 0.004709
hs5 4545454 5681817 0.249166
hs5 5681818 6818180 0.172640
hs5 6818181 7954544 0.436016
hs5 7954545 9090908 0.002439
hs5 9090909 10227271 0.679606
hs5 10227272 11363635 0.606570
hs5 11363636 12499999 0.522258
hs5 12500000 13636362 0.202689
hs5 13636363 14772726 0.619574
hs5 14772727 15909089 0.446993
hs5 15909090 17045453 0.553386
hs5 17045454 18181817 0.129000
hs5 18181818 19318180 0.000000
hs5 19318181 20454544 0.453374
hs5 20454545 21590908 0.084096
hs5 21590909 22727271 0.866615
hs5 22727272 23863635 0.161217
hs5 23863636 24999999 0.138779
hs5 25000000 26136362 0.000000
hs5 26136363 27272726 0.139024
hs5 27272727 28409089 0.000000
hs5 28409090 29545453 0.000000
hs5 29545454 30681817 0.000000
hs5 30681818 31818180 0.251609
hs5 31818181 32954544 0.558849
hs5 32954545 34090908 0.423473
hs5 34090909 35227271 0.415440
hs5 35227272 36363635 0.486996
hs5 36363636 37499999 0.508935
hs5 37500000 38636362 0.563250
hs5 38636363 39772726 0.417483
hs5 39772727 40909089 0.101296
hs5 40909090 42045453 0.566671
hs5 42045454 43181817 0.338262
hs5 43181818 44318180 0.330383
hs5 44318181 45454544 0.219751
hs5 45454545 46590908 0.244141
hs5 46590909 47727271 0.000000
hs5 47727272 48863635 0.000000
hs5 48863636 49999999 0.041988
hs5 50000000 51136362 0.166954
hs5 51136363 52272726 0.147413
hs5 52272727 53409089 0.396451
hs5 53409090 54545453 0.312826
hs5 54545454 55681817 0.621921
hs5 55681818 56818180 0.196599
hs5 56818181 57954544 0.044715
hs5 57954545 59090908 0.896637
hs5 59090909 60227271 0.885561
hs5 60227272 61363635 0.479333
hs5 61363636 62499999 0.278198
hs5 62500000 63636362 0.123382
hs5 63636363 64772726 0.699082
hs5 64772727 65909089 0.476610
hs5 65909090 67045453 0.517231
hs5 67045454 68181817 0.066166
hs5 68181818 69318180 1.007501
hs5 69318181 70454544 1.201200
hs5 70454545 71590908 0.302471
hs5 71590909 72727271 0.360340
hs5 72727272 73863635 0.312259
hs5 73863636 74999999 0.546345
hs5 75000000 76136362 0.544547
hs5 76136363 77272726 0.513154
hs5 77272727 78409089 0.761507
hs5 78409090 79545453 0.540198
hs5 79545454 80681817 0.675726
hs5 80681818 81818180 0.595566
hs5 81818181 82954544 0.362239
hs5 82954545 84090908 0.462324
hs5 84090909 85227271 0.000000
hs5 85227272 86363635 0.015755
hs5 86363636 87499999 0.125259
hs5 87500000 88636362 0.355140
hs5 88636363 89772726 0.014147
hs5 89772727 90909089 0.642938
hs5 90909090 92045453 0.000000
hs5 92045454 93181817 0.340301
hs5 93181818 94318180 0.956108
hs5 94318181 95454544 0.636301
hs5 95454545 96590908 0.364048
hs5 96590909 97727271 0.000000
hs5 97727272 98863635 0.086707
hs5 98863636 99999999 0.052860
hs5 100000000 101136362 0.084787
hs5 101136363 102272726 0.204983
hs5 102272727 103409089 0.231994
hs5 103409090 104545453 0.000550
hs5 104545454 105681817 0.000000
hs5 105681818 106818180 0.068370
hs5 106818181 107954544 0.650651
hs5 107954545 109090908 0.523340
hs5 109090909 110227271 0.534951
hs5 110227272 111363635 0.499047
hs5 111363636 112499999 0.536826
hs5 112500000 113636362 0.384121
hs5 113636363 114772726 0.238997
hs5 114772727 115909089 0.511635
hs5 115909090 117045453 0.025838
hs5 117045454 118181817 0.000000
hs5 118181818 119318180 0.485258
hs5 119318181 120454544 0.196193
hs5 120454545 121590908 0.093928
hs5 121590909 122727271 0.441602
hs5 122727272 123863635 0.144837
hs5 123863636 124999999 0.095213
hs5 125000000 126136362 0.189413
hs5 126136363 127272726 0.414820
hs5 127272727 128409089 0.453804
hs5 128409090 129545453 0.505637
hs5 129545454 130681817 0.087676
hs5 130681818 131818180 0.595390
hs5 131818181 132954544 0.688285
hs5 132954545 134090908 0.368153
hs5 134090909 135227271 0.310716
hs5 135227272 136363635 0.278915
hs5 136363636 137499999 0.726297
hs5 137500000 138636362 0.660810
hs5 138636363 139772726 0.611055
hs5 139772727 140909089 4.833675
hs5 140909090 142045453 0.332629
hs5 142045454 143181817 0.560383
hs5 143181818 144318180 0.280775
hs5 144318181 145454544 0.199572
hs5 145454545 146590908 0.636987
hs5 146590909 147727271 0.479212
hs5 147727272 148863635 0.523225
hs5 148863636 149999999 0.673970
hs5 150000000 151136362 0.474393
hs5 151136363 152272726 0.127433
hs5 152272727 153409089 0.335245
hs5 153409090 154545453 0.435905
hs5 154545454 155681817 0.000000
hs5 155681818 156818180 0.666063
hs5 156818181 157954544 0.213685
hs5 157954545 159090908 0.526842
hs5 159090909 160227271 0.542032
hs5 160227272 161363635 0.295904
hs5 161363636 162499999 0.077351
hs5 162500000 163636362 0.054154
hs5 163636363 164772726 0.000000
hs5 164772727 165909089 0.000000
hs5 165909090 167045453 0.352910
hs5 167045454 168181817 0.856079
hs5 168181818 169318180 0.806406
hs5 169318181 170454544 0.769943
hs5 170454545 171590908 0.520209
hs5 171590909 172727271 0.468598
hs5 172727272 173863635 0.147291
hs5 173863636 174999999 0.052737
hs5 175000000 176136362 0.435539
hs5 176136363 177272726 0.635546
hs5 177272727 178409089 0.557462
hs5 178409090 179545453 0.630441
hs5 179545454 180681817 0.383073
hs5 180681818 181818180 0.014863
hsY 0 1136362 0.101308
hsY 1136363 2272726 0.381630
hsY 2272727 3409089 0.321504
hsY 3409090 4545453 0.000843
hsY 4545454 5681817 0.652959
hsY 5681818 6818180 0.113793
hsY 6818181 7954544 0.260679
hsY 7954545 9090908 0.031139
hsY 9090909 10227271 0.788080
hsY 10227272 11363635 0.012695
hsY 11363636 12499999 0.000000
hsY 12500000 13636362 0.194757
hsY 13636363 14772726 0.209181
hsY 14772727 15909089 0.282799
hsY 15909090 17045453 0.000000
hsY 17045454 18181817 0.027782
hsY 18181818 19318180 0.146174
hsY 19318181 20454544 0.320236
hsY 20454545 21590908 0.084444
hsY 21590909 22727271 0.244653
hsY 22727272 23863635 0.553833
hsY 23863636 24999999 0.028772
hsY 25000000 26136362 0.467722
hsY 26136363 27272726 0.013527
hsY 27272727 28409089 0.000000
hsY 28409090 29545453 0.000000
hsY 29545454 30681817 0.000000
hsY 30681818 31818180 0.000000
hsY 31818181 32954544 0.000000
hsY 32954545 34090908 0.000000
hsY 34090909 35227271 0.000000
hsY 35227272 36363635 0.000000
hsY 36363636 37499999 0.000000
hsY 37500000 38636362 0.000000
hsY 38636363 39772726 0.000000
hsY 39772727 40909089 0.000000
hsY 40909090 42045453 0.000000
hsY 42045454 43181817 0.000000
hsY 43181818 44318180 0.000000
hsY 44318181 45454544 0.000000
hsY 45454545 46590908 0.000000
hsY 46590909 47727271 0.000000
hsY 47727272 48863635 0.000000
hsY 48863636 49999999 0.000000
hsY 50000000 51136362 0.000000
hsY 51136363 52272726 0.000000
hsY 52272727 53409089 0.000000
hsY 53409090 54545453 0.000000
hsY 54545454 55681817 0.000000
hsY 55681818 56818180 0.000000
hsY 56818181 57954544 0.079549
hs1 0 1136362 0.212503
hs1 1136363 2272726 0.797049
hs1 2272727 3409089 0.518545
hs1 3409090 4545453 0.331761
hs1 4545454 5681817 0.113298
hs1 5681818 6818180 0.694203
hs1 6818181 7954544 0.916889
hs1 7954545 9090908 0.561811
hs1 9090909 10227271 0.612903
hs1 10227272 11363635 0.700271
hs1 11363636 12499999 0.619206
hs1 12500000 13636362 0.259314
hs1 13636363 14772726 0.139956
hs1 14772727 15909089 0.877942
hs1 15909090 17045453 0.552201
hs1 17045454 18181817 0.524714
hs1 18181818 19318180 0.476732
hs1 19318181 20454544 0.525761
hs1 20454545 21590908 0.656773
hs1 21590909 22727271 0.520557
hs1 22727272 23863635 0.530259
hs1 23863636 24999999 0.510672
hs1 25000000 26136362 0.545156
hs1 26136363 27272726 0.481730
hs1 27272727 28409089 0.629623
hs1 28409090 29545453 0.744860
hs1 29545454 30681817 0.000000
hs1 30681818 31818180 0.366157
hs1 31818181 32954544 0.575463
hs1 32954545 34090908 0.645902
hs1 34090909 35227271 0.384717
hs1 35227272 36363635 0.618006
hs1 36363636 37499999 0.425154
hs1 37500000 38636362 0.348142
hs1 38636363 39772726 0.510840
hs1 39772727 40909089 0.482177
hs1 40909090 42045453 0.613169
hs1 42045454 43181817 0.532277
hs1 43181818 44318180 0.560806
hs1 44318181 45454544 0.779376
hs1 45454545 46590908 0.740918
hs1 46590909 47727271 0.426545
hs1 47727272 48863635 0.328036
hs1 48863636 49999999 1.043128
hs1 50000000 51136362 0.773369
hs1 51136363 52272726 0.645983
hs1 52272727 53409089 0.767532
hs1 53409090 54545453 0.658902
hs1 54545454 55681817 0.521315
hs1 55681818 56818180 0.074647
hs1 56818181 57954544 0.870807
hs1 57954545 59090908 0.568364
hs1 59090909 60227271 0.506540
hs1 60227272 61363635 0.115689
hs1 61363636 62499999 0.744776
hs1 62500000 63636362 0.376267
hs1 63636363 64772726 0.660033
hs1 64772727 65909089 0.742314
hs1 65909090 67045453 0.724349
hs1 67045454 68181817 0.534987
hs1 68181818 69318180 0.161162
hs1 69318181 70454544 0.383488
hs1 70454545 71590908 0.339938
hs1 71590909 72727271 0.774096
hs1 72727272 73863635 0.000000
hs1 73863636 74999999 0.606898
hs1 75000000 76136362 0.525016
hs1 76136363 77272726 0.661710
hs1 77272727 78409089 0.800121
hs1 78409090 79545453 0.305012
hs1 79545454 80681817 0.000000
hs1 80681818 81818180 0.000000
hs1 81818181 82954544 0.168984
hs1 82954545 84090908 0.000000
hs1 84090909 85227271 0.613865
hs1 85227272 86363635 0.784779
hs1 86363636 87499999 0.466110
hs1 87500000 88636362 0.018000
hs1 88636363 89772726 0.384319
hs1 89772727 90909089 0.264236
hs1 90909090 92045453 0.366774
hs1 92045454 93181817 0.739048
hs1 93181818 94318180 0.501028
hs1 94318181 95454544 0.438733
hs1 95454545 96590908 0.011503
hs1 96590909 97727271 0.444234
hs1 97727272 98863635 0.380190
hs1 98863636 99999999 0.317311
hs1 100000000 101136362 0.508482
hs1 101136363 102272726 0.300865
hs1 102272727 103409089 0.204187
hs1 103409090 104545453 0.152853
hs1 104545454 105681817 0.305087
hs1 105681818 106818180 0.000000
hs1 106818181 107954544 0.337683
hs1 107954545 109090908 0.521644
hs1 109090909 110227271 0.643335
hs1 110227272 111363635 0.243382
hs1 111363636 112499999 0.544011
hs1 112500000 113636362 0.359811
hs1 113636363 114772726 0.569200
hs1 114772727 115909089 0.447373
hs1 115909090 117045453 0.399656
hs1 117045454 118181817 0.379451
hs1 118181818 119318180 0.369098
hs1 119318181 120454544 0.384624
hs1 120454545 121590908 0.076827
hs1 121590909 122727271 0.000000
hs1 122727272 123863635 0.000000
hs1 123863636 124999999 0.000000
hs1 125000000 126136362 0.000000
hs1 126136363 127272726 0.000000
hs1 127272727 128409089 0.000000
hs1 128409090 129545453 0.000000
hs1 129545454 130681817 0.000000
hs1 130681818 131818180 0.000000
hs1 131818181 132954544 0.000000
hs1 132954545 134090908 0.000000
hs1 134090909 135227271 0.000000
hs1 135227272 136363635 0.000000
hs1 136363636 137499999 0.000000
hs1 137500000 138636362 0.000000
hs1 138636363 139772726 0.000000
hs1 139772727 140909089 0.000000
hs1 140909090 142045453 0.000000
hs1 142045454 143181817 0.143916
hs1 143181818 144318180 0.693139
hs1 144318181 145454544 0.410547
hs1 145454545 146590908 0.355397
hs1 146590909 147727271 0.107966
hs1 147727272 148863635 0.458994
hs1 148863636 149999999 0.692646
hs1 150000000 151136362 0.201483
hs1 151136363 152272726 0.368489
hs1 152272727 153409089 0.675197
hs1 153409090 154545453 0.755167
hs1 154545454 155681817 0.478281
hs1 155681818 156818180 0.252402
hs1 156818181 157954544 0.231671
hs1 157954545 159090908 0.552496
hs1 159090909 160227271 0.514300
hs1 160227272 161363635 0.549907
hs1 161363636 162499999 0.083343
hs1 162500000 163636362 0.393443
hs1 163636363 164772726 0.397527
hs1 164772727 165909089 0.489961
hs1 165909090 167045453 0.476353
hs1 167045454 168181817 0.544748
hs1 168181818 169318180 0.342730
hs1 169318181 170454544 0.621990
hs1 170454545 171590908 0.320850
hs1 171590909 172727271 0.649725
hs1 172727272 173863635 0.800892
hs1 173863636 174999999 0.597838
hs1 175000000 176136362 0.434217
hs1 176136363 177272726 0.592340
hs1 177272727 178409089 0.776626
hs1 178409090 179545453 0.573536
hs1 179545454 180681817 0.297571
hs1 180681818 181818180 0.664911
hs1 181818181 182954544 0.626896
hs1 182954545 184090908 0.520957
hs1 184090909 185227271 0.572423
hs1 185227272 186363635 0.000000
hs1 186363636 187499999 0.000000
hs1 187500000 188636362 0.266591
hs1 188636363 189772726 0.067778
hs1 189772727 190909089 0.093333
hs1 190909090 192045453 0.202122
hs1 192045454 193181817 0.000000
hs1 193181818 194318180 0.000000
hs1 194318181 195454544 0.638504
hs1 195454545 196590908 0.583607
hs1 196590909 197727271 0.119993
hs1 197727272 198863635 0.196907
hs1 198863636 199999999 0.533776
hs1 200000000 201136362 0.775108
hs1 201136363 202272726 0.379819
hs1 202272727 203409089 0.649878
hs1 203409090 204545453 0.420366
hs1 204545454 205681817 0.496252
hs1 205681818 206818180 0.487996
hs1 206818181 207954544 0.088986
hs1 207954545 209090908 0.753592
hs1 209090909 210227271 0.531989
hs1 210227272 211363635 0.540882
hs1 211363636 212499999 0.173975
hs1 212500000 213636362 0.651014
hs1 213636363 214772726 0.778305
hs1 214772727 215909089 0.742143
hs1 215909090 217045453 0.307372
hs1 217045454 218181817 0.046997
hs1 218181818 219318180 0.444331
hs1 219318181 220454544 0.041419
hs1 220454545 221590908 0.375815
hs1 221590909 222727271 0.460896
hs1 222727272 223863635 0.654290
hs1 223863636 224999999 0.449339
hs1 225000000 226136362 0.516630
hs1 226136363 227272726 0.316667
hs1 227272727 228409089 0.330111
hs1 228409090 229545453 0.458385
hs1 229545454 230681817 0.988046
hs1 230681818 231818180 0.387311
hs1 231818181 232954544 0.510136
hs1 232954545 234090908 0.588811
hs1 234090909 235227271 0.519799
hs1 235227272 236363635 0.762044
hs1 236363636 237499999 0.004957
hs1 237500000 238636362 0.523514
hs1 238636363 239772726 0.708911
hs1 239772727 240909089 0.649514
hs1 240909090 242045453 0.658050
hs1 242045454 243181817 0.333737
hs1 243181818 244318180 0.917330
hs1 244318181 245454544 0.680058
hs1 245454545 246590908 0.275781
hs1 246590909 247727271 0.055148
hs19 0 1136362 0.553447
hs19 1136363 2272726 0.619886
hs19 2272727 3409089 0.677920
hs19 3409090 4545453 0.726583
hs19 4545454 5681817 0.578532
hs19 5681818 6818180 0.618185
hs19 6818181 7954544 0.565150
hs19 7954545 9090908 0.487638
hs19 9090909 10227271 0.500746
hs19 10227272 11363635 0.740574
hs19 11363636 12499999 0.478775
hs19 12500000 13636362 0.671854
hs19 13636363 14772726 0.560752
hs19 14772727 15909089 0.375615
hs19 15909090 17045453 0.675633
hs19 17045454 18181817 0.691408
hs19 18181818 19318180 0.790847
hs19 19318181 20454544 0.484021
hs19 20454545 21590908 0.311644
hs19 21590909 22727271 0.214229
hs19 22727272 23863635 0.150186
hs19 23863636 24999999 0.038664
hs19 25000000 26136362 0.000000
hs19 26136363 27272726 0.000000
hs19 27272727 28409089 0.000000
hs19 28409090 29545453 0.000000
hs19 29545454 30681817 0.000000
hs19 30681818 31818180 0.000000
hs19 31818181 32954544 0.000000
hs19 32954545 34090908 0.003034
hs19 34090909 35227271 0.150434
hs19 35227272 36363635 0.163827
hs19 36363636 37499999 0.065420
hs19 37500000 38636362 0.643116
hs19 38636363 39772726 0.455825
hs19 39772727 40909089 0.361208
hs19 40909090 42045453 0.548999
hs19 42045454 43181817 0.601160
hs19 43181818 44318180 0.745714
hs19 44318181 45454544 0.431908
hs19 45454545 46590908 0.612244
hs19 46590909 47727271 0.472178
hs19 47727272 48863635 0.345878
hs19 48863636 49999999 0.484590
hs19 50000000 51136362 0.638304
hs19 51136363 52272726 0.398981
hs19 52272727 53409089 0.620860
hs19 53409090 54545453 0.720258
hs19 54545454 55681817 0.745351
hs19 55681818 56818180 0.408613
hs19 56818181 57954544 0.596051
hs19 57954545 59090908 0.459056
hs19 59090909 60227271 0.574449
hs19 60227272 61363635 0.650817
hs19 61363636 62499999 0.360844
hs19 62500000 63636362 0.503276
hs19 63636363 64772726 0.082223
hs2 0 1136362 0.250928
hs2 1136363 2272726 0.841952
hs2 2272727 3409089 0.250584
hs2 3409090 4545453 0.165189
hs2 4545454 5681817 0.000000
hs2 5681818 6818180 0.055008
hs2 6818181 7954544 0.145063
hs2 7954545 9090908 0.275271
hs2 9090909 10227271 0.534341
hs2 10227272 11363635 0.484748
hs2 11363636 12499999 0.230401
hs2 12500000 13636362 0.022759
hs2 13636363 14772726 0.006475
hs2 14772727 15909089 0.381815
hs2 15909090 17045453 0.109718
hs2 17045454 18181817 0.263968
hs2 18181818 19318180 0.028754
hs2 19318181 20454544 0.207302
hs2 20454545 21590908 0.194616
hs2 21590909 22727271 0.000000
hs2 22727272 23863635 0.318369
hs2 23863636 24999999 0.709988
hs2 25000000 26136362 0.686811
hs2 26136363 27272726 0.727375
hs2 27272727 28409089 0.831555
hs2 28409090 29545453 0.676716
hs2 29545454 30681817 0.574490
hs2 30681818 31818180 0.499289
hs2 31818181 32954544 0.777974
hs2 32954545 34090908 0.597182
hs2 34090909 35227271 0.000000
hs2 35227272 36363635 0.000000
hs2 36363636 37499999 0.709770
hs2 37500000 38636362 0.274681
hs2 38636363 39772726 0.586706
hs2 39772727 40909089 0.413061
hs2 40909090 42045453 0.000000
hs2 42045454 43181817 0.355936
hs2 43181818 44318180 0.686639
hs2 44318181 45454544 0.447662
hs2 45454545 46590908 0.750523
hs2 46590909 47727271 0.525292
hs2 47727272 48863635 0.506050
hs2 48863636 49999999 0.170038
hs2 50000000 51136362 0.979598
hs2 51136363 52272726 0.000000
hs2 52272727 53409089 0.000000
hs2 53409090 54545453 0.609476
hs2 54545454 55681817 0.740765
hs2 55681818 56818180 0.296108
hs2 56818181 57954544 0.000000
hs2 57954545 59090908 0.172011
hs2 59090909 60227271 0.000000
hs2 60227272 61363635 0.436631
hs2 61363636 62499999 0.490197
hs2 62500000 63636362 0.725217
hs2 63636363 64772726 0.333792
hs2 64772727 65909089 0.241778
hs2 65909090 67045453 0.120878
hs2 67045454 68181817 0.029851
hs2 68181818 69318180 0.573019
hs2 69318181 70454544 0.534488
hs2 70454545 71590908 0.513310
hs2 71590909 72727271 0.582923
hs2 72727272 73863635 0.640275
hs2 73863636 74999999 0.599986
hs2 75000000 76136362 0.268624
hs2 76136363 77272726 0.391039
hs2 77272727 78409089 0.290756
hs2 78409090 79545453 0.012713
hs2 79545454 80681817 0.959849
hs2 80681818 81818180 0.041958
hs2 81818181 82954544 0.000852
hs2 82954545 84090908 0.000000
hs2 84090909 85227271 0.442189
hs2 85227272 86363635 0.596365
hs2 86363636 87499999 0.509601
hs2 87500000 88636362 0.432894
hs2 88636363 89772726 0.150307
hs2 89772727 90909089 0.000000
hs2 90909090 92045453 0.027625
hs2 92045454 93181817 0.000000
hs2 93181818 94318180 0.000000
hs2 94318181 95454544 0.273978
hs2 95454545 96590908 0.185484
hs2 96590909 97727271 0.544121
hs2 97727272 98863635 0.776110
hs2 98863636 99999999 0.817201
hs2 100000000 101136362 0.497702
hs2 101136363 102272726 0.421275
hs2 102272727 103409089 0.297502
hs2 103409090 104545453 0.069002
hs2 104545454 105681817 0.188053
hs2 105681818 106818180 0.321367
hs2 106818181 107954544 0.106034
hs2 107954545 109090908 0.425924
hs2 109090909 110227271 0.814811
hs2 110227272 111363635 0.595980
hs2 111363636 112499999 0.569106
hs2 112500000 113636362 0.454428
hs2 113636363 114772726 0.306300
hs2 114772727 115909089 0.873595
hs2 115909090 117045453 0.360540
hs2 117045454 118181817 0.000000
hs2 118181818 119318180 0.122994
hs2 119318181 120454544 0.523743
hs2 120454545 121590908 0.363569
hs2 121590909 122727271 0.354409
hs2 122727272 123863635 0.000000
hs2 123863636 124999999 0.440587
hs2 125000000 126136362 0.342614
hs2 126136363 127272726 0.035696
hs2 127272727 128409089 0.448962
hs2 128409090 129545453 0.214451
hs2 129545454 130681817 0.130229
hs2 130681818 131818180 0.342393
hs2 131818181 132954544 0.248449
hs2 132954545 134090908 0.958752
hs2 134090909 135227271 0.407541
hs2 135227272 136363635 0.822542
hs2 136363636 137499999 0.103705
hs2 137500000 138636362 0.619420
hs2 138636363 139772726 0.162265
hs2 139772727 140909089 0.179190
hs2 140909090 142045453 1.000000
hs2 142045454 143181817 0.493053
hs2 143181818 144318180 0.707270
hs2 144318181 145454544 0.459818
hs2 145454545 146590908 0.116266
hs2 146590909 147727271 0.003462
hs2 147727272 148863635 0.476800
hs2 148863636 149999999 0.695354
hs2 150000000 151136362 0.066915
hs2 151136363 152272726 0.304182
hs2 152272727 153409089 0.706964
hs2 153409090 154545453 0.097024
hs2 154545454 155681817 0.555460
hs2 155681818 156818180 0.000000
hs2 156818181 157954544 0.195267
hs2 157954545 159090908 0.674586
hs2 159090909 160227271 0.693857
hs2 160227272 161363635 0.552839
hs2 161363636 162499999 0.459822
hs2 162500000 163636362 0.661805
hs2 163636363 164772726 0.112989
hs2 164772727 165909089 0.496808
hs2 165909090 167045453 0.646864
hs2 167045454 168181817 0.319052
hs2 168181818 169318180 0.565720
hs2 169318181 170454544 0.743714
hs2 170454545 171590908 0.698593
hs2 171590909 172727271 0.650269
hs2 172727272 173863635 0.566935
hs2 173863636 174999999 0.291192
hs2 175000000 176136362 0.442839
hs2 176136363 177272726 0.155293
hs2 177272727 178409089 0.463369
hs2 178409090 179545453 1.042855
hs2 179545454 180681817 0.567342
hs2 180681818 181818180 0.073075
hs2 181818181 182954544 0.541600
hs2 182954545 184090908 0.360188
hs2 184090909 185227271 0.049223
hs2 185227272 186363635 0.296758
hs2 186363636 187499999 0.218316
hs2 187500000 188636362 0.171985
hs2 188636363 189772726 0.480602
hs2 189772727 190909089 0.393176
hs2 190909090 192045453 0.549767
hs2 192045454 193181817 0.236127
hs2 193181818 194318180 0.023809
hs2 194318181 195454544 0.000000
hs2 195454545 196590908 0.317798
hs2 196590909 197727271 0.764953
hs2 197727272 198863635 0.594348
hs2 198863636 199999999 0.138628
hs2 200000000 201136362 0.295939
hs2 201136363 202272726 0.848039
hs2 202272727 203409089 0.555621
hs2 203409090 204545453 0.597988
hs2 204545454 205681817 0.495491
hs2 205681818 206818180 0.702877
hs2 206818181 207954544 0.405786
hs2 207954545 209090908 0.512479
hs2 209090909 210227271 0.202626
hs2 210227272 211363635 0.693848
hs2 211363636 212499999 0.485156
hs2 212500000 213636362 0.594356
hs2 213636363 214772726 0.883153
hs2 214772727 215909089 0.604689
hs2 215909090 217045453 0.436377
hs2 217045454 218181817 0.345966
hs2 218181818 219318180 0.710032
hs2 219318181 220454544 0.462552
hs2 220454545 221590908 0.000000
hs2 221590909 222727271 0.135753
hs2 222727272 223863635 0.395304
hs2 223863636 224999999 0.224938
hs2 225000000 226136362 0.488652
hs2 226136363 227272726 0.079742
hs2 227272727 228409089 0.650414
hs2 228409090 229545453 0.223867
hs2 229545454 230681817 0.777645
hs2 230681818 231818180 0.610185
hs2 231818181 232954544 0.515489
hs2 232954545 234090908 0.739864
hs2 234090909 235227271 0.824681
hs2 235227272 236363635 0.351907
hs2 236363636 237499999 0.530607
hs2 237500000 238636362 0.454762
hs2 238636363 239772726 0.366041
hs2 239772727 240909089 0.263592
hs2 240909090 242045453 0.666203
hs2 242045454 243181817 0.319898
hs8 0 1136362 0.196977
hs8 1136363 2272726 0.438215
hs8 2272727 3409089 0.553351
hs8 3409090 4545453 1.000000
hs8 4545454 5681817 0.258969
hs8 5681818 6818180 0.345967
hs8 6818181 7954544 0.298994
hs8 7954545 9090908 0.208142
hs8 9090909 10227271 0.446949
hs8 10227272 11363635 0.670819
hs8 11363636 12499999 0.325304
hs8 12500000 13636362 0.524513
hs8 13636363 14772726 0.687331
hs8 14772727 15909089 0.520700
hs8 15909090 17045453 0.166901
hs8 17045454 18181817 0.676188
hs8 18181818 19318180 0.520286
hs8 19318181 20454544 0.353061
hs8 20454545 21590908 0.000000
hs8 21590909 22727271 0.731787
hs8 22727272 23863635 0.437294
hs8 23863636 24999999 0.142197
hs8 25000000 26136362 0.452682
hs8 26136363 27272726 0.364730
hs8 27272727 28409089 0.655409
hs8 28409090 29545453 0.542153
hs8 29545454 30681817 0.400290
hs8 30681818 31818180 0.414029
hs8 31818181 32954544 0.813050
hs8 32954545 34090908 0.141545
hs8 34090909 35227271 0.012985
hs8 35227272 36363635 0.479117
hs8 36363636 37499999 0.133587
hs8 37500000 38636362 0.447636
hs8 38636363 39772726 0.759595
hs8 39772727 40909089 0.446452
hs8 40909090 42045453 0.438027
hs8 42045454 43181817 0.582671
hs8 43181818 44318180 0.062256
hs8 44318181 45454544 0.000000
hs8 45454545 46590908 0.000000
hs8 46590909 47727271 0.000000
hs8 47727272 48863635 0.445723
hs8 48863636 49999999 0.233944
hs8 50000000 51136362 0.134600
hs8 51136363 52272726 0.643824
hs8 52272727 53409089 0.699259
hs8 53409090 54545453 0.199096
hs8 54545454 55681817 0.319462
hs8 55681818 56818180 0.395028
hs8 56818181 57954544 0.268609
hs8 57954545 59090908 0.054887
hs8 59090909 60227271 0.531495
hs8 60227272 61363635 0.081429
hs8 61363636 62499999 0.377629
hs8 62500000 63636362 0.530773
hs8 63636363 64772726 0.467826
hs8 64772727 65909089 0.184148
hs8 65909090 67045453 0.194942
hs8 67045454 68181817 0.521901
hs8 68181818 69318180 0.738111
hs8 69318181 70454544 0.335378
hs8 70454545 71590908 0.588119
hs8 71590909 72727271 0.262740
hs8 72727272 73863635 0.459305
hs8 73863636 74999999 0.586065
hs8 75000000 76136362 0.223443
hs8 76136363 77272726 0.023637
hs8 77272727 78409089 0.245689
hs8 78409090 79545453 0.000000
hs8 79545454 80681817 0.187986
hs8 80681818 81818180 0.393246
hs8 81818181 82954544 0.371085
hs8 82954545 84090908 0.000000
hs8 84090909 85227271 0.000000
hs8 85227272 86363635 0.739007
hs8 86363636 87499999 0.243378
hs8 87500000 88636362 0.720563
hs8 88636363 89772726 0.258354
hs8 89772727 90909089 0.029326
hs8 90909090 92045453 0.302616
hs8 92045454 93181817 0.409537
hs8 93181818 94318180 0.072700
hs8 94318181 95454544 0.190161
hs8 95454545 96590908 0.424919
hs8 96590909 97727271 0.211676
hs8 97727272 98863635 0.523446
hs8 98863636 99999999 0.708864
hs8 100000000 101136362 0.863826
hs8 101136363 102272726 0.328830
hs8 102272727 103409089 0.645936
hs8 103409090 104545453 0.334455
hs8 104545454 105681817 0.841949
hs8 105681818 106818180 0.367716
hs8 106818181 107954544 0.493657
hs8 107954545 109090908 0.315687
hs8 109090909 110227271 0.176895
hs8 110227272 111363635 0.371436
hs8 111363636 112499999 0.000000
hs8 112500000 113636362 0.292187
hs8 113636363 114772726 0.776290
hs8 114772727 115909089 0.000000
hs8 115909090 117045453 0.229244
hs8 117045454 118181817 0.267539
hs8 118181818 119318180 0.400943
hs8 119318181 120454544 0.431951
hs8 120454545 121590908 0.661566
hs8 121590909 122727271 0.285281
hs8 122727272 123863635 0.000488
hs8 123863636 124999999 0.611191
hs8 125000000 126136362 0.517610
hs8 126136363 127272726 0.281820
hs8 127272727 128409089 0.005087
hs8 128409090 129545453 0.310478
hs8 129545454 130681817 0.000000
hs8 130681818 131818180 0.429463
hs8 131818181 132954544 0.229055
hs8 132954545 134090908 0.801815
hs8 134090909 135227271 0.358376
hs8 135227272 136363635 0.251787
hs8 136363636 137499999 0.182723
hs8 137500000 138636362 0.000000
hs8 138636363 139772726 0.413485
hs8 139772727 140909089 0.361251
hs8 140909090 142045453 0.921166
hs8 142045454 143181817 0.191769
hs8 143181818 144318180 0.377649
hs8 144318181 145454544 0.515073
hs8 145454545 146590908 0.396858
hs6 0 1136362 0.376883
hs6 1136363 2272726 0.557341
hs6 2272727 3409089 0.412308
hs6 3409090 4545453 0.138373
hs6 4545454 5681817 0.781327
hs6 5681818 6818180 0.496022
hs6 6818181 7954544 0.460451
hs6 7954545 9090908 0.091458
hs6 9090909 10227271 0.000000
hs6 10227272 11363635 0.481915
hs6 11363636 12499999 0.349343
hs6 12500000 13636362 0.646056
hs6 13636363 14772726 0.206143
hs6 14772727 15909089 0.366047
hs6 15909090 17045453 0.473892
hs6 17045454 18181817 0.445966
hs6 18181818 19318180 0.192887
hs6 19318181 20454544 0.101233
hs6 20454545 21590908 0.694985
hs6 21590909 22727271 0.483560
hs6 22727272 23863635 0.000000
hs6 23863636 24999999 0.532677
hs6 25000000 26136362 0.541321
hs6 26136363 27272726 0.284470
hs6 27272727 28409089 0.157920
hs6 28409090 29545453 0.142751
hs6 29545454 30681817 0.328369
hs6 30681818 31818180 0.367726
hs6 31818181 32954544 0.566650
hs6 32954545 34090908 0.360726
hs6 34090909 35227271 0.679607
hs6 35227272 36363635 0.694387
hs6 36363636 37499999 0.542866
hs6 37500000 38636362 0.755145
hs6 38636363 39772726 0.783640
hs6 39772727 40909089 0.323633
hs6 40909090 42045453 0.422855
hs6 42045454 43181817 0.693611
hs6 43181818 44318180 0.516566
hs6 44318181 45454544 0.662208
hs6 45454545 46590908 0.428464
hs6 46590909 47727271 0.534524
hs6 47727272 48863635 0.263701
hs6 48863636 49999999 0.166646
hs6 50000000 51136362 0.100683
hs6 51136363 52272726 0.444688
hs6 52272727 53409089 0.432922
hs6 53409090 54545453 0.460909
hs6 54545454 55681817 0.372652
hs6 55681818 56818180 0.436518
hs6 56818181 57954544 0.474007
hs6 57954545 59090908 0.036579
hs6 59090909 60227271 0.000000
hs6 60227272 61363635 0.000000
hs6 61363636 62499999 0.045916
hs6 62500000 63636362 0.487573
hs6 63636363 64772726 0.359451
hs6 64772727 65909089 0.999999
hs6 65909090 67045453 0.498392
hs6 67045454 68181817 0.000000
hs6 68181818 69318180 0.000000
hs6 69318181 70454544 0.674040
hs6 70454545 71590908 0.764232
hs6 71590909 72727271 0.199844
hs6 72727272 73863635 0.807523
hs6 73863636 74999999 0.399465
hs6 75000000 76136362 0.195076
hs6 76136363 77272726 0.494428
hs6 77272727 78409089 0.001033
hs6 78409090 79545453 0.000000
hs6 79545454 80681817 0.293820
hs6 80681818 81818180 0.272612
hs6 81818181 82954544 0.021872
hs6 82954545 84090908 0.422005
hs6 84090909 85227271 0.477040
hs6 85227272 86363635 0.144635
hs6 86363636 87499999 0.032928
hs6 87500000 88636362 0.495958
hs6 88636363 89772726 0.350757
hs6 89772727 90909089 0.759953
hs6 90909090 92045453 0.198717
hs6 92045454 93181817 0.000000
hs6 93181818 94318180 0.158016
hs6 94318181 95454544 0.061072
hs6 95454545 96590908 0.045988
hs6 96590909 97727271 0.494155
hs6 97727272 98863635 0.097319
hs6 98863636 99999999 0.192084
hs6 100000000 101136362 0.288092
hs6 101136363 102272726 0.544482
hs6 102272727 103409089 0.309693
hs6 103409090 104545453 0.000000
hs6 104545454 105681817 0.253915
hs6 105681818 106818180 0.228553
hs6 106818181 107954544 0.619572
hs6 107954545 109090908 0.690419
hs6 109090909 110227271 0.673597
hs6 110227272 111363635 0.504653
hs6 111363636 112499999 0.581055
hs6 112500000 113636362 0.159658
hs6 113636363 114772726 0.057830
hs6 114772727 115909089 0.000000
hs6 115909090 117045453 0.485130
hs6 117045454 118181817 0.461896
hs6 118181818 119318180 0.622167
hs6 119318181 120454544 0.317788
hs6 120454545 121590908 0.130754
hs6 121590909 122727271 0.106097
hs6 122727272 123863635 0.610628
hs6 123863636 124999999 0.852930
hs6 125000000 126136362 0.432662
hs6 126136363 127272726 0.198128
hs6 127272727 128409089 0.491931
hs6 128409090 129545453 0.681076
hs6 129545454 130681817 0.614772
hs6 130681818 131818180 0.331096
hs6 131818181 132954544 0.382574
hs6 132954545 134090908 0.365880
hs6 134090909 135227271 0.252983
hs6 135227272 136363635 1.176200
hs6 136363636 137499999 0.740472
hs6 137500000 138636362 0.178626
hs6 138636363 139772726 0.475256
hs6 139772727 140909089 0.000000
hs6 140909090 142045453 0.000000
hs6 142045454 143181817 0.360956
hs6 143181818 144318180 0.736895
hs6 144318181 145454544 0.632318
hs6 145454545 146590908 0.358098
hs6 146590909 147727271 0.527532
hs6 147727272 148863635 0.213554
hs6 148863636 149999999 0.546219
hs6 150000000 151136362 0.481972
hs6 151136363 152272726 0.760454
hs6 152272727 153409089 0.711674
hs6 153409090 154545453 0.251032
hs6 154545454 155681817 0.599452
hs6 155681818 156818180 0.053271
hs6 156818181 157954544 0.585068
hs6 157954545 159090908 0.700184
hs6 159090909 160227271 0.282809
hs6 160227272 161363635 0.518778
hs6 161363636 162499999 0.925837
hs6 162500000 163636362 1.000591
hs6 163636363 164772726 0.174764
hs6 164772727 165909089 0.244889
hs6 165909090 167045453 0.448398
hs6 167045454 168181817 0.435311
hs6 168181818 169318180 0.236648
hs6 169318181 170454544 0.341595
hs6 170454545 171590908 0.125353
hs14 0 1136362 0.000000
hs14 1136363 2272726 0.000000
hs14 2272727 3409089 0.000000
hs14 3409090 4545453 0.000000
hs14 4545454 5681817 0.000000
hs14 5681818 6818180 0.000000
hs14 6818181 7954544 0.000000
hs14 7954545 9090908 0.000000
hs14 9090909 10227271 0.000000
hs14 10227272 11363635 0.000000
hs14 11363636 12499999 0.000000
hs14 12500000 13636362 0.000000
hs14 13636363 14772726 0.000000
hs14 14772727 15909089 0.000000
hs14 15909090 17045453 0.000000
hs14 17045454 18181817 0.000000
hs14 18181818 19318180 0.061445
hs14 19318181 20454544 0.171231
hs14 20454545 21590908 0.305483
hs14 21590909 22727271 0.276613
hs14 22727272 23863635 0.361317
hs14 23863636 24999999 0.276704
hs14 25000000 26136362 0.133263
hs14 26136363 27272726 0.000385
hs14 27272727 28409089 0.021716
hs14 28409090 29545453 0.309068
hs14 29545454 30681817 0.381660
hs14 30681818 31818180 0.489995
hs14 31818181 32954544 0.862512
hs14 32954545 34090908 0.412359
hs14 34090909 35227271 0.573324
hs14 35227272 36363635 0.354204
hs14 36363636 37499999 0.620223
hs14 37500000 38636362 0.064075
hs14 38636363 39772726 0.175454
hs14 39772727 40909089 0.000000
hs14 40909090 42045453 0.261353
hs14 42045454 43181817 0.000000
hs14 43181818 44318180 0.002771
hs14 44318181 45454544 0.286473
hs14 45454545 46590908 0.187565
hs14 46590909 47727271 0.548090
hs14 47727272 48863635 0.000000
hs14 48863636 49999999 0.513829
hs14 50000000 51136362 0.559640
hs14 51136363 52272726 0.554873
hs14 52272727 53409089 0.233746
hs14 53409090 54545453 0.389956
hs14 54545454 55681817 0.374187
hs14 55681818 56818180 0.380466
hs14 56818181 57954544 0.377017
hs14 57954545 59090908 0.356771
hs14 59090909 60227271 0.415041
hs14 60227272 61363635 0.599575
hs14 61363636 62499999 0.328460
hs14 62500000 63636362 0.646791
hs14 63636363 64772726 0.657481
hs14 64772727 65909089 0.294050
hs14 65909090 67045453 0.820389
hs14 67045454 68181817 0.903674
hs14 68181818 69318180 0.514397
hs14 69318181 70454544 0.490550
hs14 70454545 71590908 0.466992
hs14 71590909 72727271 0.831130
hs14 72727272 73863635 0.771727
hs14 73863636 74999999 0.496967
hs14 75000000 76136362 0.847143
hs14 76136363 77272726 0.513581
hs14 77272727 78409089 0.560168
hs14 78409090 79545453 0.872453
hs14 79545454 80681817 0.570170
hs14 80681818 81818180 0.203185
hs14 81818181 82954544 0.000000
hs14 82954545 84090908 0.000000
hs14 84090909 85227271 0.086050
hs14 85227272 86363635 0.000000
hs14 86363636 87499999 0.027183
hs14 87500000 88636362 0.536674
hs14 88636363 89772726 0.734637
hs14 89772727 90909089 0.687634
hs14 90909090 92045453 0.668006
hs14 92045454 93181817 0.793760
hs14 93181818 94318180 0.463613
hs14 94318181 95454544 0.296795
hs14 95454545 96590908 0.385303
hs14 96590909 97727271 0.046214
hs14 97727272 98863635 0.095346
hs14 98863636 99999999 0.628266
hs14 100000000 101136362 0.164455
hs14 101136363 102272726 0.696467
hs14 102272727 103409089 0.598609
hs14 103409090 104545453 0.357535
hs14 104545454 105681817 0.289205
hs14 105681818 106818180 0.012121
hs17 0 1136362 0.690511
hs17 1136363 2272726 0.839299
hs17 2272727 3409089 0.491576
hs17 3409090 4545453 0.767376
hs17 4545454 5681817 0.552458
hs17 5681818 6818180 0.344744
hs17 6818181 7954544 0.602732
hs17 7954545 9090908 0.631155
hs17 9090909 10227271 0.816299
hs17 10227272 11363635 0.424432
hs17 11363636 12499999 0.491685
hs17 12500000 13636362 0.383919
hs17 13636363 14772726 0.165752
hs17 14772727 15909089 0.357624
hs17 15909090 17045453 0.625080
hs17 17045454 18181817 0.716774
hs17 18181818 19318180 0.524316
hs17 19318181 20454544 0.547437
hs17 20454545 21590908 0.236946
hs17 21590909 22727271 0.026119
hs17 22727272 23863635 0.467742
hs17 23863636 24999999 0.712121
hs17 25000000 26136362 0.762371
hs17 26136363 27272726 0.590587
hs17 27272727 28409089 0.671147
hs17 28409090 29545453 0.966987
hs17 29545454 30681817 0.286730
hs17 30681818 31818180 0.441208
hs17 31818181 32954544 0.672794
hs17 32954545 34090908 0.422484
hs17 34090909 35227271 0.690643
hs17 35227272 36363635 0.506617
hs17 36363636 37499999 0.335496
hs17 37500000 38636362 0.739728
hs17 38636363 39772726 0.479856
hs17 39772727 40909089 0.604348
hs17 40909090 42045453 0.613866
hs17 42045454 43181817 0.584833
hs17 43181818 44318180 0.559599
hs17 44318181 45454544 0.423081
hs17 45454545 46590908 0.553863
hs17 46590909 47727271 0.591974
hs17 47727272 48863635 0.000000
hs17 48863636 49999999 0.002056
hs17 50000000 51136362 0.319340
hs17 51136363 52272726 0.352179
hs17 52272727 53409089 0.548926
hs17 53409090 54545453 0.739316
hs17 54545454 55681817 0.662335
hs17 55681818 56818180 0.886378
hs17 56818181 57954544 0.475626
hs17 57954545 59090908 0.733153
hs17 59090909 60227271 0.674012
hs17 60227272 61363635 0.512511
hs17 61363636 62499999 0.767244
hs17 62500000 63636362 0.650647
hs17 63636363 64772726 0.600157
hs17 64772727 65909089 0.229378
hs17 65909090 67045453 0.000000
hs17 67045454 68181817 0.029515
hs17 68181818 69318180 0.787662
hs17 69318181 70454544 0.436774
hs17 70454545 71590908 0.757327
hs17 71590909 72727271 0.575788
hs17 72727272 73863635 0.395935
hs17 73863636 74999999 0.780406
hs17 75000000 76136362 0.465619
hs17 76136363 77272726 0.790951
hs17 77272727 78409089 0.674331
hs17 78409090 79545453 0.183427
hs21 0 1136362 0.000000
hs21 1136363 2272726 0.000000
hs21 2272727 3409089 0.000000
hs21 3409090 4545453 0.000000
hs21 4545454 5681817 0.000000
hs21 5681818 6818180 0.000000
hs21 6818181 7954544 0.000000
hs21 7954545 9090908 0.000000
hs21 9090909 10227271 0.385143
hs21 10227272 11363635 0.000000
hs21 11363636 12499999 0.000000
hs21 12500000 13636362 0.070474
hs21 13636363 14772726 0.196514
hs21 14772727 15909089 0.144926
hs21 15909090 17045453 0.606666
hs21 17045454 18181817 0.135165
hs21 18181818 19318180 0.138228
hs21 19318181 20454544 0.000000
hs21 20454545 21590908 0.315850
hs21 21590909 22727271 0.213116
hs21 22727272 23863635 0.000000
hs21 23863636 24999999 0.000000
hs21 25000000 26136362 0.180856
hs21 26136363 27272726 0.400986
hs21 27272727 28409089 0.034060
hs21 28409090 29545453 0.257829
hs21 29545454 30681817 0.493955
hs21 30681818 31818180 0.365443
hs21 31818181 32954544 0.514734
hs21 32954545 34090908 0.550200
hs21 34090909 35227271 0.535030
hs21 35227272 36363635 0.126506
hs21 36363636 37499999 0.694283
hs21 37500000 38636362 0.568090
hs21 38636363 39772726 0.499271
hs21 39772727 40909089 0.685837
hs21 40909090 42045453 0.496000
hs21 42045454 43181817 0.626332
hs21 43181818 44318180 0.499293
hs21 44318181 45454544 0.679336
hs21 45454545 46590908 0.487524
hs21 46590909 47727271 0.216579
