hsX 0 3333332 0.337449
hsX 3333333 6666665 0.134826
hsX 6666666 9999999 0.301987
hsX 10000000 13333332 0.546208
hsX 13333333 16666665 0.390119
hsX 16666666 19999999 0.662119
hsX 20000000 23333332 0.269572
hsX 23333333 26666665 0.249143
hsX 26666666 29999999 0.417590
hsX 30000000 33333332 0.721977
hsX 33333333 36666665 0.107479
hsX 36666666 39999999 0.265822
hsX 40000000 43333332 0.226075
hsX 43333333 46666665 0.314902
hsX 46666666 49999999 0.629142
hsX 50000000 53333332 0.276126
hsX 53333333 56666665 0.309969
hsX 56666666 59999999 0.097644
hsX 60000000 63333332 0.090248
hsX 63333333 66666665 0.154655
hsX 66666666 69999999 0.536312
hsX 70000000 73333332 0.508520
hsX 73333333 76666665 0.227890
hsX 76666666 79999999 0.261154
hsX 80000000 83333332 0.102462
hsX 83333333 86666665 0.390305
hsX 86666666 89999999 0.046063
hsX 90000000 93333332 0.266667
hsX 93333333 96666665 0.252812
hsX 96666666 99999999 0.244785
hsX 100000000 103333332 0.379276
hsX 103333333 106666665 0.571473
hsX 106666666 109999999 0.491241
hsX 110000000 113333332 0.396076
hsX 113333333 116666665 0.181682
hsX 116666666 119999999 0.497277
hsX 120000000 123333332 0.198883
hsX 123333333 126666665 0.179210
hsX 126666666 129999999 0.244007
hsX 130000000 133333332 0.398739
hsX 133333333 136666665 0.303128
hsX 136666666 139999999 0.260640
hsX 140000000 143333332 0.035356
hsX 143333333 146666665 0.006678
hsX 146666666 149999999 0.390255
hsX 150000000 153333332 0.382078
hsX 153333333 156666665 0.245461
hs12 0 3333332 0.796552
hs12 3333333 6666665 0.481292
hs12 6666666 9999999 0.414117
hs12 10000000 13333332 0.568405
hs12 13333333 16666665 0.509641
hs12 16666666 19999999 0.234398
hs12 20000000 23333332 0.434186
hs12 23333333 26666665 0.604448
hs12 26666666 29999999 0.476920
hs12 30000000 33333332 0.354016
hs12 33333333 36666665 0.021129
hs12 36666666 39999999 0.475639
hs12 40000000 43333332 0.490960
hs12 43333333 46666665 0.368309
hs12 46666666 49999999 0.589189
hs12 50000000 53333332 0.489875
hs12 53333333 56666665 0.419604
hs12 56666666 59999999 0.042183
hs12 60000000 63333332 0.537670
hs12 63333333 66666665 0.350889
hs12 66666666 69999999 0.387187
hs12 70000000 73333332 0.259882
hs12 73333333 76666665 0.222053
hs12 76666666 79999999 0.535680
hs12 80000000 83333332 0.374353
hs12 83333333 86666665 0.361783
hs12 86666666 89999999 0.163081
hs12 90000000 93333332 0.248886
hs12 93333333 96666665 0.373761
hs12 96666666 99999999 0.644200
hs12 100000000 103333332 0.501777
hs12 103333333 106666665 0.606841
hs12 106666666 109999999 0.551299
hs12 110000000 113333332 0.577927
hs12 113333333 116666665 0.353476
hs12 116666666 119999999 0.587154
hs12 120000000 123333332 0.695538
hs12 123333333 126666665 0.252876
hs12 126666666 129999999 0.497475
hs12 130000000 133333332 0.375800
hs11 0 3333332 0.622422
hs11 3333333 6666665 0.320280
hs11 6666666 9999999 0.591919
hs11 10000000 13333332 0.535103
hs11 13333333 16666665 0.493916
hs11 16666666 19999999 0.625609
hs11 20000000 23333332 0.448972
hs11 23333333 26666665 0.285466
hs11 26666666 29999999 0.253622
hs11 30000000 33333332 0.418152
hs11 33333333 36666665 0.552143
hs11 36666666 39999999 0.000000
hs11 40000000 43333332 0.063748
hs11 43333333 46666665 0.501823
hs11 46666666 49999999 0.442179
hs11 50000000 53333332 0.009637
hs11 53333333 56666665 0.130350
hs11 56666666 59999999 0.329856
hs11 60000000 63333332 0.543042
hs11 63333333 66666665 0.607779
hs11 66666666 69999999 0.427190
hs11 70000000 73333332 0.664517
hs11 73333333 76666665 0.612582
hs11 76666666 79999999 0.527886
hs11 80000000 83333332 0.239835
hs11 83333333 86666665 0.786249
hs11 86666666 89999999 0.385954
hs11 90000000 93333332 0.280987
hs11 93333333 96666665 0.338229
hs11 96666666 99999999 0.400681
hs11 100000000 103333332 0.454911
hs11 103333333 106666665 0.319844
hs11 106666666 109999999 0.427946
hs11 110000000 113333332 0.419734
hs11 113333333 116666665 0.334471
hs11 116666666 119999999 0.532654
hs11 120000000 123333332 0.404320
hs11 123333333 126666665 0.517173
hs11 126666666 129999999 0.320900
hs11 130000000 133333332 0.652913
hs11 133333333 136666665 0.097672
hs22 0 3333332 0.000000
hs22 3333333 6666665 0.000000
hs22 6666666 9999999 0.000000
hs22 10000000 13333332 0.000000
hs22 13333333 16666665 0.173018
hs22 16666666 19999999 0.507574
hs22 20000000 23333332 0.489018
hs22 23333333 26666665 0.620553
hs22 26666666 29999999 0.741892
hs22 30000000 33333332 0.600006
hs22 33333333 36666665 0.446051
hs22 36666666 39999999 0.650973
hs22 40000000 43333332 0.631840
hs22 43333333 46666665 0.583736
hs22 46666666 49999999 0.315007
hs10 0 3333332 0.439030
hs10 3333333 6666665 0.260405
hs10 6666666 9999999 0.202503
hs10 10000000 13333332 0.470893
hs10 13333333 16666665 0.566247
hs10 16666666 19999999 0.586824
hs10 20000000 23333332 0.507921
hs10 23333333 26666665 0.616486
hs10 26666666 29999999 0.429103
hs10 30000000 33333332 0.407218
hs10 33333333 36666665 0.408411
hs10 36666666 39999999 0.103496
hs10 40000000 43333332 0.133039
hs10 43333333 46666665 0.273247
hs10 46666666 49999999 0.354546
hs10 50000000 53333332 0.721986
hs10 53333333 56666665 0.420050
hs10 56666666 59999999 0.059889
hs10 60000000 63333332 0.387539
hs10 63333333 66666665 0.301410
hs10 66666666 69999999 0.756794
hs10 70000000 73333332 0.619220
hs10 73333333 76666665 0.761275
hs10 76666666 79999999 0.531137
hs10 80000000 83333332 0.254764
hs10 83333333 86666665 0.414433
hs10 86666666 89999999 0.534744
hs10 90000000 93333332 0.452120
hs10 93333333 96666665 0.605352
hs10 96666666 99999999 0.684424
hs10 100000000 103333332 0.629303
hs10 103333333 106666665 0.743285
hs10 106666666 109999999 0.281757
hs10 110000000 113333332 0.202570
hs10 113333333 116666665 0.491148
hs10 116666666 119999999 0.571846
hs10 120000000 123333332 0.329009
hs10 123333333 126666665 0.480350
hs10 126666666 129999999 0.540071
hs10 130000000 133333332 0.207425
hs10 133333333 136666665 0.274614
hs7 0 3333332 0.518791
hs7 3333333 6666665 0.674639
hs7 6666666 9999999 0.330823
hs7 10000000 13333332 0.255302
hs7 13333333 16666665 0.489707
hs7 16666666 19999999 0.264519
hs7 20000000 23333332 0.406804
hs7 23333333 26666665 0.310518
hs7 26666666 29999999 0.607914
hs7 30000000 33333332 0.430367
hs7 33333333 36666665 0.603033
hs7 36666666 39999999 0.581939
hs7 40000000 43333332 0.433464
hs7 43333333 46666665 0.444778
hs7 46666666 49999999 0.364743
hs7 50000000 53333332 0.273304
hs7 53333333 56666665 0.200586
hs7 56666666 59999999 0.017436
hs7 60000000 63333332 0.022235
hs7 63333333 66666665 0.391730
hs7 66666666 69999999 0.358195
hs7 70000000 73333332 0.659921
hs7 73333333 76666665 0.550538
hs7 76666666 79999999 0.641356
hs7 80000000 83333332 0.452900
hs7 83333333 86666665 0.244175
hs7 86666666 89999999 0.513420
hs7 90000000 93333332 0.481585
hs7 93333333 96666665 0.423181
hs7 96666666 99999999 0.434760
hs7 100000000 103333332 0.745622
hs7 103333333 106666665 0.572160
hs7 106666666 109999999 0.330250
hs7 110000000 113333332 0.539478
hs7 113333333 116666665 0.429790
hs7 116666666 119999999 0.239893
hs7 120000000 123333332 0.542353
hs7 123333333 126666665 0.293032
hs7 126666666 129999999 0.554350
hs7 130000000 133333332 0.659635
hs7 133333333 136666665 0.425375
hs7 136666666 139999999 0.668718
hs7 140000000 143333332 0.300961
hs7 143333333 146666665 0.499837
hs7 146666666 149999999 0.569869
hs7 150000000 153333332 0.455711
hs7 153333333 156666665 0.480703
hs7 156666666 159999999 0.484183
hs4 0 3333332 0.674904
hs4 3333333 6666665 0.487919
hs4 6666666 9999999 0.520377
hs4 10000000 13333332 0.128591
hs4 13333333 16666665 0.324407
hs4 16666666 19999999 0.175843
hs4 20000000 23333332 0.522975
hs4 23333333 26666665 0.348250
hs4 26666666 29999999 0.000000
hs4 30000000 33333332 0.127916
hs4 33333333 36666665 0.072748
hs4 36666666 39999999 0.558033
hs4 40000000 43333332 0.524269
hs4 43333333 46666665 0.241528
hs4 46666666 49999999 0.496863
hs4 50000000 53333332 0.069398
hs4 53333333 56666665 0.410658
hs4 56666666 59999999 0.164443
hs4 60000000 63333332 0.172599
hs4 63333333 66666665 0.144410
hs4 66666666 69999999 0.234999
hs4 70000000 73333332 0.380860
hs4 73333333 76666665 0.304633
hs4 76666666 79999999 0.611686
hs4 80000000 83333332 0.345426
hs4 83333333 86666665 0.368970
hs4 86666666 89999999 0.668505
hs4 90000000 93333332 0.573723
hs4 93333333 96666665 0.771583
hs4 96666666 99999999 0.293717
hs4 100000000 103333332 0.362925
hs4 103333333 106666665 0.336952
hs4 106666666 109999999 0.392963
hs4 110000000 113333332 0.366399
hs4 113333333 116666665 0.490813
hs4 116666666 119999999 0.142734
hs4 120000000 123333332 0.319833
hs4 123333333 126666665 0.377041
hs4 126666666 129999999 0.159137
hs4 130000000 133333332 0.073338
hs4 133333333 136666665 0.014304
hs4 136666666 139999999 0.027545
hs4 140000000 143333332 0.497529
hs4 143333333 146666665 0.420215
hs4 146666666 149999999 0.498311
hs4 150000000 153333332 0.420890
hs4 153333333 156666665 0.405646
hs4 156666666 159999999 0.308175
hs4 160000000 163333332 0.318450
hs4 163333333 166666665 0.381004
hs4 166666666 169999999 0.419538
hs4 170000000 173333332 0.319703
hs4 173333333 176666665 0.430175
hs4 176666666 179999999 0.340868
hs4 180000000 183333332 0.001679
hs4 183333333 186666665 0.489571
hs4 186666666 189999999 0.212339
hs4 190000000 193333332 0.026672
hs16 0 3333332 0.673294
hs16 3333333 6666665 0.585441
hs16 6666666 9999999 0.476594
hs16 10000000 13333332 0.615576
hs16 13333333 16666665 0.450050
hs16 16666666 19999999 0.401295
hs16 20000000 23333332 0.550138
hs16 23333333 26666665 0.476109
hs16 26666666 29999999 0.484761
hs16 30000000 33333332 0.280061
hs16 33333333 36666665 0.009759
hs16 36666666 39999999 0.000000
hs16 40000000 43333332 0.000000
hs16 43333333 46666665 0.278316
hs16 46666666 49999999 0.338904
hs16 50000000 53333332 0.290726
hs16 53333333 56666665 0.483587
hs16 56666666 59999999 0.099092
hs16 60000000 63333332 0.114841
hs16 63333333 66666665 0.537573
hs16 66666666 69999999 0.764380
hs16 70000000 73333332 0.330884
hs16 73333333 76666665 0.384213
hs16 76666666 79999999 0.558010
hs16 80000000 83333332 0.671835
hs16 83333333 86666665 0.300028
hs16 86666666 89999999 0.375697
hs20 0 3333332 0.469238
hs20 3333333 6666665 0.356492
hs20 6666666 9999999 0.483477
hs20 10000000 13333332 0.188940
hs20 13333333 16666665 0.858036
hs20 16666666 19999999 0.515185
hs20 20000000 23333332 0.279777
hs20 23333333 26666665 0.259184
hs20 26666666 29999999 0.113861
hs20 30000000 33333332 0.600857
hs20 33333333 36666665 0.674021
hs20 36666666 39999999 0.242976
hs20 40000000 43333332 0.631695
hs20 43333333 46666665 0.465912
hs20 46666666 49999999 0.510143
hs20 50000000 53333332 0.292650
hs20 53333333 56666665 0.220630
hs20 56666666 59999999 0.415210
hs20 60000000 63333332 0.431843
hs13 0 3333332 0.000000
hs13 3333333 6666665 0.000000
hs13 6666666 9999999 0.000000
hs13 10000000 13333332 0.000000
hs13 13333333 16666665 0.000000
hs13 16666666 19999999 0.238615
hs13 20000000 23333332 0.345313
hs13 23333333 26666665 0.503041
hs13 26666666 29999999 0.442521
hs13 30000000 33333332 0.428819
hs13 33333333 36666665 0.625831
hs13 36666666 39999999 0.323384
hs13 40000000 43333332 0.605071
hs13 43333333 46666665 0.393593
hs13 46666666 49999999 0.384361
hs13 50000000 53333332 0.366475
hs13 53333333 56666665 0.022696
hs13 56666666 59999999 0.218125
hs13 60000000 63333332 0.017096
hs13 63333333 66666665 0.267510
hs13 66666666 69999999 0.211438
hs13 70000000 73333332 0.294184
hs13 73333333 76666665 0.291095
hs13 76666666 79999999 0.301873
hs13 80000000 83333332 0.000000
hs13 83333333 86666665 0.128072
hs13 86666666 89999999 0.002130
hs13 90000000 93333332 0.650306
hs13 93333333 96666665 0.671687
hs13 96666666 99999999 0.625715
hs13 100000000 103333332 0.489919
hs13 103333333 106666665 0.042916
hs13 106666666 109999999 0.525019
hs13 110000000 113333332 0.383223
hs13 113333333 116666665 0.115858
hs18 0 3333332 0.351146
hs18 3333333 6666665 0.334485
hs18 6666666 9999999 0.549063
hs18 10000000 13333332 0.475792
hs18 13333333 16666665 0.202924
hs18 16666666 19999999 0.517579
hs18 20000000 23333332 0.426908
hs18 23333333 26666665 0.067970
hs18 26666666 29999999 0.565218
hs18 30000000 33333332 0.662253
hs18 33333333 36666665 0.183522
hs18 36666666 39999999 0.164641
hs18 40000000 43333332 0.454669
hs18 43333333 46666665 0.484266
hs18 46666666 49999999 0.426815
hs18 50000000 53333332 0.321260
hs18 53333333 56666665 0.392258
hs18 56666666 59999999 0.398575
hs18 60000000 63333332 0.071736
hs18 63333333 66666665 0.350485
hs18 66666666 69999999 0.063843
hs18 70000000 73333332 0.366103
hs18 73333333 76666665 0.243233
hs3 0 3333332 0.472006
hs3 3333333 6666665 0.186598
hs3 6666666 9999999 0.625818
hs3 10000000 13333332 0.605983
hs3 13333333 16666665 0.594859
hs3 16666666 19999999 0.409216
hs3 20000000 23333332 0.184572
hs3 23333333 26666665 0.342963
hs3 26666666 29999999 0.373833
hs3 30000000 33333332 0.436823
hs3 33333333 36666665 0.220610
hs3 36666666 39999999 0.619129
hs3 40000000 43333332 0.518386
hs3 43333333 46666665 0.466685
hs3 46666666 49999999 0.751323
hs3 50000000 53333332 0.758310
hs3 53333333 56666665 0.763077
hs3 56666666 59999999 0.616841
hs3 60000000 63333332 0.767492
hs3 63333333 66666665 0.598669
hs3 66666666 69999999 0.458282
hs3 70000000 73333332 0.344330
hs3 73333333 76666665 0.169744
hs3 76666666 79999999 0.533413
hs3 80000000 83333332 0.081631
hs3 83333333 86666665 0.334634
hs3 86666666 89999999 0.151503
hs3 90000000 93333332 0.000000
hs3 93333333 96666665 0.093771
hs3 96666666 99999999 0.363480
hs3 100000000 103333332 0.621297
hs3 103333333 106666665 0.042928
hs3 106666666 109999999 0.417786
hs3 110000000 113333332 0.320799
hs3 113333333 116666665 0.625328
hs3 116666666 119999999 0.224584
hs3 120000000 123333332 0.717152
hs3 123333333 126666665 0.791775
hs3 126666666 129999999 0.485129
hs3 130000000 133333332 0.632336
hs3 133333333 136666665 0.593195
hs3 136666666 139999999 0.456526
hs3 140000000 143333332 0.490788
hs3 143333333 146666665 0.389172
hs3 146666666 149999999 0.100986
hs3 150000000 153333332 0.482672
hs3 153333333 156666665 0.184507
hs3 156666666 159999999 0.583128
hs3 160000000 163333332 0.455513
hs3 163333333 166666665 0.032869
hs3 166666666 169999999 0.356465
hs3 170000000 173333332 0.586548
hs3 173333333 176666665 0.654604
hs3 176666666 179999999 0.233714
hs3 180000000 183333332 0.311500
hs3 183333333 186666665 0.501146
hs3 186666666 189999999 0.502926
hs3 190000000 193333332 0.318185
hs3 193333333 196666665 0.498858
hs3 196666666 199999999 0.464802
hs9 0 3333332 0.358218
hs9 3333333 6666665 0.548329
hs9 6666666 9999999 0.646155
hs9 10000000 13333332 0.243696
hs9 13333333 16666665 0.428550
hs9 16666666 19999999 0.536572
hs9 20000000 23333332 0.298435
hs9 23333333 26666665 0.041529
hs9 26666666 29999999 0.420113
hs9 30000000 33333332 0.158931
hs9 33333333 36666665 0.597236
hs9 36666666 39999999 0.384174
hs9 40000000 43333332 0.113247
hs9 43333333 46666665 0.033874
hs9 46666666 49999999 0.005266
hs9 50000000 53333332 0.000000
hs9 53333333 56666665 0.000000
hs9 56666666 59999999 0.000000
hs9 60000000 63333332 0.000000
hs9 63333333 66666665 0.011450
hs9 66666666 69999999 0.132820
hs9 70000000 73333332 0.628329
hs9 73333333 76666665 0.311075
hs9 76666666 79999999 0.491761
hs9 80000000 83333332 0.065618
hs9 83333333 86666665 0.322081
hs9 86666666 89999999 0.291760
hs9 90000000 93333332 0.258097
hs9 93333333 96666665 0.592087
hs9 96666666 99999999 0.546736
hs9 100000000 103333332 0.529997
hs9 103333333 106666665 0.116865
hs9 106666666 109999999 0.203382
hs9 110000000 113333332 0.623298
hs9 113333333 116666665 0.600257
hs9 116666666 119999999 0.506635
hs9 120000000 123333332 0.295788
hs9 123333333 126666665 0.775465
hs9 126666666 129999999 0.691245
hs9 130000000 133333332 0.568118
hs9 133333333 136666665 0.595120
hs9 136666666 139999999 0.563802
hs9 140000000 143333332 0.058126
hs15 0 3333332 0.000000
hs15 3333333 6666665 0.000000
hs15 6666666 9999999 0.000000
hs15 10000000 13333332 0.000000
hs15 13333333 16666665 0.000000
hs15 16666666 19999999 0.078247
hs15 20000000 23333332 0.230275
hs15 23333333 26666665 0.536775
hs15 26666666 29999999 0.423391
hs15 30000000 33333332 0.567895
hs15 33333333 36666665 0.265697
hs15 36666666 39999999 0.500343
hs15 40000000 43333332 0.736063
hs15 43333333 46666665 0.329379
hs15 46666666 49999999 0.716933
hs15 50000000 53333332 0.467768
hs15 53333333 56666665 0.584276
hs15 56666666 59999999 0.517537
hs15 60000000 63333332 0.560672
hs15 63333333 66666665 0.651228
hs15 66666666 69999999 0.515418
hs15 70000000 73333332 0.546160
hs15 73333333 76666665 0.605487
hs15 76666666 79999999 0.353794
hs15 80000000 83333332 0.602269
hs15 83333333 86666665 0.547186
hs15 86666666 89999999 0.473229
hs15 90000000 93333332 0.247512
hs15 93333333 96666665 0.070877
hs15 96666666 99999999 0.587277
hs15 100000000 103333332 0.031248
hs5 0 3333332 0.287008
hs5 3333333 6666665 0.115969
hs5 6666666 9999999 0.410592
hs5 10000000 13333332 0.453926
hs5 13333333 16666665 0.468910
hs5 16666666 19999999 0.274651
hs5 20000000 23333332 0.380005
hs5 23333333 26666665 0.053606
hs5 26666666 29999999 0.047395
hs5 30000000 33333332 0.276292
hs5 33333333 36666665 0.459350
hs5 36666666 39999999 0.500505
hs5 40000000 43333332 0.380975
hs5 43333333 46666665 0.232833
hs5 46666666 49999999 0.014314
hs5 50000000 53333332 0.219597
hs5 53333333 56666665 0.407575
hs5 56666666 59999999 0.579821
hs5 60000000 63333332 0.302459
hs5 63333333 66666665 0.618814
hs5 66666666 69999999 0.632811
hs5 70000000 73333332 0.475122
hs5 73333333 76666665 0.472505
hs5 76666666 79999999 0.586889
hs5 80000000 83333332 0.530788
hs5 83333333 86666665 0.140309
hs5 86666666 89999999 0.202520
hs5 90000000 93333332 0.326697
hs5 93333333 96666665 0.621519
hs5 96666666 99999999 0.047580
hs5 100000000 103333332 0.177874
hs5 103333333 106666665 0.000188
hs5 106666666 109999999 0.571676
hs5 110000000 113333332 0.518314
hs5 113333333 116666665 0.264706
hs5 116666666 119999999 0.217054
hs5 120000000 123333332 0.247202
hs5 123333333 126666665 0.176880
hs5 126666666 129999999 0.390082
hs5 130000000 133333332 0.476510
hs5 133333333 136666665 0.406990
hs5 136666666 139999999 0.676336
hs5 140000000 143333332 1.866227
hs5 143333333 146666665 0.402478
hs5 146666666 149999999 0.549934
hs5 150000000 153333332 0.302172
hs5 153333333 156666665 0.365162
hs5 156666666 159999999 0.401489
hs5 160000000 163333332 0.209247
hs5 163333333 166666665 0.006674
hs5 166666666 169999999 0.835027
hs5 170000000 173333332 0.471020
hs5 173333333 176666665 0.316549
hs5 176666666 179999999 0.573248
hs5 180000000 183333332 0.058084
hsY 0 3333332 0.274242
hsY 3333333 6666665 0.259247
hsY 6666666 9999999 0.334433
hsY 10000000 13333332 0.057308
hsY 13333333 16666665 0.217281
hsY 16666666 19999999 0.136054
hsY 20000000 23333332 0.206852
hsY 23333333 26666665 0.300438
hsY 26666666 29999999 0.000000
hsY 30000000 33333332 0.000000
hsY 33333333 36666665 0.000000
hsY 36666666 39999999 0.000000
hsY 40000000 43333332 0.000000
hsY 43333333 46666665 0.000000
hsY 46666666 49999999 0.000000
hsY 50000000 53333332 0.000000
hsY 53333333 56666665 0.000000
hsY 56666666 59999999 0.027119
hs1 0 3333332 0.505052
hs1 3333333 6666665 0.383846
hs1 6666666 9999999 0.678815
hs1 10000000 13333332 0.567931
hs1 13333333 16666665 0.521005
hs1 16666666 19999999 0.530143
hs1 20000000 23333332 0.544444
hs1 23333333 26666665 0.515306
hs1 26666666 29999999 0.544831
hs1 30000000 33333332 0.385045
hs1 33333333 36666665 0.557050
hs1 36666666 39999999 0.411541
hs1 40000000 43333332 0.526732
hs1 43333333 46666665 0.714366
hs1 46666666 49999999 0.603270
hs1 50000000 53333332 0.731265
hs1 53333333 56666665 0.416610
hs1 56666666 59999999 0.659972
hs1 60000000 63333332 0.440624
hs1 63333333 66666665 0.662469
hs1 66666666 69999999 0.310106
hs1 70000000 73333332 0.510052
hs1 73333333 76666665 0.500599
hs1 76666666 79999999 0.487613
hs1 80000000 83333332 0.057608
hs1 83333333 86666665 0.502281
hs1 86666666 89999999 0.315503
hs1 90000000 93333332 0.432287
hs1 93333333 96666665 0.314153
hs1 96666666 99999999 0.389228
hs1 100000000 103333332 0.341530
hs1 103333333 106666665 0.160108
hs1 106666666 109999999 0.494766
hs1 110000000 113333332 0.393143
hs1 113333333 116666665 0.436074
hs1 116666666 119999999 0.375779
hs1 120000000 123333332 0.098906
hs1 123333333 126666665 0.000000
hs1 126666666 129999999 0.000000
hs1 130000000 133333332 0.000000
hs1 133333333 136666665 0.000000
hs1 136666666 139999999 0.000000
hs1 140000000 143333332 0.064109
hs1 143333333 146666665 0.482368
hs1 146666666 149999999 0.429411
hs1 150000000 153333332 0.421099
hs1 153333333 156666665 0.508470
hs1 156666666 159999999 0.383988
hs1 160000000 163333332 0.363685
hs1 163333333 166666665 0.496892
hs1 166666666 169999999 0.411014
hs1 170000000 173333332 0.604491
hs1 173333333 176666665 0.583484
hs1 176666666 179999999 0.632272
hs1 180000000 183333332 0.539174
hs1 183333333 186666665 0.291204
hs1 186666666 189999999 0.113989
hs1 190000000 193333332 0.100723
hs1 193333333 196666665 0.416629
hs1 196666666 199999999 0.290003
hs1 200000000 203333332 0.598697
hs1 203333333 206666665 0.495423
hs1 206666666 209999999 0.433595
hs1 210000000 213333332 0.457320
hs1 213333333 216666665 0.661070
hs1 216666666 219999999 0.186994
hs1 220000000 223333332 0.367270
hs1 223333333 226666665 0.568135
hs1 226666666 229999999 0.443995
hs1 230000000 233333332 0.477745
hs1 233333333 236666665 0.637723
hs1 236666666 239999999 0.489322
hs1 240000000 243333332 0.532109
hs1 243333333 246666665 0.599445
hs1 246666666 249999999 0.017874
hs19 0 3333332 0.608382
hs19 3333333 6666665 0.641038
hs19 6666666 9999999 0.522620
hs19 10000000 13333332 0.645598
hs19 13333333 16666665 0.500120
hs19 16666666 19999999 0.727034
hs19 20000000 23333332 0.219902
hs19 23333333 26666665 0.059948
hs19 26666666 29999999 0.000000
hs19 30000000 33333332 0.001034
hs19 33333333 36666665 0.129437
hs19 36666666 39999999 0.384640
hs19 40000000 43333332 0.550693
hs19 43333333 46666665 0.578229
hs19 46666666 49999999 0.430581
hs19 50000000 53333332 0.553885
hs19 53333333 56666665 0.632456
hs19 56666666 59999999 0.527541
hs19 60000000 63333332 0.512037
hs19 63333333 66666665 0.078315
hs2 0 3333332 0.435810
hs2 3333333 6666665 0.097257
hs2 6666666 9999999 0.288652
hs2 10000000 13333332 0.288364
hs2 13333333 16666665 0.156590
hs2 16666666 19999999 0.124632
hs2 20000000 23333332 0.125362
hs2 23333333 26666665 0.724096
hs2 26666666 29999999 0.758517
hs2 30000000 33333332 0.611844
hs2 33333333 36666665 0.155869
hs2 36666666 39999999 0.487757
hs2 40000000 43333332 0.249741
hs2 43333333 46666665 0.650689
hs2 46666666 49999999 0.393114
hs2 50000000 53333332 0.333954
hs2 53333333 56666665 0.561255
hs2 56666666 59999999 0.058640
hs2 60000000 63333332 0.472288
hs2 63333333 66666665 0.328334
hs2 66666666 69999999 0.342528
hs2 70000000 73333332 0.543929
hs2 73333333 76666665 0.389388
hs2 76666666 79999999 0.358694
hs2 80000000 83333332 0.219886
hs2 83333333 86666665 0.404062
hs2 86666666 89999999 0.322536
hs2 90000000 93333332 0.009418
hs2 93333333 96666665 0.169845
hs2 96666666 99999999 0.715460
hs2 100000000 103333332 0.414709
hs2 103333333 106666665 0.187082
hs2 106666666 109999999 0.425225
hs2 110000000 113333332 0.573136
hs2 113333333 116666665 0.548127
hs2 116666666 119999999 0.120579
hs2 120000000 123333332 0.344665
hs2 123333333 126666665 0.267000
hs2 126666666 129999999 0.238333
hs2 130000000 133333332 0.359916
hs2 133333333 136666665 0.656931
hs2 136666666 139999999 0.277004
hs2 140000000 143333332 0.570083
hs2 143333333 146666665 0.437507
hs2 146666666 149999999 0.400778
hs2 150000000 153333332 0.367521
hs2 153333333 156666665 0.222438
hs2 156666666 159999999 0.478691
hs2 160000000 163333332 0.604186
hs2 163333333 166666665 0.372514
hs2 166666666 169999999 0.529646
hs2 170000000 173333332 0.610160
hs2 173333333 176666665 0.420057
hs2 176666666 179999999 0.590900
hs2 180000000 183333332 0.409658
hs2 183333333 186666665 0.197951
hs2 186666666 189999999 0.284111
hs2 190000000 193333332 0.405111
hs2 193333333 196666665 0.128563
hs2 196666666 199999999 0.495396
hs2 200000000 203333332 0.557699
hs2 203333333 206666665 0.609005
hs2 206666666 209999999 0.339039
hs2 210000000 213333332 0.653624
hs2 213333333 216666665 0.591000
hs2 216666666 219999999 0.553774
hs2 220000000 223333332 0.203287
hs2 223333333 226666665 0.296219
hs2 226666666 229999999 0.393085
hs2 230000000 233333332 0.612348
hs2 233333333 236666665 0.685721
hs2 236666666 239999999 0.434893
hs2 240000000 243333332 0.360937
hs8 0 3333332 0.382458
hs8 3333333 6666665 0.562022
hs8 6666666 9999999 0.264917
hs8 10000000 13333332 0.561106
hs8 13333333 16666665 0.462777
hs8 16666666 19999999 0.538079
hs8 20000000 23333332 0.393005
hs8 23333333 26666665 0.291727
hs8 26666666 29999999 0.488496
hs8 30000000 33333332 0.537101
hs8 33333333 36666665 0.216016
hs8 36666666 39999999 0.498577
hs8 40000000 43333332 0.478662
hs8 43333333 46666665 0.001246
hs8 46666666 49999999 0.231704
hs8 50000000 53333332 0.481029
hs8 53333333 56666665 0.332885
hs8 56666666 59999999 0.234470
hs8 60000000 63333332 0.304830
hs8 63333333 66666665 0.313173
hs8 66666666 69999999 0.610340
hs8 70000000 73333332 0.371210
hs8 73333333 76666665 0.359464
hs8 76666666 79999999 0.147844
hs8 80000000 83333332 0.260568
hs8 83333333 86666665 0.281217
hs8 86666666 89999999 0.387409
hs8 90000000 93333332 0.252777
hs8 93333333 96666665 0.234471
hs8 96666666 99999999 0.492268
hs8 100000000 103333332 0.604489
hs8 103333333 106666665 0.503254
hs8 106666666 109999999 0.372031
hs8 110000000 113333332 0.144967
hs8 113333333 116666665 0.408583
hs8 116666666 119999999 0.368568
hs8 120000000 123333332 0.354489
hs8 123333333 126666665 0.481060
hs8 126666666 129999999 0.107579
hs8 130000000 133333332 0.317871
hs8 133333333 136666665 0.431563
hs8 136666666 139999999 0.226478
hs8 140000000 143333332 0.451545
hs8 143333333 146666665 0.423840
hs6 0 3333332 0.438507
hs6 3333333 6666665 0.503170
hs6 6666666 9999999 0.188151
hs6 10000000 13333332 0.435638
hs6 13333333 16666665 0.363700
hs6 16666666 19999999 0.279691
hs6 20000000 23333332 0.435298
hs6 23333333 26666665 0.405579
hs6 26666666 29999999 0.189926
hs6 30000000 33333332 0.436940
hs6 33333333 36666665 0.620143
hs6 36666666 39999999 0.692626
hs6 40000000 43333332 0.480760
hs6 43333333 46666665 0.522402
hs6 46666666 49999999 0.316554
hs6 50000000 53333332 0.333509
hs6 53333333 56666665 0.432981
hs6 56666666 59999999 0.174063
hs6 60000000 63333332 0.181871
hs6 63333333 66666665 0.633355
hs6 66666666 69999999 0.179294
hs6 70000000 73333332 0.511843
hs6 73333333 76666665 0.462668
hs6 76666666 79999999 0.113726
hs6 80000000 83333332 0.157509
hs6 83333333 86666665 0.347876
hs6 86666666 89999999 0.314563
hs6 90000000 93333332 0.300909
hs6 93333333 96666665 0.113094
hs6 96666666 99999999 0.244395
hs6 100000000 103333332 0.389409
hs6 103333333 106666665 0.140737
hs6 106666666 109999999 0.631785
hs6 110000000 113333332 0.492736
hs6 113333333 116666665 0.099404
hs6 116666666 119999999 0.563599
hs6 120000000 123333332 0.183332
hs6 123333333 126666665 0.608844
hs6 126666666 129999999 0.520645
hs6 130000000 133333332 0.366627
hs6 133333333 136666665 0.654111
hs6 136666666 139999999 0.401236
hs6 140000000 143333332 0.160917
hs6 143333333 146666665 0.573719
hs6 146666666 149999999 0.416127
hs6 150000000 153333332 0.646978
hs6 153333333 156666665 0.327291
hs6 156666666 159999999 0.504448
hs6 160000000 163333332 0.772802
hs6 163333333 166666665 0.287810
hs6 166666666 169999999 0.439563
hs6 170000000 173333332 0.047727
hs14 0 3333332 0.000000
hs14 3333333 6666665 0.000000
hs14 6666666 9999999 0.000000
hs14 10000000 13333332 0.000000
hs14 13333333 16666665 0.000000
hs14 16666666 19999999 0.061780
hs14 20000000 23333332 0.258795
hs14 23333333 26666665 0.220258
hs14 26666666 29999999 0.112767
hs14 30000000 33333332 0.704830
hs14 33333333 36666665 0.434053
hs14 36666666 39999999 0.202188
hs14 40000000 43333332 0.089098
hs14 43333333 46666665 0.185275
hs14 46666666 49999999 0.339291
hs14 50000000 53333332 0.459634
hs14 53333333 56666665 0.366433
hs14 56666666 59999999 0.406466
hs14 60000000 63333332 0.471748
hs14 63333333 66666665 0.588950
hs14 66666666 69999999 0.693548
hs14 70000000 73333332 0.635365
hs14 73333333 76666665 0.608981
hs14 76666666 79999999 0.633689
hs14 80000000 83333332 0.259246
hs14 83333333 86666665 0.029335
hs14 86666666 89999999 0.467043
hs14 90000000 93333332 0.747900
hs14 93333333 96666665 0.351058
hs14 96666666 99999999 0.262441
hs14 100000000 103333332 0.482463
hs14 103333333 106666665 0.239716
hs17 0 3333332 0.670832
hs17 3333333 6666665 0.568978
hs17 6666666 9999999 0.681275
hs17 10000000 13333332 0.445743
hs17 13333333 16666665 0.369827
hs17 16666666 19999999 0.585187
hs17 20000000 23333332 0.236462
hs17 23333333 26666665 0.716702
hs17 26666666 29999999 0.659830
hs17 30000000 33333332 0.520404
hs17 33333333 36666665 0.498057
hs17 36666666 39999999 0.561768
hs17 40000000 43333332 0.585462
hs17 43333333 46666665 0.533311
hs17 46666666 49999999 0.178560
hs17 50000000 53333332 0.413781
hs17 53333333 56666665 0.736835
hs17 56666666 59999999 0.646204
hs17 60000000 63333332 0.663704
hs17 63333333 66666665 0.318295
hs17 66666666 69999999 0.335933
hs17 70000000 73333332 0.611778
hs17 73333333 76666665 0.636626
hs17 76666666 79999999 0.419436
hs21 0 3333332 0.000000
hs21 3333333 6666665 0.000000
hs21 6666666 9999999 0.021416
hs21 10000000 13333332 0.110175
hs21 13333333 16666665 0.275683
hs21 16666666 19999999 0.164469
hs21 20000000 23333332 0.180329
hs21 23333333 26666665 0.148739
hs21 26666666 29999999 0.240182
hs21 30000000 33333332 0.424669
hs21 33333333 36666665 0.424866
hs21 36666666 39999999 0.558858
hs21 40000000 43333332 0.621710
hs21 43333333 46666665 0.568101
hs21 46666666 49999999 0.051106
