hsX 0 1111110 0.103611
hsX 1111111 2222221 0.344848
hsX 2222222 3333332 0.563889
hsX 3333333 4444443 0.098364
hsX 4444444 5555554 0.000000
hsX 5555555 6666665 0.306113
hsX 6666666 7777776 0.212730
hsX 7777777 8888887 0.221386
hsX 8888888 9999999 0.471844
hsX 10000000 11111110 0.538827
hsX 11111111 12222221 0.596965
hsX 12222222 13333332 0.502830
hsX 13333333 14444443 0.309038
hsX 14444444 15555554 0.539244
hsX 15555555 16666665 0.322076
hsX 16666666 17777776 0.668045
hsX 17777777 18888887 0.590087
hsX 18888888 19999999 0.728225
hsX 20000000 21111110 0.161496
hsX 21111111 22222221 0.589570
hsX 22222222 23333332 0.057650
hsX 23333333 24444443 0.322107
hsX 24444444 25555554 0.417835
hsX 25555555 26666665 0.007486
hsX 26666666 27777776 0.018154
hsX 27777777 28888887 0.339070
hsX 28888888 29999999 0.895546
hsX 30000000 31111110 0.225049
hsX 31111111 32222221 1.000000
hsX 32222222 33333332 0.940883
hsX 33333333 34444443 0.002322
hsX 34444444 35555554 0.029114
hsX 35555555 36666665 0.291001
hsX 36666666 37777776 0.299951
hsX 37777777 38888887 0.384037
hsX 38888888 39999999 0.113476
hsX 40000000 41111110 0.271919
hsX 41111111 42222221 0.405524
hsX 42222222 43333332 0.000784
hsX 43333333 44444443 0.401904
hsX 44444444 45555554 0.263755
hsX 45555555 46666665 0.279049
hsX 46666666 47777776 0.491654
hsX 47777777 48888887 0.373891
hsX 48888888 49999999 1.021881
hsX 50000000 51111110 0.362942
hsX 51111111 52222221 0.122743
hsX 52222222 53333332 0.342693
hsX 53333333 54444443 0.573487
hsX 54444444 55555554 0.263893
hsX 55555555 56666665 0.092526
hsX 56666666 57777776 0.288248
hsX 57777777 58888887 0.004683
hsX 58888888 59999999 0.000000
hsX 60000000 61111110 0.000000
hsX 61111111 62222221 0.000000
hsX 62222222 63333332 0.270745
hsX 63333333 64444443 0.230548
hsX 64444444 65555554 0.215065
hsX 65555555 66666665 0.018354
hsX 66666666 67777776 0.544301
hsX 67777777 68888887 0.233689
hsX 68888888 69999999 0.830946
hsX 70000000 71111110 0.388143
hsX 71111111 72222221 0.652775
hsX 72222222 73333332 0.484643
hsX 73333333 74444443 0.511815
hsX 74444444 75555554 0.148627
hsX 75555555 76666665 0.023230
hsX 76666666 77777776 0.509192
hsX 77777777 78888887 0.033906
hsX 78888888 79999999 0.240365
hsX 80000000 81111110 0.166486
hsX 81111111 82222221 0.000000
hsX 82222222 83333332 0.140901
hsX 83333333 84444443 0.311602
hsX 84444444 85555554 0.475910
hsX 85555555 86666665 0.383403
hsX 86666666 87777776 0.130537
hsX 87777777 88888887 0.006803
hsX 88888888 89999999 0.000850
hsX 90000000 91111110 0.174765
hsX 91111111 92222221 0.588391
hsX 92222222 93333332 0.036846
hsX 93333333 94444443 0.000000
hsX 94444444 95555554 0.000736
hsX 95555555 96666665 0.757701
hsX 96666666 97777776 0.068029
hsX 97777777 98888887 0.257070
hsX 98888888 99999999 0.409255
hsX 100000000 101111110 0.461694
hsX 101111111 102222221 0.481839
hsX 102222222 103333332 0.194295
hsX 103333333 104444443 0.678081
hsX 104444444 105555554 0.572656
hsX 105555555 106666665 0.463681
hsX 106666666 107777776 0.710002
hsX 107777777 108888887 0.238607
hsX 108888888 109999999 0.525114
hsX 110000000 111111110 0.656138
hsX 111111111 112222221 0.532089
hsX 112222222 113333332 0.000000
hsX 113333333 114444443 0.433113
hsX 114444444 115555554 0.111933
hsX 115555555 116666665 0.000000
hsX 116666666 117777776 0.491344
hsX 117777777 118888887 0.343116
hsX 118888888 119999999 0.657370
hsX 120000000 121111110 0.002102
hsX 121111111 122222221 0.068801
hsX 122222222 123333332 0.525744
hsX 123333333 124444443 0.530342
hsX 124444444 125555554 0.005467
hsX 125555555 126666665 0.001821
hsX 126666666 127777776 0.001297
hsX 127777777 128888887 0.221926
hsX 128888888 129999999 0.508799
hsX 130000000 131111110 0.252220
hsX 131111111 132222221 0.428079
hsX 132222222 133333332 0.515920
hsX 133333333 134444443 0.327844
hsX 134444444 135555554 0.449137
hsX 135555555 136666665 0.132403
hsX 136666666 137777776 0.215432
hsX 137777777 138888887 0.552808
hsX 138888888 139999999 0.013679
hsX 140000000 141111110 0.066432
hsX 141111111 142222221 0.010182
hsX 142222222 143333332 0.029453
hsX 143333333 144444443 0.007761
hsX 144444444 145555554 0.009830
hsX 145555555 146666665 0.002443
hsX 146666666 147777776 0.436676
hsX 147777777 148888887 0.271475
hsX 148888888 149999999 0.462614
hsX 150000000 151111110 0.199306
hsX 151111111 152222221 0.385732
hsX 152222222 153333332 0.561195
hsX 153333333 154444443 0.608789
hsX 154444444 155555554 0.127593
hs12 0 1111110 0.791522
hs12 1111111 2222221 0.823827
hs12 2222222 3333332 0.774309
hs12 3333333 4444443 0.358743
hs12 4444444 5555554 0.311300
hs12 5555555 6666665 0.773834
hs12 6666666 7777776 0.519017
hs12 7777777 8888887 0.375405
hs12 8888888 9999999 0.347928
hs12 10000000 11111110 0.651661
hs12 11111111 12222221 0.506600
hs12 12222222 13333332 0.546952
hs12 13333333 14444443 0.412924
hs12 14444444 15555554 0.603964
hs12 15555555 16666665 0.512036
hs12 16666666 17777776 0.000000
hs12 17777777 18888887 0.406868
hs12 18888888 19999999 0.296327
hs12 20000000 21111110 0.474259
hs12 21111111 22222221 0.555783
hs12 22222222 23333332 0.272515
hs12 23333333 24444443 0.781221
hs12 24444444 25555554 0.501428
hs12 25555555 26666665 0.530695
hs12 26666666 27777776 0.651329
hs12 27777777 28888887 0.324889
hs12 28888888 29999999 0.454540
hs12 30000000 31111110 0.163345
hs12 31111111 32222221 0.425232
hs12 32222222 33333332 0.473472
hs12 33333333 34444443 0.063387
hs12 34444444 35555554 0.000000
hs12 35555555 36666665 0.000000
hs12 36666666 37777776 0.239754
hs12 37777777 38888887 0.599015
hs12 38888888 39999999 0.588147
hs12 40000000 41111110 0.465998
hs12 41111111 42222221 0.303260
hs12 42222222 43333332 0.703621
hs12 43333333 44444443 0.543517
hs12 44444444 45555554 0.339673
hs12 45555555 46666665 0.221737
hs12 46666666 47777776 0.402809
hs12 47777777 48888887 0.592181
hs12 48888888 49999999 0.772575
hs12 50000000 51111110 0.507622
hs12 51111111 52222221 0.465970
hs12 52222222 53333332 0.496035
hs12 53333333 54444443 0.113272
hs12 54444444 55555554 0.607445
hs12 55555555 56666665 0.538094
hs12 56666666 57777776 0.043494
hs12 57777777 58888887 0.083056
hs12 58888888 59999999 0.000000
hs12 60000000 61111110 0.567202
hs12 61111111 62222221 0.386834
hs12 62222222 63333332 0.658973
hs12 63333333 64444443 0.389199
hs12 64444444 65555554 0.610131
hs12 65555555 66666665 0.053337
hs12 66666666 67777776 0.312595
hs12 67777777 68888887 0.297146
hs12 68888888 69999999 0.551820
hs12 70000000 71111110 0.565219
hs12 71111111 72222221 0.211120
hs12 72222222 73333332 0.003307
hs12 73333333 74444443 0.294789
hs12 74444444 75555554 0.232533
hs12 75555555 76666665 0.138837
hs12 76666666 77777776 0.343551
hs12 77777777 78888887 0.764120
hs12 78888888 79999999 0.499369
hs12 80000000 81111110 0.606122
hs12 81111111 82222221 0.516937
hs12 82222222 83333332 0.000000
hs12 83333333 84444443 0.275053
hs12 84444444 85555554 0.629162
hs12 85555555 86666665 0.181132
hs12 86666666 87777776 0.273895
hs12 87777777 88888887 0.168392
hs12 88888888 89999999 0.046955
hs12 90000000 91111110 0.046534
hs12 91111111 92222221 0.193987
hs12 92222222 93333332 0.506137
hs12 93333333 94444443 0.444150
hs12 94444444 95555554 0.467724
hs12 95555555 96666665 0.209409
hs12 96666666 97777776 0.263528
hs12 97777777 98888887 1.002064
hs12 98888888 99999999 0.667010
hs12 100000000 101111110 0.596956
hs12 101111111 102222221 0.157423
hs12 102222222 103333332 0.750952
hs12 103333333 104444443 0.601843
hs12 104444444 105555554 0.348205
hs12 105555555 106666665 0.870476
hs12 106666666 107777776 0.376795
hs12 107777777 108888887 0.694077
hs12 108888888 109999999 0.583024
hs12 110000000 111111110 0.825680
hs12 111111111 112222221 0.631964
hs12 112222222 113333332 0.276138
hs12 113333333 114444443 0.012521
hs12 114444444 115555554 0.305133
hs12 115555555 116666665 0.742774
hs12 116666666 117777776 0.524069
hs12 117777777 118888887 0.609006
hs12 118888888 119999999 0.628386
hs12 120000000 121111110 0.746178
hs12 121111111 122222221 0.732869
hs12 122222222 123333332 0.607566
hs12 123333333 124444443 0.492764
hs12 124444444 125555554 0.265864
hs12 125555555 126666665 0.000000
hs12 126666666 127777776 0.396462
hs12 127777777 128888887 0.837401
hs12 128888888 129999999 0.258561
hs12 130000000 131111110 0.451247
hs12 131111111 132222221 0.635320
hs12 132222222 133333332 0.040832
hs11 0 1111110 0.568443
hs11 1111111 2222221 0.607349
hs11 2222222 3333332 0.691474
hs11 3333333 4444443 0.492037
hs11 4444444 5555554 0.086530
hs11 5555555 6666665 0.382272
hs11 6666666 7777776 0.477769
hs11 7777777 8888887 0.594106
hs11 8888888 9999999 0.703880
hs11 10000000 11111110 0.485335
hs11 11111111 12222221 0.585464
hs11 12222222 13333332 0.534510
hs11 13333333 14444443 0.518530
hs11 14444444 15555554 0.504272
hs11 15555555 16666665 0.458947
hs11 16666666 17777776 0.551946
hs11 17777777 18888887 0.624297
hs11 18888888 19999999 0.700585
hs11 20000000 21111110 0.688342
hs11 21111111 22222221 0.444256
hs11 22222222 23333332 0.214318
hs11 23333333 24444443 0.000000
hs11 24444444 25555554 0.527069
hs11 25555555 26666665 0.329330
hs11 26666666 27777776 0.473169
hs11 27777777 28888887 0.281646
hs11 28888888 29999999 0.006052
hs11 30000000 31111110 0.198606
hs11 31111111 32222221 0.512444
hs11 32222222 33333332 0.543406
hs11 33333333 34444443 0.505005
hs11 34444444 35555554 0.497487
hs11 35555555 36666665 0.653937
hs11 36666666 37777776 0.000000
hs11 37777777 38888887 0.000000
hs11 38888888 39999999 0.000000
hs11 40000000 41111110 0.161922
hs11 41111111 42222221 0.000000
hs11 42222222 43333332 0.029321
hs11 43333333 44444443 0.526319
hs11 44444444 45555554 0.380148
hs11 45555555 46666665 0.599002
hs11 46666666 47777776 0.815445
hs11 47777777 48888887 0.226674
hs11 48888888 49999999 0.284418
hs11 50000000 51111110 0.027109
hs11 51111111 52222221 0.001802
hs11 52222222 53333332 0.000000
hs11 53333333 54444443 0.000000
hs11 54444444 55555554 0.039036
hs11 55555555 56666665 0.352014
hs11 56666666 57777776 0.460697
hs11 57777777 58888887 0.243306
hs11 58888888 59999999 0.285565
hs11 60000000 61111110 0.549455
hs11 61111111 62222221 0.525946
hs11 62222222 63333332 0.553725
hs11 63333333 64444443 0.668598
hs11 64444444 65555554 0.497469
hs11 65555555 66666665 0.657271
hs11 66666666 67777776 0.506891
hs11 67777777 68888887 0.489693
hs11 68888888 69999999 0.284988
hs11 70000000 71111110 0.613078
hs11 71111111 72222221 0.601599
hs11 72222222 73333332 0.778874
hs11 73333333 74444443 0.648017
hs11 74444444 75555554 0.644354
hs11 75555555 76666665 0.545376
hs11 76666666 77777776 0.724156
hs11 77777777 78888887 0.859503
hs11 78888888 79999999 0.000000
hs11 80000000 81111110 0.000000
hs11 81111111 82222221 0.009925
hs11 82222222 83333332 0.709579
hs11 83333333 84444443 1.000000
hs11 84444444 85555554 0.802335
hs11 85555555 86666665 0.556411
hs11 86666666 87777776 0.141490
hs11 87777777 88888887 0.781813
hs11 88888888 89999999 0.234558
hs11 90000000 91111110 0.000000
hs11 91111111 92222221 0.447582
hs11 92222222 93333332 0.395378
hs11 93333333 94444443 0.419804
hs11 94444444 95555554 0.413835
hs11 95555555 96666665 0.181048
hs11 96666666 97777776 0.000000
hs11 97777777 98888887 0.442627
hs11 98888888 99999999 0.759416
hs11 100000000 101111110 0.483930
hs11 101111111 102222221 0.442306
hs11 102222222 103333332 0.438498
hs11 103333333 104444443 0.260809
hs11 104444444 105555554 0.400585
hs11 105555555 106666665 0.298137
hs11 106666666 107777776 0.662017
hs11 107777777 108888887 0.416809
hs11 108888888 109999999 0.205013
hs11 110000000 111111110 0.344133
hs11 111111111 112222221 0.351026
hs11 112222222 113333332 0.564042
hs11 113333333 114444443 0.308518
hs11 114444444 115555554 0.297808
hs11 115555555 116666665 0.397086
hs11 116666666 117777776 0.701005
hs11 117777777 118888887 0.560227
hs11 118888888 119999999 0.336729
hs11 120000000 121111110 0.613695
hs11 121111111 122222221 0.253453
hs11 122222222 123333332 0.345814
hs11 123333333 124444443 0.305132
hs11 124444444 125555554 0.557386
hs11 125555555 126666665 0.689000
hs11 126666666 127777776 0.000000
hs11 127777777 128888887 0.560422
hs11 128888888 129999999 0.402277
hs11 130000000 131111110 0.365534
hs11 131111111 132222221 0.929659
hs11 132222222 133333332 0.663546
hs11 133333333 134444443 0.293017
hs22 0 1111110 0.000000
hs22 1111111 2222221 0.000000
hs22 2222222 3333332 0.000000
hs22 3333333 4444443 0.000000
hs22 4444444 5555554 0.000000
hs22 5555555 6666665 0.000000
hs22 6666666 7777776 0.000000
hs22 7777777 8888887 0.000000
hs22 8888888 9999999 0.000000
hs22 10000000 11111110 0.000000
hs22 11111111 12222221 0.000000
hs22 12222222 13333332 0.000000
hs22 13333333 14444443 0.000000
hs22 14444444 15555554 0.073408
hs22 15555555 16666665 0.445646
hs22 16666666 17777776 0.598635
hs22 17777777 18888887 0.471602
hs22 18888888 19999999 0.452486
hs22 20000000 21111110 0.386113
hs22 21111111 22222221 0.342872
hs22 22222222 23333332 0.738068
hs22 23333333 24444443 0.551677
hs22 24444444 25555554 1.182069
hs22 25555555 26666665 0.127913
hs22 26666666 27777776 0.921531
hs22 27777777 28888887 0.706893
hs22 28888888 29999999 0.597251
hs22 30000000 31111110 0.587005
hs22 31111111 32222221 0.831236
hs22 32222222 33333332 0.381775
hs22 33333333 34444443 0.176146
hs22 34444444 35555554 0.635168
hs22 35555555 36666665 0.526840
hs22 36666666 37777776 0.614396
hs22 37777777 38888887 0.625248
hs22 38888888 39999999 0.713274
hs22 40000000 41111110 0.613076
hs22 41111111 42222221 0.661848
hs22 42222222 43333332 0.620596
hs22 43333333 44444443 0.696905
hs22 44444444 45555554 0.691276
hs22 45555555 46666665 0.363026
hs22 46666666 47777776 0.242820
hs22 47777777 48888887 0.232467
hs22 48888888 49999999 0.469732
hs10 0 1111110 0.643561
hs10 1111111 2222221 0.579631
hs10 2222222 3333332 0.093898
hs10 3333333 4444443 0.008357
hs10 4444444 5555554 0.249472
hs10 5555555 6666665 0.523387
hs10 6666666 7777776 0.321240
hs10 7777777 8888887 0.286269
hs10 8888888 9999999 0.000000
hs10 10000000 11111110 0.046393
hs10 11111111 12222221 0.645483
hs10 12222222 13333332 0.720805
hs10 13333333 14444443 0.763312
hs10 14444444 15555554 0.602372
hs10 15555555 16666665 0.333058
hs10 16666666 17777776 0.732386
hs10 17777777 18888887 0.928818
hs10 18888888 19999999 0.099268
hs10 20000000 21111110 0.419351
hs10 21111111 22222221 0.696673
hs10 22222222 23333332 0.407739
hs10 23333333 24444443 0.462202
hs10 24444444 25555554 0.719159
hs10 25555555 26666665 0.668098
hs10 26666666 27777776 0.504609
hs10 27777777 28888887 0.498882
hs10 28888888 29999999 0.283817
hs10 30000000 31111110 0.186298
hs10 31111111 32222221 0.438753
hs10 32222222 33333332 0.596602
hs10 33333333 34444443 0.147030
hs10 34444444 35555554 0.779754
hs10 35555555 36666665 0.298449
hs10 36666666 37777776 0.096041
hs10 37777777 38888887 0.214447
hs10 38888888 39999999 0.000000
hs10 40000000 41111110 0.000000
hs10 41111111 42222221 0.032563
hs10 42222222 43333332 0.366553
hs10 43333333 44444443 0.047467
hs10 44444444 45555554 0.375254
hs10 45555555 46666665 0.397020
hs10 46666666 47777776 0.142271
hs10 47777777 48888887 0.259738
hs10 48888888 49999999 0.661629
hs10 50000000 51111110 0.702957
hs10 51111111 52222221 0.566880
hs10 52222222 53333332 0.896121
hs10 53333333 54444443 0.361483
hs10 54444444 55555554 0.290713
hs10 55555555 56666665 0.607953
hs10 56666666 57777776 0.000000
hs10 57777777 58888887 0.003453
hs10 58888888 59999999 0.176215
hs10 60000000 61111110 0.431921
hs10 61111111 62222221 0.472501
hs10 62222222 63333332 0.258196
hs10 63333333 64444443 0.519882
hs10 64444444 65555554 0.383133
hs10 65555555 66666665 0.001216
hs10 66666666 67777776 0.385242
hs10 67777777 68888887 1.157569
hs10 68888888 69999999 0.727570
hs10 70000000 71111110 0.640742
hs10 71111111 72222221 0.578560
hs10 72222222 73333332 0.638357
hs10 73333333 74444443 0.687353
hs10 74444444 75555554 0.769441
hs10 75555555 76666665 0.827032
hs10 76666666 77777776 0.518956
hs10 77777777 78888887 0.718992
hs10 78888888 79999999 0.355461
hs10 80000000 81111110 0.406065
hs10 81111111 82222221 0.215297
hs10 82222222 83333332 0.142929
hs10 83333333 84444443 0.737455
hs10 84444444 85555554 0.263225
hs10 85555555 86666665 0.242617
hs10 86666666 87777776 0.385637
hs10 87777777 88888887 0.751657
hs10 88888888 89999999 0.466937
hs10 90000000 91111110 0.563053
hs10 91111111 92222221 0.245508
hs10 92222222 93333332 0.547798
hs10 93333333 94444443 0.633307
hs10 94444444 95555554 0.543988
hs10 95555555 96666665 0.638762
hs10 96666666 97777776 0.654338
hs10 97777777 98888887 0.728743
hs10 98888888 99999999 0.670189
hs10 100000000 101111110 0.802403
hs10 101111111 102222221 0.598262
hs10 102222222 103333332 0.487244
hs10 103333333 104444443 0.737858
hs10 104444444 105555554 0.813584
hs10 105555555 106666665 0.678413
hs10 106666666 107777776 0.313486
hs10 107777777 108888887 0.508930
hs10 108888888 109999999 0.022855
hs10 110000000 111111110 0.000000
hs10 111111111 112222221 0.252055
hs10 112222222 113333332 0.355655
hs10 113333333 114444443 0.378397
hs10 114444444 115555554 0.488376
hs10 115555555 116666665 0.606670
hs10 116666666 117777776 0.805377
hs10 117777777 118888887 0.535400
hs10 118888888 119999999 0.374760
hs10 120000000 121111110 0.375777
hs10 121111111 122222221 0.358359
hs10 122222222 123333332 0.252890
hs10 123333333 124444443 0.672042
hs10 124444444 125555554 0.282866
hs10 125555555 126666665 0.486142
hs10 126666666 127777776 0.509618
hs10 127777777 128888887 0.676250
hs10 128888888 129999999 0.434344
hs10 130000000 131111110 0.000000
hs10 131111111 132222221 0.424877
hs10 132222222 133333332 0.197398
hs10 133333333 134444443 0.496754
hs10 134444444 135555554 0.327088
hs7 0 1111110 0.492187
hs7 1111111 2222221 0.534470
hs7 2222222 3333332 0.529716
hs7 3333333 4444443 0.847642
hs7 4444444 5555554 0.467386
hs7 5555555 6666665 0.708888
hs7 6666666 7777776 0.461272
hs7 7777777 8888887 0.529803
hs7 8888888 9999999 0.001394
hs7 10000000 11111110 0.124279
hs7 11111111 12222221 0.478148
hs7 12222222 13333332 0.163480
hs7 13333333 14444443 0.354096
hs7 14444444 15555554 0.677020
hs7 15555555 16666665 0.438006
hs7 16666666 17777776 0.143442
hs7 17777777 18888887 0.484047
hs7 18888888 19999999 0.166069
hs7 20000000 21111110 0.282534
hs7 21111111 22222221 0.529115
hs7 22222222 23333332 0.408762
hs7 23333333 24444443 0.335794
hs7 24444444 25555554 0.372403
hs7 25555555 26666665 0.223357
hs7 26666666 27777776 0.387734
hs7 27777777 28888887 0.841889
hs7 28888888 29999999 0.594119
hs7 30000000 31111110 0.475968
hs7 31111111 32222221 0.400077
hs7 32222222 33333332 0.415056
hs7 33333333 34444443 0.557701
hs7 34444444 35555554 0.715318
hs7 35555555 36666665 0.536080
hs7 36666666 37777776 0.593606
hs7 37777777 38888887 0.511923
hs7 38888888 39999999 0.640290
hs7 40000000 41111110 0.747856
hs7 41111111 42222221 0.319245
hs7 42222222 43333332 0.233292
hs7 43333333 44444443 0.789468
hs7 44444444 45555554 0.357521
hs7 45555555 46666665 0.187343
hs7 46666666 47777776 0.243769
hs7 47777777 48888887 0.675674
hs7 48888888 49999999 0.174785
hs7 50000000 51111110 0.601960
hs7 51111111 52222221 0.216809
hs7 52222222 53333332 0.001143
hs7 53333333 54444443 0.001079
hs7 54444444 55555554 0.306263
hs7 55555555 56666665 0.294415
hs7 56666666 57777776 0.052307
hs7 57777777 58888887 0.000000
hs7 58888888 59999999 0.000000
hs7 60000000 61111110 0.000000
hs7 61111111 62222221 0.000000
hs7 62222222 63333332 0.066706
hs7 63333333 64444443 0.354045
hs7 64444444 65555554 0.405737
hs7 65555555 66666665 0.415408
hs7 66666666 67777776 0.000000
hs7 67777777 68888887 0.168343
hs7 68888888 69999999 0.906241
hs7 70000000 71111110 0.728547
hs7 71111111 72222221 0.778770
hs7 72222222 73333332 0.472445
hs7 73333333 74444443 0.673417
hs7 74444444 75555554 0.540467
hs7 75555555 76666665 0.437728
hs7 76666666 77777776 0.760270
hs7 77777777 78888887 1.010992
hs7 78888888 79999999 0.152805
hs7 80000000 81111110 0.228515
hs7 81111111 82222221 0.506332
hs7 82222222 83333332 0.623854
hs7 83333333 84444443 0.212904
hs7 84444444 85555554 0.113739
hs7 85555555 86666665 0.405881
hs7 86666666 87777776 0.873391
hs7 87777777 88888887 0.521287
hs7 88888888 89999999 0.145581
hs7 90000000 91111110 0.454990
hs7 91111111 92222221 0.599648
hs7 92222222 93333332 0.390116
hs7 93333333 94444443 0.237820
hs7 94444444 95555554 0.713575
hs7 95555555 96666665 0.318147
hs7 96666666 97777776 0.188214
hs7 97777777 98888887 0.500024
hs7 98888888 99999999 0.616043
hs7 100000000 101111110 0.546152
hs7 101111111 102222221 0.712018
hs7 102222222 103333332 0.978695
hs7 103333333 104444443 0.705273
hs7 104444444 105555554 0.769234
hs7 105555555 106666665 0.241974
hs7 106666666 107777776 0.833357
hs7 107777777 108888887 0.156505
hs7 108888888 109999999 0.000889
hs7 110000000 111111110 0.840319
hs7 111111111 112222221 0.634853
hs7 112222222 113333332 0.143261
hs7 113333333 114444443 0.641428
hs7 114444444 115555554 0.088525
hs7 115555555 116666665 0.559417
hs7 116666666 117777776 0.450539
hs7 117777777 118888887 0.000000
hs7 118888888 119999999 0.269139
hs7 120000000 121111110 0.580799
hs7 121111111 122222221 0.667848
hs7 122222222 123333332 0.378411
hs7 123333333 124444443 0.158307
hs7 124444444 125555554 0.000000
hs7 125555555 126666665 0.720789
hs7 126666666 127777776 0.498909
hs7 127777777 128888887 0.570849
hs7 128888888 129999999 0.593293
hs7 130000000 131111110 0.568122
hs7 131111111 132222221 0.564676
hs7 132222222 133333332 0.846106
hs7 133333333 134444443 0.576572
hs7 134444444 135555554 0.472271
hs7 135555555 136666665 0.227281
hs7 136666666 137777776 0.574763
hs7 137777777 138888887 0.709987
hs7 138888888 139999999 0.721405
hs7 140000000 141111110 0.406300
hs7 141111111 142222221 0.221031
hs7 142222222 143333332 0.275550
hs7 143333333 144444443 0.399459
hs7 144444444 145555554 0.100053
hs7 145555555 146666665 1.000000
hs7 146666666 147777776 0.974214
hs7 147777777 148888887 0.401812
hs7 148888888 149999999 0.333581
hs7 150000000 151111110 0.641524
hs7 151111111 152222221 0.619425
hs7 152222222 153333332 0.106184
hs7 153333333 154444443 0.959508
hs7 154444444 155555554 0.191749
hs7 155555555 156666665 0.290852
hs7 156666666 157777776 0.829748
hs7 157777777 158888887 0.622801
hs4 0 1111110 0.692840
hs4 1111111 2222221 0.602671
hs4 2222222 3333332 0.729201
hs4 3333333 4444443 0.236265
hs4 4444444 5555554 0.547811
hs4 5555555 6666665 0.679681
hs4 6666666 7777776 0.731152
hs4 7777777 8888887 0.576776
hs4 8888888 9999999 0.253204
hs4 10000000 11111110 0.218453
hs4 11111111 12222221 0.000000
hs4 12222222 13333332 0.167319
hs4 13333333 14444443 0.000000
hs4 14444444 15555554 0.420985
hs4 15555555 16666665 0.552236
hs4 16666666 17777776 0.405427
hs4 17777777 18888887 0.000000
hs4 18888888 19999999 0.122101
hs4 20000000 21111110 0.926745
hs4 21111111 22222221 0.528197
hs4 22222222 23333332 0.113981
hs4 23333333 24444443 0.167935
hs4 24444444 25555554 0.465479
hs4 25555555 26666665 0.411335
hs4 26666666 27777776 0.000000
hs4 27777777 28888887 0.000000
hs4 28888888 29999999 0.000000
hs4 30000000 31111110 0.383749
hs4 31111111 32222221 0.000000
hs4 32222222 33333332 0.000000
hs4 33333333 34444443 0.000000
hs4 34444444 35555554 0.000000
hs4 35555555 36666665 0.218245
hs4 36666666 37777776 0.616570
hs4 37777777 38888887 0.390825
hs4 38888888 39999999 0.666703
hs4 40000000 41111110 0.680311
hs4 41111111 42222221 0.618438
hs4 42222222 43333332 0.274057
hs4 43333333 44444443 0.315830
hs4 44444444 45555554 0.000000
hs4 45555555 46666665 0.408756
hs4 46666666 47777776 0.866772
hs4 47777777 48888887 0.623816
hs4 48888888 49999999 0.000000
hs4 50000000 51111110 0.000000
hs4 51111111 52222221 0.000000
hs4 52222222 53333332 0.208195
hs4 53333333 54444443 0.640057
hs4 54444444 55555554 0.189386
hs4 55555555 56666665 0.402531
hs4 56666666 57777776 0.493328
hs4 57777777 58888887 0.000000
hs4 58888888 59999999 0.000000
hs4 60000000 61111110 0.000000
hs4 61111111 62222221 0.159110
hs4 62222222 63333332 0.358688
hs4 63333333 64444443 0.000000
hs4 64444444 65555554 0.117895
hs4 65555555 66666665 0.315336
hs4 66666666 67777776 0.000000
hs4 67777777 68888887 0.496309
hs4 68888888 69999999 0.208687
hs4 70000000 71111110 0.284380
hs4 71111111 72222221 0.368887
hs4 72222222 73333332 0.489312
hs4 73333333 74444443 0.438202
hs4 74444444 75555554 0.278963
hs4 75555555 76666665 0.196734
hs4 76666666 77777776 0.751907
hs4 77777777 78888887 0.372300
hs4 78888888 79999999 0.710850
hs4 80000000 81111110 0.170743
hs4 81111111 82222221 0.720432
hs4 82222222 83333332 0.145102
hs4 83333333 84444443 0.530374
hs4 84444444 85555554 0.160919
hs4 85555555 86666665 0.415616
hs4 86666666 87777776 0.861729
hs4 87777777 88888887 0.605996
hs4 88888888 89999999 0.537790
hs4 90000000 91111110 0.393385
hs4 91111111 92222221 0.859630
hs4 92222222 93333332 0.468154
hs4 93333333 94444443 0.899885
hs4 94444444 95555554 0.537573
hs4 95555555 96666665 0.877293
hs4 96666666 97777776 0.021517
hs4 97777777 98888887 0.170855
hs4 98888888 99999999 0.688778
hs4 100000000 101111110 0.426746
hs4 101111111 102222221 0.167358
hs4 102222222 103333332 0.494671
hs4 103333333 104444443 0.660634
hs4 104444444 105555554 0.117315
hs4 105555555 106666665 0.232906
hs4 106666666 107777776 0.562121
hs4 107777777 108888887 0.198985
hs4 108888888 109999999 0.417782
hs4 110000000 111111110 0.790559
hs4 111111111 112222221 0.269320
hs4 112222222 113333332 0.039317
hs4 113333333 114444443 0.720910
hs4 114444444 115555554 0.423213
hs4 115555555 116666665 0.328317
hs4 116666666 117777776 0.000040
hs4 117777777 118888887 0.001825
hs4 118888888 119999999 0.426337
hs4 120000000 121111110 0.409207
hs4 121111111 122222221 0.245175
hs4 122222222 123333332 0.305115
hs4 123333333 124444443 0.658308
hs4 124444444 125555554 0.270131
hs4 125555555 126666665 0.202684
hs4 126666666 127777776 0.000000
hs4 127777777 128888887 0.091560
hs4 128888888 129999999 0.385851
hs4 130000000 131111110 0.220014
hs4 131111111 132222221 0.000000
hs4 132222222 133333332 0.000000
hs4 133333333 134444443 0.038038
hs4 134444444 135555554 0.004874
hs4 135555555 136666665 0.000000
hs4 136666666 137777776 0.000000
hs4 137777777 138888887 0.012203
hs4 138888888 139999999 0.070431
hs4 140000000 141111110 0.533755
hs4 141111111 142222221 0.664344
hs4 142222222 143333332 0.294488
hs4 143333333 144444443 0.621715
hs4 144444444 145555554 0.353101
hs4 145555555 146666665 0.285831
hs4 146666666 147777776 0.527798
hs4 147777777 148888887 0.347711
hs4 148888888 149999999 0.619423
hs4 150000000 151111110 0.000000
hs4 151111111 152222221 0.839325
hs4 152222222 153333332 0.423345
hs4 153333333 154444443 0.537707
hs4 154444444 155555554 0.484724
hs4 155555555 156666665 0.194508
hs4 156666666 157777776 0.181837
hs4 157777777 158888887 0.409408
hs4 158888888 159999999 0.333281
hs4 160000000 161111110 0.253225
hs4 161111111 162222221 0.000000
hs4 162222222 163333332 0.702125
hs4 163333333 164444443 0.036193
hs4 164444444 165555554 0.814605
hs4 165555555 166666665 0.292212
hs4 166666666 167777776 0.207526
hs4 167777777 168888887 0.451086
hs4 168888888 169999999 0.600001
hs4 170000000 171111110 0.570429
hs4 171111111 172222221 0.062716
hs4 172222222 173333332 0.325966
hs4 173333333 174444443 0.884490
hs4 174444444 175555554 0.154207
hs4 175555555 176666665 0.251829
hs4 176666666 177777776 0.630176
hs4 177777777 178888887 0.158419
hs4 178888888 179999999 0.234009
hs4 180000000 181111110 0.000000
hs4 181111111 182222221 0.000000
hs4 182222222 183333332 0.005038
hs4 183333333 184444443 0.628249
hs4 184444444 185555554 0.335070
hs4 185555555 186666665 0.505393
hs4 186666666 187777776 0.515052
hs4 187777777 188888887 0.093784
hs4 188888888 189999999 0.028181
hs4 190000000 191111110 0.010930
hs4 191111111 192222221 0.069086
hs16 0 1111110 0.688747
hs16 1111111 2222221 0.741840
hs16 2222222 3333332 0.589295
hs16 3333333 4444443 0.673990
hs16 4444444 5555554 0.490553
hs16 5555555 6666665 0.591781
hs16 6666666 7777776 0.933008
hs16 7777777 8888887 0.186594
hs16 8888888 9999999 0.310180
hs16 10000000 11111110 0.596479
hs16 11111111 12222221 0.497566
hs16 12222222 13333332 0.752682
hs16 13333333 14444443 0.211666
hs16 14444444 15555554 0.516415
hs16 15555555 16666665 0.622068
hs16 16666666 17777776 0.331703
hs16 17777777 18888887 0.222153
hs16 18888888 19999999 0.650029
hs16 20000000 21111110 0.615217
hs16 21111111 22222221 0.568861
hs16 22222222 23333332 0.466337
hs16 23333333 24444443 0.675197
hs16 24444444 25555554 0.352032
hs16 25555555 26666665 0.401098
hs16 26666666 27777776 0.499112
hs16 27777777 28888887 0.571207
hs16 28888888 29999999 0.383964
hs16 30000000 31111110 0.542333
hs16 31111111 32222221 0.271398
hs16 32222222 33333332 0.026452
hs16 33333333 34444443 0.000943
hs16 34444444 35555554 0.028335
hs16 35555555 36666665 0.000000
hs16 36666666 37777776 0.000000
hs16 37777777 38888887 0.000000
hs16 38888888 39999999 0.000000
hs16 40000000 41111110 0.000000
hs16 41111111 42222221 0.000000
hs16 42222222 43333332 0.000000
hs16 43333333 44444443 0.000000
hs16 44444444 45555554 0.278761
hs16 45555555 46666665 0.556186
hs16 46666666 47777776 0.303781
hs16 47777777 48888887 0.458179
hs16 48888888 49999999 0.254751
hs16 50000000 51111110 0.073524
hs16 51111111 52222221 0.360604
hs16 52222222 53333332 0.438052
hs16 53333333 54444443 0.195970
hs16 54444444 55555554 0.574761
hs16 55555555 56666665 0.680031
hs16 56666666 57777776 0.296331
hs16 57777777 58888887 0.000945
hs16 58888888 59999999 0.000000
hs16 60000000 61111110 0.344523
hs16 61111111 62222221 0.000000
hs16 62222222 63333332 0.000000
hs16 63333333 64444443 0.420337
hs16 64444444 65555554 0.374870
hs16 65555555 66666665 0.817512
hs16 66666666 67777776 0.754661
hs16 67777777 68888887 0.705809
hs16 68888888 69999999 0.832669
hs16 70000000 71111110 0.453924
hs16 71111111 72222221 0.249457
hs16 72222222 73333332 0.289271
hs16 73333333 74444443 0.542340
hs16 74444444 75555554 0.253765
hs16 75555555 76666665 0.356533
hs16 76666666 77777776 0.978053
hs16 77777777 78888887 0.029850
hs16 78888888 79999999 0.666127
hs16 80000000 81111110 0.490279
hs16 81111111 82222221 0.903730
hs16 82222222 83333332 0.621497
hs16 83333333 84444443 0.353648
hs16 84444444 85555554 0.065810
hs16 85555555 86666665 0.480628
hs16 86666666 87777776 0.486766
hs16 87777777 88888887 0.640327
hs20 0 1111110 0.339548
hs20 1111111 2222221 0.341715
hs20 2222222 3333332 0.726450
hs20 3333333 4444443 0.444558
hs20 4444444 5555554 0.372283
hs20 5555555 6666665 0.252634
hs20 6666666 7777776 0.010950
hs20 7777777 8888887 0.763556
hs20 8888888 9999999 0.675924
hs20 10000000 11111110 0.307860
hs20 11111111 12222221 0.032191
hs20 12222222 13333332 0.226768
hs20 13333333 14444443 0.912018
hs20 14444444 15555554 1.000000
hs20 15555555 16666665 0.662090
hs20 16666666 17777776 0.430821
hs20 17777777 18888887 0.464665
hs20 18888888 19999999 0.650068
hs20 20000000 21111110 0.601669
hs20 21111111 22222221 0.149447
hs20 22222222 23333332 0.088215
hs20 23333333 24444443 0.115173
hs20 24444444 25555554 0.558455
hs20 25555555 26666665 0.103922
hs20 26666666 27777776 0.000000
hs20 27777777 28888887 0.019917
hs20 28888888 29999999 0.321667
hs20 30000000 31111110 0.523526
hs20 31111111 32222221 0.558479
hs20 32222222 33333332 0.720566
hs20 33333333 34444443 0.709186
hs20 34444444 35555554 0.746196
hs20 35555555 36666665 0.566680
hs20 36666666 37777776 0.276620
hs20 37777777 38888887 0.003025
hs20 38888888 39999999 0.449282
hs20 40000000 41111110 0.878675
hs20 41111111 42222221 0.459408
hs20 42222222 43333332 0.557002
hs20 43333333 44444443 0.547097
hs20 44444444 45555554 0.585172
hs20 45555555 46666665 0.265466
hs20 46666666 47777776 0.691877
hs20 47777777 48888887 0.401200
hs20 48888888 49999999 0.437353
hs20 50000000 51111110 0.177124
hs20 51111111 52222221 0.530599
hs20 52222222 53333332 0.170226
hs20 53333333 54444443 0.069547
hs20 54444444 55555554 0.277308
hs20 55555555 56666665 0.315035
hs20 56666666 57777776 0.407830
hs20 57777777 58888887 0.206347
hs20 58888888 59999999 0.631451
hs20 60000000 61111110 0.532197
hs20 61111111 62222221 0.674850
hs20 62222222 63333332 0.088483
hs13 0 1111110 0.000000
hs13 1111111 2222221 0.000000
hs13 2222222 3333332 0.000000
hs13 3333333 4444443 0.000000
hs13 4444444 5555554 0.000000
hs13 5555555 6666665 0.000000
hs13 6666666 7777776 0.000000
hs13 7777777 8888887 0.000000
hs13 8888888 9999999 0.000000
hs13 10000000 11111110 0.000000
hs13 11111111 12222221 0.000000
hs13 12222222 13333332 0.000000
hs13 13333333 14444443 0.000000
hs13 14444444 15555554 0.000000
hs13 15555555 16666665 0.000000
hs13 16666666 17777776 0.000000
hs13 17777777 18888887 0.183844
hs13 18888888 19999999 0.532002
hs13 20000000 21111110 0.568778
hs13 21111111 22222221 0.030084
hs13 22222222 23333332 0.437077
hs13 23333333 24444443 0.480068
hs13 24444444 25555554 0.669201
hs13 25555555 26666665 0.359854
hs13 26666666 27777776 0.402529
hs13 27777777 28888887 0.558373
hs13 28888888 29999999 0.366660
hs13 30000000 31111110 0.261112
hs13 31111111 32222221 0.752280
hs13 32222222 33333332 0.273066
hs13 33333333 34444443 0.121846
hs13 34444444 35555554 1.336272
hs13 35555555 36666665 0.419376
hs13 36666666 37777776 0.242486
hs13 37777777 38888887 0.316924
hs13 38888888 39999999 0.410743
hs13 40000000 41111110 0.557019
hs13 41111111 42222221 0.539555
hs13 42222222 43333332 0.718640
hs13 43333333 44444443 0.217130
hs13 44444444 45555554 0.591880
hs13 45555555 46666665 0.371767
hs13 46666666 47777776 0.106432
hs13 47777777 48888887 0.581638
hs13 48888888 49999999 0.465015
hs13 50000000 51111110 0.440879
hs13 51111111 52222221 0.633368
hs13 52222222 53333332 0.025178
hs13 53333333 54444443 0.000070
hs13 54444444 55555554 0.000000
hs13 55555555 56666665 0.068017
hs13 56666666 57777776 0.087550
hs13 57777777 58888887 0.000000
hs13 58888888 59999999 0.566826
hs13 60000000 61111110 0.046667
hs13 61111111 62222221 0.000000
hs13 62222222 63333332 0.004621
hs13 63333333 64444443 0.000000
hs13 64444444 65555554 0.000000
hs13 65555555 66666665 0.802529
hs13 66666666 67777776 0.032224
hs13 67777777 68888887 0.205690
hs13 68888888 69999999 0.396399
hs13 70000000 71111110 0.180912
hs13 71111111 72222221 0.286744
hs13 72222222 73333332 0.414897
hs13 73333333 74444443 0.245461
hs13 74444444 75555554 0.457465
hs13 75555555 76666665 0.170359
hs13 76666666 77777776 0.349255
hs13 77777777 78888887 0.484431
hs13 78888888 79999999 0.071932
hs13 80000000 81111110 0.000000
hs13 81111111 82222221 0.000000
hs13 82222222 83333332 0.000000
hs13 83333333 84444443 0.378308
hs13 84444444 85555554 0.005907
hs13 85555555 86666665 0.000000
hs13 86666666 87777776 0.006302
hs13 87777777 88888887 0.000000
hs13 88888888 89999999 0.000087
hs13 90000000 91111110 0.274550
hs13 91111111 92222221 1.000000
hs13 92222222 93333332 0.676368
hs13 93333333 94444443 0.555835
hs13 94444444 95555554 0.790624
hs13 95555555 96666665 0.668603
hs13 96666666 97777776 0.415827
hs13 97777777 98888887 0.733002
hs13 98888888 99999999 0.728315
hs13 100000000 101111110 0.577660
hs13 101111111 102222221 0.776759
hs13 102222222 103333332 0.115338
hs13 103333333 104444443 0.000000
hs13 104444444 105555554 0.022652
hs13 105555555 106666665 0.106095
hs13 106666666 107777776 0.643459
hs13 107777777 108888887 0.550671
hs13 108888888 109999999 0.380926
hs13 110000000 111111110 0.329731
hs13 111111111 112222221 0.087603
hs13 112222222 113333332 0.732334
hs13 113333333 114444443 0.347575
hs18 0 1111110 0.456601
hs18 1111111 2222221 0.082188
hs18 2222222 3333332 0.514649
hs18 3333333 4444443 0.387812
hs18 4444444 5555554 0.199727
hs18 5555555 6666665 0.415915
hs18 6666666 7777776 0.430677
hs18 7777777 8888887 0.693581
hs18 8888888 9999999 0.522931
hs18 10000000 11111110 0.460651
hs18 11111111 12222221 0.269384
hs18 12222222 13333332 0.697341
hs18 13333333 14444443 0.456241
hs18 14444444 15555554 0.152531
hs18 15555555 16666665 0.000000
hs18 16666666 17777776 0.644062
hs18 17777777 18888887 0.117256
hs18 18888888 19999999 0.791419
hs18 20000000 21111110 0.443954
hs18 21111111 22222221 0.333737
hs18 22222222 23333332 0.503033
hs18 23333333 24444443 0.203865
hs18 24444444 25555554 0.000000
hs18 25555555 26666665 0.000046
hs18 26666666 27777776 0.419284
hs18 27777777 28888887 0.493734
hs18 28888888 29999999 0.782635
hs18 30000000 31111110 0.598485
hs18 31111111 32222221 0.418560
hs18 32222222 33333332 0.969713
hs18 33333333 34444443 0.059999
hs18 34444444 35555554 0.463203
hs18 35555555 36666665 0.027363
hs18 36666666 37777776 0.036294
hs18 37777777 38888887 0.394153
hs18 38888888 39999999 0.063475
hs18 40000000 41111110 0.349505
hs18 41111111 42222221 0.461926
hs18 42222222 43333332 0.552576
hs18 43333333 44444443 0.213140
hs18 44444444 45555554 0.618949
hs18 45555555 46666665 0.620709
hs18 46666666 47777776 0.145401
hs18 47777777 48888887 0.691514
hs18 48888888 49999999 0.443531
hs18 50000000 51111110 0.256880
hs18 51111111 52222221 0.266173
hs18 52222222 53333332 0.440726
hs18 53333333 54444443 0.649851
hs18 54444444 55555554 0.521715
hs18 55555555 56666665 0.005208
hs18 56666666 57777776 0.128335
hs18 57777777 58888887 0.579403
hs18 58888888 59999999 0.487989
hs18 60000000 61111110 0.000000
hs18 61111111 62222221 0.117620
hs18 62222222 63333332 0.097589
hs18 63333333 64444443 0.001453
hs18 64444444 65555554 0.645893
hs18 65555555 66666665 0.404108
hs18 66666666 67777776 0.000000
hs18 67777777 68888887 0.115051
hs18 68888888 69999999 0.076477
hs18 70000000 71111110 0.624132
hs18 71111111 72222221 0.055021
hs18 72222222 73333332 0.419158
hs18 73333333 74444443 0.000000
hs18 74444444 75555554 0.427614
hs18 75555555 76666665 0.302085
hs3 0 1111110 0.192539
hs3 1111111 2222221 0.372730
hs3 2222222 3333332 0.850748
hs3 3333333 4444443 0.115962
hs3 4444444 5555554 0.443831
hs3 5555555 6666665 0.000000
hs3 6666666 7777776 0.792376
hs3 7777777 8888887 0.372154
hs3 8888888 9999999 0.712923
hs3 10000000 11111110 0.579901
hs3 11111111 12222221 0.743537
hs3 12222222 13333332 0.494510
hs3 13333333 14444443 0.553639
hs3 14444444 15555554 0.692905
hs3 15555555 16666665 0.538033
hs3 16666666 17777776 0.712111
hs3 17777777 18888887 0.081889
hs3 18888888 19999999 0.433647
hs3 20000000 21111110 0.153366
hs3 21111111 22222221 0.298158
hs3 22222222 23333332 0.102191
hs3 23333333 24444443 0.663689
hs3 24444444 25555554 0.159905
hs3 25555555 26666665 0.205296
hs3 26666666 27777776 0.273919
hs3 27777777 28888887 0.215605
hs3 28888888 29999999 0.631975
hs3 30000000 31111110 0.254695
hs3 31111111 32222221 0.446539
hs3 32222222 33333332 0.609236
hs3 33333333 34444443 0.374167
hs3 34444444 35555554 0.000000
hs3 35555555 36666665 0.287664
hs3 36666666 37777776 0.722723
hs3 37777777 38888887 0.719941
hs3 38888888 39999999 0.414724
hs3 40000000 41111110 0.328970
hs3 41111111 42222221 0.783940
hs3 42222222 43333332 0.442248
hs3 43333333 44444443 0.435184
hs3 44444444 45555554 0.543021
hs3 45555555 46666665 0.421850
hs3 46666666 47777776 0.734226
hs3 47777777 48888887 0.711239
hs3 48888888 49999999 0.808503
hs3 50000000 51111110 0.818581
hs3 51111111 52222221 0.658025
hs3 52222222 53333332 0.798322
hs3 53333333 54444443 0.720852
hs3 54444444 55555554 0.644739
hs3 55555555 56666665 0.923640
hs3 56666666 57777776 0.811492
hs3 57777777 58888887 0.668418
hs3 58888888 59999999 0.370614
hs3 60000000 61111110 1.000000
hs3 61111111 62222221 0.722012
hs3 62222222 63333332 0.580464
hs3 63333333 64444443 0.539622
hs3 64444444 65555554 0.371381
hs3 65555555 66666665 0.885002
hs3 66666666 67777776 0.267397
hs3 67777777 68888887 0.518898
hs3 68888888 69999999 0.588551
hs3 70000000 71111110 0.111478
hs3 71111111 72222221 0.625506
hs3 72222222 73333332 0.296005
hs3 73333333 74444443 0.263209
hs3 74444444 75555554 0.189676
hs3 75555555 76666665 0.056348
hs3 76666666 77777776 0.545215
hs3 77777777 78888887 0.145249
hs3 78888888 79999999 0.909776
hs3 80000000 81111110 0.000000
hs3 81111111 82222221 0.244892
hs3 82222222 83333332 0.000000
hs3 83333333 84444443 0.000000
hs3 84444444 85555554 0.418260
hs3 85555555 86666665 0.585642
hs3 86666666 87777776 0.088541
hs3 87777777 88888887 0.028817
hs3 88888888 89999999 0.337151
hs3 90000000 91111110 0.000000
hs3 91111111 92222221 0.000000
hs3 92222222 93333332 0.000000
hs3 93333333 94444443 0.000000
hs3 94444444 95555554 0.233557
hs3 95555555 96666665 0.047757
hs3 96666666 97777776 0.000000
hs3 97777777 98888887 0.785497
hs3 98888888 99999999 0.304943
hs3 100000000 101111110 0.386197
hs3 101111111 102222221 1.003716
hs3 102222222 103333332 0.473977
hs3 103333333 104444443 0.040345
hs3 104444444 105555554 0.000000
hs3 105555555 106666665 0.088438
hs3 106666666 107777776 0.290294
hs3 107777777 108888887 0.344545
hs3 108888888 109999999 0.618518
hs3 110000000 111111110 0.328020
hs3 111111111 112222221 0.000000
hs3 112222222 113333332 0.634378
hs3 113333333 114444443 0.403799
hs3 114444444 115555554 0.758249
hs3 115555555 116666665 0.713937
hs3 116666666 117777776 0.667225
hs3 117777777 118888887 0.006527
hs3 118888888 119999999 0.000000
hs3 120000000 121111110 0.733051
hs3 121111111 122222221 0.552987
hs3 122222222 123333332 0.865418
hs3 123333333 124444443 0.741216
hs3 124444444 125555554 0.798665
hs3 125555555 126666665 0.835445
hs3 126666666 127777776 0.444252
hs3 127777777 128888887 0.430746
hs3 128888888 129999999 0.580388
hs3 130000000 131111110 0.610798
hs3 131111111 132222221 0.492986
hs3 132222222 133333332 0.793226
hs3 133333333 134444443 0.631327
hs3 134444444 135555554 0.578443
hs3 135555555 136666665 0.569816
hs3 136666666 137777776 0.493233
hs3 137777777 138888887 0.317831
hs3 138888888 139999999 0.558514
hs3 140000000 141111110 0.222418
hs3 141111111 142222221 0.624716
hs3 142222222 143333332 0.625230
hs3 143333333 144444443 0.624023
hs3 144444444 145555554 0.543493
hs3 145555555 146666665 0.000000
hs3 146666666 147777776 0.218884
hs3 147777777 148888887 0.043453
hs3 148888888 149999999 0.040621
hs3 150000000 151111110 0.567464
hs3 151111111 152222221 0.307590
hs3 152222222 153333332 0.572962
hs3 153333333 154444443 0.193846
hs3 154444444 155555554 0.198818
hs3 155555555 156666665 0.160855
hs3 156666666 157777776 0.715468
hs3 157777777 158888887 0.521054
hs3 158888888 159999999 0.512861
hs3 160000000 161111110 0.762991
hs3 161111111 162222221 0.481231
hs3 162222222 163333332 0.122317
hs3 163333333 164444443 0.000000
hs3 164444444 165555554 0.000000
hs3 165555555 166666665 0.098606
hs3 166666666 167777776 0.058107
hs3 167777777 168888887 0.316270
hs3 168888888 169999999 0.695018
hs3 170000000 171111110 0.627540
hs3 171111111 172222221 0.482217
hs3 172222222 173333332 0.649885
hs3 173333333 174444443 0.621248
hs3 174444444 175555554 0.796387
hs3 175555555 176666665 0.546176
hs3 176666666 177777776 0.305511
hs3 177777777 178888887 0.158857
hs3 178888888 179999999 0.236775
hs3 180000000 181111110 0.570466
hs3 181111111 182222221 0.244010
hs3 182222222 183333332 0.120023
hs3 183333333 184444443 0.321163
hs3 184444444 185555554 0.703627
hs3 185555555 186666665 0.478648
hs3 186666666 187777776 0.576378
hs3 187777777 188888887 0.323530
hs3 188888888 189999999 0.608871
hs3 190000000 191111110 0.457745
hs3 191111111 192222221 0.343043
hs3 192222222 193333332 0.153768
hs3 193333333 194444443 0.640860
hs3 194444444 195555554 0.373019
hs3 195555555 196666665 0.482694
hs3 196666666 197777776 0.467304
hs3 197777777 198888887 0.567953
hs3 198888888 199999999 0.359148
hs9 0 1111110 0.652918
hs9 1111111 2222221 0.160455
hs9 2222222 3333332 0.261280
hs9 3333333 4444443 0.595047
hs9 4444444 5555554 0.563046
hs9 5555555 6666665 0.486895
hs9 6666666 7777776 0.409307
hs9 7777777 8888887 0.529157
hs9 8888888 9999999 1.000001
hs9 10000000 11111110 0.542452
hs9 11111111 12222221 0.000000
hs9 12222222 13333332 0.188635
hs9 13333333 14444443 0.208890
hs9 14444444 15555554 0.470601
hs9 15555555 16666665 0.606158
hs9 16666666 17777776 0.694644
hs9 17777777 18888887 0.390716
hs9 18888888 19999999 0.524355
hs9 20000000 21111110 0.577254
hs9 21111111 22222221 0.312981
hs9 22222222 23333332 0.005071
hs9 23333333 24444443 0.122364
hs9 24444444 25555554 0.000000
hs9 25555555 26666665 0.002224
hs9 26666666 27777776 0.566498
hs9 27777777 28888887 0.693841
hs9 28888888 29999999 0.000000
hs9 30000000 31111110 0.000000
hs9 31111111 32222221 0.000000
hs9 32222222 33333332 0.476792
hs9 33333333 34444443 0.724280
hs9 34444444 35555554 0.584212
hs9 35555555 36666665 0.483217
hs9 36666666 37777776 0.620412
hs9 37777777 38888887 0.287619
hs9 38888888 39999999 0.244490
hs9 40000000 41111110 0.030705
hs9 41111111 42222221 0.101299
hs9 42222222 43333332 0.207736
hs9 43333333 44444443 0.060440
hs9 44444444 45555554 0.001131
hs9 45555555 46666665 0.040051
hs9 46666666 47777776 0.015797
hs9 47777777 48888887 0.000000
hs9 48888888 49999999 0.000000
hs9 50000000 51111110 0.000000
hs9 51111111 52222221 0.000000
hs9 52222222 53333332 0.000000
hs9 53333333 54444443 0.000000
hs9 54444444 55555554 0.000000
hs9 55555555 56666665 0.000000
hs9 56666666 57777776 0.000000
hs9 57777777 58888887 0.000000
hs9 58888888 59999999 0.000000
hs9 60000000 61111110 0.000000
hs9 61111111 62222221 0.000000
hs9 62222222 63333332 0.000000
hs9 63333333 64444443 0.000000
hs9 64444444 65555554 0.024052
hs9 65555555 66666665 0.010297
hs9 66666666 67777776 0.112602
hs9 67777777 68888887 0.160519
hs9 68888888 69999999 0.125341
hs9 70000000 71111110 0.674847
hs9 71111111 72222221 0.682145
hs9 72222222 73333332 0.527995
hs9 73333333 74444443 0.396053
hs9 74444444 75555554 0.240800
hs9 75555555 76666665 0.296373
hs9 76666666 77777776 0.221440
hs9 77777777 78888887 0.554143
hs9 78888888 79999999 0.699700
hs9 80000000 81111110 0.057551
hs9 81111111 82222221 0.139302
hs9 82222222 83333332 0.000000
hs9 83333333 84444443 0.118027
hs9 84444444 85555554 0.407282
hs9 85555555 86666665 0.440932
hs9 86666666 87777776 0.383339
hs9 87777777 88888887 0.249212
hs9 88888888 89999999 0.242729
hs9 90000000 91111110 0.288432
hs9 91111111 92222221 0.222376
hs9 92222222 93333332 0.263481
hs9 93333333 94444443 0.777930
hs9 94444444 95555554 0.608006
hs9 95555555 96666665 0.390324
hs9 96666666 97777776 0.610757
hs9 97777777 98888887 0.445811
hs9 98888888 99999999 0.583638
hs9 100000000 101111110 0.697134
hs9 101111111 102222221 0.437068
hs9 102222222 103333332 0.455790
hs9 103333333 104444443 0.181901
hs9 104444444 105555554 0.020861
hs9 105555555 106666665 0.147833
hs9 106666666 107777776 0.428109
hs9 107777777 108888887 0.133578
hs9 108888888 109999999 0.048460
hs9 110000000 111111110 0.377137
hs9 111111111 112222221 0.964120
hs9 112222222 113333332 0.528637
hs9 113333333 114444443 0.718024
hs9 114444444 115555554 0.547750
hs9 115555555 116666665 0.534996
hs9 116666666 117777776 0.380695
hs9 117777777 118888887 0.831685
hs9 118888888 119999999 0.307525
hs9 120000000 121111110 0.128145
hs9 121111111 122222221 0.082600
hs9 122222222 123333332 0.676618
hs9 123333333 124444443 0.964572
hs9 124444444 125555554 0.724448
hs9 125555555 126666665 0.637375
hs9 126666666 127777776 0.853705
hs9 127777777 128888887 0.447493
hs9 128888888 129999999 0.772537
hs9 130000000 131111110 0.684914
hs9 131111111 132222221 0.431902
hs9 132222222 133333332 0.587537
hs9 133333333 134444443 0.729100
hs9 134444444 135555554 0.649680
hs9 135555555 136666665 0.406580
hs9 136666666 137777776 0.327959
hs9 137777777 138888887 0.575607
hs9 138888888 139999999 0.787841
hs9 140000000 141111110 0.174379
hs15 0 1111110 0.000000
hs15 1111111 2222221 0.000000
hs15 2222222 3333332 0.000000
hs15 3333333 4444443 0.000000
hs15 4444444 5555554 0.000000
hs15 5555555 6666665 0.000000
hs15 6666666 7777776 0.000000
hs15 7777777 8888887 0.000000
hs15 8888888 9999999 0.000000
hs15 10000000 11111110 0.000000
hs15 11111111 12222221 0.000000
hs15 12222222 13333332 0.000000
hs15 13333333 14444443 0.000000
hs15 14444444 15555554 0.000000
hs15 15555555 16666665 0.000000
hs15 16666666 17777776 0.000000
hs15 17777777 18888887 0.000000
hs15 18888888 19999999 0.234741
hs15 20000000 21111110 0.346874
hs15 21111111 22222221 0.012634
hs15 22222222 23333332 0.331317
hs15 23333333 24444443 0.260234
hs15 24444444 25555554 0.803264
hs15 25555555 26666665 0.546826
hs15 26666666 27777776 0.602634
hs15 27777777 28888887 0.293464
hs15 28888888 29999999 0.374077
hs15 30000000 31111110 0.501943
hs15 31111111 32222221 0.794410
hs15 32222222 33333332 0.407334
hs15 33333333 34444443 0.157712
hs15 34444444 35555554 0.434167
hs15 35555555 36666665 0.205211
hs15 36666666 37777776 0.110026
hs15 37777777 38888887 0.673356
hs15 38888888 39999999 0.717647
hs15 40000000 41111110 0.820043
hs15 41111111 42222221 0.813549
hs15 42222222 43333332 0.574596
hs15 43333333 44444443 0.205094
hs15 44444444 45555554 0.407945
hs15 45555555 46666665 0.375099
hs15 46666666 47777776 0.824502
hs15 47777777 48888887 0.664147
hs15 48888888 49999999 0.662152
hs15 50000000 51111110 0.568470
hs15 51111111 52222221 0.338178
hs15 52222222 53333332 0.496656
hs15 53333333 54444443 0.639107
hs15 54444444 55555554 0.656485
hs15 55555555 56666665 0.457235
hs15 56666666 57777776 0.723500
hs15 57777777 58888887 0.389889
hs15 58888888 59999999 0.439223
hs15 60000000 61111110 0.315725
hs15 61111111 62222221 0.672142
hs15 62222222 63333332 0.694150
hs15 63333333 64444443 0.790723
hs15 64444444 65555554 0.597391
hs15 65555555 66666665 0.565570
hs15 66666666 67777776 0.549840
hs15 67777777 68888887 0.149855
hs15 68888888 69999999 0.846559
hs15 70000000 71111110 0.563073
hs15 71111111 72222221 0.594760
hs15 72222222 73333332 0.480647
hs15 73333333 74444443 0.687172
hs15 74444444 75555554 0.756454
hs15 75555555 76666665 0.372835
hs15 76666666 77777776 0.315397
hs15 77777777 78888887 0.436954
hs15 78888888 79999999 0.309030
hs15 80000000 81111110 0.589528
hs15 81111111 82222221 0.638496
hs15 82222222 83333332 0.578784
hs15 83333333 84444443 0.499029
hs15 84444444 85555554 0.798339
hs15 85555555 86666665 0.344191
hs15 86666666 87777776 0.381712
hs15 87777777 88888887 0.559996
hs15 88888888 89999999 0.477980
hs15 90000000 91111110 0.419213
hs15 91111111 92222221 0.156146
hs15 92222222 93333332 0.167177
hs15 93333333 94444443 0.067279
hs15 94444444 95555554 0.014896
hs15 95555555 96666665 0.130457
hs15 96666666 97777776 0.639398
hs15 97777777 98888887 0.612769
hs15 98888888 99999999 0.509664
hs15 100000000 101111110 0.093745
hs5 0 1111110 0.526484
hs5 1111111 2222221 0.326672
hs5 2222222 3333332 0.007867
hs5 3333333 4444443 0.004816
hs5 4444444 5555554 0.254829
hs5 5555555 6666665 0.088261
hs5 6666666 7777776 0.383894
hs5 7777777 8888887 0.150334
hs5 8888888 9999999 0.697547
hs5 10000000 11111110 0.393083
hs5 11111111 12222221 0.761400
hs5 12222222 13333332 0.207295
hs5 13333333 14444443 0.451593
hs5 14444444 15555554 0.321033
hs5 15555555 16666665 0.634103
hs5 16666666 17777776 0.381973
hs5 17777777 18888887 0.000000
hs5 18888888 19999999 0.441978
hs5 20000000 21111110 0.021700
hs5 21111111 22222221 0.517774
hs5 22222222 23333332 0.600540
hs5 23333333 24444443 0.018886
hs5 24444444 25555554 0.141933
hs5 25555555 26666665 0.000000
hs5 26666666 27777776 0.142184
hs5 27777777 28888887 0.000000
hs5 28888888 29999999 0.000000
hs5 30000000 31111110 0.000000
hs5 31111111 32222221 0.582778
hs5 32222222 33333332 0.246100
hs5 33333333 34444443 0.433097
hs5 34444444 35555554 0.460234
hs5 35555555 36666665 0.484719
hs5 36666666 37777776 0.748493
hs5 37777777 38888887 0.332507
hs5 38888888 39999999 0.420516
hs5 40000000 41111110 0.235689
hs5 41111111 42222221 0.447458
hs5 42222222 43333332 0.459777
hs5 43333333 44444443 0.299385
hs5 44444444 45555554 0.240334
hs5 45555555 46666665 0.158781
hs5 46666666 47777776 0.000000
hs5 47777777 48888887 0.000000
hs5 48888888 49999999 0.042943
hs5 50000000 51111110 0.170748
hs5 51111111 52222221 0.105309
hs5 52222222 53333332 0.382734
hs5 53333333 54444443 0.327244
hs5 54444444 55555554 0.688478
hs5 55555555 56666665 0.207002
hs5 56666666 57777776 0.002515
hs5 57777777 58888887 0.780927
hs5 58888888 59999999 0.956020
hs5 60000000 61111110 0.621713
hs5 61111111 62222221 0.284521
hs5 62222222 63333332 0.001143
hs5 63333333 64444443 0.576845
hs5 64444444 65555554 0.750610
hs5 65555555 66666665 0.528987
hs5 66666666 67777776 0.067670
hs5 67777777 68888887 0.459061
hs5 68888888 69999999 1.371701
hs5 70000000 71111110 0.609502
hs5 71111111 72222221 0.342161
hs5 72222222 73333332 0.473703
hs5 73333333 74444443 0.218726
hs5 74444444 75555554 0.505444
hs5 75555555 76666665 0.693345
hs5 76666666 77777776 0.563243
hs5 77777777 78888887 0.676251
hs5 78888888 79999999 0.521174
hs5 80000000 81111110 0.822487
hs5 81111111 82222221 0.271305
hs5 82222222 83333332 0.498571
hs5 83333333 84444443 0.344731
hs5 84444444 85555554 0.000000
hs5 85555555 86666665 0.076197
hs5 86666666 87777776 0.134302
hs5 87777777 88888887 0.296932
hs5 88888888 89999999 0.176327
hs5 90000000 91111110 0.495691
hs5 91111111 92222221 0.000000
hs5 92222222 93333332 0.484399
hs5 93333333 94444443 0.955111
hs5 94444444 95555554 0.537125
hs5 95555555 96666665 0.372322
hs5 96666666 97777776 0.000000
hs5 97777777 98888887 0.088678
hs5 98888888 99999999 0.054061
hs5 100000000 101111110 0.086714
hs5 101111111 102222221 0.170670
hs5 102222222 103333332 0.276239
hs5 103333333 104444443 0.000000
hs5 104444444 105555554 0.000562
hs5 105555555 106666665 0.000000
hs5 106666666 107777776 0.735362
hs5 107777777 108888887 0.463607
hs5 108888888 109999999 0.516060
hs5 110000000 111111110 0.406589
hs5 111111111 112222221 0.565506
hs5 112222222 113333332 0.582847
hs5 113333333 114444443 0.120765
hs5 114444444 115555554 0.463990
hs5 115555555 116666665 0.209362
hs5 116666666 117777776 0.000000
hs5 117777777 118888887 0.475314
hs5 118888888 119999999 0.175847
hs5 120000000 121111110 0.045778
hs5 121111111 122222221 0.294237
hs5 122222222 123333332 0.401593
hs5 123333333 124444443 0.097377
hs5 124444444 125555554 0.000000
hs5 125555555 126666665 0.433262
hs5 126666666 127777776 0.476034
hs5 127777777 128888887 0.248536
hs5 128888888 129999999 0.445675
hs5 130000000 131111110 0.439600
hs5 131111111 132222221 0.443326
hs5 132222222 133333332 0.546605
hs5 133333333 134444443 0.557951
hs5 134444444 135555554 0.229990
hs5 135555555 136666665 0.433030
hs5 136666666 137777776 0.667312
hs5 137777777 138888887 0.626526
hs5 138888888 139999999 0.735169
hs5 140000000 141111110 4.803063
hs5 141111111 142222221 0.316200
hs5 142222222 143333332 0.479417
hs5 143333333 144444443 0.287156
hs5 144444444 145555554 0.275479
hs5 145555555 146666665 0.644798
hs5 146666666 147777776 0.456033
hs5 147777777 148888887 0.527208
hs5 148888888 149999999 0.666561
hs5 150000000 151111110 0.474385
hs5 151111111 152222221 0.141118
hs5 152222222 153333332 0.291012
hs5 153333333 154444443 0.497664
hs5 154444444 155555554 0.000000
hs5 155555555 156666665 0.597822
hs5 156666666 157777776 0.301920
hs5 157777777 158888887 0.459593
hs5 158888888 159999999 0.442955
hs5 160000000 161111110 0.445755
hs5 161111111 162222221 0.126602
hs5 162222222 163333332 0.055385
hs5 163333333 164444443 0.000000
hs5 164444444 165555554 0.000000
hs5 165555555 166666665 0.020021
hs5 166666666 167777776 0.974889
hs5 167777777 168888887 0.672644
hs5 168888888 169999999 0.857547
hs5 170000000 171111110 0.565290
hs5 171111111 172222221 0.520033
hs5 172222222 173333332 0.327738
hs5 173333333 174444443 0.078094
hs5 174444444 175555554 0.188804
hs5 175555555 176666665 0.682749
hs5 176666666 177777776 0.534826
hs5 177777777 178888887 0.533830
hs5 178888888 179999999 0.651087
hs5 180000000 181111110 0.174252
hsY 0 1111110 0.103611
hsY 1111111 2222221 0.344848
hsY 2222222 3333332 0.374266
hsY 3333333 4444443 0.000862
hsY 4444444 5555554 0.564560
hsY 5555555 6666665 0.212318
hsY 6666666 7777776 0.273903
hsY 7777777 8888887 0.031846
hsY 8888888 9999999 0.697550
hsY 10000000 11111110 0.121424
hsY 11111111 12222221 0.000000
hsY 12222222 13333332 0.050501
hsY 13333333 14444443 0.359954
hsY 14444444 15555554 0.291890
hsY 15555555 16666665 0.000000
hsY 16666666 17777776 0.000000
hsY 17777777 18888887 0.048892
hsY 18888888 19999999 0.359271
hsY 20000000 21111110 0.145466
hsY 21111111 22222221 0.144752
hsY 22222222 23333332 0.330337
hsY 23333333 24444443 0.379702
hsY 24444444 25555554 0.431878
hsY 25555555 26666665 0.089734
hsY 26666666 27777776 0.000000
hsY 27777777 28888887 0.000000
hsY 28888888 29999999 0.000000
hsY 30000000 31111110 0.000000
hsY 31111111 32222221 0.000000
hsY 32222222 33333332 0.000000
hsY 33333333 34444443 0.000000
hsY 34444444 35555554 0.000000
hsY 35555555 36666665 0.000000
hsY 36666666 37777776 0.000000
hsY 37777777 38888887 0.000000
hsY 38888888 39999999 0.000000
hsY 40000000 41111110 0.000000
hsY 41111111 42222221 0.000000
hsY 42222222 43333332 0.000000
hsY 43333333 44444443 0.000000
hsY 44444444 45555554 0.000000
hsY 45555555 46666665 0.000000
hsY 46666666 47777776 0.000000
hsY 47777777 48888887 0.000000
hsY 48888888 49999999 0.000000
hsY 50000000 51111110 0.000000
hsY 51111111 52222221 0.000000
hsY 52222222 53333332 0.000000
hsY 53333333 54444443 0.000000
hsY 54444444 55555554 0.000000
hsY 55555555 56666665 0.000000
hsY 56666666 57777776 0.081357
hs1 0 1111110 0.203591
hs1 1111111 2222221 0.792479
hs1 2222222 3333332 0.519086
hs1 3333333 4444443 0.386972
hs1 4444444 5555554 0.115873
hs1 5555555 6666665 0.648691
hs1 6666666 7777776 0.920577
hs1 7777777 8888887 0.556155
hs1 8888888 9999999 0.559714
hs1 10000000 11111110 0.739803
hs1 11111111 12222221 0.528153
hs1 12222222 13333332 0.435837
hs1 13333333 14444443 0.218001
hs1 14444444 15555554 0.663418
hs1 15555555 16666665 0.681595
hs1 16666666 17777776 0.482434
hs1 17777777 18888887 0.472979
hs1 18888888 19999999 0.635016
hs1 20000000 21111110 0.407019
hs1 21111111 22222221 0.752636
hs1 22222222 23333332 0.473678
hs1 23333333 24444443 0.445692
hs1 24444444 25555554 0.459236
hs1 25555555 26666665 0.640991
hs1 26666666 27777776 0.507919
hs1 27777777 28888887 0.667599
hs1 28888888 29999999 0.458974
hs1 30000000 31111110 0.033910
hs1 31111111 32222221 0.500135
hs1 32222222 33333332 0.621089
hs1 33333333 34444443 0.789472
hs1 34444444 35555554 0.196036
hs1 35555555 36666665 0.685641
hs1 36666666 37777776 0.289236
hs1 37777777 38888887 0.324464
hs1 38888888 39999999 0.620923
hs1 40000000 41111110 0.520093
hs1 41111111 42222221 0.602141
hs1 42222222 43333332 0.457962
hs1 43333333 44444443 0.574156
hs1 44444444 45555554 0.783967
hs1 45555555 46666665 0.784975
hs1 46666666 47777776 0.407482
hs1 47777777 48888887 0.358218
hs1 48888888 49999999 1.044109
hs1 50000000 51111110 0.768218
hs1 51111111 52222221 0.662839
hs1 52222222 53333332 0.762738
hs1 53333333 54444443 0.633082
hs1 54444444 55555554 0.616748
hs1 55555555 56666665 0.000000
hs1 56666666 57777776 0.807850
hs1 57777777 58888887 0.701238
hs1 58888888 59999999 0.470828
hs1 60000000 61111110 0.161385
hs1 61111111 62222221 0.604241
hs1 62222222 63333332 0.556247
hs1 63333333 64444443 0.612706
hs1 64444444 65555554 0.552975
hs1 65555555 66666665 0.821726
hs1 66666666 67777776 0.642474
hs1 67777777 68888887 0.286445
hs1 68888888 69999999 0.001399
hs1 70000000 71111110 0.564922
hs1 71111111 72222221 0.696455
hs1 72222222 73333332 0.268780
hs1 73333333 74444443 0.169211
hs1 74444444 75555554 0.589360
hs1 75555555 76666665 0.743225
hs1 76666666 77777776 0.708354
hs1 77777777 78888887 0.637025
hs1 78888888 79999999 0.117461
hs1 80000000 81111110 0.000000
hs1 81111111 82222221 0.165198
hs1 82222222 83333332 0.007627
hs1 83333333 84444443 0.232101
hs1 84444444 85555554 0.551926
hs1 85555555 86666665 0.722817
hs1 86666666 87777776 0.418699
hs1 87777777 88888887 0.000000
hs1 88888888 89999999 0.527811
hs1 90000000 91111110 0.140179
hs1 91111111 92222221 0.472681
hs1 92222222 93333332 0.684002
hs1 93333333 94444443 0.552648
hs1 94444444 95555554 0.389812
hs1 95555555 96666665 0.000000
hs1 96666666 97777776 0.499784
hs1 97777777 98888887 0.343376
hs1 98888888 99999999 0.324523
hs1 100000000 101111110 0.498402
hs1 101111111 102222221 0.317497
hs1 102222222 103333332 0.208692
hs1 103333333 104444443 0.168304
hs1 104444444 105555554 0.312021
hs1 105555555 106666665 0.000000
hs1 106666666 107777776 0.266641
hs1 107777777 108888887 0.493753
hs1 108888888 109999999 0.723903
hs1 110000000 111111110 0.260483
hs1 111111111 112222221 0.497349
hs1 112222222 113333332 0.421598
hs1 113333333 114444443 0.548076
hs1 114444444 115555554 0.490873
hs1 115555555 116666665 0.269273
hs1 116666666 117777776 0.471603
hs1 117777777 118888887 0.398622
hs1 118888888 119999999 0.257113
hs1 120000000 121111110 0.296719
hs1 121111111 122222221 0.000000
hs1 122222222 123333332 0.000000
hs1 123333333 124444443 0.000000
hs1 124444444 125555554 0.000000
hs1 125555555 126666665 0.000000
hs1 126666666 127777776 0.000000
hs1 127777777 128888887 0.000000
hs1 128888888 129999999 0.000000
hs1 130000000 131111110 0.000000
hs1 131111111 132222221 0.000000
hs1 132222222 133333332 0.000000
hs1 133333333 134444443 0.000000
hs1 134444444 135555554 0.000000
hs1 135555555 136666665 0.000000
hs1 136666666 137777776 0.000000
hs1 137777777 138888887 0.000000
hs1 138888888 139999999 0.000000
hs1 140000000 141111110 0.000000
hs1 141111111 142222221 0.000000
hs1 142222222 143333332 0.192326
hs1 143333333 144444443 0.759991
hs1 144444444 145555554 0.391814
hs1 145555555 146666665 0.295299
hs1 146666666 147777776 0.110420
hs1 147777777 148888887 0.477211
hs1 148888888 149999999 0.700602
hs1 150000000 151111110 0.200008
hs1 151111111 152222221 0.341932
hs1 152222222 153333332 0.721358
hs1 153333333 154444443 0.706164
hs1 154444444 155555554 0.565487
hs1 155555555 156666665 0.253759
hs1 156666666 157777776 0.238303
hs1 157777777 158888887 0.473537
hs1 158888888 159999999 0.440124
hs1 160000000 161111110 0.735420
hs1 161111111 162222221 0.092615
hs1 162222222 163333332 0.263020
hs1 163333333 164444443 0.545926
hs1 164444444 165555554 0.284945
hs1 165555555 166666665 0.659804
hs1 166666666 167777776 0.380668
hs1 167777777 168888887 0.386433
hs1 168888888 169999999 0.465941
hs1 170000000 171111110 0.652387
hs1 171111111 172222221 0.388413
hs1 172222222 173333332 0.772673
hs1 173333333 174444443 0.692973
hs1 174444444 175555554 0.715049
hs1 175555555 176666665 0.342429
hs1 176666666 177777776 0.642915
hs1 177777777 178888887 0.691897
hs1 178888888 179999999 0.562005
hs1 180000000 181111110 0.257954
hs1 181111111 182222221 0.805256
hs1 182222222 183333332 0.554313
hs1 183333333 184444443 0.590399
hs1 184444444 185555554 0.283213
hs1 185555555 186666665 0.000000
hs1 186666666 187777776 0.000000
hs1 187777777 188888887 0.341968
hs1 188888888 189999999 0.000000
hs1 190000000 191111110 0.098369
hs1 191111111 192222221 0.203800
hs1 192222222 193333332 0.000000
hs1 193333333 194444443 0.000000
hs1 194444444 195555554 0.699388
hs1 195555555 196666665 0.550498
hs1 196666666 197777776 0.122720
hs1 197777777 198888887 0.209573
hs1 198888888 199999999 0.537717
hs1 200000000 201111110 0.775003
hs1 201111111 202222221 0.402095
hs1 202222222 203333332 0.618993
hs1 203333333 204444443 0.456726
hs1 204444444 205555554 0.494911
hs1 205555555 206666665 0.534633
hs1 206666666 207777776 0.003452
hs1 207777777 208888887 0.678271
hs1 208888888 209999999 0.619062
hs1 210000000 211111110 0.511656
hs1 211111111 212222221 0.281355
hs1 212222222 213333332 0.578948
hs1 213333333 214444443 0.702377
hs1 214444444 215555554 0.768086
hs1 215555555 216666665 0.512747
hs1 216666666 217777776 0.051241
hs1 217777777 218888887 0.383057
hs1 218888888 219999999 0.126683
hs1 220000000 221111110 0.166954
hs1 221111111 222222221 0.482301
hs1 222222222 223333332 0.452556
hs1 223333333 224444443 0.619673
hs1 224444444 225555554 0.608743
hs1 225555555 226666665 0.475988
hs1 226666666 227777776 0.182302
hs1 227777777 228888887 0.343696
hs1 228888888 229999999 0.805986
hs1 230000000 231111110 0.552747
hs1 231111111 232222221 0.513219
hs1 232222222 233333332 0.367270
hs1 233333333 234444443 0.747690
hs1 234444444 235555554 0.641023
hs1 235555555 236666665 0.524455
hs1 236666666 237777776 0.005070
hs1 237777777 238888887 0.707619
hs1 238888888 239999999 0.755277
hs1 240000000 241111110 0.461814
hs1 241111111 242222221 0.697956
hs1 242222222 243333332 0.436558
hs1 243333333 244444443 0.931630
hs1 244444444 245555554 0.605624
hs1 245555555 246666665 0.261080
hs1 246666666 247777776 0.053623
hs19 0 1111110 0.553270
hs19 1111111 2222221 0.621160
hs19 2222222 3333332 0.650715
hs19 3333333 4444443 0.761159
hs19 4444444 5555554 0.539592
hs19 5555555 6666665 0.622363
hs19 6666666 7777776 0.593563
hs19 7777777 8888887 0.534678
hs19 8888888 9999999 0.439619
hs19 10000000 11111110 0.721615
hs19 11111111 12222221 0.564294
hs19 12222222 13333332 0.650887
hs19 13333333 14444443 0.497012
hs19 14444444 15555554 0.490766
hs19 15555555 16666665 0.512582
hs19 16666666 17777776 0.757717
hs19 17777777 18888887 0.692036
hs19 18888888 19999999 0.731349
hs19 20000000 21111110 0.269914
hs19 21111111 22222221 0.318357
hs19 22222222 23333332 0.071437
hs19 23333333 24444443 0.179844
hs19 24444444 25555554 0.000000
hs19 25555555 26666665 0.000000
hs19 26666666 27777776 0.000000
hs19 27777777 28888887 0.000000
hs19 28888888 29999999 0.000000
hs19 30000000 31111110 0.000000
hs19 31111111 32222221 0.000000
hs19 32222222 33333332 0.003103
hs19 33333333 34444443 0.008989
hs19 34444444 35555554 0.145213
hs19 35555555 36666665 0.234108
hs19 36666666 37777776 0.115587
hs19 37777777 38888887 0.679364
hs19 38888888 39999999 0.358969
hs19 40000000 41111110 0.458534
hs19 41111111 42222221 0.514577
hs19 42222222 43333332 0.678967
hs19 43333333 44444443 0.672480
hs19 44444444 45555554 0.454374
hs19 45555555 46666665 0.607834
hs19 46666666 47777776 0.443791
hs19 47777777 48888887 0.354786
hs19 48888888 49999999 0.493167
hs19 50000000 51111110 0.651234
hs19 51111111 52222221 0.378312
hs19 52222222 53333332 0.632108
hs19 53333333 54444443 0.725303
hs19 54444444 55555554 0.712602
hs19 55555555 56666665 0.459464
hs19 56666666 57777776 0.556627
hs19 57777777 58888887 0.524228
hs19 58888888 59999999 0.501768
hs19 60000000 61111110 0.640777
hs19 61111111 62222221 0.432307
hs19 62222222 63333332 0.463027
hs19 63333333 64444443 0.234945
hs2 0 1111110 0.233905
hs2 1111111 2222221 0.838360
hs2 2222222 3333332 0.235165
hs2 3333333 4444443 0.235513
hs2 4444444 5555554 0.000000
hs2 5555555 6666665 0.056258
hs2 6666666 7777776 0.148360
hs2 7777777 8888887 0.143381
hs2 8888888 9999999 0.574216
hs2 10000000 11111110 0.460734
hs2 11111111 12222221 0.381083
hs2 12222222 13333332 0.023276
hs2 13333333 14444443 0.000000
hs2 14444444 15555554 0.304588
hs2 15555555 16666665 0.165183
hs2 16666666 17777776 0.213112
hs2 17777777 18888887 0.125818
hs2 18888888 19999999 0.034966
hs2 20000000 21111110 0.367681
hs2 21111111 22222221 0.008406
hs2 22222222 23333332 0.000000
hs2 23333333 24444443 0.767495
hs2 24444444 25555554 0.612582
hs2 25555555 26666665 0.792211
hs2 26666666 27777776 0.671547
hs2 27777777 28888887 0.710337
hs2 28888888 29999999 0.893668
hs2 30000000 31111110 0.403267
hs2 31111111 32222221 0.502528
hs2 32222222 33333332 0.929737
hs2 33333333 34444443 0.261825
hs2 34444444 35555554 0.000000
hs2 35555555 36666665 0.205780
hs2 36666666 37777776 0.545847
hs2 37777777 38888887 0.373004
hs2 38888888 39999999 0.544421
hs2 40000000 41111110 0.360262
hs2 41111111 42222221 0.009456
hs2 42222222 43333332 0.379506
hs2 43333333 44444443 0.759675
hs2 44444444 45555554 0.453079
hs2 45555555 46666665 0.739313
hs2 46666666 47777776 0.487889
hs2 47777777 48888887 0.517551
hs2 48888888 49999999 0.173902
hs2 50000000 51111110 1.000000
hs2 51111111 52222221 0.001861
hs2 52222222 53333332 0.000000
hs2 53333333 54444443 0.615680
hs2 54444444 55555554 0.694796
hs2 55555555 56666665 0.373288
hs2 56666666 57777776 0.000000
hs2 57777777 58888887 0.175920
hs2 58888888 59999999 0.000000
hs2 60000000 61111110 0.249382
hs2 61111111 62222221 0.672765
hs2 62222222 63333332 0.494717
hs2 63333333 64444443 0.525762
hs2 64444444 65555554 0.335616
hs2 65555555 66666665 0.123625
hs2 66666666 67777776 0.011784
hs2 67777777 68888887 0.367942
hs2 68888888 69999999 0.647858
hs2 70000000 71111110 0.430842
hs2 71111111 72222221 0.399716
hs2 72222222 73333332 0.801229
hs2 73333333 74444443 0.612293
hs2 74444444 75555554 0.428869
hs2 75555555 76666665 0.127001
hs2 76666666 77777776 0.697181
hs2 77777777 78888887 0.000109
hs2 78888888 79999999 0.378792
hs2 80000000 81111110 0.658786
hs2 81111111 82222221 0.000000
hs2 82222222 83333332 0.000871
hs2 83333333 84444443 0.001368
hs2 84444444 85555554 0.668485
hs2 85555555 86666665 0.542335
hs2 86666666 87777776 0.430603
hs2 87777777 88888887 0.537005
hs2 88888888 89999999 0.000000
hs2 90000000 91111110 0.000000
hs2 91111111 92222221 0.028253
hs2 92222222 93333332 0.000000
hs2 93333333 94444443 0.000000
hs2 94444444 95555554 0.287194
hs2 95555555 96666665 0.222340
hs2 96666666 97777776 0.551548
hs2 97777777 98888887 0.781785
hs2 98888888 99999999 0.813047
hs2 100000000 101111110 0.488162
hs2 101111111 102222221 0.451681
hs2 102222222 103333332 0.304283
hs2 103333333 104444443 0.024487
hs2 104444444 105555554 0.238410
hs2 105555555 106666665 0.298348
hs2 106666666 107777776 0.076956
hs2 107777777 108888887 0.422378
hs2 108888888 109999999 0.776341
hs2 110000000 111111110 0.563989
hs2 111111111 112222221 0.541403
hs2 112222222 113333332 0.614018
hs2 113333333 114444443 0.382198
hs2 114444444 115555554 0.575268
hs2 115555555 116666665 0.686916
hs2 116666666 117777776 0.000000
hs2 117777777 118888887 0.124021
hs2 118888888 119999999 0.237716
hs2 120000000 121111110 0.495703
hs2 121111111 122222221 0.527213
hs2 122222222 123333332 0.011078
hs2 123333333 124444443 0.000000
hs2 124444444 125555554 0.801001
hs2 125555555 126666665 0.000000
hs2 126666666 127777776 0.142780
hs2 127777777 128888887 0.572218
hs2 128888888 129999999 0.000000
hs2 130000000 131111110 0.206239
hs2 131111111 132222221 0.350907
hs2 132222222 133333332 0.522603
hs2 133333333 134444443 0.638252
hs2 134444444 135555554 0.588559
hs2 135555555 136666665 0.743981
hs2 136666666 137777776 0.281561
hs2 137777777 138888887 0.383498
hs2 138888888 139999999 0.165953
hs2 140000000 141111110 0.365081
hs2 141111111 142222221 1.000000
hs2 142222222 143333332 0.345167
hs2 143333333 144444443 0.745298
hs2 144444444 145555554 0.448315
hs2 145555555 146666665 0.118909
hs2 146666666 147777776 0.003541
hs2 147777777 148888887 0.510363
hs2 148888888 149999999 0.688431
hs2 150000000 151111110 0.068436
hs2 151111111 152222221 0.265640
hs2 152222222 153333332 0.768486
hs2 153333333 154444443 0.008320
hs2 154444444 155555554 0.658993
hs2 155555555 156666665 0.000000
hs2 156666666 157777776 0.143366
hs2 157777777 158888887 0.564625
hs2 158888888 159999999 0.728082
hs2 160000000 161111110 0.728579
hs2 161111111 162222221 0.220272
hs2 162222222 163333332 0.863707
hs2 163333333 164444443 0.178696
hs2 164444444 165555554 0.308765
hs2 165555555 166666665 0.630081
hs2 166666666 167777776 0.515064
hs2 167777777 168888887 0.353245
hs2 168888888 169999999 0.720629
hs2 170000000 171111110 0.813676
hs2 171111111 172222221 0.576402
hs2 172222222 173333332 0.440401
hs2 173333333 174444443 0.448980
hs2 174444444 175555554 0.627865
hs2 175555555 176666665 0.183325
hs2 176666666 177777776 0.085602
hs2 177777777 178888887 0.843525
hs2 178888888 179999999 0.843572
hs2 180000000 181111110 0.433597
hs2 181111111 182222221 0.248819
hs2 182222222 183333332 0.546556
hs2 183333333 184444443 0.201644
hs2 184444444 185555554 0.307011
hs2 185555555 186666665 0.085197
hs2 186666666 187777776 0.184914
hs2 187777777 188888887 0.196910
hs2 188888888 189999999 0.470508
hs2 190000000 191111110 0.537120
hs2 191111111 192222221 0.427253
hs2 192222222 193333332 0.250960
hs2 193333333 194444443 0.014884
hs2 194444444 195555554 0.000000
hs2 195555555 196666665 0.370806
hs2 196666666 197777776 0.775915
hs2 197777777 198888887 0.568494
hs2 198888888 199999999 0.141779
hs2 200000000 201111110 0.279938
hs2 201111111 202222221 0.845543
hs2 202222222 203333332 0.547617
hs2 203333333 204444443 0.652126
hs2 204444444 205555554 0.417696
hs2 205555555 206666665 0.757193
hs2 206666666 207777776 0.490304
hs2 207777777 208888887 0.406667
hs2 208888888 209999999 0.120145
hs2 210000000 211111110 0.785218
hs2 211111111 212222221 0.375127
hs2 212222222 213333332 0.800527
hs2 213333333 214444443 0.665107
hs2 214444444 215555554 0.751879
hs2 215555555 216666665 0.356014
hs2 216666666 217777776 0.313774
hs2 217777777 218888887 0.689990
hs2 218888888 219999999 0.657556
hs2 220000000 221111110 0.144030
hs2 221111111 222222221 0.138838
hs2 222222222 223333332 0.326992
hs2 223333333 224444443 0.156261
hs2 224444444 225555554 0.450558
hs2 225555555 226666665 0.281839
hs2 226666666 227777776 0.389547
hs2 227777777 228888887 0.504604
hs2 228888888 229999999 0.285104
hs2 230000000 231111110 0.818768
hs2 231111111 232222221 0.432687
hs2 232222222 233333332 0.585589
hs2 233333333 234444443 1.305222
hs2 234444444 235555554 0.146479
hs2 235555555 236666665 0.605461
hs2 236666666 237777776 0.282005
hs2 237777777 238888887 0.608197
hs2 238888888 239999999 0.414479
hs2 240000000 241111110 0.149317
hs2 241111111 242222221 0.724161
hs2 242222222 243333332 0.209334
hs8 0 1111110 0.201454
hs8 1111111 2222221 0.448175
hs8 2222222 3333332 0.497746
hs8 3333333 4444443 1.000000
hs8 4444444 5555554 0.355764
hs8 5555555 6666665 0.330304
hs8 6666666 7777776 0.272713
hs8 7777777 8888887 0.228982
hs8 8888888 9999999 0.293055
hs8 10000000 11111110 0.720296
hs8 11111111 12222221 0.442895
hs8 12222222 13333332 0.520126
hs8 13333333 14444443 0.483853
hs8 14444444 15555554 0.728324
hs8 15555555 16666665 0.176154
hs8 16666666 17777776 0.598216
hs8 17777777 18888887 0.610400
hs8 18888888 19999999 0.405620
hs8 20000000 21111110 0.064786
hs8 21111111 22222221 0.357893
hs8 22222222 23333332 0.756337
hs8 23333333 24444443 0.216953
hs8 24444444 25555554 0.292127
hs8 25555555 26666665 0.366100
hs8 26666666 27777776 0.486443
hs8 27777777 28888887 0.667102
hs8 28888888 29999999 0.311944
hs8 30000000 31111110 0.562802
hs8 31111111 32222221 0.580610
hs8 32222222 33333332 0.467891
hs8 33333333 34444443 0.144762
hs8 34444444 35555554 0.308735
hs8 35555555 36666665 0.194551
hs8 36666666 37777776 0.178379
hs8 37777777 38888887 0.538294
hs8 38888888 39999999 0.779060
hs8 40000000 41111110 0.332157
hs8 41111111 42222221 0.494061
hs8 42222222 43333332 0.609767
hs8 43333333 44444443 0.003738
hs8 44444444 45555554 0.000000
hs8 45555555 46666665 0.000000
hs8 46666666 47777776 0.000000
hs8 47777777 48888887 0.478579
hs8 48888888 49999999 0.216534
hs8 50000000 51111110 0.114933
hs8 51111111 52222221 0.681183
hs8 52222222 53333332 0.646970
hs8 53333333 54444443 0.271803
hs8 54444444 55555554 0.326722
hs8 55555555 56666665 0.400129
hs8 56666666 57777776 0.278591
hs8 57777777 58888887 0.037016
hs8 58888888 59999999 0.387804
hs8 60000000 61111110 0.174890
hs8 61111111 62222221 0.346261
hs8 62222222 63333332 0.393339
hs8 63333333 64444443 0.751186
hs8 64444444 65555554 0.000097
hs8 65555555 66666665 0.188236
hs8 66666666 67777776 0.456564
hs8 67777777 68888887 0.780091
hs8 68888888 69999999 0.594366
hs8 70000000 71111110 0.321319
hs8 71111111 72222221 0.400557
hs8 72222222 73333332 0.391754
hs8 73333333 74444443 0.451646
hs8 74444444 75555554 0.530123
hs8 75555555 76666665 0.096622
hs8 76666666 77777776 0.084694
hs8 77777777 78888887 0.166578
hs8 78888888 79999999 0.192259
hs8 80000000 81111110 0.153511
hs8 81111111 82222221 0.496758
hs8 82222222 83333332 0.131434
hs8 83333333 84444443 0.000000
hs8 84444444 85555554 0.267793
hs8 85555555 86666665 0.575857
hs8 86666666 87777776 0.390830
hs8 87777777 88888887 0.507172
hs8 88888888 89999999 0.264226
hs8 90000000 91111110 0.125119
hs8 91111111 92222221 0.305994
hs8 92222222 93333332 0.327218
hs8 93333333 94444443 0.074353
hs8 94444444 95555554 0.285392
hs8 95555555 96666665 0.343668
hs8 96666666 97777776 0.261941
hs8 97777777 98888887 0.512615
hs8 98888888 99999999 0.702247
hs8 100000000 101111110 0.860732
hs8 101111111 102222221 0.359030
hs8 102222222 103333332 0.593705
hs8 103333333 104444443 0.357871
hs8 104444444 105555554 0.822368
hs8 105555555 106666665 0.329522
hs8 106666666 107777776 0.580864
hs8 107777777 108888887 0.284067
hs8 108888888 109999999 0.251163
hs8 110000000 111111110 0.408800
hs8 111111111 112222221 0.000000
hs8 112222222 113333332 0.026101
hs8 113333333 114444443 1.000083
hs8 114444444 115555554 0.066577
hs8 115555555 116666665 0.159090
hs8 116666666 117777776 0.121751
hs8 117777777 118888887 0.320795
hs8 118888888 119999999 0.663159
hs8 120000000 121111110 0.428101
hs8 121111111 122222221 0.605028
hs8 122222222 123333332 0.030339
hs8 123333333 124444443 0.378868
hs8 124444444 125555554 0.485651
hs8 125555555 126666665 0.578660
hs8 126666666 127777776 0.005203
hs8 127777777 128888887 0.052862
hs8 128888888 129999999 0.264672
hs8 130000000 131111110 0.123282
hs8 131111111 132222221 0.550202
hs8 132222222 133333332 0.280128
hs8 133333333 134444443 0.801047
hs8 134444444 135555554 0.105385
hs8 135555555 136666665 0.388257
hs8 136666666 137777776 0.056128
hs8 137777777 138888887 0.000000
hs8 138888888 139999999 0.623305
hs8 140000000 141111110 0.350857
hs8 141111111 142222221 0.804727
hs8 142222222 143333332 0.199052
hs8 143333333 144444443 0.365180
hs8 144444444 145555554 0.572680
hs8 145555555 146666665 0.333660
hs6 0 1111110 0.385448
hs6 1111111 2222221 0.570008
hs6 2222222 3333332 0.360065
hs6 3333333 4444443 0.203132
hs6 4444444 5555554 0.685448
hs6 5555555 6666665 0.620932
hs6 6666666 7777776 0.396470
hs6 7777777 8888887 0.167983
hs6 8888888 9999999 0.000000
hs6 10000000 11111110 0.341967
hs6 11111111 12222221 0.456078
hs6 12222222 13333332 0.508870
hs6 13333333 14444443 0.414803
hs6 14444444 15555554 0.180945
hs6 15555555 16666665 0.495352
hs6 16666666 17777776 0.401019
hs6 17777777 18888887 0.435084
hs6 18888888 19999999 0.002970
hs6 20000000 21111110 0.604793
hs6 21111111 22222221 0.613754
hs6 22222222 23333332 0.087347
hs6 23333333 24444443 0.167245
hs6 24444444 25555554 0.597519
hs6 25555555 26666665 0.451972
hs6 26666666 27777776 0.231887
hs6 27777777 28888887 0.200072
hs6 28888888 29999999 0.137820
hs6 30000000 31111110 0.400923
hs6 31111111 32222221 0.556578
hs6 32222222 33333332 0.353320
hs6 33333333 34444443 0.443901
hs6 34444444 35555554 0.696064
hs6 35555555 36666665 0.720463
hs6 36666666 37777776 0.477658
hs6 37777777 38888887 0.831962
hs6 38888888 39999999 0.768258
hs6 40000000 41111110 0.194271
hs6 41111111 42222221 0.561189
hs6 42222222 43333332 0.686821
hs6 43333333 44444443 0.490909
hs6 44444444 45555554 0.691868
hs6 45555555 46666665 0.384430
hs6 46666666 47777776 0.549799
hs6 47777777 48888887 0.229431
hs6 48888888 49999999 0.170433
hs6 50000000 51111110 0.102971
hs6 51111111 52222221 0.436099
hs6 52222222 53333332 0.461456
hs6 53333333 54444443 0.471384
hs6 54444444 55555554 0.381121
hs6 55555555 56666665 0.446439
hs6 56666666 57777776 0.484780
hs6 57777777 58888887 0.037410
hs6 58888888 59999999 0.000000
hs6 60000000 61111110 0.000000
hs6 61111111 62222221 0.000000
hs6 62222222 63333332 0.545613
hs6 63333333 64444443 0.077088
hs6 64444444 65555554 0.995078
hs6 65555555 66666665 0.827901
hs6 66666666 67777776 0.000000
hs6 67777777 68888887 0.000000
hs6 68888888 69999999 0.537883
hs6 70000000 71111110 0.639260
hs6 71111111 72222221 0.431691
hs6 72222222 73333332 0.464577
hs6 73333333 74444443 0.717075
hs6 74444444 75555554 0.119280
hs6 75555555 76666665 0.551649
hs6 76666666 77777776 0.153526
hs6 77777777 78888887 0.001057
hs6 78888888 79999999 0.186596
hs6 80000000 81111110 0.391272
hs6 81111111 82222221 0.001436
hs6 82222222 83333332 0.079818
hs6 83333333 84444443 0.594732
hs6 84444444 85555554 0.294066
hs6 85555555 86666665 0.154829
hs6 86666666 87777776 0.066631
hs6 87777777 88888887 0.457739
hs6 88888888 89999999 0.419320
hs6 90000000 91111110 0.838327
hs6 91111111 92222221 0.064400
hs6 92222222 93333332 0.000000
hs6 93333333 94444443 0.161608
hs6 94444444 95555554 0.062460
hs6 95555555 96666665 0.115214
hs6 96666666 97777776 0.482659
hs6 97777777 98888887 0.054076
hs6 98888888 99999999 0.196449
hs6 100000000 101111110 0.271912
hs6 101111111 102222221 0.534128
hs6 102222222 103333332 0.362186
hs6 103333333 104444443 0.000000
hs6 104444444 105555554 0.158191
hs6 105555555 106666665 0.264019
hs6 106666666 107777776 0.573268
hs6 107777777 108888887 0.688996
hs6 108888888 109999999 0.633091
hs6 110000000 111111110 0.583030
hs6 111111111 112222221 0.645350
hs6 112222222 113333332 0.249828
hs6 113333333 114444443 0.052581
hs6 114444444 115555554 0.006564
hs6 115555555 116666665 0.239069
hs6 116666666 117777776 0.512888
hs6 117777777 118888887 0.585958
hs6 118888888 119999999 0.591952
hs6 120000000 121111110 0.000000
hs6 121111111 122222221 0.242234
hs6 122222222 123333332 0.307762
hs6 123333333 124444443 0.689059
hs6 124444444 125555554 0.844159
hs6 125555555 126666665 0.293314
hs6 126666666 127777776 0.146722
hs6 127777777 128888887 0.791067
hs6 128888888 129999999 0.624145
hs6 130000000 131111110 0.279482
hs6 131111111 132222221 0.540589
hs6 132222222 133333332 0.279810
hs6 133333333 134444443 0.403132
hs6 134444444 135555554 0.258713
hs6 135555555 136666665 1.300487
hs6 136666666 137777776 0.581565
hs6 137777777 138888887 0.302035
hs6 138888888 139999999 0.320107
hs6 140000000 141111110 0.000000
hs6 141111111 142222221 0.000000
hs6 142222222 143333332 0.482752
hs6 143333333 144444443 0.743624
hs6 144444444 145555554 0.543115
hs6 145555555 146666665 0.434418
hs6 146666666 147777776 0.492156
hs6 147777777 148888887 0.220318
hs6 148888888 149999999 0.535906
hs6 150000000 151111110 0.470200
hs6 151111111 152222221 0.755009
hs6 152222222 153333332 0.715725
hs6 153333333 154444443 0.198076
hs6 154444444 155555554 0.608383
hs6 155555555 156666665 0.175414
hs6 156666666 157777776 0.439274
hs6 157777777 158888887 0.699022
hs6 158888888 159999999 0.375048
hs6 160000000 161111110 0.593181
hs6 161111111 162222221 0.724621
hs6 162222222 163333332 1.000605
hs6 163333333 164444443 0.451463
hs6 164444444 165555554 0.000000
hs6 165555555 166666665 0.411966
hs6 166666666 167777776 0.578756
hs6 167777777 168888887 0.405553
hs6 168888888 169999999 0.334381
hs6 170000000 171111110 0.143180
hs14 0 1111110 0.000000
hs14 1111111 2222221 0.000000
hs14 2222222 3333332 0.000000
hs14 3333333 4444443 0.000000
hs14 4444444 5555554 0.000000
hs14 5555555 6666665 0.000000
hs14 6666666 7777776 0.000000
hs14 7777777 8888887 0.000000
hs14 8888888 9999999 0.000000
hs14 10000000 11111110 0.000000
hs14 11111111 12222221 0.000000
hs14 12222222 13333332 0.000000
hs14 13333333 14444443 0.000000
hs14 14444444 15555554 0.000000
hs14 15555555 16666665 0.000000
hs14 16666666 17777776 0.000000
hs14 17777777 18888887 0.029305
hs14 18888888 19999999 0.156035
hs14 20000000 21111110 0.363361
hs14 21111111 22222221 0.036301
hs14 22222222 23333332 0.376721
hs14 23333333 24444443 0.394044
hs14 24444444 25555554 0.130043
hs14 25555555 26666665 0.136686
hs14 26666666 27777776 0.000000
hs14 27777777 28888887 0.022209
hs14 28888888 29999999 0.316093
hs14 30000000 31111110 0.555952
hs14 31111111 32222221 0.654106
hs14 32222222 33333332 0.904430
hs14 33333333 34444443 0.257322
hs14 34444444 35555554 0.559692
hs14 35555555 36666665 0.485144
hs14 36666666 37777776 0.366151
hs14 37777777 38888887 0.207932
hs14 38888888 39999999 0.032481
hs14 40000000 41111110 0.000000
hs14 41111111 42222221 0.267293
hs14 42222222 43333332 0.000000
hs14 43333333 44444443 0.010203
hs14 44444444 45555554 0.285614
hs14 45555555 46666665 0.260009
hs14 46666666 47777776 0.492366
hs14 47777777 48888887 0.000000
hs14 48888888 49999999 0.525507
hs14 50000000 51111110 0.549632
hs14 51111111 52222221 0.557033
hs14 52222222 53333332 0.272236
hs14 53333333 54444443 0.336932
hs14 54444444 55555554 0.420302
hs14 55555555 56666665 0.342066
hs14 56666666 57777776 0.315303
hs14 57777777 58888887 0.415477
hs14 58888888 59999999 0.488619
hs14 60000000 61111110 0.561824
hs14 61111111 62222221 0.183492
hs14 62222222 63333332 0.669928
hs14 63333333 64444443 0.693975
hs14 64444444 65555554 0.501418
hs14 65555555 66666665 0.571458
hs14 66666666 67777776 0.872656
hs14 67777777 68888887 0.624874
hs14 68888888 69999999 0.583114
hs14 70000000 71111110 0.359015
hs14 71111111 72222221 0.732624
hs14 72222222 73333332 0.814455
hs14 73333333 74444443 0.658809
hs14 74444444 75555554 0.751784
hs14 75555555 76666665 0.416351
hs14 76666666 77777776 0.573273
hs14 77777777 78888887 0.854139
hs14 78888888 79999999 0.473656
hs14 80000000 81111110 0.777739
hs14 81111111 82222221 0.000000
hs14 82222222 83333332 0.000000
hs14 83333333 84444443 0.000000
hs14 84444444 85555554 0.088006
hs14 85555555 86666665 0.000000
hs14 86666666 87777776 0.118629
hs14 87777777 88888887 0.635001
hs14 88888888 89999999 0.647500
hs14 90000000 91111110 0.720190
hs14 91111111 92222221 0.748246
hs14 92222222 93333332 0.775264
hs14 93333333 94444443 0.355576
hs14 94444444 95555554 0.303540
hs14 95555555 96666665 0.394060
hs14 96666666 97777776 0.047264
hs14 97777777 98888887 0.097513
hs14 98888888 99999999 0.642545
hs14 100000000 101111110 0.168193
hs14 101111111 102222221 0.672295
hs14 102222222 103333332 0.606901
hs14 103333333 104444443 0.358114
hs14 104444444 105555554 0.348638
hs14 105555555 106666665 0.012397
hs17 0 1111110 0.699576
hs17 1111111 2222221 0.828220
hs17 2222222 3333332 0.484700
hs17 3333333 4444443 0.795821
hs17 4444444 5555554 0.608839
hs17 5555555 6666665 0.302274
hs17 6666666 7777776 0.600780
hs17 7777777 8888887 0.532216
hs17 8888888 9999999 0.910829
hs17 10000000 11111110 0.310067
hs17 11111111 12222221 0.730132
hs17 12222222 13333332 0.297029
hs17 13333333 14444443 0.265135
hs17 14444444 15555554 0.238696
hs17 15555555 16666665 0.605651
hs17 16666666 17777776 0.576284
hs17 17777777 18888887 0.702343
hs17 18888888 19999999 0.476935
hs17 20000000 21111110 0.388940
hs17 21111111 22222221 0.096820
hs17 22222222 23333332 0.223627
hs17 23333333 24444443 0.672729
hs17 24444444 25555554 0.811696
hs17 25555555 26666665 0.665680
hs17 26666666 27777776 0.479991
hs17 27777777 28888887 0.872468
hs17 28888888 29999999 0.627030
hs17 30000000 31111110 0.488724
hs17 31111111 32222221 0.374394
hs17 32222222 33333332 0.698094
hs17 33333333 34444443 0.419713
hs17 34444444 35555554 0.705428
hs17 35555555 36666665 0.369030
hs17 36666666 37777776 0.524771
hs17 37777777 38888887 0.639419
hs17 38888888 39999999 0.521113
hs17 40000000 41111110 0.538007
hs17 41111111 42222221 0.729793
hs17 42222222 43333332 0.488585
hs17 43333333 44444443 0.585771
hs17 44444444 45555554 0.430546
hs17 45555555 46666665 0.583617
hs17 46666666 47777776 0.533577
hs17 47777777 48888887 0.000000
hs17 48888888 49999999 0.002102
hs17 50000000 51111110 0.326597
hs17 51111111 52222221 0.332960
hs17 52222222 53333332 0.581785
hs17 53333333 54444443 0.674785
hs17 54444444 55555554 0.691686
hs17 55555555 56666665 0.844034
hs17 56666666 57777776 0.517590
hs17 57777777 58888887 0.732944
hs17 58888888 59999999 0.688077
hs17 60000000 61111110 0.420221
hs17 61111111 62222221 0.915915
hs17 62222222 63333332 0.654978
hs17 63333333 64444443 0.463265
hs17 64444444 65555554 0.427872
hs17 65555555 66666665 0.063748
hs17 66666666 67777776 0.004861
hs17 67777777 68888887 0.539187
hs17 68888888 69999999 0.463750
hs17 70000000 71111110 0.684162
hs17 71111111 72222221 0.748230
hs17 72222222 73333332 0.402943
hs17 73333333 74444443 0.592479
hs17 74444444 75555554 0.464408
hs17 75555555 76666665 0.852992
hs17 76666666 77777776 0.658750
hs17 77777777 78888887 0.599557
hs21 0 1111110 0.000000
hs21 1111111 2222221 0.000000
hs21 2222222 3333332 0.000000
hs21 3333333 4444443 0.000000
hs21 4444444 5555554 0.000000
hs21 5555555 6666665 0.000000
hs21 6666666 7777776 0.000000
hs21 7777777 8888887 0.000000
hs21 8888888 9999999 0.064248
hs21 10000000 11111110 0.329647
hs21 11111111 12222221 0.000000
hs21 12222222 13333332 0.000878
hs21 13333333 14444443 0.174474
hs21 14444444 15555554 0.245923
hs21 15555555 16666665 0.406653
hs21 16666666 17777776 0.213800
hs21 17777777 18888887 0.279607
hs21 18888888 19999999 0.000000
hs21 20000000 21111110 0.054463
hs21 21111111 22222221 0.486525
hs21 22222222 23333332 0.000000
hs21 23333333 24444443 0.000000
hs21 24444444 25555554 0.000000
hs21 25555555 26666665 0.446216
hs21 26666666 27777776 0.148849
hs21 27777777 28888887 0.035768
hs21 28888888 29999999 0.535928
hs21 30000000 31111110 0.239007
hs21 31111111 32222221 0.510871
hs21 32222222 33333332 0.524128
hs21 33333333 34444443 0.607349
hs21 34444444 35555554 0.466644
hs21 35555555 36666665 0.200606
hs21 36666666 37777776 0.687809
hs21 37777777 38888887 0.619674
hs21 38888888 39999999 0.369090
hs21 40000000 41111110 0.831210
hs21 41111111 42222221 0.451461
hs21 42222222 43333332 0.582459
hs21 43333333 44444443 0.504525
hs21 44444444 45555554 0.677663
hs21 45555555 46666665 0.522114
hs21 46666666 47777776 0.153319
