hsX 0 1562499 0.199376
hsX 1562500 3124999 0.496146
hsX 3125000 4687499 0.094317
hsX 4687500 6249999 0.216720
hsX 6250000 7812499 0.152236
hsX 7812500 9374999 0.162600
hsX 9375000 10937499 0.676840
hsX 10937500 12499999 0.638975
hsX 12500000 14062499 0.399551
hsX 14062500 15624999 0.421582
hsX 15625000 17187499 0.392191
hsX 17187500 18749999 0.642713
hsX 18750000 20312499 0.683370
hsX 20312500 21874999 0.249681
hsX 21875000 23437499 0.210565
hsX 23437500 24999999 0.526181
hsX 25000000 26562499 0.005324
hsX 26562500 28124999 0.015123
hsX 28125000 29687499 0.750015
hsX 29687500 31249999 0.374644
hsX 31250000 32812499 1.000000
hsX 32812500 34374999 0.292946
hsX 34375000 35937499 0.069224
hsX 35937500 37499999 0.327073
hsX 37500000 39062499 0.317732
hsX 39062500 40624999 0.166653
hsX 40625000 42187499 0.395778
hsX 42187500 43749999 0.148669
hsX 43750000 45312499 0.325103
hsX 45312500 46874999 0.297046
hsX 46875000 48437499 0.371544
hsX 48437500 49999999 0.872156
hsX 50000000 51562499 0.264136
hsX 51562500 53124999 0.263262
hsX 53125000 54687499 0.528794
hsX 54687500 56249999 0.156436
hsX 56250000 57812499 0.242684
hsX 57812500 59374999 0.003330
hsX 59375000 60937499 0.000000
hsX 60937500 62499999 0.002632
hsX 62500000 64062499 0.284198
hsX 64062500 65624999 0.222579
hsX 65625000 67187499 0.133907
hsX 67187500 68749999 0.345180
hsX 68750000 70312499 0.756860
hsX 70312500 71874999 0.643832
hsX 71875000 73437499 0.424363
hsX 73437500 74999999 0.404163
hsX 75000000 76562499 0.005794
hsX 76562500 78124999 0.394903
hsX 78125000 79687499 0.086562
hsX 79687500 81249999 0.208148
hsX 81250000 82812499 0.000965
hsX 82812500 84374999 0.285764
hsX 84375000 85937499 0.617921
hsX 85937500 87499999 0.121023
hsX 87500000 89062499 0.004838
hsX 89062500 90624999 0.003156
hsX 90625000 92187499 0.540137
hsX 92187500 93749999 0.026202
hsX 93750000 95312499 0.000000
hsX 95312500 96874999 0.587709
hsX 96875000 98437499 0.000000
hsX 98437500 99999999 0.473831
hsX 100000000 101562499 0.552671
hsX 101562500 103124999 0.196680
hsX 103125000 104687499 0.697517
hsX 104687500 106249999 0.504194
hsX 106250000 107812499 0.604314
hsX 107812500 109374999 0.292194
hsX 109375000 110937499 0.570013
hsX 110937500 112499999 0.503622
hsX 112500000 114062499 0.209117
hsX 114062500 115624999 0.178472
hsX 115625000 117187499 0.140498
hsX 117187500 118749999 0.436124
hsX 118750000 120312499 0.485731
hsX 120312500 121874999 0.000000
hsX 121875000 123437499 0.487697
hsX 123437500 124999999 0.312223
hsX 125000000 126562499 0.005183
hsX 126562500 128124999 0.000922
hsX 128125000 129687499 0.406097
hsX 129687500 131249999 0.302574
hsX 131250000 132812499 0.569411
hsX 132812500 134374999 0.322532
hsX 134375000 135937499 0.411565
hsX 135937500 137499999 0.004764
hsX 137500000 139062499 0.546304
hsX 139062500 140624999 0.015327
hsX 140625000 142187499 0.048881
hsX 142187500 143749999 0.020945
hsX 143750000 145312499 0.012509
hsX 145312500 146874999 0.037814
hsX 146875000 148437499 0.375553
hsX 148437500 149999999 0.420916
hsX 150000000 151562499 0.311237
hsX 151562500 153124999 0.400403
hsX 153125000 154687499 0.578641
hsX 154687500 156249999 0.048467
hs12 0 1562499 0.809430
hs12 1562500 3124999 0.799648
hs12 3125000 4687499 0.450254
hs12 4687500 6249999 0.490072
hs12 6250000 7812499 0.557892
hs12 7812500 9374999 0.402016
hs12 9375000 10937499 0.332444
hs12 10937500 12499999 0.725932
hs12 12500000 14062499 0.525939
hs12 14062500 15624999 0.496053
hs12 15625000 17187499 0.319670
hs12 17187500 18749999 0.268039
hs12 18750000 20312499 0.232011
hs12 20312500 21874999 0.652256
hs12 21875000 23437499 0.274007
hs12 23437500 24999999 0.760001
hs12 25000000 26562499 0.462821
hs12 26562500 28124999 0.573366
hs12 28125000 29687499 0.420194
hs12 29687500 31249999 0.226498
hs12 31250000 32812499 0.551366
hs12 32812500 34374999 0.112980
hs12 34375000 35937499 0.000000
hs12 35937500 37499999 0.115651
hs12 37500000 39062499 0.573142
hs12 39062500 40624999 0.488884
hs12 40625000 42187499 0.361824
hs12 42187500 43749999 0.714436
hs12 43750000 45312499 0.396992
hs12 45312500 46874999 0.282285
hs12 46875000 48437499 0.439663
hs12 48437500 49999999 0.731859
hs12 50000000 51562499 0.453103
hs12 51562500 53124999 0.520015
hs12 53125000 54687499 0.260617
hs12 54687500 56249999 0.571070
hs12 56250000 57812499 0.166347
hs12 57812500 59374999 0.059062
hs12 59375000 60937499 0.310088
hs12 60937500 62499999 0.457244
hs12 62500000 64062499 0.598330
hs12 64062500 65624999 0.492002
hs12 65625000 67187499 0.084323
hs12 67187500 68749999 0.387199
hs12 68750000 70312499 0.499709
hs12 70312500 71874999 0.444760
hs12 71875000 73437499 0.002351
hs12 73437500 74999999 0.239323
hs12 75000000 76562499 0.234390
hs12 76562500 78124999 0.463885
hs12 78125000 79687499 0.586238
hs12 79687500 81249999 0.523681
hs12 81250000 82812499 0.367599
hs12 82812500 84374999 0.195594
hs12 84375000 85937499 0.576209
hs12 85937500 87499999 0.194770
hs12 87500000 89062499 0.119745
hs12 89062500 90624999 0.062884
hs12 90625000 92187499 0.141542
hs12 92187500 93749999 0.443475
hs12 93750000 95312499 0.561089
hs12 95312500 96874999 0.152713
hs12 96875000 98437499 0.609620
hs12 98437500 99999999 0.764674
hs12 100000000 101562499 0.482379
hs12 101562500 103124999 0.501078
hs12 103125000 104687499 0.514979
hs12 104687500 106249999 0.629746
hs12 106250000 107812499 0.514105
hs12 107812500 109374999 0.680853
hs12 109375000 110937499 0.711185
hs12 110937500 112499999 0.609089
hs12 112500000 114062499 0.139559
hs12 114062500 115624999 0.216984
hs12 115625000 117187499 0.805430
hs12 117187500 118749999 0.496842
hs12 118750000 120312499 0.596284
hs12 120312500 121874999 0.769206
hs12 121875000 123437499 0.654087
hs12 123437500 124999999 0.462828
hs12 125000000 126562499 0.019395
hs12 126562500 128124999 0.388525
hs12 128125000 129687499 0.638274
hs12 129687500 131249999 0.407063
hs12 131250000 132812499 0.429123
hs11 0 1562499 0.591762
hs11 1562500 3124999 0.717891
hs11 3125000 4687499 0.400314
hs11 4687500 6249999 0.169404
hs11 6250000 7812499 0.472073
hs11 7812500 9374999 0.623420
hs11 9375000 10937499 0.644120
hs11 10937500 12499999 0.567505
hs11 12500000 14062499 0.419005
hs11 14062500 15624999 0.537242
hs11 15625000 17187499 0.539497
hs11 17187500 18749999 0.610526
hs11 18750000 20312499 0.577427
hs11 20312500 21874999 0.706356
hs11 21875000 23437499 0.184996
hs11 23437500 24999999 0.335916
hs11 25000000 26562499 0.208798
hs11 26562500 28124999 0.481594
hs11 28125000 29687499 0.119444
hs11 29687500 31249999 0.151457
hs11 31250000 32812499 0.529826
hs11 32812500 34374999 0.556659
hs11 34375000 35937499 0.476632
hs11 35937500 37499999 0.359692
hs11 37500000 39062499 0.000000
hs11 39062500 40624999 0.115144
hs11 40625000 42187499 0.000000
hs11 42187500 43749999 0.166464
hs11 43750000 45312499 0.498986
hs11 45312500 46874999 0.541494
hs11 46875000 48437499 0.624930
hs11 48437500 49999999 0.202849
hs11 50000000 51562499 0.020559
hs11 51562500 53124999 0.000000
hs11 53125000 54687499 0.000000
hs11 54687500 56249999 0.267166
hs11 56250000 57812499 0.339462
hs11 57812500 59374999 0.270022
hs11 59375000 60937499 0.424986
hs11 60937500 62499999 0.547779
hs11 62500000 64062499 0.585345
hs11 64062500 65624999 0.570282
hs11 65625000 67187499 0.658655
hs11 67187500 68749999 0.479838
hs11 68750000 70312499 0.404664
hs11 70312500 71874999 0.523028
hs11 71875000 73437499 0.727551
hs11 73437500 74999999 0.609339
hs11 75000000 76562499 0.598735
hs11 76562500 78124999 0.741202
hs11 78125000 79687499 0.450780
hs11 79687500 81249999 0.000000
hs11 81250000 82812499 0.198285
hs11 82812500 84374999 0.980029
hs11 84375000 85937499 0.764611
hs11 85937500 87499999 0.287512
hs11 87500000 89062499 0.681626
hs11 89062500 90624999 0.100283
hs11 90625000 92187499 0.296058
hs11 92187500 93749999 0.398164
hs11 93750000 95312499 0.367167
hs11 95312500 96874999 0.259605
hs11 96875000 98437499 0.025869
hs11 98437500 99999999 0.828918
hs11 100000000 101562499 0.487443
hs11 101562500 103124999 0.450900
hs11 103125000 104687499 0.224624
hs11 104687500 106249999 0.397439
hs11 106250000 107812499 0.585395
hs11 107812500 109374999 0.274175
hs11 109375000 110937499 0.305554
hs11 110937500 112499999 0.438758
hs11 112500000 114062499 0.503265
hs11 114062500 115624999 0.224807
hs11 115625000 117187499 0.589841
hs11 117187500 118749999 0.580936
hs11 118750000 120312499 0.424733
hs11 120312500 121874999 0.333238
hs11 121875000 123437499 0.355540
hs11 123437500 124999999 0.464195
hs11 125000000 126562499 0.636071
hs11 126562500 128124999 0.119169
hs11 128125000 129687499 0.531041
hs11 129687500 131249999 0.383201
hs11 131250000 132812499 0.949980
hs11 132812500 134374999 0.302445
hs22 0 1562499 0.000000
hs22 1562500 3124999 0.000000
hs22 3125000 4687499 0.000000
hs22 4687500 6249999 0.000000
hs22 6250000 7812499 0.000000
hs22 7812500 9374999 0.000000
hs22 9375000 10937499 0.000000
hs22 10937500 12499999 0.000000
hs22 12500000 14062499 0.000000
hs22 14062500 15624999 0.052201
hs22 15625000 17187499 0.513633
hs22 17187500 18749999 0.551042
hs22 18750000 20312499 0.435832
hs22 20312500 21874999 0.334759
hs22 21875000 23437499 0.643585
hs22 23437500 24999999 0.926509
hs22 25000000 26562499 0.304556
hs22 26562500 28124999 0.883752
hs22 28125000 29687499 0.647974
hs22 29687500 31249999 0.591750
hs22 31250000 32812499 0.796136
hs22 32812500 34374999 0.112470
hs22 34375000 35937499 0.571148
hs22 35937500 37499999 0.645260
hs22 37500000 39062499 0.614860
hs22 39062500 40624999 0.722486
hs22 40625000 42187499 0.558484
hs22 42187500 43749999 0.743140
hs22 43750000 45312499 0.627404
hs22 45312500 46874999 0.338294
hs22 46875000 48437499 0.196929
hs22 48437500 49999999 0.475085
hs10 0 1562499 0.720131
hs10 1562500 3124999 0.165854
hs10 3125000 4687499 0.059834
hs10 4687500 6249999 0.405096
hs10 6250000 7812499 0.387097
hs10 7812500 9374999 0.186124
hs10 9375000 10937499 0.006705
hs10 10937500 12499999 0.601361
hs10 12500000 14062499 0.715067
hs10 14062500 15624999 0.669172
hs10 15625000 17187499 0.545617
hs10 17187500 18749999 0.769344
hs10 18750000 20312499 0.264150
hs10 20312500 21874999 0.472706
hs10 21875000 23437499 0.533504
hs10 23437500 24999999 0.637514
hs10 25000000 26562499 0.602615
hs10 26562500 28124999 0.473923
hs10 28125000 29687499 0.341850
hs10 29687500 31249999 0.326478
hs10 31250000 32812499 0.390256
hs10 32812500 34374999 0.397828
hs10 34375000 35937499 0.768254
hs10 35937500 37499999 0.031211
hs10 37500000 39062499 0.191857
hs10 39062500 40624999 0.000000
hs10 40625000 42187499 0.023156
hs10 42187500 43749999 0.284852
hs10 43750000 45312499 0.168904
hs10 45312500 46874999 0.416402
hs10 46875000 48437499 0.236936
hs10 48437500 49999999 0.492857
hs10 50000000 51562499 0.649441
hs10 51562500 53124999 0.754832
hs10 53125000 54687499 0.393019
hs10 54687500 56249999 0.639052
hs10 56250000 57812499 0.002456
hs10 57812500 59374999 0.000000
hs10 59375000 60937499 0.412879
hs10 60937500 62499999 0.441583
hs10 62500000 64062499 0.435181
hs10 64062500 65624999 0.304560
hs10 65625000 67187499 0.000865
hs10 67187500 68749999 1.008222
hs10 68750000 70312499 0.766179
hs10 70312500 71874999 0.579873
hs10 71875000 73437499 0.608983
hs10 73437500 74999999 0.784391
hs10 75000000 76562499 0.765360
hs10 76562500 78124999 0.549567
hs10 78125000 79687499 0.630068
hs10 79687500 81249999 0.292545
hs10 81250000 82812499 0.250950
hs10 82812500 84374999 0.479969
hs10 84375000 85937499 0.248027
hs10 85937500 87499999 0.252581
hs10 87500000 89062499 0.799290
hs10 89062500 90624999 0.526068
hs10 90625000 92187499 0.293951
hs10 92187500 93749999 0.503982
hs10 93750000 95312499 0.621325
hs10 95312500 96874999 0.609071
hs10 96875000 98437499 0.731323
hs10 98437500 99999999 0.675365
hs10 100000000 101562499 0.705035
hs10 101562500 103124999 0.517949
hs10 103125000 104687499 0.763450
hs10 104687500 106249999 0.765230
hs10 106250000 107812499 0.399447
hs10 107812500 109374999 0.378159
hs10 109375000 110937499 0.000000
hs10 110937500 112499999 0.279386
hs10 112500000 114062499 0.189920
hs10 114062500 115624999 0.604794
hs10 115625000 117187499 0.651511
hs10 117187500 118749999 0.698250
hs10 118750000 120312499 0.297299
hs10 120312500 121874999 0.490669
hs10 121875000 123437499 0.199287
hs10 123437500 124999999 0.611151
hs10 125000000 126562499 0.375066
hs10 126562500 128124999 0.590460
hs10 128125000 129687499 0.516491
hs10 129687500 131249999 0.134884
hs10 131250000 132812499 0.262006
hs10 132812500 134374999 0.428787
hs10 134375000 135937499 0.277040
hs7 0 1562499 0.433343
hs7 1562500 3124999 0.656946
hs7 3125000 4687499 0.619234
hs7 4687500 6249999 0.687424
hs7 6250000 7812499 0.477053
hs7 7812500 9374999 0.376749
hs7 9375000 10937499 0.000991
hs7 10937500 12499999 0.488897
hs7 12500000 14062499 0.119872
hs7 14062500 15624999 0.682074
hs7 15625000 17187499 0.370113
hs7 17187500 18749999 0.285724
hs7 18750000 20312499 0.259933
hs7 20312500 21874999 0.411711
hs7 21875000 23437499 0.469853
hs7 23437500 24999999 0.401036
hs7 25000000 26562499 0.188698
hs7 26562500 28124999 0.503468
hs7 28125000 29687499 0.706385
hs7 29687500 31249999 0.432639
hs7 31250000 32812499 0.347820
hs7 32812500 34374999 0.582868
hs7 34375000 35937499 0.661779
hs7 35937500 37499999 0.694081
hs7 37500000 39062499 0.431697
hs7 39062500 40624999 0.765245
hs7 40625000 42187499 0.359602
hs7 42187500 43749999 0.425331
hs7 43750000 45312499 0.578424
hs7 45312500 46874999 0.133222
hs7 46875000 48437499 0.512938
hs7 48437500 49999999 0.265180
hs7 50000000 51562499 0.582236
hs7 51562500 53124999 0.000813
hs7 53125000 54687499 0.018003
hs7 54687500 56249999 0.393442
hs7 56250000 57812499 0.053667
hs7 57812500 59374999 0.000000
hs7 59375000 60937499 0.000000
hs7 60937500 62499999 0.013362
hs7 62500000 64062499 0.181942
hs7 64062500 65624999 0.392420
hs7 65625000 67187499 0.295402
hs7 67187500 68749999 0.030822
hs7 68750000 70312499 0.782463
hs7 70312500 71874999 0.864156
hs7 71875000 73437499 0.555825
hs7 73437500 74999999 0.554316
hs7 75000000 76562499 0.505860
hs7 76562500 78124999 0.823693
hs7 78125000 79687499 0.563465
hs7 79687500 81249999 0.240111
hs7 81250000 82812499 0.577596
hs7 82812500 84374999 0.333964
hs7 84375000 85937499 0.080881
hs7 85937500 87499999 0.770996
hs7 87500000 89062499 0.509401
hs7 89062500 90624999 0.390470
hs7 90625000 92187499 0.440797
hs7 92187500 93749999 0.316593
hs7 93750000 95312499 0.504036
hs7 95312500 96874999 0.381793
hs7 96875000 98437499 0.293962
hs7 98437500 99999999 0.633527
hs7 100000000 101562499 0.590928
hs7 101562500 103124999 0.866399
hs7 103125000 104687499 0.788952
hs7 104687500 106249999 0.418105
hs7 106250000 107812499 0.761717
hs7 107812500 109374999 0.089069
hs7 109375000 110937499 0.564859
hs7 110937500 112499999 0.562053
hs7 112500000 114062499 0.384202
hs7 114062500 115624999 0.159482
hs7 115625000 117187499 0.621309
hs7 117187500 118749999 0.096881
hs7 118750000 120312499 0.350382
hs7 120312500 121874999 0.504952
hs7 121875000 123437499 0.522625
hs7 123437500 124999999 0.083022
hs7 125000000 126562499 0.445895
hs7 126562500 128124999 0.478075
hs7 128125000 129687499 0.629736
hs7 129687500 131249999 0.545468
hs7 131250000 132812499 0.669890
hs7 132812500 134374999 0.698896
hs7 134375000 135937499 0.380282
hs7 135937500 137499999 0.570342
hs7 137500000 139062499 0.610892
hs7 139062500 140624999 0.556262
hs7 140625000 142187499 0.296828
hs7 142187500 143749999 0.234173
hs7 143750000 145312499 0.245833
hs7 145312500 146874999 0.915661
hs7 146875000 148437499 0.724471
hs7 148437500 149999999 0.357848
hs7 150000000 151562499 0.682693
hs7 151562500 153124999 0.213981
hs7 153125000 154687499 0.767371
hs7 154687500 156249999 0.205524
hs7 156250000 157812499 0.740380
hs7 157812500 159374999 0.420658
hs4 0 1562499 0.616284
hs4 1562500 3124999 0.730247
hs4 3125000 4687499 0.357482
hs4 4687500 6249999 0.631061
hs4 6250000 7812499 0.681310
hs4 7812500 9374999 0.408673
hs4 9375000 10937499 0.301501
hs4 10937500 12499999 0.019613
hs4 12500000 14062499 0.118982
hs4 14062500 15624999 0.330760
hs4 15625000 17187499 0.385488
hs4 17187500 18749999 0.264124
hs4 18750000 20312499 0.234900
hs4 20312500 21874999 0.804201
hs4 21875000 23437499 0.185651
hs4 23437500 24999999 0.310803
hs4 25000000 26562499 0.362779
hs4 26562500 28124999 0.047105
hs4 28125000 29687499 0.000000
hs4 29687500 31249999 0.272888
hs4 31250000 32812499 0.000000
hs4 32812500 34374999 0.000000
hs4 34375000 35937499 0.114150
hs4 35937500 37499999 0.322364
hs4 37500000 39062499 0.533522
hs4 39062500 40624999 0.634451
hs4 40625000 42187499 0.620289
hs4 42187500 43749999 0.239329
hs4 43750000 45312499 0.224590
hs4 45312500 46874999 0.399868
hs4 46875000 48437499 0.843517
hs4 48437500 49999999 0.107260
hs4 50000000 51562499 0.000000
hs4 51562500 53124999 0.103132
hs4 53125000 54687499 0.537504
hs4 54687500 56249999 0.285490
hs4 56250000 57812499 0.448806
hs4 57812500 59374999 0.000000
hs4 59375000 60937499 0.000000
hs4 60937500 62499999 0.290923
hs4 62500000 64062499 0.077289
hs4 64062500 65624999 0.083837
hs4 65625000 67187499 0.224239
hs4 67187500 68749999 0.304029
hs4 68750000 70312499 0.224344
hs4 70312500 71874999 0.331568
hs4 71875000 73437499 0.499939
hs4 73437500 74999999 0.339069
hs4 75000000 76562499 0.237072
hs4 76562500 78124999 0.679923
hs4 78125000 79687499 0.561622
hs4 79687500 81249999 0.278026
hs4 81250000 82812499 0.549960
hs4 82812500 84374999 0.357927
hs4 84375000 85937499 0.262408
hs4 85937500 87499999 0.692166
hs4 87500000 89062499 0.542867
hs4 89062500 90624999 0.526339
hs4 90625000 92187499 0.700385
hs4 92187500 93749999 0.550605
hs4 93750000 95312499 0.744793
hs4 95312500 96874999 0.720191
hs4 96875000 98437499 0.000888
hs4 98437500 99999999 0.611295
hs4 100000000 101562499 0.323666
hs4 101562500 103124999 0.392980
hs4 103125000 104687499 0.527379
hs4 104687500 106249999 0.095665
hs4 106250000 107812499 0.553112
hs4 107812500 109374999 0.325923
hs4 109375000 110937499 0.604547
hs4 110937500 112499999 0.261812
hs4 112500000 114062499 0.296102
hs4 114062500 115624999 0.545456
hs4 115625000 117187499 0.233470
hs4 117187500 118749999 0.001326
hs4 118750000 120312499 0.436627
hs4 120312500 121874999 0.187656
hs4 121875000 123437499 0.427866
hs4 123437500 124999999 0.548136
hs4 125000000 126562499 0.144087
hs4 126562500 128124999 0.045464
hs4 128125000 129687499 0.307638
hs4 129687500 131249999 0.188308
hs4 131250000 132812499 0.000000
hs4 132812500 134374999 0.027049
hs4 134375000 135937499 0.003466
hs4 135937500 137499999 0.000000
hs4 137500000 139062499 0.008678
hs4 139062500 140624999 0.210131
hs4 140625000 142187499 0.669713
hs4 142187500 143749999 0.498303
hs4 143750000 145312499 0.426535
hs4 145312500 146874999 0.284124
hs4 146875000 148437499 0.449617
hs4 148437500 149999999 0.532580
hs4 150000000 151562499 0.215030
hs4 151562500 153124999 0.682868
hs4 153125000 154687499 0.502575
hs4 154687500 156249999 0.335436
hs4 156250000 157812499 0.156673
hs4 157812500 159374999 0.337613
hs4 159375000 160937499 0.370593
hs4 160937500 162499999 0.000000
hs4 162500000 164062499 0.499289
hs4 164062500 165624999 0.605012
hs4 165625000 167187499 0.318925
hs4 167187500 168749999 0.357217
hs4 168750000 170312499 0.535074
hs4 170312500 171874999 0.341830
hs4 171875000 173437499 0.298465
hs4 173437500 174999999 0.609691
hs4 175000000 176562499 0.241350
hs4 176562500 178124999 0.518017
hs4 178125000 179687499 0.209168
hs4 179687500 181249999 0.000000
hs4 181250000 182812499 0.000000
hs4 182812500 184374999 0.405893
hs4 184375000 185937499 0.415913
hs4 185937500 187499999 0.558164
hs4 187500000 189062499 0.100980
hs4 189062500 190624999 0.020040
hs4 190625000 192187499 0.056900
hs16 0 1562499 0.687167
hs16 1562500 3124999 0.710093
hs16 3125000 4687499 0.645388
hs16 4687500 6249999 0.375988
hs16 6250000 7812499 0.930139
hs16 7812500 9374999 0.196313
hs16 9375000 10937499 0.471336
hs16 10937500 12499999 0.641379
hs16 12500000 14062499 0.378066
hs16 14062500 15624999 0.537679
hs16 15625000 17187499 0.455469
hs16 17187500 18749999 0.279263
hs16 18750000 20312499 0.568757
hs16 20312500 21874999 0.621206
hs16 21875000 23437499 0.561660
hs16 23437500 24999999 0.611661
hs16 25000000 26562499 0.349232
hs16 26562500 28124999 0.555077
hs16 28125000 29687499 0.362237
hs16 29687500 31249999 0.558516
hs16 31250000 32812499 0.146524
hs16 32812500 34374999 0.009937
hs16 34375000 35937499 0.020149
hs16 35937500 37499999 0.000000
hs16 37500000 39062499 0.000000
hs16 39062500 40624999 0.000000
hs16 40625000 42187499 0.000000
hs16 42187500 43749999 0.000000
hs16 43750000 45312499 0.126541
hs16 45312500 46874999 0.576868
hs16 46875000 48437499 0.340483
hs16 48437500 49999999 0.272845
hs16 50000000 51562499 0.070271
hs16 51562500 53124999 0.549946
hs16 53125000 54687499 0.155639
hs16 54687500 56249999 0.698451
hs16 56250000 57812499 0.388287
hs16 57812500 59374999 0.000672
hs16 59375000 60937499 0.244994
hs16 60937500 62499999 0.000000
hs16 62500000 64062499 0.231575
hs16 64062500 65624999 0.357250
hs16 65625000 67187499 0.801448
hs16 67187500 68749999 0.760305
hs16 68750000 70312499 0.715498
hs16 70312500 71874999 0.411604
hs16 71875000 73437499 0.226758
hs16 73437500 74999999 0.448657
hs16 75000000 76562499 0.338064
hs16 76562500 78124999 0.724208
hs16 78125000 79687499 0.326298
hs16 79687500 81249999 0.520867
hs16 81250000 82812499 0.881710
hs16 82812500 84374999 0.419188
hs16 84375000 85937499 0.072474
hs16 85937500 87499999 0.581398
hs16 87500000 89062499 0.550954
hs20 0 1562499 0.400212
hs20 1562500 3124999 0.479254
hs20 3125000 4687499 0.457786
hs20 4687500 6249999 0.424304
hs20 6250000 7812499 0.008344
hs20 7812500 9374999 0.783889
hs20 9375000 10937499 0.458108
hs20 10937500 12499999 0.022892
hs20 12500000 14062499 0.556637
hs20 14062500 15624999 1.008723
hs20 15625000 17187499 0.451367
hs20 17187500 18749999 0.611798
hs20 18750000 20312499 0.649263
hs20 20312500 21874999 0.347134
hs20 21875000 23437499 0.081550
hs20 23437500 24999999 0.219250
hs20 25000000 26562499 0.314856
hs20 26562500 28124999 0.000000
hs20 28125000 29687499 0.095448
hs20 29687500 31249999 0.559690
hs20 31250000 32812499 0.612467
hs20 32812500 34374999 0.751463
hs20 34375000 35937499 0.662900
hs20 35937500 37499999 0.477384
hs20 37500000 39062499 0.002151
hs20 39062500 40624999 0.633214
hs20 40625000 42187499 0.615579
hs20 42187500 43749999 0.563393
hs20 43750000 45312499 0.590562
hs20 45312500 46874999 0.386815
hs20 46875000 48437499 0.526362
hs20 48437500 49999999 0.433431
hs20 50000000 51562499 0.398762
hs20 51562500 53124999 0.225557
hs20 53125000 54687499 0.128028
hs20 54687500 56249999 0.185291
hs20 56250000 57812499 0.469595
hs20 57812500 59374999 0.197503
hs20 59375000 60937499 0.681046
hs20 60937500 62499999 0.616260
hs13 0 1562499 0.000000
hs13 1562500 3124999 0.000000
hs13 3125000 4687499 0.000000
hs13 4687500 6249999 0.000000
hs13 6250000 7812499 0.000000
hs13 7812500 9374999 0.000000
hs13 9375000 10937499 0.000000
hs13 10937500 12499999 0.000000
hs13 12500000 14062499 0.000000
hs13 14062500 15624999 0.000000
hs13 15625000 17187499 0.000000
hs13 17187500 18749999 0.087780
hs13 18750000 20312499 0.582639
hs13 20312500 21874999 0.264484
hs13 21875000 23437499 0.334581
hs13 23437500 24999999 0.473560
hs13 25000000 26562499 0.523644
hs13 26562500 28124999 0.459695
hs13 28125000 29687499 0.451460
hs13 29687500 31249999 0.295273
hs13 31250000 32812499 0.677007
hs13 32812500 34374999 0.095034
hs13 34375000 35937499 1.126076
hs13 35937500 37499999 0.314033
hs13 37500000 39062499 0.336480
hs13 39062500 40624999 0.447171
hs13 40625000 42187499 0.513587
hs13 42187500 43749999 0.537448
hs13 43750000 45312499 0.464298
hs13 45312500 46874999 0.348952
hs13 46875000 48437499 0.239958
hs13 48437500 49999999 0.580013
hs13 50000000 51562499 0.522062
hs13 51562500 53124999 0.259752
hs13 53125000 54687499 0.000050
hs13 54687500 56249999 0.000000
hs13 56250000 57812499 0.110626
hs13 57812500 59374999 0.151857
hs13 59375000 60937499 0.284404
hs13 60937500 62499999 0.000000
hs13 62500000 64062499 0.003286
hs13 64062500 65624999 0.000000
hs13 65625000 67187499 0.593602
hs13 67187500 68749999 0.146269
hs13 68750000 70312499 0.281884
hs13 70312500 71874999 0.274710
hs13 71875000 73437499 0.419551
hs13 73437500 74999999 0.237626
hs13 75000000 76562499 0.250044
hs13 76562500 78124999 0.342575
hs13 78125000 79687499 0.364902
hs13 79687500 81249999 0.003185
hs13 81250000 82812499 0.000000
hs13 82812500 84374999 0.269019
hs13 84375000 85937499 0.004200
hs13 85937500 87499999 0.004481
hs13 87500000 89062499 0.000000
hs13 89062500 90624999 0.022875
hs13 90625000 92187499 0.861312
hs13 92187500 93749999 0.769862
hs13 93750000 95312499 0.559167
hs13 95312500 96874999 0.717052
hs13 96875000 98437499 0.513313
hs13 98437500 99999999 0.711592
hs13 100000000 101562499 0.696848
hs13 101562500 103124999 0.348313
hs13 103125000 104687499 0.000000
hs13 104687500 106249999 0.060970
hs13 106250000 107812499 0.488154
hs13 107812500 109374999 0.412537
hs13 109375000 110937499 0.484408
hs13 110937500 112499999 0.198662
hs13 112500000 114062499 0.607859
hs13 114062500 115624999 0.023709
hs18 0 1562499 0.383139
hs18 1562500 3124999 0.295581
hs18 3125000 4687499 0.346168
hs18 4687500 6249999 0.338647
hs18 6250000 7812499 0.427625
hs18 7812500 9374999 0.618448
hs18 9375000 10937499 0.440868
hs18 10937500 12499999 0.416280
hs18 12500000 14062499 0.667293
hs18 14062500 15624999 0.147892
hs18 15625000 17187499 0.174983
hs18 17187500 18749999 0.306779
hs18 18750000 20312499 0.799455
hs18 20312500 21874999 0.202581
hs18 21875000 23437499 0.531108
hs18 23437500 24999999 0.144971
hs18 25000000 26562499 0.000033
hs18 26562500 28124999 0.393074
hs18 28125000 29687499 0.612724
hs18 29687500 31249999 0.661731
hs18 31250000 32812499 0.629082
hs18 32812500 34374999 0.364660
hs18 34375000 35937499 0.348847
hs18 35937500 37499999 0.025809
hs18 37500000 39062499 0.319178
hs18 39062500 40624999 0.077200
hs18 40625000 42187499 0.483842
hs18 42187500 43749999 0.477917
hs18 43750000 45312499 0.509209
hs18 45312500 46874999 0.549732
hs18 46875000 48437499 0.217659
hs18 48437500 49999999 0.604288
hs18 50000000 51562499 0.371949
hs18 51562500 53124999 0.267289
hs18 53125000 54687499 0.564515
hs18 54687500 56249999 0.318419
hs18 56250000 57812499 0.091260
hs18 57812500 59374999 0.602552
hs18 59375000 60937499 0.156483
hs18 60937500 62499999 0.147575
hs18 62500000 64062499 0.006496
hs18 64062500 65624999 0.503747
hs18 65625000 67187499 0.242921
hs18 67187500 68749999 0.081814
hs18 68750000 70312499 0.120656
hs18 70312500 71874999 0.401582
hs18 71875000 73437499 0.313166
hs18 73437500 74999999 0.056023
hs18 75000000 76562499 0.462874
hs3 0 1562499 0.334784
hs3 1562500 3124999 0.637440
hs3 3125000 4687499 0.256058
hs3 4687500 6249999 0.176739
hs3 6250000 7812499 0.563468
hs3 7812500 9374999 0.492044
hs3 9375000 10937499 0.650876
hs3 10937500 12499999 0.663567
hs3 12500000 14062499 0.568371
hs3 14062500 15624999 0.606434
hs3 15625000 17187499 0.492589
hs3 17187500 18749999 0.424149
hs3 18750000 20312499 0.417432
hs3 20312500 21874999 0.212024
hs3 21875000 23437499 0.139336
hs3 23437500 24999999 0.448089
hs3 25000000 26562499 0.199387
hs3 26562500 28124999 0.212299
hs3 28125000 29687499 0.402723
hs3 29687500 31249999 0.381117
hs3 31250000 32812499 0.541513
hs3 32812500 34374999 0.475334
hs3 34375000 35937499 0.097425
hs3 35937500 37499999 0.443296
hs3 37500000 39062499 0.739763
hs3 39062500 40624999 0.478821
hs3 40625000 42187499 0.535246
hs3 42187500 43749999 0.542722
hs3 43750000 45312499 0.393295
hs3 45312500 46874999 0.426274
hs3 46875000 48437499 0.772577
hs3 48437500 49999999 0.800259
hs3 50000000 51562499 0.843785
hs3 51562500 53124999 0.688733
hs3 53125000 54687499 0.758320
hs3 54687500 56249999 0.743867
hs3 56250000 57812499 0.810204
hs3 57812500 59374999 0.531092
hs3 59375000 60937499 0.785552
hs3 60937500 62499999 0.747487
hs3 62500000 64062499 0.594410
hs3 64062500 65624999 0.387688
hs3 65625000 67187499 0.593149
hs3 67187500 68749999 0.534703
hs3 68750000 70312499 0.498820
hs3 70312500 71874999 0.443133
hs3 71875000 73437499 0.227323
hs3 73437500 74999999 0.320669
hs3 75000000 76562499 0.041453
hs3 76562500 78124999 0.388717
hs3 78125000 79687499 0.613391
hs3 79687500 81249999 0.135840
hs3 81250000 82812499 0.174145
hs3 82812500 84374999 0.000000
hs3 84375000 85937499 0.541874
hs3 85937500 87499999 0.234974
hs3 87500000 89062499 0.020492
hs3 89062500 90624999 0.239752
hs3 90625000 92187499 0.000000
hs3 92187500 93749999 0.000000
hs3 93750000 95312499 0.155960
hs3 95312500 96874999 0.044086
hs3 96875000 98437499 0.269687
hs3 98437500 99999999 0.505737
hs3 100000000 101562499 0.637932
hs3 101562500 103124999 0.650977
hs3 103125000 104687499 0.065214
hs3 104687500 106249999 0.000000
hs3 106250000 107812499 0.269320
hs3 107812500 109374999 0.415637
hs3 109375000 110937499 0.502467
hs3 110937500 112499999 0.039807
hs3 112500000 114062499 0.627748
hs3 114062500 115624999 0.654348
hs3 115625000 117187499 0.643586
hs3 117187500 118749999 0.298770
hs3 118750000 120312499 0.134612
hs3 120312500 121874999 0.640505
hs3 121875000 123437499 0.788267
hs3 123437500 124999999 0.795677
hs3 125000000 126562499 0.838946
hs3 126562500 128124999 0.528681
hs3 128125000 129687499 0.452227
hs3 129687500 131249999 0.511762
hs3 131250000 132812499 0.640912
hs3 132812500 134374999 0.675882
hs3 134375000 135937499 0.563251
hs3 135937500 137499999 0.475168
hs3 137500000 139062499 0.399846
hs3 139062500 140624999 0.449951
hs3 140625000 142187499 0.549096
hs3 142187500 143749999 0.653546
hs3 143750000 145312499 0.621295
hs3 145312500 146874999 0.000000
hs3 146875000 148437499 0.168694
hs3 148437500 149999999 0.046742
hs3 150000000 151562499 0.440367
hs3 151562500 153124999 0.589334
hs3 153125000 154687499 0.139464
hs3 154687500 156249999 0.187537
hs3 156250000 157812499 0.575391
hs3 157812500 159374999 0.418251
hs3 159375000 160937499 0.756936
hs3 160937500 162499999 0.509769
hs3 162500000 164062499 0.022035
hs3 164062500 165624999 0.000000
hs3 165625000 167187499 0.111440
hs3 167187500 168749999 0.155473
hs3 168750000 170312499 0.601800
hs3 170312500 171874999 0.718387
hs3 171875000 173437499 0.561446
hs3 173437500 174999999 0.631790
hs3 175000000 176562499 0.631364
hs3 176562500 178124999 0.283919
hs3 178125000 179687499 0.112965
hs3 179687500 181249999 0.654742
hs3 181250000 182812499 0.093873
hs3 182812500 184374999 0.270484
hs3 184375000 185937499 0.574492
hs3 185937500 187499999 0.654456
hs3 187500000 189062499 0.312216
hs3 189062500 190624999 0.569967
hs3 190625000 192187499 0.414145
hs3 192187500 193749999 0.370225
hs3 193750000 195312499 0.443955
hs3 195312500 196874999 0.391025
hs3 196875000 198437499 0.604679
hs3 198437500 199999999 0.355270
hs9 0 1562499 0.464298
hs9 1562500 3124999 0.223940
hs9 3125000 4687499 0.618333
hs9 4687500 6249999 0.492557
hs9 6250000 7812499 0.428020
hs9 7812500 9374999 0.685283
hs9 9375000 10937499 0.785743
hs9 10937500 12499999 0.000000
hs9 12500000 14062499 0.134141
hs9 14062500 15624999 0.527638
hs9 15625000 17187499 0.550815
hs9 17187500 18749999 0.518710
hs9 18750000 20312499 0.461763
hs9 20312500 21874999 0.530610
hs9 21875000 23437499 0.106052
hs9 23437500 24999999 0.087014
hs9 25000000 26562499 0.001581
hs9 26562500 28124999 0.522186
hs9 28125000 29687499 0.374055
hs9 29687500 31249999 0.000000
hs9 31250000 32812499 0.115789
hs9 32812500 34374999 0.694075
hs9 34375000 35937499 0.566449
hs9 35937500 37499999 0.552989
hs9 37500000 39062499 0.329566
hs9 39062500 40624999 0.173860
hs9 40625000 42187499 0.093869
hs9 42187500 43749999 0.151709
hs9 43750000 45312499 0.039798
hs9 45312500 46874999 0.039714
hs9 46875000 48437499 0.000000
hs9 48437500 49999999 0.000000
hs9 50000000 51562499 0.000000
hs9 51562500 53124999 0.000000
hs9 53125000 54687499 0.000000
hs9 54687500 56249999 0.000000
hs9 56250000 57812499 0.000000
hs9 57812500 59374999 0.000000
hs9 59375000 60937499 0.000000
hs9 60937500 62499999 0.000000
hs9 62500000 64062499 0.000000
hs9 64062500 65624999 0.017104
hs9 65625000 67187499 0.031154
hs9 67187500 68749999 0.170387
hs9 68750000 70312499 0.226742
hs9 70312500 71874999 0.646444
hs9 71875000 73437499 0.556381
hs9 73437500 74999999 0.452874
hs9 75000000 76562499 0.144088
hs9 76562500 78124999 0.365179
hs9 78125000 79687499 0.655528
hs9 79687500 81249999 0.135974
hs9 81250000 82812499 0.099059
hs9 82812500 84374999 0.083930
hs9 84375000 85937499 0.421604
hs9 85937500 87499999 0.380218
hs9 87500000 89062499 0.258260
hs9 89062500 90624999 0.252553
hs9 90625000 92187499 0.276202
hs9 92187500 93749999 0.331554
hs9 93750000 95312499 0.739809
hs9 95312500 96874999 0.512453
hs9 96875000 98437499 0.509139
hs9 98437500 99999999 0.523897
hs9 100000000 101562499 0.495740
hs9 101562500 103124999 0.587322
hs9 103125000 104687499 0.176950
hs9 104687500 106249999 0.045018
hs9 106250000 107812499 0.379376
hs9 107812500 109374999 0.129449
hs9 109375000 110937499 0.161288
hs9 110937500 112499999 0.913384
hs9 112500000 114062499 0.560200
hs9 114062500 115624999 0.594936
hs9 115625000 117187499 0.616547
hs9 117187500 118749999 0.537144
hs9 118750000 120312499 0.307572
hs9 120312500 121874999 0.129813
hs9 121875000 123437499 0.558813
hs9 123437500 124999999 0.844497
hs9 125000000 126562499 0.715665
hs9 126562500 128124999 0.643631
hs9 128125000 129687499 0.752373
hs9 129687500 131249999 0.603271
hs9 131250000 132812499 0.535256
hs9 132812500 134374999 0.666494
hs9 134375000 135937499 0.703354
hs9 135937500 137499999 0.257404
hs9 137500000 139062499 0.537799
hs9 139062500 140624999 0.619982
hs15 0 1562499 0.000000
hs15 1562500 3124999 0.000000
hs15 3125000 4687499 0.000000
hs15 4687500 6249999 0.000000
hs15 6250000 7812499 0.000000
hs15 7812500 9374999 0.000000
hs15 9375000 10937499 0.000000
hs15 10937500 12499999 0.000000
hs15 12500000 14062499 0.000000
hs15 14062500 15624999 0.000000
hs15 15625000 17187499 0.000000
hs15 17187500 18749999 0.000000
hs15 18750000 20312499 0.181777
hs15 20312500 21874999 0.237518
hs15 21875000 23437499 0.238886
hs15 23437500 24999999 0.467006
hs15 25000000 26562499 0.661462
hs15 26562500 28124999 0.523495
hs15 28125000 29687499 0.366097
hs15 29687500 31249999 0.410442
hs15 31250000 32812499 0.745769
hs15 32812500 34374999 0.197745
hs15 34375000 35937499 0.308741
hs15 35937500 37499999 0.150796
hs15 37500000 39062499 0.590971
hs15 39062500 40624999 0.767557
hs15 40625000 42187499 0.843445
hs15 42187500 43749999 0.563374
hs15 43750000 45312499 0.303388
hs15 45312500 46874999 0.340960
hs15 46875000 48437499 0.785348
hs15 48437500 49999999 0.669887
hs15 50000000 51562499 0.404245
hs15 51562500 53124999 0.551443
hs15 53125000 54687499 0.571469
hs15 54687500 56249999 0.619729
hs15 56250000 57812499 0.611963
hs15 57812500 59374999 0.545995
hs15 59375000 60937499 0.268112
hs15 60937500 62499999 0.640861
hs15 62500000 64062499 0.680907
hs15 64062500 65624999 0.659119
hs15 65625000 67187499 0.600240
hs15 67187500 68749999 0.217846
hs15 68750000 70312499 0.849934
hs15 70312500 71874999 0.553890
hs15 71875000 73437499 0.450137
hs15 73437500 74999999 0.793343
hs15 75000000 76562499 0.420639
hs15 76562500 78124999 0.331891
hs15 78125000 79687499 0.473230
hs15 79687500 81249999 0.469349
hs15 81250000 82812499 0.601479
hs15 82812500 84374999 0.568878
hs15 84375000 85937499 0.569473
hs15 85937500 87499999 0.405234
hs15 87500000 89062499 0.572449
hs15 89062500 90624999 0.478852
hs15 90625000 92187499 0.205158
hs15 92187500 93749999 0.118881
hs15 93750000 95312499 0.058435
hs15 95312500 96874999 0.142105
hs15 96875000 98437499 0.585584
hs15 98437500 99999999 0.617938
hs15 100000000 101562499 0.066663
hs5 0 1562499 0.545844
hs5 1562500 3124999 0.066438
hs5 3125000 4687499 0.003425
hs5 4687500 6249999 0.181212
hs5 6250000 7812499 0.357978
hs5 7812500 9374999 0.268274
hs5 9375000 10937499 0.536824
hs5 10937500 12499999 0.596582
hs5 12500000 14062499 0.310068
hs5 14062500 15624999 0.431209
hs5 15625000 17187499 0.587073
hs5 17187500 18749999 0.091025
hs5 18750000 20312499 0.329727
hs5 20312500 21874999 0.139624
hs5 21875000 23437499 0.655622
hs5 23437500 24999999 0.114360
hs5 25000000 26562499 0.000000
hs5 26562500 28124999 0.101108
hs5 28125000 29687499 0.000000
hs5 29687500 31249999 0.013087
hs5 31250000 32812499 0.567769
hs5 32812500 34374999 0.316548
hs5 34375000 35937499 0.465940
hs5 35937500 37499999 0.560511
hs5 37500000 39062499 0.523880
hs5 39062500 40624999 0.189380
hs5 40625000 42187499 0.485794
hs5 42187500 43749999 0.486287
hs5 43750000 45312499 0.068910
hs5 45312500 46874999 0.268466
hs5 46875000 48437499 0.000000
hs5 48437500 49999999 0.030537
hs5 50000000 51562499 0.121421
hs5 51562500 53124999 0.272134
hs5 53125000 54687499 0.416287
hs5 54687500 56249999 0.444684
hs5 56250000 57812499 0.089137
hs5 57812500 59374999 0.862531
hs5 59375000 60937499 0.766846
hs5 60937500 62499999 0.246312
hs5 62500000 64062499 0.226956
hs5 64062500 65624999 0.717825
hs5 65625000 67187499 0.376168
hs5 67187500 68749999 0.218771
hs5 68750000 70312499 1.284035
hs5 70312500 71874999 0.476538
hs5 71875000 73437499 0.384247
hs5 73437500 74999999 0.397342
hs5 75000000 76562499 0.544002
hs5 76562500 78124999 0.604387
hs5 78125000 79687499 0.597505
hs5 79687500 81249999 0.701686
hs5 81250000 82812499 0.391492
hs5 82812500 84374999 0.401118
hs5 84375000 85937499 0.009665
hs5 85937500 87499999 0.092890
hs5 87500000 89062499 0.258284
hs5 89062500 90624999 0.442694
hs5 90625000 92187499 0.035186
hs5 92187500 93749999 0.586072
hs5 93750000 95312499 0.812426
hs5 95312500 96874999 0.271871
hs5 96875000 98437499 0.063060
hs5 98437500 99999999 0.038444
hs5 100000000 101562499 0.061663
hs5 101562500 103124999 0.317802
hs5 103125000 104687499 0.000400
hs5 104687500 106249999 0.000000
hs5 106250000 107812499 0.522924
hs5 107812500 109374999 0.557834
hs5 109375000 110937499 0.416293
hs5 110937500 112499999 0.548901
hs5 112500000 114062499 0.365238
hs5 114062500 115624999 0.374393
hs5 115625000 117187499 0.104435
hs5 117187500 118749999 0.286138
hs5 118750000 120312499 0.209463
hs5 120312500 121874999 0.165576
hs5 121875000 123437499 0.329236
hs5 123437500 124999999 0.069246
hs5 125000000 126562499 0.300218
hs5 126562500 128124999 0.425662
hs5 128125000 129687499 0.414392
hs5 129687500 131249999 0.344313
hs5 131250000 132812499 0.559069
hs5 132812500 134374999 0.505561
hs5 134375000 135937499 0.266077
hs5 135937500 137499999 0.544056
hs5 137500000 139062499 0.650842
hs5 139062500 140624999 2.104546
hs5 140625000 142187499 1.971328
hs5 142187500 143749999 0.511572
hs5 143750000 145312499 0.123441
hs5 145312500 146874999 0.676467
hs5 146875000 148437499 0.433631
hs5 148437500 149999999 0.649842
hs5 150000000 151562499 0.428898
hs5 151562500 153124999 0.184617
hs5 153125000 154687499 0.385013
hs5 154687500 156249999 0.283536
hs5 156250000 157812499 0.356281
hs5 157812500 159374999 0.425791
hs5 159375000 160937499 0.522159
hs5 160937500 162499999 0.100871
hs5 162500000 164062499 0.039385
hs5 164062500 165624999 0.000000
hs5 165625000 167187499 0.347571
hs5 167187500 168749999 0.838245
hs5 168750000 170312499 0.748975
hs5 170312500 171874999 0.580293
hs5 171875000 173437499 0.316844
hs5 173437500 174999999 0.058379
hs5 175000000 176562499 0.518559
hs5 176562500 178124999 0.585784
hs5 178125000 179687499 0.608288
hs5 179687500 181249999 0.219677
hsY 0 1562499 0.199376
hsY 1562500 3124999 0.385673
hsY 3125000 4687499 0.000613
hsY 4687500 6249999 0.478158
hsY 6250000 7812499 0.269064
hsY 7812500 9374999 0.116671
hsY 9375000 10937499 0.488357
hsY 10937500 12499999 0.000000
hsY 12500000 14062499 0.265062
hsY 14062500 15624999 0.234383
hsY 15625000 17187499 0.000000
hsY 17187500 18749999 0.032743
hsY 18750000 20312499 0.301374
hsY 20312500 21874999 0.086709
hsY 21875000 23437499 0.312883
hsY 23437500 24999999 0.288760
hsY 25000000 26562499 0.349999
hsY 26562500 28124999 0.000000
hsY 28125000 29687499 0.000000
hsY 29687500 31249999 0.000000
hsY 31250000 32812499 0.000000
hsY 32812500 34374999 0.000000
hsY 34375000 35937499 0.000000
hsY 35937500 37499999 0.000000
hsY 37500000 39062499 0.000000
hsY 39062500 40624999 0.000000
hsY 40625000 42187499 0.000000
hsY 42187500 43749999 0.000000
hsY 43750000 45312499 0.000000
hsY 45312500 46874999 0.000000
hsY 46875000 48437499 0.000000
hsY 48437500 49999999 0.000000
hsY 50000000 51562499 0.000000
hsY 51562500 53124999 0.000000
hsY 53125000 54687499 0.000000
hsY 54687500 56249999 0.000000
hsY 56250000 57812499 0.057854
hs1 0 1562499 0.333404
hs1 1562500 3124999 0.610707
hs1 3125000 4687499 0.454936
hs1 4687500 6249999 0.256652
hs1 6250000 7812499 0.917471
hs1 7812500 9374999 0.528035
hs1 9375000 10937499 0.691631
hs1 10937500 12499999 0.627848
hs1 12500000 14062499 0.290378
hs1 14062500 15624999 0.508678
hs1 15625000 17187499 0.570195
hs1 17187500 18749999 0.519353
hs1 18750000 20312499 0.529711
hs1 20312500 21874999 0.620172
hs1 21875000 23437499 0.524761
hs1 23437500 24999999 0.491212
hs1 25000000 26562499 0.543452
hs1 26562500 28124999 0.530282
hs1 28125000 29687499 0.672717
hs1 29687500 31249999 0.096583
hs1 31250000 32812499 0.512436
hs1 32812500 34374999 0.730122
hs1 34375000 35937499 0.373735
hs1 35937500 37499999 0.480140
hs1 37500000 39062499 0.253194
hs1 39062500 40624999 0.634056
hs1 40625000 42187499 0.605523
hs1 42187500 43749999 0.431951
hs1 43750000 45312499 0.773697
hs1 45312500 46874999 0.690620
hs1 46875000 48437499 0.294798
hs1 48437500 49999999 0.945553
hs1 50000000 51562499 0.682842
hs1 51562500 53124999 0.756296
hs1 53125000 54687499 0.694030
hs1 54687500 56249999 0.315633
hs1 56250000 57812499 0.596694
hs1 57812500 59374999 0.507338
hs1 59375000 60937499 0.418671
hs1 60937500 62499999 0.572441
hs1 62500000 64062499 0.459913
hs1 64062500 65624999 0.666256
hs1 65625000 67187499 0.781421
hs1 67187500 68749999 0.419037
hs1 68750000 70312499 0.201633
hs1 70312500 71874999 0.474119
hs1 71875000 73437499 0.413354
hs1 73437500 74999999 0.441380
hs1 75000000 76562499 0.559898
hs1 76562500 78124999 0.763191
hs1 78125000 79687499 0.343717
hs1 79687500 81249999 0.000000
hs1 81250000 82812499 0.122897
hs1 82812500 84374999 0.120605
hs1 84375000 85937499 0.637174
hs1 85937500 87499999 0.598405
hs1 87500000 89062499 0.102685
hs1 89062500 90624999 0.382082
hs1 90625000 92187499 0.317255
hs1 92187500 93749999 0.670911
hs1 93750000 95312499 0.448159
hs1 95312500 96874999 0.059737
hs1 96875000 98437499 0.599581
hs1 98437500 99999999 0.230772
hs1 100000000 101562499 0.449480
hs1 101562500 103124999 0.145785
hs1 103125000 104687499 0.253016
hs1 104687500 106249999 0.221882
hs1 106250000 107812499 0.211834
hs1 107812500 109374999 0.574426
hs1 109375000 110937499 0.450686
hs1 110937500 112499999 0.428548
hs1 112500000 114062499 0.464065
hs1 114062500 115624999 0.503455
hs1 115625000 117187499 0.333596
hs1 117187500 118749999 0.476713
hs1 118750000 120312499 0.273130
hs1 120312500 121874999 0.120706
hs1 121875000 123437499 0.000000
hs1 123437500 124999999 0.000000
hs1 125000000 126562499 0.000000
hs1 126562500 128124999 0.000000
hs1 128125000 129687499 0.000000
hs1 129687500 131249999 0.000000
hs1 131250000 132812499 0.000000
hs1 132812500 134374999 0.000000
hs1 134375000 135937499 0.000000
hs1 135937500 137499999 0.000000
hs1 137500000 139062499 0.000000
hs1 139062500 140624999 0.000000
hs1 140625000 142187499 0.000000
hs1 142187500 143749999 0.388959
hs1 143750000 145312499 0.518388
hs1 145312500 146874999 0.294946
hs1 146875000 148437499 0.219547
hs1 148437500 149999999 0.660055
hs1 150000000 151562499 0.170500
hs1 151562500 153124999 0.644245
hs1 153125000 154687499 0.691421
hs1 154687500 156249999 0.408170
hs1 156250000 157812499 0.238205
hs1 157812500 159374999 0.494360
hs1 159375000 160937499 0.604076
hs1 160937500 162499999 0.140104
hs1 162500000 164062499 0.461836
hs1 164062500 165624999 0.360488
hs1 165625000 167187499 0.455701
hs1 167187500 168749999 0.500646
hs1 168750000 170312499 0.506099
hs1 170312500 171874999 0.417193
hs1 171875000 173437499 0.766947
hs1 173437500 174999999 0.630042
hs1 175000000 176562499 0.492633
hs1 176562500 178124999 0.684729
hs1 178125000 179687499 0.551161
hs1 179687500 181249999 0.405415
hs1 181250000 182812499 0.698927
hs1 182812500 184374999 0.612266
hs1 184375000 185937499 0.234490
hs1 185937500 187499999 0.000000
hs1 187500000 189062499 0.243177
hs1 189062500 190624999 0.049694
hs1 190625000 192187499 0.165182
hs1 192187500 193749999 0.000000
hs1 193750000 195312499 0.394332
hs1 195312500 196874999 0.505974
hs1 196875000 198437499 0.171630
hs1 198437500 199999999 0.435546
hs1 200000000 201562499 0.683103
hs1 201562500 203124999 0.478637
hs1 203125000 204687499 0.523560
hs1 204687500 206249999 0.506692
hs1 206250000 207812499 0.144586
hs1 207812500 209374999 0.791559
hs1 209375000 210937499 0.414814
hs1 210937500 212499999 0.310753
hs1 212500000 214062499 0.636062
hs1 214062500 215624999 0.790639
hs1 215625000 217187499 0.376087
hs1 217187500 218749999 0.220120
hs1 218750000 220312499 0.167332
hs1 220312500 221874999 0.342929
hs1 221875000 223437499 0.507248
hs1 223437500 224999999 0.560979
hs1 225000000 226562499 0.527897
hs1 226562500 228124999 0.228931
hs1 228125000 229687499 0.469028
hs1 229687500 231249999 0.757234
hs1 231250000 232812499 0.567663
hs1 232812500 234374999 0.490838
hs1 234375000 235937499 0.741136
hs1 235937500 237499999 0.132106
hs1 237500000 239062499 0.539715
hs1 239062500 240624999 0.746010
hs1 240625000 242187499 0.579283
hs1 242187500 243749999 0.558065
hs1 243750000 245312499 0.814063
hs1 245312500 246874999 0.222625
hs1 246875000 248437499 0.032635
hs19 0 1562499 0.558908
hs19 1562500 3124999 0.661926
hs19 3125000 4687499 0.703574
hs19 4687500 6249999 0.631086
hs19 6250000 7812499 0.539283
hs19 7812500 9374999 0.490775
hs19 9375000 10937499 0.617768
hs19 10937500 12499999 0.558452
hs19 12500000 14062499 0.635260
hs19 14062500 15624999 0.480116
hs19 15625000 17187499 0.635050
hs19 17187500 18749999 0.665386
hs19 18750000 20312499 0.653916
hs19 20312500 21874999 0.297529
hs19 21875000 23437499 0.139194
hs19 23437500 24999999 0.104352
hs19 25000000 26562499 0.000000
hs19 26562500 28124999 0.000000
hs19 28125000 29687499 0.000000
hs19 29687500 31249999 0.000000
hs19 31250000 32812499 0.000000
hs19 32812500 34374999 0.004778
hs19 34375000 35937499 0.225645
hs19 35937500 37499999 0.047916
hs19 37500000 39062499 0.620520
hs19 39062500 40624999 0.369170
hs19 40625000 42187499 0.522865
hs19 42187500 43749999 0.702417
hs19 43750000 45312499 0.503318
hs19 45312500 46874999 0.526446
hs19 46875000 48437499 0.411692
hs19 48437500 49999999 0.491077
hs19 50000000 51562499 0.561614
hs19 51562500 53124999 0.520408
hs19 53125000 54687499 0.718787
hs19 54687500 56249999 0.631441
hs19 56250000 57812499 0.502756
hs19 57812500 59374999 0.525223
hs19 59375000 60937499 0.576997
hs19 60937500 62499999 0.452655
hs19 62500000 64062499 0.425818
hs2 0 1562499 0.402202
hs2 1562500 3124999 0.424111
hs2 3125000 4687499 0.270890
hs2 4687500 6249999 0.040006
hs2 6250000 7812499 0.105500
hs2 7812500 9374999 0.271017
hs2 9375000 10937499 0.565442
hs2 10937500 12499999 0.272458
hs2 12500000 14062499 0.016552
hs2 14062500 15624999 0.257140
hs2 15625000 17187499 0.105047
hs2 17187500 18749999 0.212889
hs2 18750000 20312499 0.100765
hs2 20312500 21874999 0.191540
hs2 21875000 23437499 0.000000
hs2 23437500 24999999 0.747896
hs2 25000000 26562499 0.733754
hs2 26562500 28124999 0.717695
hs2 28125000 29687499 0.764884
hs2 29687500 31249999 0.552352
hs2 31250000 32812499 0.615369
hs2 32812500 34374999 0.522413
hs2 34375000 35937499 0.000000
hs2 35937500 37499999 0.516196
hs2 37500000 39062499 0.367916
hs2 39062500 40624999 0.558956
hs2 40625000 42187499 0.006724
hs2 42187500 43749999 0.510136
hs2 43750000 45312499 0.566948
hs2 45312500 46874999 0.647148
hs2 46875000 48437499 0.386211
hs2 48437500 49999999 0.386208
hs2 50000000 51562499 0.712435
hs2 51562500 53124999 0.000000
hs2 53125000 54687499 0.534562
hs2 54687500 56249999 0.533468
hs2 56250000 57812499 0.129314
hs2 57812500 59374999 0.125099
hs2 59375000 60937499 0.092832
hs2 60937500 62499999 0.581225
hs2 62500000 64062499 0.650381
hs2 64062500 65624999 0.295646
hs2 65625000 67187499 0.087911
hs2 67187500 68749999 0.223005
hs2 68750000 70312499 0.566820
hs2 70312500 71874999 0.523617
hs2 71875000 73437499 0.589216
hs2 73437500 74999999 0.623780
hs2 75000000 76562499 0.195363
hs2 76562500 78124999 0.495851
hs2 78125000 79687499 0.069363
hs2 79687500 81249999 0.668470
hs2 81250000 82812499 0.000000
hs2 82812500 84374999 0.001592
hs2 84375000 85937499 0.570957
hs2 85937500 87499999 0.554001
hs2 87500000 89062499 0.424146
hs2 89062500 90624999 0.000000
hs2 90625000 92187499 0.020091
hs2 92187500 93749999 0.000000
hs2 93750000 95312499 0.130477
hs2 95312500 96874999 0.342967
hs2 96875000 98437499 0.594078
hs2 98437500 99999999 0.821128
hs2 100000000 101562499 0.468948
hs2 101562500 103124999 0.415763
hs2 103125000 104687499 0.050183
hs2 104687500 106249999 0.304925
hs2 106250000 107812499 0.102402
hs2 107812500 109374999 0.519872
hs2 109375000 110937499 0.677897
hs2 110937500 112499999 0.592195
hs2 112500000 114062499 0.451859
hs2 114062500 115624999 0.554923
hs2 115625000 117187499 0.444029
hs2 117187500 118749999 0.088193
hs2 118750000 120312499 0.293196
hs2 120312500 121874999 0.437725
hs2 121875000 123437499 0.173405
hs2 123437500 124999999 0.320427
hs2 125000000 126562499 0.249174
hs2 126562500 128124999 0.238952
hs2 128125000 129687499 0.269491
hs2 129687500 131249999 0.159276
hs2 131250000 132812499 0.324225
hs2 132812500 134374999 0.738189
hs2 134375000 135937499 0.644227
hs2 135937500 137499999 0.325802
hs2 137500000 139062499 0.496218
hs2 139062500 140624999 0.072280
hs2 140625000 142187499 0.948502
hs2 142187500 143749999 0.466922
hs2 143750000 145312499 0.649544
hs2 145312500 146874999 0.084557
hs2 146875000 148437499 0.076197
hs2 148437500 149999999 0.778796
hs2 150000000 151562499 0.048666
hs2 151562500 153124999 0.608139
hs2 153125000 154687499 0.288712
hs2 154687500 156249999 0.313062
hs2 156250000 157812499 0.101949
hs2 157812500 159374999 0.639601
hs2 159375000 160937499 0.720276
hs2 160937500 162499999 0.411898
hs2 162500000 164062499 0.481313
hs2 164062500 165624999 0.301740
hs2 165625000 167187499 0.616209
hs2 167187500 168749999 0.409407
hs2 168750000 170312499 0.712858
hs2 170312500 171874999 0.697446
hs2 171875000 173437499 0.510389
hs2 173437500 174999999 0.455322
hs2 175000000 176562499 0.362925
hs2 176562500 178124999 0.269357
hs2 178125000 179687499 0.906374
hs2 179687500 181249999 0.404397
hs2 181250000 182812499 0.356128
hs2 182812500 184374999 0.352864
hs2 184375000 185937499 0.218319
hs2 185937500 187499999 0.192079
hs2 187500000 189062499 0.251137
hs2 189062500 190624999 0.388989
hs2 190625000 192187499 0.520259
hs2 192187500 193749999 0.189044
hs2 193750000 195312499 0.000000
hs2 195312500 196874999 0.353802
hs2 196875000 198437499 0.683281
hs2 198437500 199999999 0.283446
hs2 200000000 201562499 0.431003
hs2 201562500 203124999 0.668574
hs2 203125000 204687499 0.571395
hs2 204687500 206249999 0.684815
hs2 206250000 207812499 0.481843
hs2 207812500 209374999 0.372712
hs2 209375000 210937499 0.492456
hs2 210937500 212499999 0.512366
hs2 212500000 214062499 0.620007
hs2 214062500 215624999 0.823558
hs2 215625000 217187499 0.396597
hs2 217187500 218749999 0.455523
hs2 218750000 220312499 0.640405
hs2 220312500 221874999 0.000000
hs2 221875000 223437499 0.333514
hs2 223437500 224999999 0.216301
hs2 225000000 226562499 0.413377
hs2 226562500 228124999 0.428894
hs2 228125000 229687499 0.264910
hs2 229687500 231249999 0.731780
hs2 231250000 232812499 0.530099
hs2 232812500 234374999 1.104151
hs2 234375000 235937499 0.164477
hs2 235937500 237499999 0.575439
hs2 237500000 239062499 0.508675
hs2 239062500 240624999 0.271283
hs2 240625000 242187499 0.554776
hs2 242187500 243749999 0.171082
hs8 0 1562499 0.223592
hs8 1562500 3124999 0.458986
hs8 3125000 4687499 1.000000
hs8 4687500 6249999 0.097432
hs8 6250000 7812499 0.430118
hs8 7812500 9374999 0.190321
hs8 9375000 10937499 0.590188
hs8 10937500 12499999 0.459320
hs8 12500000 14062499 0.426748
hs8 14062500 15624999 0.806808
hs8 15625000 17187499 0.226439
hs8 17187500 18749999 0.624954
hs8 18750000 20312499 0.423400
hs8 20312500 21874999 0.099316
hs8 21875000 23437499 0.709456
hs8 23437500 24999999 0.144884
hs8 25000000 26562499 0.451951
hs8 26562500 28124999 0.535764
hs8 28125000 29687499 0.494905
hs8 29687500 31249999 0.446169
hs8 31250000 32812499 0.720187
hs8 32812500 34374999 0.102942
hs8 34375000 35937499 0.357892
hs8 35937500 37499999 0.097154
hs8 37500000 39062499 0.523048
hs8 39062500 40624999 0.519949
hs8 40625000 42187499 0.511013
hs8 42187500 43749999 0.436270
hs8 43750000 45312499 0.000000
hs8 45312500 46874999 0.000000
hs8 46875000 48437499 0.074436
hs8 48437500 49999999 0.419866
hs8 50000000 51562499 0.370619
hs8 51562500 53124999 0.561247
hs8 53125000 54687499 0.287611
hs8 54687500 56249999 0.288143
hs8 56250000 57812499 0.426838
hs8 57812500 59374999 0.125629
hs8 59375000 60937499 0.300831
hs8 60937500 62499999 0.333860
hs8 62500000 64062499 0.663251
hs8 64062500 65624999 0.063073
hs8 65625000 67187499 0.326171
hs8 67187500 68749999 0.641533
hs8 68750000 70312499 0.468212
hs8 70312500 71874999 0.513334
hs8 71875000 73437499 0.278580
hs8 73437500 74999999 0.587162
hs8 75000000 76562499 0.162504
hs8 76562500 78124999 0.195873
hs8 78125000 79687499 0.055777
hs8 79687500 81249999 0.276684
hs8 81250000 82812499 0.318849
hs8 82812500 84374999 0.041286
hs8 84375000 85937499 0.434876
hs8 85937500 87499999 0.279587
hs8 87500000 89062499 0.526174
hs8 89062500 90624999 0.185766
hs8 90625000 92187499 0.284347
hs8 92187500 93749999 0.254911
hs8 93750000 95312499 0.182056
hs8 95312500 96874999 0.318148
hs8 96875000 98437499 0.475284
hs8 98437500 99999999 0.574887
hs8 100000000 101562499 0.758721
hs8 101562500 103124999 0.456660
hs8 103125000 104687499 0.432440
hs8 104687500 106249999 0.544903
hs8 106250000 107812499 0.605742
hs8 107812500 109374999 0.327850
hs8 109375000 110937499 0.316291
hs8 110937500 112499999 0.004946
hs8 112500000 114062499 0.485286
hs8 114062500 115624999 0.291788
hs8 115625000 117187499 0.166723
hs8 117187500 118749999 0.255920
hs8 118750000 120312499 0.535053
hs8 120312500 121874999 0.664549
hs8 121875000 123437499 0.033409
hs8 123437500 124999999 0.444858
hs8 125000000 126562499 0.581404
hs8 126562500 128124999 0.003700
hs8 128125000 129687499 0.225802
hs8 129687500 131249999 0.162205
hs8 131250000 132812499 0.316717
hs8 132812500 134374999 0.766448
hs8 134375000 135937499 0.229674
hs8 135937500 137499999 0.163661
hs8 137500000 139062499 0.000000
hs8 139062500 140624999 0.443239
hs8 140625000 142187499 0.812583
hs8 142187500 143749999 0.309009
hs8 143750000 145312499 0.404574
hs8 145312500 146874999 0.341323
hs6 0 1562499 0.281479
hs6 1562500 3124999 0.569688
hs6 3125000 4687499 0.251873
hs6 4687500 6249999 0.676387
hs6 6250000 7812499 0.533642
hs6 7812500 9374999 0.097232
hs6 9375000 10937499 0.166472
hs6 10937500 12499999 0.438080
hs6 12500000 14062499 0.590978
hs6 14062500 15624999 0.201919
hs6 15625000 17187499 0.437748
hs6 17187500 18749999 0.464620
hs6 18750000 20312499 0.068408
hs6 20312500 21874999 0.578004
hs6 21875000 23437499 0.284335
hs6 23437500 24999999 0.387402
hs6 25000000 26562499 0.455363
hs6 26562500 28124999 0.193514
hs6 28125000 29687499 0.180678
hs6 29687500 31249999 0.381933
hs6 31250000 32812499 0.490449
hs6 32812500 34374999 0.384429
hs6 34375000 35937499 0.711639
hs6 35937500 37499999 0.596026
hs6 37500000 39062499 0.786484
hs6 39062500 40624999 0.543614
hs6 40625000 42187499 0.408843
hs6 42187500 43749999 0.698074
hs6 43750000 45312499 0.464071
hs6 45312500 46874999 0.558655
hs6 46875000 48437499 0.456147
hs6 48437500 49999999 0.121197
hs6 50000000 51562499 0.073224
hs6 51562500 53124999 0.585943
hs6 53125000 54687499 0.387525
hs6 54687500 56249999 0.470144
hs6 56250000 57812499 0.463075
hs6 57812500 59374999 0.026603
hs6 59375000 60937499 0.000000
hs6 60937500 62499999 0.033393
hs6 62500000 64062499 0.366557
hs6 64062500 65624999 0.794915
hs6 65625000 67187499 0.544285
hs6 67187500 68749999 0.000000
hs6 68750000 70312499 0.482415
hs6 70312500 71874999 0.648881
hs6 71875000 73437499 0.374624
hs6 73437500 74999999 0.563247
hs6 75000000 76562499 0.325617
hs6 76562500 78124999 0.175840
hs6 78125000 79687499 0.020676
hs6 79687500 81249999 0.392025
hs6 81250000 82812499 0.004469
hs6 82812500 84374999 0.430767
hs6 84375000 85937499 0.253558
hs6 85937500 87499999 0.110100
hs6 87500000 89062499 0.389642
hs6 89062500 90624999 0.629320
hs6 90625000 92187499 0.294045
hs6 92187500 93749999 0.000000
hs6 93750000 95312499 0.159337
hs6 95312500 96874999 0.148198
hs6 96875000 98437499 0.315354
hs6 98437500 99999999 0.139754
hs6 100000000 101562499 0.401254
hs6 101562500 103124999 0.429485
hs6 103125000 104687499 0.000000
hs6 104687500 106249999 0.285121
hs6 106250000 107812499 0.444997
hs6 107812500 109374999 0.662279
hs6 109375000 110937499 0.623375
hs6 110937500 112499999 0.567329
hs6 112500000 114062499 0.116115
hs6 114062500 115624999 0.042058
hs6 115625000 117187499 0.427506
hs6 117187500 118749999 0.523738
hs6 118750000 120312499 0.421107
hs6 120312500 121874999 0.172255
hs6 121875000 123437499 0.262042
hs6 123437500 124999999 0.802364
hs6 125000000 126562499 0.453315
hs6 126562500 128124999 0.213485
hs6 128125000 129687499 0.735961
hs6 129687500 131249999 0.395798
hs6 131250000 132812499 0.441069
hs6 132812500 134374999 0.367296
hs6 134375000 135937499 0.548724
hs6 135937500 137499999 0.966369
hs6 137500000 139062499 0.277662
hs6 139062500 140624999 0.197889
hs6 140625000 142187499 0.000000
hs6 142187500 143749999 0.522119
hs6 143750000 145312499 0.736186
hs6 145312500 146874999 0.394525
hs6 146875000 148437499 0.303624
hs6 148437500 149999999 0.498508
hs6 150000000 151562499 0.546662
hs6 151562500 153124999 0.833557
hs6 153125000 154687499 0.355536
hs6 154687500 156249999 0.342684
hs6 156250000 157812499 0.334595
hs6 157812500 159374999 0.669321
hs6 159375000 160937499 0.416132
hs6 160937500 162499999 0.770989
hs6 162500000 164062499 0.854804
hs6 164062500 165624999 0.007589
hs6 165625000 167187499 0.587529
hs6 167187500 168749999 0.359005
hs6 168750000 170312499 0.276565
hs6 170312500 171874999 0.101817
hs14 0 1562499 0.000000
hs14 1562500 3124999 0.000000
hs14 3125000 4687499 0.000000
hs14 4687500 6249999 0.000000
hs14 6250000 7812499 0.000000
hs14 7812500 9374999 0.000000
hs14 9375000 10937499 0.000000
hs14 10937500 12499999 0.000000
hs14 12500000 14062499 0.000000
hs14 14062500 15624999 0.000000
hs14 15625000 17187499 0.000000
hs14 17187500 18749999 0.020839
hs14 18750000 20312499 0.145892
hs14 20312500 21874999 0.224658
hs14 21875000 23437499 0.292504
hs14 23437500 24999999 0.372684
hs14 25000000 26562499 0.097199
hs14 26562500 28124999 0.000000
hs14 28125000 29687499 0.240570
hs14 29687500 31249999 0.484233
hs14 31250000 32812499 0.686070
hs14 32812500 34374999 0.490970
hs14 34375000 35937499 0.437507
hs14 35937500 37499999 0.587967
hs14 37500000 39062499 0.174203
hs14 39062500 40624999 0.000000
hs14 40625000 42187499 0.190075
hs14 42187500 43749999 0.000000
hs14 43750000 45312499 0.210359
hs14 45312500 46874999 0.318229
hs14 46875000 48437499 0.216793
hs14 48437500 49999999 0.373694
hs14 50000000 51562499 0.584116
hs14 51562500 53124999 0.396436
hs14 53125000 54687499 0.333620
hs14 54687500 56249999 0.366562
hs14 56250000 57812499 0.329949
hs14 57812500 59374999 0.505542
hs14 59375000 60937499 0.416729
hs14 60937500 62499999 0.390486
hs14 62500000 64062499 0.699200
hs14 64062500 65624999 0.463217
hs14 65625000 67187499 0.663677
hs14 67187500 68749999 0.729984
hs14 68750000 70312499 0.563033
hs14 70312500 71874999 0.549489
hs14 71875000 73437499 0.765791
hs14 73437500 74999999 0.579536
hs14 75000000 76562499 0.675376
hs14 76562500 78124999 0.539819
hs14 78125000 79687499 0.816329
hs14 79687500 81249999 0.562440
hs14 81250000 82812499 0.000000
hs14 82812500 84374999 0.000000
hs14 84375000 85937499 0.062582
hs14 85937500 87499999 0.019770
hs14 87500000 89062499 0.627257
hs14 89062500 90624999 0.647352
hs14 90625000 92187499 0.723980
hs14 92187500 93749999 0.696195
hs14 93750000 95312499 0.346031
hs14 95312500 96874999 0.280220
hs14 96875000 98437499 0.037546
hs14 98437500 99999999 0.522328
hs14 100000000 101562499 0.266909
hs14 101562500 103124999 0.651258
hs14 103125000 104687499 0.426323
hs14 104687500 106249999 0.196160
hs17 0 1562499 0.703395
hs17 1562500 3124999 0.697544
hs17 3125000 4687499 0.672918
hs17 4687500 6249999 0.390563
hs17 6250000 7812499 0.617871
hs17 7812500 9374999 0.675295
hs17 9375000 10937499 0.544808
hs17 10937500 12499999 0.535619
hs17 12500000 14062499 0.369058
hs17 14062500 15624999 0.214380
hs17 15625000 17187499 0.597861
hs17 17187500 18749999 0.631052
hs17 18750000 20312499 0.600940
hs17 20312500 21874999 0.180724
hs17 21875000 23437499 0.186982
hs17 23437500 24999999 0.683606
hs17 25000000 26562499 0.742376
hs17 26562500 28124999 0.622410
hs17 28125000 29687499 0.816195
hs17 29687500 31249999 0.452085
hs17 31250000 32812499 0.471891
hs17 32812500 34374999 0.527339
hs17 34375000 35937499 0.659294
hs17 35937500 37499999 0.324458
hs17 37500000 39062499 0.647269
hs17 39062500 40624999 0.562049
hs17 40625000 42187499 0.654535
hs17 42187500 43749999 0.562489
hs17 43750000 45312499 0.479582
hs17 45312500 46874999 0.501354
hs17 46875000 48437499 0.339011
hs17 48437500 49999999 0.001495
hs17 50000000 51562499 0.257137
hs17 51562500 53124999 0.594520
hs17 53125000 54687499 0.655878
hs17 54687500 56249999 0.680447
hs17 56250000 57812499 0.641892
hs17 57812500 59374999 0.730093
hs17 59375000 60937499 0.519560
hs17 60937500 62499999 0.772123
hs17 62500000 64062499 0.652910
hs17 64062500 65624999 0.405122
hs17 65625000 67187499 0.018465
hs17 67187500 68749999 0.325902
hs17 68750000 70312499 0.517262
hs17 70312500 71874999 0.751725
hs17 71875000 73437499 0.430151
hs17 73437500 74999999 0.711984
hs17 75000000 76562499 0.606412
hs17 76562500 78124999 0.637994
hs17 78125000 79687499 0.293287
hs21 0 1562499 0.000000
hs21 1562500 3124999 0.000000
hs21 3125000 4687499 0.000000
hs21 4687500 6249999 0.000000
hs21 6250000 7812499 0.000000
hs21 7812500 9374999 0.000000
hs21 9375000 10937499 0.280104
hs21 10937500 12499999 0.000000
hs21 12500000 14062499 0.071356
hs21 14062500 15624999 0.228218
hs21 15625000 17187499 0.441212
hs21 17187500 18749999 0.198831
hs21 18750000 20312499 0.000000
hs21 20312500 21874999 0.384702
hs21 21875000 23437499 0.000000
hs21 23437500 24999999 0.000000
hs21 25000000 26562499 0.317309
hs21 26562500 28124999 0.124316
hs21 28125000 29687499 0.257777
hs21 29687500 31249999 0.301282
hs21 31250000 32812499 0.600292
hs21 32812500 34374999 0.510484
hs21 34375000 35937499 0.387923
hs21 35937500 37499999 0.521620
hs21 37500000 39062499 0.612520
hs21 39062500 40624999 0.480715
hs21 40625000 42187499 0.609928
hs21 42187500 43749999 0.483885
hs21 43750000 45312499 0.673186
hs21 45312500 46874999 0.581543
hs21 46875000 48437499 0.018776
