hsX 0 1428570 0.130178
hsX 1428571 2857141 0.558629
hsX 2857142 4285713 0.175081
hsX 4285714 5714284 0.000000
hsX 5714285 7142856 0.307579
hsX 7142857 8571427 0.198584
hsX 8571428 9999999 0.436561
hsX 10000000 11428570 0.646455
hsX 11428571 12857141 0.607466
hsX 12857142 14285713 0.260926
hsX 14285714 15714284 0.499517
hsX 15714285 17142856 0.390547
hsX 17142857 18571427 0.583971
hsX 18571428 19999999 0.740824
hsX 20000000 21428570 0.213888
hsX 21428571 22857141 0.370274
hsX 22857142 24285713 0.257676
hsX 24285714 25714284 0.362673
hsX 25714285 27142856 0.005823
hsX 27142857 28571427 0.055619
hsX 28571428 29999999 0.918758
hsX 30000000 31428570 0.397260
hsX 31428571 32857141 1.000000
hsX 32857142 34285713 0.289160
hsX 34285714 35714284 0.022644
hsX 35714285 37142856 0.263236
hsX 37142857 38571427 0.495088
hsX 38571428 39999999 0.088259
hsX 40000000 41428570 0.349835
hsX 41428571 42857141 0.177674
hsX 42857142 44285713 0.311576
hsX 44285714 45714284 0.206159
hsX 45714285 47142856 0.412406
hsX 47142857 48571427 0.357082
hsX 48571428 49999999 0.915547
hsX 50000000 51428570 0.286907
hsX 51428571 52857141 0.234485
hsX 52857142 54285713 0.488132
hsX 54285714 55714284 0.288019
hsX 55714285 57142856 0.145802
hsX 57142857 58571427 0.152046
hsX 58571428 59999999 0.000000
hsX 60000000 61428570 0.000000
hsX 61428571 62857141 0.156883
hsX 62857142 64285713 0.233011
hsX 64285714 65714284 0.167273
hsX 65714285 67142856 0.140448
hsX 67142857 68571427 0.364461
hsX 68571428 69999999 0.760761
hsX 70000000 71428570 0.521186
hsX 71428571 72857141 0.410691
hsX 72857142 74285713 0.626161
hsX 74285714 75714284 0.144776
hsX 75714285 77142856 0.315443
hsX 77142857 78571427 0.122444
hsX 78571428 79999999 0.186950
hsX 80000000 81428570 0.129489
hsX 81428571 82857141 0.001056
hsX 82857142 84285713 0.312554
hsX 84285714 85714284 0.519601
hsX 85714285 87142856 0.288620
hsX 87142857 88571427 0.005291
hsX 88571428 89999999 0.000661
hsX 90000000 91428570 0.358150
hsX 91428571 92857141 0.264074
hsX 92857142 94285713 0.000000
hsX 94285714 95714284 0.000573
hsX 95714285 97142856 0.642235
hsX 97142857 98571427 0.000000
hsX 98571428 99999999 0.518253
hsX 100000000 101428570 0.464139
hsX 101428571 102857141 0.324114
hsX 102857142 104285713 0.511785
hsX 104285714 105714284 0.557735
hsX 105714285 107142856 0.495364
hsX 107142857 108571427 0.503023
hsX 108571428 109999999 0.508483
hsX 110000000 111428570 0.732378
hsX 111428571 112857141 0.191798
hsX 112857142 114285713 0.262284
hsX 114285714 115714284 0.161640
hsX 115714285 117142856 0.153670
hsX 117142857 118571427 0.394981
hsX 118571428 119999999 0.611662
hsX 120000000 121428570 0.001635
hsX 121428571 122857141 0.332284
hsX 122857142 124285713 0.542629
hsX 124285714 125714284 0.004253
hsX 125714285 127142856 0.002425
hsX 127142857 128571427 0.090485
hsX 128571428 129999999 0.477857
hsX 130000000 131428570 0.275050
hsX 131428571 132857141 0.585761
hsX 132857142 134285713 0.308470
hsX 134285714 135714284 0.455036
hsX 135714285 137142856 0.013373
hsX 137142857 138571427 0.483810
hsX 138571428 139999999 0.124349
hsX 140000000 141428570 0.053733
hsX 141428571 142857141 0.028763
hsX 142857142 144285713 0.006036
hsX 144285714 145714284 0.008519
hsX 145714285 147142856 0.069101
hsX 147142857 148571427 0.420630
hsX 148571428 149999999 0.421891
hsX 150000000 151428570 0.336770
hsX 151428571 152857141 0.323466
hsX 152857142 154285713 0.650252
hsX 154285714 155714284 0.153768
hs12 0 1428570 0.837850
hs12 1428571 2857141 0.773968
hs12 2857142 4285713 0.482559
hs12 4285714 5714284 0.396500
hs12 5714285 7142856 0.708040
hs12 7142857 8571427 0.382497
hs12 8571428 9999999 0.366496
hs12 10000000 11428570 0.662654
hs12 11428571 12857141 0.552875
hs12 12857142 14285713 0.407716
hs12 14285714 15714284 0.589140
hs12 15714285 17142856 0.303057
hs12 17142857 18571427 0.192501
hs12 18571428 19999999 0.354429
hs12 20000000 21428570 0.549945
hs12 21428571 22857141 0.463155
hs12 22857142 24285713 0.496505
hs12 24285714 25714284 0.597151
hs12 25714285 27142856 0.543281
hs12 27142857 28571427 0.516664
hs12 28571428 29999999 0.369589
hs12 30000000 31428570 0.183299
hs12 31428571 32857141 0.584005
hs12 32857142 34285713 0.108035
hs12 34285714 35714284 0.000000
hs12 35714285 37142856 0.009081
hs12 37142857 38571427 0.493144
hs12 38571428 39999999 0.607599
hs12 40000000 41428570 0.466752
hs12 41428571 42857141 0.428448
hs12 42857142 44285713 0.647376
hs12 44285714 45714284 0.289922
hs12 45714285 47142856 0.275327
hs12 47142857 48571427 0.533700
hs12 48571428 49999999 0.738208
hs12 50000000 51428570 0.463029
hs12 51428571 52857141 0.496806
hs12 52857142 54285713 0.225805
hs12 54285714 55714284 0.545589
hs12 55714285 57142856 0.390888
hs12 57142857 58571427 0.098428
hs12 58571428 59999999 0.000000
hs12 60000000 61428570 0.607112
hs12 61428571 62857141 0.444309
hs12 62857142 64285713 0.501390
hs12 64285714 65714284 0.479009
hs12 65714285 67142856 0.092228
hs12 67142857 68571427 0.423499
hs12 68571428 69999999 0.429193
hs12 70000000 71428570 0.603819
hs12 71428571 72857141 0.000000
hs12 72857142 74285713 0.231852
hs12 74285714 75714284 0.203470
hs12 75714285 77142856 0.352579
hs12 77142857 78571427 0.454744
hs12 78571428 79999999 0.527969
hs12 80000000 81428570 0.560497
hs12 81428571 82857141 0.312993
hs12 82857142 84285713 0.213930
hs12 84285714 85714284 0.600459
hs12 85714285 87142856 0.181428
hs12 87142857 88571427 0.188460
hs12 88571428 89999999 0.040403
hs12 90000000 91428570 0.048463
hs12 91428571 92857141 0.347558
hs12 92857142 94285713 0.494308
hs12 94285714 95714284 0.481747
hs12 95714285 97142856 0.080766
hs12 97142857 98571427 0.762127
hs12 98571428 99999999 0.741007
hs12 100000000 101428570 0.527602
hs12 101428571 102857141 0.433831
hs12 102857142 104285713 0.674882
hs12 104285714 105714284 0.487376
hs12 105714285 107142856 0.539986
hs12 107142857 108571427 0.594405
hs12 108571428 109999999 0.615059
hs12 110000000 111428570 0.841886
hs12 111428571 112857141 0.446458
hs12 112857142 114285713 0.069891
hs12 114285714 115714284 0.290565
hs12 115714285 117142856 0.796450
hs12 117142857 118571427 0.465623
hs12 118571428 119999999 0.632425
hs12 120000000 121428570 0.781308
hs12 121428571 122857141 0.696302
hs12 122857142 124285713 0.481442
hs12 124285714 125714284 0.253914
hs12 125714285 127142856 0.000000
hs12 127142857 128571427 0.737449
hs12 128571428 129999999 0.423325
hs12 130000000 131428570 0.527556
hs12 131428571 132857141 0.349310
hs11 0 1428570 0.537514
hs11 1428571 2857141 0.748101
hs11 2857142 4285713 0.541702
hs11 4285714 5714284 0.184434
hs11 5714285 7142856 0.273842
hs11 7142857 8571427 0.556937
hs11 8571428 9999999 0.738250
hs11 10000000 11428570 0.504295
hs11 11428571 12857141 0.642706
hs11 12857142 14285713 0.458860
hs11 14285714 15714284 0.438226
hs11 15714285 17142856 0.586523
hs11 17142857 18571427 0.601361
hs11 18571428 19999999 0.628830
hs11 20000000 21428570 0.757599
hs11 21428571 22857141 0.290002
hs11 22857142 24285713 0.000000
hs11 24285714 25714284 0.409942
hs11 25714285 27142856 0.342482
hs11 27142857 28571427 0.500741
hs11 28571428 29999999 0.004707
hs11 30000000 31428570 0.286215
hs11 31428571 32857141 0.468358
hs11 32857142 34285713 0.559953
hs11 34285714 35714284 0.494108
hs11 35714285 37142856 0.455388
hs11 37142857 38571427 0.000000
hs11 38571428 39999999 0.000000
hs11 40000000 41428570 0.125939
hs11 41428571 42857141 0.000000
hs11 42857142 44285713 0.430359
hs11 44285714 45714284 0.309199
hs11 45714285 47142856 0.755439
hs11 47142857 48571427 0.509265
hs11 48571428 49999999 0.221214
hs11 50000000 51428570 0.022486
hs11 51428571 52857141 0.000000
hs11 52857142 54285713 0.000000
hs11 54285714 55714284 0.034301
hs11 55714285 57142856 0.410701
hs11 57142857 58571427 0.355209
hs11 58571428 59999999 0.273603
hs11 60000000 61428570 0.581673
hs11 61428571 62857141 0.495657
hs11 62857142 64285713 0.636007
hs11 64285714 65714284 0.562111
hs11 65714285 67142856 0.644149
hs11 67142857 68571427 0.509372
hs11 68571428 69999999 0.253058
hs11 70000000 71428570 0.610212
hs11 71428571 72857141 0.685831
hs11 72857142 74285713 0.687986
hs11 74285714 75714284 0.585832
hs11 75714285 77142856 0.613809
hs11 77142857 78571427 0.847421
hs11 78571428 79999999 0.180541
hs11 80000000 81428570 0.000000
hs11 81428571 82857141 0.226281
hs11 82857142 84285713 1.000000
hs11 84285714 85714284 0.775295
hs11 85714285 87142856 0.428219
hs11 87142857 88571427 0.480317
hs11 88571428 89999999 0.384641
hs11 90000000 91428570 0.000000
hs11 91428571 92857141 0.504976
hs11 92857142 94285713 0.446725
hs11 94285714 95714284 0.463431
hs11 95714285 97142856 0.029704
hs11 97142857 98571427 0.122044
hs11 98571428 99999999 0.812879
hs11 100000000 101428570 0.458333
hs11 101428571 102857141 0.567979
hs11 102857142 104285713 0.190199
hs11 104285714 105714284 0.359366
hs11 105714285 107142856 0.425343
hs11 107142857 108571427 0.640693
hs11 108571428 109999999 0.164389
hs11 110000000 111428570 0.447257
hs11 111428571 112857141 0.406563
hs11 112857142 114285713 0.365516
hs11 114285714 115714284 0.231629
hs11 115714285 117142856 0.623907
hs11 117142857 118571427 0.553054
hs11 118571428 119999999 0.374743
hs11 120000000 121428570 0.477318
hs11 121428571 122857141 0.363021
hs11 122857142 124285713 0.261871
hs11 124285714 125714284 0.598275
hs11 125714285 127142856 0.449666
hs11 127142857 128571427 0.382477
hs11 128571428 129999999 0.366288
hs11 130000000 131428570 0.506526
hs11 131428571 132857141 0.945290
hs11 132857142 134285713 0.299550
hs22 0 1428570 0.000000
hs22 1428571 2857141 0.000000
hs22 2857142 4285713 0.000000
hs22 4285714 5714284 0.000000
hs22 5714285 7142856 0.000000
hs22 7142857 8571427 0.000000
hs22 8571428 9999999 0.000000
hs22 10000000 11428570 0.000000
hs22 11428571 12857141 0.000000
hs22 12857142 14285713 0.000000
hs22 14285714 15714284 0.085195
hs22 15714285 17142856 0.522053
hs22 17142857 18571427 0.589852
hs22 18571428 19999999 0.390948
hs22 20000000 21428570 0.345593
hs22 21428571 22857141 0.504293
hs22 22857142 24285713 0.612729
hs22 24285714 25714284 1.026896
hs22 25714285 27142856 0.450086
hs22 27142857 28571427 0.754858
hs22 28571428 29999999 0.625624
hs22 30000000 31428570 0.654240
hs22 31428571 32857141 0.745774
hs22 32857142 34285713 0.110958
hs22 34285714 35714284 0.550750
hs22 35714285 37142856 0.595183
hs22 37142857 38571427 0.557784
hs22 38571428 39999999 0.745048
hs22 40000000 41428570 0.598755
hs22 41428571 42857141 0.771779
hs22 42857142 44285713 0.582821
hs22 44285714 45714284 0.711746
hs22 45714285 47142856 0.171242
hs22 47142857 48571427 0.230028
hs22 48571428 49999999 0.504987
hs10 0 1428570 0.691320
hs10 1428571 2857141 0.260052
hs10 2857142 4285713 0.079532
hs10 4285714 5714284 0.194946
hs10 5714285 7142856 0.406167
hs10 7142857 8571427 0.472507
hs10 8571428 9999999 0.000000
hs10 10000000 11428570 0.251381
hs10 11428571 12857141 0.663691
hs10 12857142 14285713 0.688355
hs10 14285714 15714284 0.638157
hs10 15714285 17142856 0.503019
hs10 17142857 18571427 0.747720
hs10 18571428 19999999 0.296929
hs10 20000000 21428570 0.548384
hs10 21428571 22857141 0.457486
hs10 22857142 24285713 0.427659
hs10 24285714 25714284 0.781568
hs10 25714285 27142856 0.591032
hs10 27142857 28571427 0.551011
hs10 28571428 29999999 0.267718
hs10 30000000 31428570 0.276009
hs10 31428571 32857141 0.380481
hs10 32857142 34285713 0.403875
hs10 34285714 35714284 0.707470
hs10 35714285 37142856 0.135298
hs10 37142857 38571427 0.195348
hs10 38571428 39999999 0.046142
hs10 40000000 41428570 0.000000
hs10 41428571 42857141 0.138052
hs10 42857142 44285713 0.209290
hs10 44285714 45714284 0.344179
hs10 45714285 47142856 0.295773
hs10 47142857 48571427 0.263520
hs10 48571428 49999999 0.524459
hs10 50000000 51428570 0.618545
hs10 51428571 52857141 0.729877
hs10 52857142 54285713 0.617365
hs10 54285714 55714284 0.337222
hs10 55714285 57142856 0.361741
hs10 57142857 58571427 0.002686
hs10 58571428 59999999 0.137056
hs10 60000000 61428570 0.440618
hs10 61428571 62857141 0.371409
hs10 62857142 64285713 0.496585
hs10 64285714 65714284 0.297992
hs10 65714285 67142856 0.000946
hs10 67142857 68571427 0.977742
hs10 68571428 69999999 0.788110
hs10 70000000 71428570 0.608439
hs10 71428571 72857141 0.503386
hs10 72857142 74285713 0.798872
hs10 74285714 75714284 0.778227
hs10 75714285 77142856 0.540188
hs10 77142857 78571427 0.732671
hs10 78571428 79999999 0.498692
hs10 80000000 81428570 0.326314
hs10 81428571 82857141 0.268134
hs10 82857142 84285713 0.462465
hs10 84285714 85714284 0.315841
hs10 85714285 87142856 0.188702
hs10 87142857 88571427 0.698700
hs10 88571428 89999999 0.549035
hs10 90000000 91428570 0.572906
hs10 91428571 92857141 0.169989
hs10 92857142 94285713 0.730962
hs10 94285714 95714284 0.505540
hs10 95714285 97142856 0.665126
hs10 97142857 98571427 0.704159
hs10 98571428 99999999 0.715742
hs10 100000000 101428570 0.693902
hs10 101428571 102857141 0.599864
hs10 102857142 104285713 0.655899
hs10 104285714 105714284 0.788616
hs10 105714285 107142856 0.708247
hs10 107142857 108571427 0.173613
hs10 108571428 109999999 0.239998
hs10 110000000 111428570 0.000000
hs10 111428571 112857141 0.472663
hs10 112857142 114285713 0.183198
hs10 114285714 115714284 0.542347
hs10 115714285 117142856 0.657930
hs10 117142857 118571427 0.713967
hs10 118571428 119999999 0.382876
hs10 120000000 121428570 0.423108
hs10 121428571 122857141 0.270729
hs10 122857142 124285713 0.538398
hs10 124285714 125714284 0.338313
hs10 125714285 127142856 0.439020
hs10 127142857 128571427 0.545350
hs10 128571428 129999999 0.593750
hs10 130000000 131428570 0.191190
hs10 131428571 132857141 0.192819
hs10 132857142 134285713 0.375236
hs10 134285714 135714284 0.365513
hs7 0 1428570 0.414021
hs7 1428571 2857141 0.682014
hs7 2857142 4285713 0.773755
hs7 4285714 5714284 0.434864
hs7 5714285 7142856 0.586002
hs7 7142857 8571427 0.533466
hs7 8571428 9999999 0.132468
hs7 10000000 11428570 0.178314
hs7 11428571 12857141 0.417391
hs7 12857142 14285713 0.164297
hs7 14285714 15714284 0.699341
hs7 15714285 17142856 0.357328
hs7 17142857 18571427 0.187510
hs7 18571428 19999999 0.351387
hs7 20000000 21428570 0.219749
hs7 21428571 22857141 0.577225
hs7 22857142 24285713 0.408033
hs7 24285714 25714284 0.295022
hs7 25714285 27142856 0.332060
hs7 27142857 28571427 0.615609
hs7 28571428 29999999 0.644519
hs7 30000000 31428570 0.373827
hs7 31428571 32857141 0.378006
hs7 32857142 34285713 0.621867
hs7 34285714 35714284 0.664367
hs7 35714285 37142856 0.615723
hs7 37142857 38571427 0.458653
hs7 38571428 39999999 0.656681
hs7 40000000 41428570 0.581666
hs7 41428571 42857141 0.262947
hs7 42857142 44285713 0.709437
hs7 44285714 45714284 0.443015
hs7 45714285 47142856 0.052166
hs7 47142857 48571427 0.654776
hs7 48571428 49999999 0.196291
hs7 50000000 51428570 0.636821
hs7 51428571 52857141 0.000000
hs7 52857142 54285713 0.001728
hs7 54285714 55714284 0.275635
hs7 55714285 57142856 0.191558
hs7 57142857 58571427 0.040683
hs7 58571428 59999999 0.000000
hs7 60000000 61428570 0.000000
hs7 61428571 62857141 0.014615
hs7 62857142 64285713 0.280211
hs7 64285714 65714284 0.365461
hs7 65714285 67142856 0.305633
hs7 67142857 68571427 0.000000
hs7 68571428 69999999 0.835787
hs7 70000000 71428570 0.788870
hs7 71428571 72857141 0.638375
hs7 72857142 74285713 0.628394
hs7 74285714 75714284 0.459902
hs7 75714285 77142856 0.521998
hs7 77142857 78571427 0.942290
hs7 78571428 79999999 0.341070
hs7 80000000 81428570 0.233194
hs7 81428571 82857141 0.642082
hs7 82857142 84285713 0.347084
hs7 84285714 85714284 0.088464
hs7 85714285 87142856 0.586892
hs7 87142857 88571427 0.650544
hs7 88571428 89999999 0.276228
hs7 90000000 91428570 0.373792
hs7 91428571 92857141 0.644607
hs7 92857142 94285713 0.241578
hs7 94285714 95714284 0.699616
hs7 95714285 97142856 0.151526
hs7 97142857 98571427 0.405333
hs7 98571428 99999999 0.609108
hs7 100000000 101428570 0.552577
hs7 101428571 102857141 0.871798
hs7 102857142 104285713 0.801852
hs7 104285714 105714284 0.686231
hs7 105714285 107142856 0.476569
hs7 107142857 108571427 0.455689
hs7 108571428 109999999 0.000692
hs7 110000000 111428570 0.846202
hs7 111428571 112857141 0.392128
hs7 112857142 114285713 0.452840
hs7 114285714 115714284 0.169133
hs7 115714285 117142856 0.614526
hs7 117142857 118571427 0.137214
hs7 118571428 119999999 0.209330
hs7 120000000 121428570 0.541456
hs7 121428571 122857141 0.555198
hs7 122857142 124285713 0.241871
hs7 124285714 125714284 0.050092
hs7 125714285 127142856 0.645060
hs7 127142857 128571427 0.550143
hs7 128571428 129999999 0.658895
hs7 130000000 131428570 0.441873
hs7 131428571 132857141 0.763941
hs7 132857142 134285713 0.681712
hs7 134285714 135714284 0.467389
hs7 135714285 137142856 0.478022
hs7 137142857 138571427 0.563786
hs7 138571428 139999999 0.695309
hs7 140000000 141428570 0.396998
hs7 141428571 142857141 0.226323
hs7 142857142 144285713 0.389610
hs7 144285714 145714284 0.188930
hs7 145714285 147142856 1.000075
hs7 147142857 148571427 0.680469
hs7 148571428 149999999 0.315818
hs7 150000000 151428570 0.661752
hs7 151428571 152857141 0.318986
hs7 152857142 154285713 0.749254
hs7 154285714 155714284 0.228756
hs7 155714285 157142856 0.427134
hs7 157142857 158571427 0.887557
hs7 158571428 159999999 0.041288
hs4 0 1428570 0.674060
hs4 1428571 2857141 0.626756
hs4 2857142 4285713 0.407122
hs4 4285714 5714284 0.547994
hs4 5714285 7142856 0.645800
hs4 7142857 8571427 0.804799
hs4 8571428 9999999 0.220937
hs4 10000000 11428570 0.169908
hs4 11428571 12857141 0.000000
hs4 12857142 14285713 0.130137
hs4 14285714 15714284 0.410574
hs4 15714285 17142856 0.372822
hs4 17142857 18571427 0.288886
hs4 18571428 19999999 0.094968
hs4 20000000 21428570 0.943024
hs4 21428571 22857141 0.277250
hs4 22857142 24285713 0.108679
hs4 24285714 25714284 0.383977
hs4 25714285 27142856 0.319927
hs4 27142857 28571427 0.000000
hs4 28571428 29999999 0.000000
hs4 30000000 31428570 0.298472
hs4 31428571 32857141 0.000000
hs4 32857142 34285713 0.000000
hs4 34285714 35714284 0.000000
hs4 35714285 37142856 0.320462
hs4 37142857 38571427 0.473348
hs4 38571428 39999999 0.678012
hs4 40000000 41428570 0.729126
hs4 41428571 42857141 0.494167
hs4 42857142 44285713 0.192433
hs4 44285714 45714284 0.053213
hs4 45714285 47142856 0.611099
hs4 47142857 48571427 0.798097
hs4 48571428 49999999 0.068071
hs4 50000000 51428570 0.000000
hs4 51428571 52857141 0.112801
hs4 52857142 54285713 0.546951
hs4 54285714 55714284 0.180436
hs4 55714285 57142856 0.512641
hs4 57142857 58571427 0.151002
hs4 58571428 59999999 0.000000
hs4 60000000 61428570 0.000000
hs4 61428571 62857141 0.402732
hs4 62857142 64285713 0.000000
hs4 64285714 65714284 0.091697
hs4 65714285 67142856 0.245261
hs4 67142857 68571427 0.254188
hs4 68571428 69999999 0.294144
hs4 70000000 71428570 0.296883
hs4 71428571 72857141 0.502182
hs4 72857142 74285713 0.390074
hs4 74285714 75714284 0.264229
hs4 75714285 77142856 0.357385
hs4 77142857 78571427 0.568326
hs4 78571428 79999999 0.647669
hs4 80000000 81428570 0.233080
hs4 81428571 82857141 0.572913
hs4 82857142 84285713 0.391483
hs4 84285714 85714284 0.149657
hs4 85714285 87142856 0.653118
hs4 87142857 88571427 0.734268
hs4 88571428 89999999 0.492249
hs4 90000000 91428570 0.418572
hs4 91428571 92857141 0.920116
hs4 92857142 94285713 0.588799
hs4 94285714 95714284 0.614781
hs4 95714285 97142856 0.613517
hs4 97142857 98571427 0.000000
hs4 98571428 99999999 0.668604
hs4 100000000 101428570 0.335125
hs4 101428571 102857141 0.312756
hs4 102857142 104285713 0.675459
hs4 104285714 105714284 0.141945
hs4 105714285 107142856 0.391995
hs4 107142857 108571427 0.293118
hs4 108571428 109999999 0.399561
hs4 110000000 111428570 0.749313
hs4 111428571 112857141 0.075037
hs4 112857142 114285713 0.480177
hs4 114285714 115714284 0.440277
hs4 115714285 117142856 0.255358
hs4 117142857 118571427 0.001450
hs4 118571428 119999999 0.331596
hs4 120000000 121428570 0.323479
hs4 121428571 122857141 0.302018
hs4 122857142 124285713 0.521685
hs4 124285714 125714284 0.321213
hs4 125714285 127142856 0.157643
hs4 127142857 128571427 0.000000
hs4 128571428 129999999 0.371319
hs4 130000000 131428570 0.171122
hs4 131428571 132857141 0.000000
hs4 132857142 134285713 0.000000
hs4 134285714 135714284 0.033376
hs4 135714285 137142856 0.000000
hs4 137142857 138571427 0.000000
hs4 138571428 139999999 0.064271
hs4 140000000 141428570 0.565121
hs4 141428571 142857141 0.468644
hs4 142857142 144285713 0.584741
hs4 144285714 145714284 0.300584
hs4 145714285 147142856 0.435165
hs4 147142857 148571427 0.367364
hs4 148571428 149999999 0.582510
hs4 150000000 151428570 0.141439
hs4 151428571 152857141 0.809498
hs4 152857142 154285713 0.343848
hs4 154285714 155714284 0.552847
hs4 155714285 157142856 0.222381
hs4 157142857 158571427 0.315870
hs4 158571428 159999999 0.261777
hs4 160000000 161428570 0.196953
hs4 161428571 162857141 0.232851
hs4 162857142 164285713 0.326130
hs4 164285714 165714284 0.648849
hs4 165714285 167142856 0.317575
hs4 167142857 168571427 0.421956
hs4 168571428 169999999 0.466668
hs4 170000000 171428570 0.492446
hs4 171428571 172857141 0.000000
hs4 172857142 174285713 0.858889
hs4 174285714 175714284 0.225417
hs4 175714285 177142856 0.419208
hs4 177142857 178571427 0.357510
hs4 178571428 179999999 0.191605
hs4 180000000 181428570 0.000000
hs4 181428571 182857141 0.000000
hs4 182857142 184285713 0.381445
hs4 184285714 185714284 0.425737
hs4 185714285 187142856 0.617888
hs4 187142857 188571427 0.194719
hs4 188571428 189999999 0.021918
hs4 190000000 191428570 0.062234
hs16 0 1428570 0.654431
hs16 1428571 2857141 0.784541
hs16 2857142 4285713 0.571708
hs16 4285714 5714284 0.466095
hs16 5714285 7142856 0.793607
hs16 7142857 8571427 0.394247
hs16 8571428 9999999 0.384473
hs16 10000000 11428570 0.522459
hs16 11428571 12857141 0.676726
hs16 12857142 14285713 0.396498
hs16 14285714 15714284 0.520622
hs16 15714285 17142856 0.397578
hs16 17142857 18571427 0.306193
hs16 18571428 19999999 0.602739
hs16 20000000 21428570 0.601932
hs16 21428571 22857141 0.522771
hs16 22857142 24285713 0.684106
hs16 24285714 25714284 0.346210
hs16 25714285 27142856 0.253945
hs16 27142857 28571427 0.715312
hs16 28571428 29999999 0.401411
hs16 30000000 31428570 0.561047
hs16 31428571 32857141 0.082293
hs16 32857142 34285713 0.010868
hs16 34285714 35714284 0.022038
hs16 35714285 37142856 0.000000
hs16 37142857 38571427 0.000000
hs16 38571428 39999999 0.000000
hs16 40000000 41428570 0.000000
hs16 41428571 42857141 0.000000
hs16 42857142 44285713 0.000000
hs16 44285714 45714284 0.252455
hs16 45714285 47142856 0.592088
hs16 47142857 48571427 0.297213
hs16 48571428 49999999 0.298424
hs16 50000000 51428570 0.076859
hs16 51428571 52857141 0.599285
hs16 52857142 54285713 0.110261
hs16 54285714 55714284 0.592218
hs16 55714285 57142856 0.571703
hs16 57142857 58571427 0.087621
hs16 58571428 59999999 0.000000
hs16 60000000 61428570 0.267962
hs16 61428571 62857141 0.000000
hs16 62857142 64285713 0.326929
hs16 64285714 65714284 0.373330
hs16 65714285 67142856 0.809374
hs16 67142857 68571427 0.750935
hs16 68571428 69999999 0.777322
hs16 70000000 71428570 0.391051
hs16 71428571 72857141 0.156022
hs16 72857142 74285713 0.646808
hs16 74285714 75714284 0.197373
hs16 75714285 77142856 0.593568
hs16 77142857 78571427 0.467661
hs16 78571428 79999999 0.518099
hs16 80000000 81428570 0.528674
hs16 81428571 82857141 0.851645
hs16 82857142 84285713 0.411973
hs16 84285714 85714284 0.101569
hs16 85714285 87142856 0.441449
hs16 87142857 88571427 0.746928
hs16 88571428 89999999 0.062072
hs20 0 1428570 0.379065
hs20 1428571 2857141 0.446207
hs20 2857142 4285713 0.615383
hs20 4285714 5714284 0.314224
hs20 5714285 7142856 0.180340
hs20 7142857 8571427 0.424393
hs20 8571428 9999999 0.695203
hs20 10000000 11428570 0.239447
hs20 11428571 12857141 0.025038
hs20 12857142 14285713 0.774612
hs20 14285714 15714284 1.000000
hs20 15714285 17142856 0.408874
hs20 17142857 18571427 0.600161
hs20 18571428 19999999 0.596911
hs20 20000000 21428570 0.574864
hs20 21428571 22857141 0.039340
hs20 22857142 24285713 0.095561
hs20 24285714 25714284 0.498344
hs20 25714285 27142856 0.049465
hs20 27142857 28571427 0.015491
hs20 28571428 29999999 0.250186
hs20 30000000 31428570 0.503158
hs20 31428571 32857141 0.648857
hs20 32857142 34285713 0.776378
hs20 34285714 35714284 0.614671
hs20 35714285 37142856 0.639122
hs20 37142857 38571427 0.007678
hs20 38571428 39999999 0.351794
hs20 40000000 41428570 0.782017
hs20 41428571 42857141 0.534797
hs20 42857142 44285713 0.541176
hs20 44285714 45714284 0.601814
hs20 45714285 47142856 0.356918
hs20 47142857 48571427 0.468422
hs20 48571428 49999999 0.466273
hs20 50000000 51428570 0.359985
hs20 51428571 52857141 0.322864
hs20 52857142 54285713 0.006022
hs20 54285714 55714284 0.319431
hs20 55714285 57142856 0.325655
hs20 57142857 58571427 0.341389
hs20 58571428 59999999 0.491128
hs20 60000000 61428570 0.555095
hs20 61428571 62857141 0.452539
hs13 0 1428570 0.000000
hs13 1428571 2857141 0.000000
hs13 2857142 4285713 0.000000
hs13 4285714 5714284 0.000000
hs13 5714285 7142856 0.000000
hs13 7142857 8571427 0.000000
hs13 8571428 9999999 0.000000
hs13 10000000 11428570 0.000000
hs13 11428571 12857141 0.000000
hs13 12857142 14285713 0.000000
hs13 14285714 15714284 0.000000
hs13 15714285 17142856 0.000000
hs13 17142857 18571427 0.066557
hs13 18571428 19999999 0.490212
hs13 20000000 21428570 0.465782
hs13 21428571 22857141 0.140297
hs13 22857142 24285713 0.470324
hs13 24285714 25714284 0.629927
hs13 25714285 27142856 0.385118
hs13 27142857 28571427 0.413192
hs13 28571428 29999999 0.507402
hs13 30000000 31428570 0.324176
hs13 31428571 32857141 0.646213
hs13 32857142 34285713 0.103944
hs13 34285714 35714284 1.136932
hs13 35714285 37142856 0.298829
hs13 37142857 38571427 0.334153
hs13 38571428 39999999 0.371169
hs13 40000000 41428570 0.655459
hs13 41428571 42857141 0.457608
hs13 42857142 44285713 0.444503
hs13 44285714 45714284 0.538136
hs13 45714285 47142856 0.234510
hs13 47142857 48571427 0.348820
hs13 48571428 49999999 0.548023
hs13 50000000 51428570 0.496244
hs13 51428571 52857141 0.358865
hs13 52857142 54285713 0.000055
hs13 54285714 55714284 0.000000
hs13 55714285 57142856 0.080250
hs13 57142857 58571427 0.040747
hs13 58571428 59999999 0.440865
hs13 60000000 61428570 0.036296
hs13 61428571 62857141 0.000000
hs13 62857142 64285713 0.003595
hs13 64285714 65714284 0.000000
hs13 65714285 67142856 0.649252
hs13 67142857 68571427 0.159981
hs13 68571428 69999999 0.308310
hs13 70000000 71428570 0.300464
hs13 71428571 72857141 0.263338
hs13 72857142 74285713 0.313543
hs13 74285714 75714284 0.355806
hs13 75714285 77142856 0.301973
hs13 77142857 78571427 0.298549
hs13 78571428 79999999 0.236349
hs13 80000000 81428570 0.000000
hs13 81428571 82857141 0.000000
hs13 82857142 84285713 0.294239
hs13 84285714 85714284 0.004594
hs13 85714285 87142856 0.004901
hs13 87142857 88571427 0.000000
hs13 88571428 89999999 0.000068
hs13 90000000 91428570 0.435761
hs13 91428571 92857141 0.748286
hs13 92857142 94285713 0.765649
hs13 94285714 95714284 0.726041
hs13 95714285 97142856 0.552819
hs13 97142857 98571427 0.607205
hs13 98571428 99999999 0.708890
hs13 100000000 101428570 0.668427
hs13 101428571 102857141 0.474718
hs13 102857142 104285713 0.000000
hs13 104285714 105714284 0.017618
hs13 105714285 107142856 0.415852
hs13 107142857 108571427 0.534584
hs13 108571428 109999999 0.357126
hs13 110000000 111428570 0.256458
hs13 111428571 112857141 0.400137
hs13 112857142 114285713 0.507927
hs18 0 1428570 0.419058
hs18 1428571 2857141 0.173837
hs18 2857142 4285713 0.528077
hs18 4285714 5714284 0.155343
hs18 5714285 7142856 0.503501
hs18 7142857 8571427 0.592669
hs18 8571428 9999999 0.508467
hs18 10000000 11428570 0.377639
hs18 11428571 12857141 0.512051
hs18 12857142 14285713 0.571773
hs18 14285714 15714284 0.122207
hs18 15714285 17142856 0.160138
hs18 17142857 18571427 0.366789
hs18 18571428 19999999 0.680758
hs18 20000000 21428570 0.397869
hs18 21428571 22857141 0.484748
hs18 22857142 24285713 0.272064
hs18 24285714 25714284 0.000000
hs18 25714285 27142856 0.085984
hs18 27142857 28571427 0.517027
hs18 28571428 29999999 0.715865
hs18 30000000 31428570 0.525784
hs18 31428571 32857141 0.698541
hs18 32857142 34285713 0.367597
hs18 34285714 35714284 0.381551
hs18 35714285 37142856 0.000000
hs18 37142857 38571427 0.116603
hs18 38571428 39999999 0.267559
hs18 40000000 41428570 0.271837
hs18 41428571 42857141 0.726130
hs18 42857142 44285713 0.141189
hs18 44285714 45714284 0.668272
hs18 45714285 47142856 0.496511
hs18 47142857 48571427 0.315622
hs18 48571428 49999999 0.567190
hs18 50000000 51428570 0.406819
hs18 51428571 52857141 0.290004
hs18 52857142 54285713 0.456735
hs18 54285714 55714284 0.507266
hs18 55714285 57142856 0.004051
hs18 57142857 58571427 0.391410
hs18 58571428 59999999 0.538600
hs18 60000000 61428570 0.000000
hs18 61428571 62857141 0.161410
hs18 62857142 64285713 0.007105
hs18 64285714 65714284 0.603763
hs18 65714285 67142856 0.212905
hs18 67142857 68571427 0.009430
hs18 68571428 69999999 0.139536
hs18 70000000 71428570 0.511716
hs18 71428571 72857141 0.246828
hs18 72857142 74285713 0.095698
hs18 74285714 75714284 0.374548
hs18 75714285 77142856 0.192996
hs3 0 1428570 0.366170
hs3 1428571 2857141 0.517927
hs3 2857142 4285713 0.251037
hs3 4285714 5714284 0.401608
hs3 5714285 7142856 0.185539
hs3 7142857 8571427 0.664154
hs3 8571428 9999999 0.610549
hs3 10000000 11428570 0.637041
hs3 11428571 12857141 0.652713
hs3 12857142 14285713 0.537080
hs3 14285714 15714284 0.637512
hs3 15714285 17142856 0.481572
hs3 17142857 18571427 0.473602
hs3 18571428 19999999 0.337281
hs3 20000000 21428570 0.119958
hs3 21428571 22857141 0.231228
hs3 22857142 24285713 0.484574
hs3 24285714 25714284 0.323111
hs3 25714285 27142856 0.114468
hs3 27142857 28571427 0.338318
hs3 28571428 29999999 0.491536
hs3 30000000 31428570 0.198096
hs3 31428571 32857141 0.608120
hs3 32857142 34285713 0.504057
hs3 34285714 35714284 0.038803
hs3 35714285 37142856 0.383984
hs3 37142857 38571427 0.770402
hs3 38571428 39999999 0.475186
hs3 40000000 41428570 0.400399
hs3 41428571 42857141 0.683430
hs3 42857142 44285713 0.370267
hs3 44285714 45714284 0.589616
hs3 45714285 47142856 0.447176
hs3 47142857 48571427 0.764516
hs3 48571428 49999999 0.796182
hs3 50000000 51428570 0.858243
hs3 51428571 52857141 0.665105
hs3 52857142 54285713 0.695593
hs3 54285714 55714284 0.725267
hs3 55714285 57142856 0.911037
hs3 57142857 58571427 0.692396
hs3 58571428 59999999 0.441559
hs3 60000000 61428570 0.848522
hs3 61428571 62857141 0.860566
hs3 62857142 64285713 0.501433
hs3 64285714 65714284 0.399963
hs3 65714285 67142856 0.585233
hs3 67142857 68571427 0.511633
hs3 68571428 69999999 0.549683
hs3 70000000 71428570 0.308927
hs3 71428571 72857141 0.314702
hs3 72857142 74285713 0.349503
hs3 74285714 75714284 0.190530
hs3 75714285 77142856 0.035845
hs3 77142857 78571427 0.425160
hs3 78571428 79999999 0.819471
hs3 80000000 81428570 0.000000
hs3 81428571 82857141 0.190471
hs3 82857142 84285713 0.000000
hs3 84285714 85714284 0.436424
hs3 85714285 87142856 0.381583
hs3 87142857 88571427 0.054083
hs3 88571428 89999999 0.262228
hs3 90000000 91428570 0.000000
hs3 91428571 92857141 0.000000
hs3 92857142 94285713 0.000000
hs3 94285714 95714284 0.181656
hs3 95714285 97142856 0.037144
hs3 97142857 98571427 0.388720
hs3 98571428 99999999 0.459400
hs3 100000000 101428570 0.638020
hs3 101428571 102857141 0.662748
hs3 102857142 104285713 0.180304
hs3 104285714 105714284 0.000000
hs3 105714285 107142856 0.294569
hs3 107142857 108571427 0.151982
hs3 108571428 109999999 0.597067
hs3 110000000 111428570 0.255127
hs3 111428571 112857141 0.122431
hs3 112857142 114285713 0.663774
hs3 114285714 115714284 0.722126
hs3 115714285 117142856 0.610173
hs3 117142857 118571427 0.358030
hs3 118571428 119999999 0.000000
hs3 120000000 121428570 0.742629
hs3 121428571 122857141 0.679393
hs3 122857142 124285713 0.744596
hs3 124285714 125714284 0.815533
hs3 125714285 127142856 0.638847
hs3 127142857 128571427 0.515082
hs3 128571428 129999999 0.516718
hs3 130000000 131428570 0.508732
hs3 131428571 132857141 0.701144
hs3 132857142 134285713 0.645497
hs3 134285714 135714284 0.599202
hs3 135714285 137142856 0.404999
hs3 137142857 138571427 0.630828
hs3 138571428 139999999 0.434400
hs3 140000000 141428570 0.377290
hs3 141428571 142857141 0.568851
hs3 142857142 144285713 0.682180
hs3 144285714 145714284 0.424919
hs3 145714285 147142856 0.000000
hs3 147142857 148571427 0.184509
hs3 148571428 149999999 0.051124
hs3 150000000 151428570 0.481651
hs3 151428571 152857141 0.601775
hs3 152857142 154285713 0.189213
hs3 154285714 155714284 0.211252
hs3 155714285 157142856 0.326244
hs3 157142857 158571427 0.570185
hs3 158571428 159999999 0.537062
hs3 160000000 161428570 0.600181
hs3 161428571 162857141 0.462682
hs3 162857142 164285713 0.000000
hs3 164285714 165714284 0.000000
hs3 165714285 167142856 0.121887
hs3 167142857 168571427 0.091461
hs3 168571428 169999999 0.695097
hs3 170000000 171428570 0.648442
hs3 171428571 172857141 0.536056
hs3 172857142 174285713 0.628079
hs3 174285714 175714284 0.658639
hs3 175714285 177142856 0.662423
hs3 177142857 178571427 0.123556
hs3 178571428 179999999 0.184158
hs3 180000000 181428570 0.531966
hs3 181428571 182857141 0.133923
hs3 182857142 184285713 0.226084
hs3 184285714 185714284 0.651253
hs3 185714285 187142856 0.580838
hs3 187142857 188571427 0.470536
hs3 188571428 189999999 0.475068
hs3 190000000 191428570 0.472021
hs3 191428571 192857141 0.270411
hs3 192857142 194285713 0.494936
hs3 194285714 195714284 0.352791
hs3 195714285 197142856 0.457748
hs3 197142857 198571427 0.605129
hs3 198571428 199999999 0.337935
hs9 0 1428570 0.507825
hs9 1428571 2857141 0.244935
hs9 2857142 4285713 0.542870
hs9 4285714 5714284 0.511431
hs9 5714285 7142856 0.610611
hs9 7142857 8571427 0.205298
hs9 8571428 9999999 1.000000
hs9 10000000 11428570 0.421907
hs9 11428571 12857141 0.045452
hs9 12857142 14285713 0.250972
hs9 14285714 15714284 0.489896
hs9 15714285 17142856 0.508704
hs9 17142857 18571427 0.473588
hs9 18571428 19999999 0.630054
hs9 20000000 21428570 0.460522
hs9 21428571 22857141 0.235827
hs9 22857142 24285713 0.095172
hs9 24285714 25714284 0.001730
hs9 25714285 27142856 0.187881
hs9 27142857 28571427 0.695759
hs9 28571428 29999999 0.096623
hs9 30000000 31428570 0.000000
hs9 31428571 32857141 0.126644
hs9 32857142 34285713 0.715988
hs9 34285714 35714284 0.592264
hs9 35714285 37142856 0.490039
hs9 37142857 38571427 0.516914
hs9 38571428 39999999 0.218947
hs9 40000000 41428570 0.032642
hs9 41428571 42857141 0.145303
hs9 42857142 44285713 0.133307
hs9 44285714 45714284 0.001758
hs9 45714285 47142856 0.042559
hs9 47142857 48571427 0.000000
hs9 48571428 49999999 0.000000
hs9 50000000 51428570 0.000000
hs9 51428571 52857141 0.000000
hs9 52857142 54285713 0.000000
hs9 54285714 55714284 0.000000
hs9 55714285 57142856 0.000000
hs9 57142857 58571427 0.000000
hs9 58571428 59999999 0.000000
hs9 60000000 61428570 0.000000
hs9 61428571 62857141 0.000000
hs9 62857142 64285713 0.000000
hs9 64285714 65714284 0.018707
hs9 65714285 67142856 0.034075
hs9 67142857 68571427 0.156170
hs9 68571428 69999999 0.127679
hs9 70000000 71428570 0.709812
hs9 71428571 72857141 0.707854
hs9 72857142 74285713 0.273941
hs9 74285714 75714284 0.269825
hs9 75714285 77142856 0.345064
hs9 77142857 78571427 0.375591
hs9 78571428 79999999 0.657299
hs9 80000000 81428570 0.081074
hs9 81428571 82857141 0.072034
hs9 82857142 84285713 0.091799
hs9 84285714 85714284 0.414683
hs9 85714285 87142856 0.358201
hs9 87142857 88571427 0.353268
hs9 88571428 89999999 0.214343
hs9 90000000 91428570 0.341311
hs9 91428571 92857141 0.146863
hs9 92857142 94285713 0.578157
hs9 94285714 95714284 0.613844
hs9 95714285 97142856 0.612648
hs9 97142857 98571427 0.414065
hs9 98571428 99999999 0.552588
hs9 100000000 101428570 0.542215
hs9 101428571 102857141 0.454883
hs9 102857142 104285713 0.381040
hs9 104285714 105714284 0.016225
hs9 105714285 107142856 0.226771
hs9 107142857 108571427 0.221184
hs9 108571428 109999999 0.141585
hs9 110000000 111428570 0.387376
hs9 111428571 112857141 0.975236
hs9 112857142 114285713 0.541451
hs9 114285714 115714284 0.559923
hs9 115714285 117142856 0.617966
hs9 117142857 118571427 0.493751
hs9 118571428 119999999 0.461408
hs9 120000000 121428570 0.141983
hs9 121428571 122857141 0.370255
hs9 122857142 124285713 0.923499
hs9 124285714 125714284 0.679227
hs9 125714285 127142856 0.688724
hs9 127142857 128571427 0.546643
hs9 128571428 129999999 0.762163
hs9 130000000 131428570 0.540032
hs9 131428571 132857141 0.579228
hs9 132857142 134285713 0.666478
hs9 134285714 135714284 0.708009
hs9 135714285 137142856 0.398322
hs9 137142857 138571427 0.435605
hs9 138571428 139999999 0.702086
hs9 140000000 141428570 0.135628
hs15 0 1428570 0.000000
hs15 1428571 2857141 0.000000
hs15 2857142 4285713 0.000000
hs15 4285714 5714284 0.000000
hs15 5714285 7142856 0.000000
hs15 7142857 8571427 0.000000
hs15 8571428 9999999 0.000000
hs15 10000000 11428570 0.000000
hs15 11428571 12857141 0.000000
hs15 12857142 14285713 0.000000
hs15 14285714 15714284 0.000000
hs15 15714285 17142856 0.000000
hs15 17142857 18571427 0.000000
hs15 18571428 19999999 0.182576
hs15 20000000 21428570 0.271691
hs15 21428571 22857141 0.163528
hs15 22857142 24285713 0.231234
hs15 24285714 25714284 0.726491
hs15 25714285 27142856 0.510594
hs15 27142857 28571427 0.535314
hs15 28571428 29999999 0.338845
hs15 30000000 31428570 0.442459
hs15 31428571 32857141 0.790421
hs15 32857142 34285713 0.214875
hs15 34285714 35714284 0.337686
hs15 35714285 37142856 0.162018
hs15 37142857 38571427 0.473441
hs15 38571428 39999999 0.691617
hs15 40000000 41428570 0.807435
hs15 41428571 42857141 0.781916
hs15 42857142 44285713 0.287646
hs15 44285714 45714284 0.317290
hs15 45714285 47142856 0.523384
hs15 47142857 48571427 0.756011
hs15 48571428 49999999 0.685193
hs15 50000000 51428570 0.442143
hs15 51428571 52857141 0.603141
hs15 52857142 54285713 0.517314
hs15 54285714 55714284 0.618820
hs15 55714285 57142856 0.533993
hs15 57142857 58571427 0.383104
hs15 58571428 59999999 0.563840
hs15 60000000 61428570 0.378091
hs15 61428571 62857141 0.759307
hs15 62857142 64285713 0.710100
hs15 64285714 65714284 0.627161
hs15 65714285 67142856 0.583532
hs15 67142857 68571427 0.237513
hs15 68571428 69999999 0.734706
hs15 70000000 71428570 0.635375
hs15 71428571 72857141 0.517420
hs15 72857142 74285713 0.573039
hs15 74285714 75714284 0.691511
hs15 75714285 77142856 0.449046
hs15 77142857 78571427 0.268510
hs15 78571428 79999999 0.377794
hs15 80000000 81428570 0.614985
hs15 81428571 82857141 0.562114
hs15 82857142 84285713 0.616330
hs15 84285714 85714284 0.620930
hs15 85714285 87142856 0.324383
hs15 87142857 88571427 0.556027
hs15 88571428 89999999 0.491496
hs15 90000000 91428570 0.444088
hs15 91428571 92857141 0.133440
hs15 92857142 94285713 0.052328
hs15 94285714 95714284 0.011586
hs15 95714285 97142856 0.248324
hs15 97142857 98571427 0.641336
hs15 98571428 99999999 0.582120
hs15 100000000 101428570 0.072913
hs5 0 1428570 0.526598
hs5 1428571 2857141 0.143086
hs5 2857142 4285713 0.003746
hs5 4285714 5714284 0.198200
hs5 5714285 7142856 0.137327
hs5 7142857 8571427 0.346831
hs5 8571428 9999999 0.542536
hs5 10000000 11428570 0.527953
hs5 11428571 12857141 0.530400
hs5 12857142 14285713 0.240936
hs5 14285714 15714284 0.471914
hs5 15714285 17142856 0.576557
hs5 17142857 18571427 0.102614
hs5 18571428 19999999 0.343761
hs5 20000000 21428570 0.016878
hs5 21428571 22857141 0.847157
hs5 22857142 24285713 0.037332
hs5 24285714 25714284 0.110392
hs5 25714285 27142856 0.110587
hs5 27142857 28571427 0.000000
hs5 28571428 29999999 0.000000
hs5 30000000 31428570 0.092010
hs5 31428571 32857141 0.552672
hs5 32857142 34285713 0.336853
hs5 34285714 35714284 0.400338
hs5 35714285 37142856 0.507779
hs5 37142857 38571427 0.620719
hs5 38571428 39999999 0.373974
hs5 40000000 41428570 0.326795
hs5 41428571 42857141 0.453439
hs5 42857142 44285713 0.282980
hs5 44285714 45714284 0.356620
hs5 45714285 47142856 0.012385
hs5 47142857 48571427 0.000000
hs5 48571428 49999999 0.033400
hs5 50000000 51428570 0.132804
hs5 51428571 52857141 0.211751
hs5 52857142 54285713 0.404732
hs5 54285714 55714284 0.559684
hs5 55714285 57142856 0.156386
hs5 57142857 58571427 0.385166
hs5 58571428 59999999 0.965793
hs5 60000000 61428570 0.483554
hs5 61428571 62857141 0.221294
hs5 62857142 64285713 0.404303
hs5 64285714 65714284 0.629051
hs5 65714285 67142856 0.411434
hs5 67142857 68571427 0.112482
hs5 68571428 69999999 1.364077
hs5 70000000 71428570 0.474057
hs5 71428571 72857141 0.392801
hs5 72857142 74285713 0.378279
hs5 74285714 75714284 0.497857
hs5 75714285 77142856 0.641570
hs5 77142857 78571427 0.631520
hs5 78571428 79999999 0.564454
hs5 80000000 81428570 0.727193
hs5 81428571 82857141 0.371963
hs5 82857142 84285713 0.407473
hs5 84285714 85714284 0.010571
hs5 85714285 87142856 0.101599
hs5 87142857 88571427 0.282498
hs5 88571428 89999999 0.137143
hs5 90000000 91428570 0.385538
hs5 91428571 92857141 0.060425
hs5 92857142 94285713 0.948082
hs5 94285714 95714284 0.528875
hs5 95714285 97142856 0.289584
hs5 97142857 98571427 0.068972
hs5 98571428 99999999 0.042048
hs5 100000000 101428570 0.067444
hs5 101428571 102857141 0.337840
hs5 102857142 104285713 0.009755
hs5 104285714 105714284 0.000437
hs5 105714285 107142856 0.205806
hs5 107142857 108571427 0.674039
hs5 108571428 109999999 0.454067
hs5 110000000 111428570 0.476828
hs5 111428571 112857141 0.675455
hs5 112857142 114285713 0.151045
hs5 114285714 115714284 0.431807
hs5 115714285 117142856 0.091911
hs5 117142857 118571427 0.201679
hs5 118571428 119999999 0.304780
hs5 120000000 121428570 0.084114
hs5 121428571 122857141 0.419420
hs5 122857142 124285713 0.149009
hs5 124285714 125714284 0.000000
hs5 125714285 127142856 0.480640
hs5 127142857 128571427 0.374475
hs5 128571428 129999999 0.392057
hs5 130000000 131428570 0.419117
hs5 131428571 132857141 0.600207
hs5 132857142 134285713 0.462888
hs5 134285714 135714284 0.339496
hs5 135714285 137142856 0.462316
hs5 137142857 138571427 0.668736
hs5 138571428 139999999 0.686858
hs5 140000000 141428570 3.801079
hs5 141428571 142857141 0.547458
hs5 142857142 144285713 0.229335
hs5 144285714 145714284 0.275246
hs5 145714285 147142856 0.672739
hs5 147142857 148571427 0.389327
hs5 148571428 149999999 0.661637
hs5 150000000 151428570 0.469107
hs5 151428571 152857141 0.014424
hs5 152857142 154285713 0.577093
hs5 154285714 155714284 0.051075
hs5 155714285 157142856 0.629230
hs5 157142857 158571427 0.369010
hs5 158571428 159999999 0.383983
hs5 160000000 161428570 0.384579
hs5 161428571 162857141 0.092395
hs5 162857142 164285713 0.011269
hs5 164285714 165714284 0.000000
hs5 165714285 167142856 0.348906
hs5 167142857 168571427 0.885517
hs5 168571428 169999999 0.729545
hs5 170000000 171428570 0.560221
hs5 171428571 172857141 0.477972
hs5 172857142 174285713 0.121593
hs5 174285714 175714284 0.228211
hs5 175714285 177142856 0.655001
hs5 177142857 178571427 0.532383
hs5 178571428 179999999 0.599857
hs5 180000000 181428570 0.135529
hsY 0 1428570 0.130178
hsY 1428571 2857141 0.476514
hsY 2857142 4285713 0.033876
hsY 4285714 5714284 0.519399
hsY 5714285 7142856 0.217216
hsY 7142857 8571427 0.080659
hsY 8571428 9999999 0.567309
hsY 10000000 11428570 0.094441
hsY 11428571 12857141 0.000000
hsY 12857142 14285713 0.317523
hsY 14285714 15714284 0.228745
hsY 15714285 17142856 0.000000
hsY 17142857 18571427 0.033067
hsY 18571428 19999999 0.284393
hsY 20000000 21428570 0.142818
hsY 21428571 22857141 0.211755
hsY 22857142 24285713 0.423405
hsY 24285714 25714284 0.380432
hsY 25714285 27142856 0.025267
hsY 27142857 28571427 0.000000
hsY 28571428 29999999 0.000000
hsY 30000000 31428570 0.000000
hsY 31428571 32857141 0.000000
hsY 32857142 34285713 0.000000
hsY 34285714 35714284 0.000000
hsY 35714285 37142856 0.000000
hsY 37142857 38571427 0.000000
hsY 38571428 39999999 0.000000
hsY 40000000 41428570 0.000000
hsY 41428571 42857141 0.000000
hsY 42857142 44285713 0.000000
hsY 44285714 45714284 0.000000
hsY 45714285 47142856 0.000000
hsY 47142857 48571427 0.000000
hsY 48571428 49999999 0.000000
hsY 50000000 51428570 0.000000
hsY 51428571 52857141 0.000000
hsY 52857142 54285713 0.000000
hsY 54285714 55714284 0.000000
hsY 55714285 57142856 0.000000
hsY 57142857 58571427 0.063278
hs1 0 1428570 0.306968
hs1 1428571 2857141 0.614401
hs1 2857142 4285713 0.549219
hs1 4285714 5714284 0.098968
hs1 5714285 7142856 0.779480
hs1 7142857 8571427 0.701022
hs1 8571428 9999999 0.607937
hs1 10000000 11428570 0.684577
hs1 11428571 12857141 0.577709
hs1 12857142 14285713 0.232442
hs1 14285714 15714284 0.602716
hs1 15714285 17142856 0.550175
hs1 17142857 18571427 0.587329
hs1 18571428 19999999 0.542900
hs1 20000000 21428570 0.510513
hs1 21428571 22857141 0.534145
hs1 22857142 24285713 0.506946
hs1 24285714 25714284 0.516272
hs1 25714285 27142856 0.562871
hs1 27142857 28571427 0.561201
hs1 28571428 29999999 0.552073
hs1 30000000 31428570 0.150818
hs1 31428571 32857141 0.537438
hs1 32857142 34285713 0.713930
hs1 34285714 35714284 0.365788
hs1 35714285 37142856 0.539935
hs1 37142857 38571427 0.367634
hs1 38571428 39999999 0.482940
hs1 40000000 41428570 0.546269
hs1 41428571 42857141 0.550872
hs1 42857142 44285713 0.567064
hs1 44285714 45714284 0.725796
hs1 45714285 47142856 0.654849
hs1 47142857 48571427 0.266844
hs1 48571428 49999999 0.991831
hs1 50000000 51428570 0.694947
hs1 51428571 52857141 0.752542
hs1 52857142 54285713 0.680742
hs1 54285714 55714284 0.550145
hs1 55714285 57142856 0.213897
hs1 57142857 58571427 0.912147
hs1 58571428 59999999 0.413890
hs1 60000000 61428570 0.204648
hs1 61428571 62857141 0.718710
hs1 62857142 64285713 0.487551
hs1 64285714 65714284 0.642491
hs1 65714285 67142856 0.753411
hs1 67142857 68571427 0.458695
hs1 68571428 69999999 0.031961
hs1 70000000 71428570 0.574364
hs1 71428571 72857141 0.615758
hs1 72857142 74285713 0.014997
hs1 74285714 75714284 0.686113
hs1 75714285 77142856 0.634726
hs1 77142857 78571427 0.799859
hs1 78571428 79999999 0.170132
hs1 80000000 81428570 0.000000
hs1 81428571 82857141 0.134419
hs1 82857142 84285713 0.090845
hs1 84285714 85714284 0.629224
hs1 85714285 87142856 0.592021
hs1 87142857 88571427 0.185555
hs1 88571428 89999999 0.410520
hs1 90000000 91428570 0.183799
hs1 91428571 92857141 0.601682
hs1 92857142 94285713 0.575344
hs1 94285714 95714284 0.380869
hs1 95714285 97142856 0.065398
hs1 97142857 98571427 0.590393
hs1 98571428 99999999 0.252407
hs1 100000000 101428570 0.488278
hs1 101428571 102857141 0.155520
hs1 102857142 104285713 0.284010
hs1 104285714 105714284 0.242683
hs1 105714285 107142856 0.000000
hs1 107142857 108571427 0.565409
hs1 108571428 109999999 0.589045
hs1 110000000 111428570 0.234445
hs1 111428571 112857141 0.510133
hs1 112857142 114285713 0.563977
hs1 114285714 115714284 0.453476
hs1 115714285 117142856 0.328245
hs1 117142857 118571427 0.521405
hs1 118571428 119999999 0.199977
hs1 120000000 121428570 0.230782
hs1 121428571 122857141 0.000000
hs1 122857142 124285713 0.000000
hs1 124285714 125714284 0.000000
hs1 125714285 127142856 0.000000
hs1 127142857 128571427 0.000000
hs1 128571428 129999999 0.000000
hs1 130000000 131428570 0.000000
hs1 131428571 132857141 0.000000
hs1 132857142 134285713 0.000000
hs1 134285714 135714284 0.000000
hs1 135714285 137142856 0.000000
hs1 137142857 138571427 0.000000
hs1 138571428 139999999 0.000000
hs1 140000000 141428570 0.000000
hs1 141428571 142857141 0.055869
hs1 142857142 144285713 0.590565
hs1 144285714 145714284 0.433797
hs1 145714285 147142856 0.248536
hs1 147142857 148571427 0.273020
hs1 148571428 149999999 0.675287
hs1 150000000 151428570 0.174612
hs1 151428571 152857141 0.595581
hs1 152857142 154285713 0.697777
hs1 154285714 155714284 0.503656
hs1 155714285 157142856 0.270712
hs1 157142857 158571427 0.359938
hs1 158571428 159999999 0.462690
hs1 160000000 161428570 0.612633
hs1 161428571 162857141 0.074596
hs1 162857142 164285713 0.518246
hs1 164285714 165714284 0.390283
hs1 165714285 167142856 0.446108
hs1 167142857 168571427 0.547582
hs1 168571428 169999999 0.377597
hs1 170000000 171428570 0.520589
hs1 171428571 172857141 0.617903
hs1 172857142 174285713 0.700871
hs1 174285714 175714284 0.666245
hs1 175714285 177142856 0.454357
hs1 177142857 178571427 0.718327
hs1 178571428 179999999 0.568952
hs1 180000000 181428570 0.337196
hs1 181428571 182857141 0.705465
hs1 182857142 184285713 0.575916
hs1 184285714 185714284 0.318973
hs1 185714285 187142856 0.000000
hs1 187142857 188571427 0.166606
hs1 188571428 189999999 0.099368
hs1 190000000 191428570 0.191626
hs1 191428571 192857141 0.043395
hs1 192857142 194285713 0.000000
hs1 194285714 195714284 0.655026
hs1 195714285 197142856 0.412557
hs1 197142857 198571427 0.105540
hs1 198571428 199999999 0.475686
hs1 200000000 201428570 0.734738
hs1 201428571 202857141 0.448642
hs1 202857142 204285713 0.525189
hs1 204285714 205714284 0.470212
hs1 205714285 207142856 0.374166
hs1 207142857 208571427 0.308008
hs1 208571428 209999999 0.703715
hs1 210000000 211428570 0.557385
hs1 211428571 212857141 0.283956
hs1 212857142 214285713 0.660921
hs1 214285714 215714284 0.739192
hs1 215714285 217142856 0.380665
hs1 217142857 218571427 0.240757
hs1 218571428 219999999 0.183020
hs1 220000000 221428570 0.207855
hs1 221428571 222857141 0.457710
hs1 222857142 224285713 0.630943
hs1 224285714 225714284 0.527717
hs1 225714285 227142856 0.382077
hs1 227142857 228571427 0.348564
hs1 228571428 229999999 0.663734
hs1 230000000 231428570 0.618857
hs1 231428571 232857141 0.495882
hs1 232857142 234285713 0.528499
hs1 234285714 235714284 0.662723
hs1 235714285 237142856 0.300742
hs1 237142857 238571427 0.370977
hs1 238571428 239999999 0.766831
hs1 240000000 241428570 0.442945
hs1 241428571 242857141 0.635601
hs1 242857142 244285713 0.776533
hs1 244285714 245714284 0.610164
hs1 245714285 247142856 0.207724
hs1 247142857 248571427 0.009033
hs19 0 1428570 0.557504
hs19 1428571 2857141 0.668296
hs19 2857142 4285713 0.690910
hs19 4285714 5714284 0.616764
hs19 5714285 7142856 0.609349
hs19 7142857 8571427 0.583628
hs19 8571428 9999999 0.408309
hs19 10000000 11428570 0.735242
hs19 11428571 12857141 0.511513
hs19 12857142 14285713 0.592623
hs19 14285714 15714284 0.477548
hs19 15714285 17142856 0.641213
hs19 17142857 18571427 0.657171
hs19 18571428 19999999 0.754447
hs19 20000000 21428570 0.309503
hs19 21428571 22857141 0.202905
hs19 22857142 24285713 0.140576
hs19 24285714 25714284 0.000000
hs19 25714285 27142856 0.000000
hs19 27142857 28571427 0.000000
hs19 28571428 29999999 0.000000
hs19 30000000 31428570 0.000000
hs19 31428571 32857141 0.000000
hs19 32857142 34285713 0.005226
hs19 34285714 35714284 0.228234
hs19 35714285 37142856 0.070973
hs19 37142857 38571427 0.466115
hs19 38571428 39999999 0.431378
hs19 40000000 41428570 0.489672
hs19 41428571 42857141 0.551786
hs19 42857142 44285713 0.717890
hs19 44285714 45714284 0.489973
hs19 45714285 47142856 0.484284
hs19 47142857 48571427 0.386600
hs19 48571428 49999999 0.518636
hs19 50000000 51428570 0.567538
hs19 51428571 52857141 0.524247
hs19 52857142 54285713 0.685844
hs19 54285714 55714284 0.714529
hs19 55714285 57142856 0.420810
hs19 57142857 58571427 0.582279
hs19 58571428 59999999 0.503811
hs19 60000000 61428570 0.637063
hs19 61428571 62857141 0.386205
hs19 62857142 64285713 0.354220
hs2 0 1428570 0.372053
hs2 1428571 2857141 0.531726
hs2 2857142 4285713 0.296286
hs2 4285714 5714284 0.000000
hs2 5714285 7142856 0.159147
hs2 7142857 8571427 0.038072
hs2 8571428 9999999 0.520059
hs2 10000000 11428570 0.498443
hs2 11428571 12857141 0.174408
hs2 12857142 14285713 0.000000
hs2 14285714 15714284 0.308867
hs2 15714285 17142856 0.087275
hs2 17142857 18571427 0.209975
hs2 18571428 19999999 0.050068
hs2 20000000 21428570 0.292513
hs2 21428571 22857141 0.000000
hs2 22857142 24285713 0.491109
hs2 24285714 25714284 0.693395
hs2 25714285 27142856 0.713334
hs2 27142857 28571427 0.726102
hs2 28571428 29999999 0.835491
hs2 30000000 31428570 0.454153
hs2 31428571 32857141 0.636985
hs2 32857142 34285713 0.540140
hs2 34285714 35714284 0.000000
hs2 35714285 37142856 0.390786
hs2 37142857 38571427 0.392300
hs2 38571428 39999999 0.515066
hs2 40000000 41428570 0.280204
hs2 41428571 42857141 0.271851
hs2 42857142 44285713 0.536797
hs2 44285714 45714284 0.532598
hs2 45714285 47142856 0.686499
hs2 47142857 48571427 0.338625
hs2 48571428 49999999 0.371696
hs2 50000000 51428570 0.779225
hs2 51428571 52857141 0.000000
hs2 52857142 54285713 0.385085
hs2 54285714 55714284 0.700507
hs2 55714285 57142856 0.224002
hs2 57142857 58571427 0.136827
hs2 58571428 59999999 0.000000
hs2 60000000 61428570 0.392775
hs2 61428571 62857141 0.420707
hs2 62857142 64285713 0.697450
hs2 64285714 65714284 0.261035
hs2 65714285 67142856 0.096153
hs2 67142857 68571427 0.174523
hs2 68571428 69999999 0.624708
hs2 70000000 71428570 0.413157
hs2 71428571 72857141 0.655241
hs2 72857142 74285713 0.578969
hs2 74285714 75714284 0.485778
hs2 75714285 77142856 0.264739
hs2 77142857 78571427 0.322192
hs2 78571428 79999999 0.294616
hs2 80000000 81428570 0.512389
hs2 81428571 82857141 0.000000
hs2 82857142 84285713 0.000678
hs2 84285714 85714284 0.564761
hs2 85714285 87142856 0.656792
hs2 87142857 88571427 0.350827
hs2 88571428 89999999 0.123017
hs2 90000000 91428570 0.021038
hs2 91428571 92857141 0.000936
hs2 92857142 94285713 0.000000
hs2 94285714 95714284 0.228767
hs2 95714285 97142856 0.388632
hs2 97142857 98571427 0.643953
hs2 98571428 99999999 0.804360
hs2 100000000 101428570 0.492593
hs2 101428571 102857141 0.475060
hs2 102857142 104285713 0.000000
hs2 104285714 105714284 0.204476
hs2 105714285 107142856 0.291903
hs2 107142857 108571427 0.144146
hs2 108571428 109999999 0.788191
hs2 110000000 111428570 0.622215
hs2 111428571 112857141 0.572274
hs2 112857142 114285713 0.392052
hs2 114285714 115714284 0.606584
hs2 115714285 117142856 0.423157
hs2 117142857 118571427 0.087613
hs2 118571428 119999999 0.193738
hs2 120000000 121428570 0.495611
hs2 121428571 122857141 0.308606
hs2 122857142 124285713 0.000000
hs2 124285714 125714284 0.623001
hs2 125714285 127142856 0.008893
hs2 127142857 128571427 0.441230
hs2 128571428 129999999 0.105986
hs2 130000000 131428570 0.200722
hs2 131428571 132857141 0.328107
hs2 132857142 134285713 0.807394
hs2 134285714 135714284 0.548372
hs2 135714285 137142856 0.488048
hs2 137142857 138571427 0.517269
hs2 138571428 139999999 0.129074
hs2 140000000 141428570 0.506174
hs2 141428571 142857141 0.824019
hs2 142857142 144285713 0.562601
hs2 144285714 145714284 0.365765
hs2 145714285 147142856 0.095238
hs2 147142857 148571427 0.174727
hs2 148571428 149999999 0.757668
hs2 150000000 151428570 0.053228
hs2 151428571 152857141 0.507649
hs2 152857142 154285713 0.297702
hs2 154285714 155714284 0.517992
hs2 155714285 157142856 0.105694
hs2 157142857 158571427 0.247385
hs2 158571428 159999999 0.763867
hs2 160000000 161428570 0.566672
hs2 161428571 162857141 0.533779
hs2 162857142 164285713 0.437769
hs2 164285714 165714284 0.294090
hs2 165714285 167142856 0.630571
hs2 167142857 168571427 0.322789
hs2 168571428 169999999 0.729136
hs2 170000000 171428570 0.743488
hs2 171428571 172857141 0.568543
hs2 172857142 174285713 0.460882
hs2 174285714 175714284 0.551267
hs2 175714285 177142856 0.146187
hs2 177142857 178571427 0.482278
hs2 178571428 179999999 0.829961
hs2 180000000 181428570 0.337242
hs2 181428571 182857141 0.420764
hs2 182857142 184285713 0.354696
hs2 184285714 185714284 0.238786
hs2 185714285 187142856 0.082507
hs2 187142857 188571427 0.264385
hs2 188571428 189999999 0.382297
hs2 190000000 191428570 0.448312
hs2 191428571 192857141 0.489584
hs2 192857142 194285713 0.018939
hs2 194285714 195714284 0.000000
hs2 195714285 197142856 0.574471
hs2 197142857 198571427 0.653589
hs2 198571428 199999999 0.216269
hs2 200000000 201428570 0.393532
hs2 201428571 202857141 0.672356
hs2 202857142 204285713 0.722473
hs2 204285714 205714284 0.456132
hs2 205714285 207142856 0.652490
hs2 207142857 208571427 0.430984
hs2 208571428 209999999 0.185434
hs2 210000000 211428570 0.711015
hs2 211428571 212857141 0.635919
hs2 212857142 214285713 0.584383
hs2 214285714 215714284 0.804995
hs2 215714285 217142856 0.373300
hs2 217142857 218571427 0.470356
hs2 218571428 219999999 0.616293
hs2 220000000 221428570 0.112023
hs2 221428571 222857141 0.166990
hs2 222857142 224285713 0.259267
hs2 224285714 225714284 0.450040
hs2 225714285 227142856 0.177194
hs2 227142857 228571427 0.567226
hs2 228571428 229999999 0.349972
hs2 230000000 231428570 0.717799
hs2 231428571 232857141 0.535282
hs2 232857142 234285713 0.841704
hs2 234285714 235714284 0.514609
hs2 235714285 237142856 0.620556
hs2 237142857 238571427 0.338383
hs2 238571428 239999999 0.475247
hs2 240000000 241428570 0.257110
hs2 241428571 242857141 0.585077
hs8 0 1428570 0.156687
hs8 1428571 2857141 0.402382
hs8 2857142 4285713 1.000000
hs8 4285714 5714284 0.387816
hs8 5714285 7142856 0.306756
hs8 7142857 8571427 0.262593
hs8 8571428 9999999 0.305693
hs8 10000000 11428570 0.720446
hs8 11428571 12857141 0.292978
hs8 12857142 14285713 0.561043
hs8 14285714 15714284 0.755154
hs8 15714285 17142856 0.187469
hs8 17142857 18571427 0.589784
hs8 18571428 19999999 0.537704
hs8 20000000 21428570 0.050389
hs8 21428571 22857141 0.661970
hs8 22857142 24285713 0.310785
hs8 24285714 25714284 0.289820
hs8 25714285 27142856 0.363266
hs8 27142857 28571427 0.636936
hs8 28571428 29999999 0.424367
hs8 30000000 31428570 0.465531
hs8 31428571 32857141 0.787704
hs8 32857142 34285713 0.112593
hs8 34285714 35714284 0.351238
hs8 35714285 37142856 0.146469
hs8 37142857 38571427 0.355315
hs8 38571428 39999999 0.701770
hs8 40000000 41428570 0.291605
hs8 41428571 42857141 0.590309
hs8 42857142 44285713 0.237871
hs8 44285714 45714284 0.000000
hs8 45714285 47142856 0.000000
hs8 47142857 48571427 0.175165
hs8 48571428 49999999 0.365479
hs8 50000000 51428570 0.311614
hs8 51428571 52857141 0.631304
hs8 52857142 54285713 0.372740
hs8 54285714 55714284 0.282600
hs8 55714285 57142856 0.453711
hs8 57142857 58571427 0.092635
hs8 58571428 59999999 0.301625
hs8 60000000 61428570 0.200798
hs8 61428571 62857141 0.503976
hs8 62857142 64285713 0.589220
hs8 64285714 65714284 0.036280
hs8 65714285 67142856 0.299359
hs8 67142857 68571427 0.599393
hs8 68571428 69999999 0.637108
hs8 70000000 71428570 0.432819
hs8 71428571 72857141 0.244000
hs8 72857142 74285713 0.517343
hs8 74285714 75714284 0.435592
hs8 75714285 77142856 0.075151
hs8 77142857 78571427 0.195434
hs8 78571428 79999999 0.149535
hs8 80000000 81428570 0.214094
hs8 81428571 82857141 0.364003
hs8 82857142 84285713 0.029893
hs8 84285714 85714284 0.319395
hs8 85714285 87142856 0.353102
hs8 87142857 88571427 0.682121
hs8 88571428 89999999 0.205509
hs8 90000000 91428570 0.129909
hs8 91428571 92857141 0.364498
hs8 92857142 94285713 0.153235
hs8 94285714 95714284 0.268187
hs8 95714285 97142856 0.221082
hs8 97142857 98571427 0.519842
hs8 98571428 99999999 0.628783
hs8 100000000 101428570 0.829851
hs8 101428571 102857141 0.311971
hs8 102857142 104285713 0.504696
hs8 104285714 105714284 0.751774
hs8 105714285 107142856 0.339934
hs8 107142857 108571427 0.513629
hs8 108571428 109999999 0.200951
hs8 110000000 111428570 0.317955
hs8 111428571 112857141 0.000000
hs8 112857142 114285713 0.687032
hs8 114285714 115714284 0.162893
hs8 115714285 117142856 0.182353
hs8 117142857 118571427 0.266237
hs8 118571428 119999999 0.535139
hs8 120000000 121428570 0.503254
hs8 121428571 122857141 0.323887
hs8 122857142 124285713 0.227335
hs8 124285714 125714284 0.555257
hs8 125714285 127142856 0.339881
hs8 127142857 128571427 0.032309
hs8 128571428 129999999 0.218709
hs8 130000000 131428570 0.303238
hs8 131428571 132857141 0.220583
hs8 132857142 134285713 0.781291
hs8 134285714 135714284 0.251973
hs8 135714285 137142856 0.235249
hs8 137142857 138571427 0.000000
hs8 138571428 139999999 0.484793
hs8 140000000 141428570 0.495111
hs8 141428571 142857141 0.521653
hs8 142857142 144285713 0.298496
hs8 144285714 145714284 0.541771
hs8 145714285 147142856 0.185536
hs6 0 1428570 0.305453
hs6 1428571 2857141 0.538708
hs6 2857142 4285713 0.337014
hs6 4285714 5714284 0.644237
hs6 5714285 7142856 0.434856
hs6 7142857 8571427 0.374850
hs6 8571428 9999999 0.001149
hs6 10000000 11428570 0.428796
hs6 11428571 12857141 0.254359
hs6 12857142 14285713 0.655958
hs6 14285714 15714284 0.251297
hs6 15714285 17142856 0.416836
hs6 17142857 18571427 0.504328
hs6 18571428 19999999 0.006160
hs6 20000000 21428570 0.631045
hs6 21428571 22857141 0.384650
hs6 22857142 24285713 0.018969
hs6 24285714 25714284 0.686959
hs6 25714285 27142856 0.367434
hs6 27142857 28571427 0.182953
hs6 28571428 29999999 0.133196
hs6 30000000 31428570 0.368510
hs6 31428571 32857141 0.536654
hs6 32857142 34285713 0.394764
hs6 34285714 35714284 0.674299
hs6 35714285 37142856 0.655144
hs6 37142857 38571427 0.672288
hs6 38571428 39999999 0.780994
hs6 40000000 41428570 0.262061
hs6 41428571 42857141 0.627707
hs6 42857142 44285713 0.544226
hs6 44285714 45714284 0.657587
hs6 45714285 47142856 0.485916
hs6 47142857 48571427 0.369283
hs6 48571428 49999999 0.132559
hs6 50000000 51428570 0.080088
hs6 51428571 52857141 0.536761
hs6 52857142 54285713 0.473932
hs6 54285714 55714284 0.350465
hs6 55714285 57142856 0.459987
hs6 57142857 58571427 0.293391
hs6 58571428 59999999 0.000000
hs6 60000000 61428570 0.000000
hs6 61428571 62857141 0.286523
hs6 62857142 64285713 0.168661
hs6 64285714 65714284 0.914199
hs6 65714285 67142856 0.532812
hs6 67142857 68571427 0.000000
hs6 68571428 69999999 0.418354
hs6 70000000 71428570 0.616029
hs6 71428571 72857141 0.359573
hs6 72857142 74285713 0.732742
hs6 74285714 75714284 0.136453
hs6 75714285 77142856 0.548469
hs6 77142857 78571427 0.000822
hs6 78571428 79999999 0.145130
hs6 80000000 81428570 0.305440
hs6 81428571 82857141 0.004888
hs6 82857142 84285713 0.427681
hs6 84285714 85714284 0.320799
hs6 85714285 87142856 0.120422
hs6 87142857 88571427 0.394512
hs6 88571428 89999999 0.339469
hs6 90000000 91428570 0.702121
hs6 91428571 92857141 0.000000
hs6 92857142 94285713 0.125695
hs6 94285714 95714284 0.048580
hs6 95714285 97142856 0.203507
hs6 97142857 98571427 0.303504
hs6 98571428 99999999 0.152856
hs6 100000000 101428570 0.433709
hs6 101428571 102857141 0.474911
hs6 102857142 104285713 0.000000
hs6 104285714 105714284 0.209838
hs6 105714285 107142856 0.270596
hs6 107142857 108571427 0.662661
hs6 108571428 109999999 0.659455
hs6 110000000 111428570 0.580055
hs6 111428571 112857141 0.569663
hs6 112857142 114285713 0.000346
hs6 114285714 115714284 0.045655
hs6 115714285 117142856 0.443565
hs6 117142857 118571427 0.474984
hs6 118571428 119999999 0.582459
hs6 120000000 121428570 0.000000
hs6 121428571 122857141 0.247493
hs6 122857142 124285713 0.605105
hs6 124285714 125714284 0.835983
hs6 125714285 127142856 0.165781
hs6 127142857 128571427 0.504945
hs6 128571428 129999999 0.703941
hs6 130000000 131428570 0.379833
hs6 131428571 132857141 0.384861
hs6 132857142 134285713 0.334736
hs6 134285714 135714284 0.336554
hs6 135714285 137142856 1.247368
hs6 137142857 138571427 0.209336
hs6 138571428 139999999 0.425251
hs6 140000000 141428570 0.000000
hs6 141428571 142857141 0.161853
hs6 142857142 144285713 0.690077
hs6 144285714 145714284 0.524341
hs6 145714285 147142856 0.566114
hs6 147142857 148571427 0.197486
hs6 148571428 149999999 0.545243
hs6 150000000 151428570 0.572610
hs6 151428571 152857141 0.811886
hs6 152857142 154285713 0.229397
hs6 154285714 155714284 0.617026
hs6 155714285 157142856 0.043846
hs6 157142857 158571427 0.736450
hs6 158571428 159999999 0.439123
hs6 160000000 161428570 0.528395
hs6 161428571 162857141 0.941006
hs6 162857142 164285713 0.684942
hs6 164285714 165714284 0.058435
hs6 165714285 167142856 0.561226
hs6 167142857 168571427 0.308187
hs6 168571428 169999999 0.418218
hs6 170000000 171428570 0.111362
hs14 0 1428570 0.000000
hs14 1428571 2857141 0.000000
hs14 2857142 4285713 0.000000
hs14 4285714 5714284 0.000000
hs14 5714285 7142856 0.000000
hs14 7142857 8571427 0.000000
hs14 8571428 9999999 0.000000
hs14 10000000 11428570 0.000000
hs14 11428571 12857141 0.000000
hs14 12857142 14285713 0.000000
hs14 14285714 15714284 0.000000
hs14 15714285 17142856 0.000000
hs14 17142857 18571427 0.000687
hs14 18571428 19999999 0.143466
hs14 20000000 21428570 0.283928
hs14 21428571 22857141 0.237093
hs14 22857142 24285713 0.324001
hs14 24285714 25714284 0.166455
hs14 25714285 27142856 0.106311
hs14 27142857 28571427 0.017274
hs14 28571428 29999999 0.245850
hs14 30000000 31428570 0.634756
hs14 31428571 32857141 0.676512
hs14 32857142 34285713 0.447430
hs14 34285714 35714284 0.521359
hs14 35714285 37142856 0.658573
hs14 37142857 38571427 0.005515
hs14 38571428 39999999 0.185020
hs14 40000000 41428570 0.197441
hs14 41428571 42857141 0.010454
hs14 42857142 44285713 0.002204
hs14 44285714 45714284 0.227876
hs14 45714285 47142856 0.535563
hs14 47142857 48571427 0.049617
hs14 48571428 49999999 0.408728
hs14 50000000 51428570 0.558991
hs14 51428571 52857141 0.513489
hs14 52857142 54285713 0.188635
hs14 54285714 55714284 0.441932
hs14 55714285 57142856 0.341185
hs14 57142857 58571427 0.337027
hs14 58571428 59999999 0.494653
hs14 60000000 61428570 0.497827
hs14 61428571 62857141 0.422749
hs14 62857142 64285713 0.668193
hs14 64285714 65714284 0.441726
hs14 65714285 67142856 0.704078
hs14 67142857 68571427 0.746005
hs14 68571428 69999999 0.612663
hs14 70000000 71428570 0.394568
hs14 71428571 72857141 0.826933
hs14 72857142 74285713 0.698626
hs14 74285714 75714284 0.795014
hs14 75714285 77142856 0.465179
hs14 77142857 78571427 0.611142
hs14 78571428 79999999 0.590621
hs14 80000000 81428570 0.604908
hs14 81428571 82857141 0.000000
hs14 82857142 84285713 0.000000
hs14 84285714 85714284 0.068449
hs14 85714285 87142856 0.000000
hs14 87142857 88571427 0.448523
hs14 88571428 89999999 0.641245
hs14 90000000 91428570 0.743549
hs14 91428571 92857141 0.681362
hs14 92857142 94285713 0.595388
hs14 94285714 95714284 0.275578
hs14 95714285 97142856 0.268358
hs14 97142857 98571427 0.041065
hs14 98571428 99999999 0.571297
hs14 100000000 101428570 0.223757
hs14 101428571 102857141 0.659559
hs14 102857142 104285713 0.471270
hs14 104285714 105714284 0.320858
hs14 105714285 107142856 0.009642
hs17 0 1428570 0.693083
hs17 1428571 2857141 0.813771
hs17 2857142 4285713 0.590451
hs17 4285714 5714284 0.560484
hs17 5714285 7142856 0.373304
hs17 7142857 8571427 0.604666
hs17 8571428 9999999 0.846772
hs17 10000000 11428570 0.449058
hs17 11428571 12857141 0.587532
hs17 12857142 14285713 0.209691
hs17 14285714 15714284 0.202897
hs17 15714285 17142856 0.623843
hs17 17142857 18571427 0.636173
hs17 18571428 19999999 0.559239
hs17 20000000 21428570 0.370716
hs17 21428571 22857141 0.044563
hs17 22857142 24285713 0.586720
hs17 24285714 25714284 0.769455
hs17 25714285 27142856 0.602594
hs17 27142857 28571427 0.679692
hs17 28571428 29999999 0.709912
hs17 30000000 31428570 0.488779
hs17 31428571 32857141 0.512728
hs17 32857142 34285713 0.485448
hs17 34285714 35714284 0.687975
hs17 35714285 37142856 0.278383
hs17 37142857 38571427 0.708040
hs17 38571428 39999999 0.525848
hs17 40000000 41428570 0.565428
hs17 41428571 42857141 0.645069
hs17 42857142 44285713 0.558914
hs17 44285714 45714284 0.430529
hs17 45714285 47142856 0.510871
hs17 47142857 48571427 0.314664
hs17 48571428 49999999 0.001635
hs17 50000000 51428570 0.281243
hs17 51428571 52857141 0.471646
hs17 52857142 54285713 0.624546
hs17 54285714 55714284 0.731049
hs17 55714285 57142856 0.734584
hs17 57142857 58571427 0.603338
hs17 58571428 59999999 0.746173
hs17 60000000 61428570 0.549060
hs17 61428571 62857141 0.740303
hs17 62857142 64285713 0.571004
hs17 64285714 65714284 0.430964
hs17 65714285 67142856 0.000000
hs17 67142857 68571427 0.296205
hs17 68571428 69999999 0.487638
hs17 70000000 71428570 0.713092
hs17 71428571 72857141 0.608598
hs17 72857142 74285713 0.482134
hs17 74285714 75714284 0.551377
hs17 75714285 77142856 0.779216
hs17 77142857 78571427 0.724517
hs17 78571428 79999999 0.032694
hs21 0 1428570 0.000000
hs21 1428571 2857141 0.000000
hs21 2857142 4285713 0.000000
hs21 4285714 5714284 0.000000
hs21 5714285 7142856 0.000000
hs21 7142857 8571427 0.000000
hs21 8571428 9999999 0.049971
hs21 10000000 11428570 0.256392
hs21 11428571 12857141 0.000000
hs21 12857142 14285713 0.107378
hs21 14285714 15714284 0.220281
hs21 15714285 17142856 0.482575
hs21 17142857 18571427 0.128982
hs21 18571428 19999999 0.088490
hs21 20000000 21428570 0.137607
hs21 21428571 22857141 0.283160
hs21 22857142 24285713 0.000000
hs21 24285714 25714284 0.023997
hs21 25714285 27142856 0.404386
hs21 27142857 28571427 0.061539
hs21 28571428 29999999 0.417560
hs21 30000000 31428570 0.198416
hs21 31428571 32857141 0.645171
hs21 32857142 34285713 0.548144
hs21 34285714 35714284 0.434489
hs21 35714285 37142856 0.365926
hs21 37142857 38571427 0.639554
hs21 38571428 39999999 0.454549
hs21 40000000 41428570 0.667356
hs21 41428571 42857141 0.607491
hs21 42857142 44285713 0.497436
hs21 44285714 45714284 0.646934
hs21 45714285 47142856 0.476255
