hsX 0 1219511 0.094401
hsX 1219512 2439023 0.495701
hsX 2439024 3658535 0.421879
hsX 3658536 4878047 0.000000
hsX 4878048 6097559 0.229172
hsX 6097560 7317072 0.242008
hsX 7317073 8536584 0.093182
hsX 8536585 9756096 0.394346
hsX 9756097 10975608 0.589549
hsX 10975609 12195120 0.568686
hsX 12195121 13414633 0.480357
hsX 13414634 14634145 0.426549
hsX 14634146 15853657 0.493236
hsX 15853658 17073169 0.397743
hsX 17073170 18292681 0.509153
hsX 18292682 19512194 0.697588
hsX 19512195 20731706 0.498990
hsX 20731707 21951218 0.359162
hsX 21951219 23170730 0.179741
hsX 23170731 24390242 0.302295
hsX 24390243 25609755 0.422662
hsX 25609756 26829267 0.006821
hsX 26829268 28048779 0.019376
hsX 28048780 29268291 0.617207
hsX 29268292 30487803 0.527822
hsX 30487804 31707316 0.670942
hsX 31707317 32926828 1.000000
hsX 32926829 34146340 0.281587
hsX 34146341 35365852 0.026526
hsX 35365853 36585364 0.265134
hsX 36585365 37804877 0.295512
hsX 37804878 39024389 0.327678
hsX 39024390 40243901 0.103390
hsX 40243902 41463413 0.445189
hsX 41463414 42682925 0.172750
hsX 42682926 43902438 0.198270
hsX 43902439 45121950 0.408037
hsX 45121951 46341462 0.083166
hsX 46341463 47560974 0.519290
hsX 47560975 48780486 0.392758
hsX 48780487 49999999 0.978868
hsX 50000000 51219511 0.330681
hsX 51219512 52439023 0.164115
hsX 52439024 53658535 0.404882
hsX 53658536 54878047 0.500925
hsX 54878048 56097559 0.153078
hsX 56097560 57317072 0.140246
hsX 57317073 58536584 0.174959
hsX 58536585 59756096 0.000000
hsX 59756097 60975608 0.000000
hsX 60975609 62195120 0.000000
hsX 62195121 63414633 0.263402
hsX 63414634 64634145 0.200553
hsX 64634146 65853657 0.205449
hsX 65853658 67073169 0.147803
hsX 67073170 68292681 0.423016
hsX 68292682 69512194 0.525457
hsX 69512195 70731706 0.641160
hsX 70731707 71951218 0.657626
hsX 71951219 73170730 0.297790
hsX 73170731 74390242 0.604055
hsX 74390243 75609755 0.163737
hsX 75609756 76829267 0.151465
hsX 76829268 78048779 0.340956
hsX 78048780 79268291 0.034485
hsX 79268292 80487803 0.356734
hsX 80487804 81707316 0.000000
hsX 81707317 82926828 0.001237
hsX 82926829 84146340 0.279770
hsX 84146341 85365852 0.409326
hsX 85365853 86585364 0.498895
hsX 86585365 87804877 0.124916
hsX 87804878 89024389 0.006198
hsX 89024390 90243901 0.000774
hsX 90243902 91463413 0.448119
hsX 91463414 92682925 0.247201
hsX 92682926 93902438 0.033571
hsX 93902439 95121950 0.000000
hsX 95121951 96341462 0.424354
hsX 96341463 97560974 0.328649
hsX 97560975 98780486 0.145330
hsX 98780487 99999999 0.461766
hsX 100000000 101219511 0.420654
hsX 101219512 102439023 0.455362
hsX 102439024 103658535 0.164674
hsX 103658536 104878047 0.969360
hsX 104878048 106097559 0.416351
hsX 106097560 107317072 0.441793
hsX 107317073 108536584 0.449022
hsX 108536585 109756096 0.524016
hsX 109756097 110975608 0.568797
hsX 110975609 112195120 0.614016
hsX 112195121 113414633 0.000000
hsX 113414634 114634145 0.397840
hsX 114634146 115853657 0.098758
hsX 115853658 117073169 0.129040
hsX 117073170 118292681 0.450893
hsX 118292682 119512194 0.353977
hsX 119512195 120731706 0.427229
hsX 120731707 121951218 0.000000
hsX 121951219 123170730 0.520770
hsX 123170731 124390242 0.504128
hsX 124390243 125609755 0.004981
hsX 125609756 126829267 0.001659
hsX 126829268 128048779 0.001182
hsX 128048780 129268291 0.398687
hsX 129268292 130487803 0.306088
hsX 130487804 131707316 0.400217
hsX 131707317 132926828 0.626301
hsX 132926829 134146340 0.295808
hsX 134146341 135365852 0.400001
hsX 135365853 136585364 0.157107
hsX 136585365 137804877 0.218505
hsX 137804878 139024389 0.481447
hsX 139024390 140243901 0.014458
hsX 140243902 141463413 0.060950
hsX 141463414 142682925 0.032721
hsX 142682926 143902438 0.000973
hsX 143902439 145121950 0.016027
hsX 145121951 146341462 0.002226
hsX 146341463 147560974 0.220083
hsX 147560975 148780486 0.394152
hsX 148780487 149999999 0.452463
hsX 150000000 151219511 0.270479
hsX 151219512 152439023 0.313385
hsX 152439024 153658535 0.604517
hsX 153658536 154878047 0.516035
hsX 154878048 156097559 0.010855
hs12 0 1219511 0.810053
hs12 1219512 2439023 0.839486
hs12 2439024 3658535 0.664231
hs12 3658536 4878047 0.401893
hs12 4878048 6097559 0.514343
hs12 6097560 7317072 0.588629
hs12 7317073 8536584 0.369499
hs12 8536585 9756096 0.376405
hs12 9756097 10975608 0.423610
hs12 10975609 12195120 0.669628
hs12 12195121 13414633 0.520557
hs12 13414634 14634145 0.509648
hs12 14634146 15853657 0.626347
hs12 15853658 17073169 0.257025
hs12 17073170 18292681 0.007637
hs12 18292682 19512194 0.588571
hs12 19512195 20731706 0.300064
hs12 20731707 21951218 0.642620
hs12 21951219 23170730 0.288572
hs12 23170731 24390242 0.667334
hs12 24390243 25609755 0.545746
hs12 25609756 26829267 0.572411
hs12 26829268 28048779 0.515876
hs12 28048780 29268291 0.240585
hs12 29268292 30487803 0.413786
hs12 30487804 31707316 0.397259
hs12 31707317 32926828 0.558727
hs12 32926829 34146340 0.069412
hs12 34146341 35365852 0.000000
hs12 35365853 36585364 0.000000
hs12 36585365 37804877 0.218442
hs12 37804878 39024389 0.643604
hs12 39024390 40243901 0.638032
hs12 40243902 41463413 0.346767
hs12 41463414 42682925 0.359039
hs12 42682926 43902438 0.722439
hs12 43902439 45121950 0.468181
hs12 45121951 46341462 0.076999
hs12 46341463 47560974 0.442828
hs12 47560975 48780486 0.568045
hs12 48780487 49999999 0.774819
hs12 50000000 51219511 0.483923
hs12 51219512 52439023 0.495148
hs12 52439024 53658535 0.386393
hs12 53658536 54878047 0.306343
hs12 54878048 56097559 0.546255
hs12 56097560 57317072 0.267847
hs12 57317073 58536584 0.115301
hs12 58536585 59756096 0.000000
hs12 59756097 60975608 0.426128
hs12 60975609 62195120 0.443106
hs12 62195121 63414633 0.652281
hs12 63414634 64634145 0.460338
hs12 64634146 65853657 0.398278
hs12 65853658 67073169 0.108039
hs12 67073170 68292681 0.389364
hs12 68292682 69512194 0.509824
hs12 69512195 70731706 0.468435
hs12 70731707 71951218 0.338576
hs12 71951219 73170730 0.000000
hs12 73170731 74390242 0.271598
hs12 74390243 75609755 0.211863
hs12 75609756 76829267 0.192152
hs12 76829268 78048779 0.466195
hs12 78048780 79268291 0.592921
hs12 79268292 80487803 0.736325
hs12 80487804 81707316 0.343523
hs12 81707317 82926828 0.282802
hs12 82926829 84146340 0.219279
hs12 84146341 85365852 0.449006
hs12 85365853 86585364 0.320587
hs12 86585365 87804877 0.249549
hs12 87804878 89024389 0.153424
hs12 89024390 90243901 0.080571
hs12 90243902 91463413 0.018981
hs12 91463414 92682925 0.336836
hs12 92682926 93902438 0.404655
hs12 93902439 95121950 0.560282
hs12 95121951 96341462 0.286845
hs12 96341463 97560974 0.119121
hs12 97560975 98780486 1.001597
hs12 98780487 99999999 0.696609
hs12 100000000 101219511 0.548565
hs12 101219512 102439023 0.295918
hs12 102439024 103658535 0.759687
hs12 103658536 104878047 0.315699
hs12 104878048 106097559 0.795649
hs12 106097560 107317072 0.467813
hs12 107317073 108536584 0.633277
hs12 108536585 109756096 0.626935
hs12 109756097 110975608 0.753839
hs12 110975609 112195120 0.645725
hs12 112195121 113414633 0.273666
hs12 113414634 114634145 0.011408
hs12 114634146 115853657 0.424227
hs12 115853658 117073169 0.791990
hs12 117073170 118292681 0.423291
hs12 118292682 119512194 0.699752
hs12 119512195 120731706 0.623994
hs12 120731707 121951218 0.782997
hs12 121951219 123170730 0.714532
hs12 123170731 124390242 0.404518
hs12 124390243 125609755 0.286676
hs12 125609756 126829267 0.000000
hs12 126829268 128048779 0.495521
hs12 128048780 129268291 0.692152
hs12 129268292 130487803 0.365184
hs12 130487804 131707316 0.503997
hs12 131707317 132926828 0.330097
hs11 0 1219511 0.533200
hs11 1219512 2439023 0.604276
hs11 2439024 3658535 0.641155
hs11 3658536 4878047 0.416329
hs11 4878048 6097559 0.173087
hs11 6097560 7317072 0.380962
hs11 7317073 8536584 0.552241
hs11 8536585 9756096 0.693945
hs11 9756097 10975608 0.641627
hs11 10975609 12195120 0.511200
hs11 12195121 13414633 0.575279
hs11 13414634 14634145 0.557781
hs11 14634146 15853657 0.308047
hs11 15853658 17073169 0.629926
hs11 17073170 18292681 0.570854
hs11 18292682 19512194 0.524363
hs11 19512195 20731706 0.719051
hs11 20731707 21951218 0.674120
hs11 21951219 23170730 0.237026
hs11 23170731 24390242 0.000000
hs11 24390243 25609755 0.480218
hs11 25609756 26829267 0.327514
hs11 26829268 28048779 0.444766
hs11 28048780 29268291 0.215497
hs11 29268292 30487803 0.123570
hs11 30487804 31707316 0.445694
hs11 31707317 32926828 0.365658
hs11 32926829 34146340 0.496180
hs11 34146341 35365852 0.527725
hs11 35365853 36585364 0.656163
hs11 36585365 37804877 0.042664
hs11 37804878 39024389 0.000000
hs11 39024390 40243901 0.124291
hs11 40243902 41463413 0.023238
hs11 41463414 42682925 0.000000
hs11 42682926 43902438 0.317247
hs11 43902439 45121950 0.430759
hs11 45121951 46341462 0.404914
hs11 46341463 47560974 0.855606
hs11 47560975 48780486 0.339324
hs11 48780487 49999999 0.259136
hs11 50000000 51219511 0.024699
hs11 51219512 52439023 0.001642
hs11 52439024 53658535 0.000000
hs11 53658536 54878047 0.008139
hs11 54878048 56097559 0.204556
hs11 56097560 57317072 0.407685
hs11 57317073 58536584 0.317010
hs11 58536585 59756096 0.232964
hs11 59756097 60975608 0.524570
hs11 60975609 62195120 0.530310
hs11 62195121 63414633 0.571038
hs11 63414634 64634145 0.641715
hs11 64634146 65853657 0.560778
hs11 65853658 67073169 0.672056
hs11 67073170 68292681 0.495168
hs11 68292682 69512194 0.179021
hs11 69512195 70731706 0.729154
hs11 70731707 71951218 0.423346
hs11 71951219 73170730 0.781999
hs11 73170731 74390242 0.693341
hs11 74390243 75609755 0.608689
hs11 75609756 76829267 0.585295
hs11 76829268 78048779 0.697861
hs11 78048780 79268291 0.640062
hs11 79268292 80487803 0.000000
hs11 80487804 81707316 0.000000
hs11 81707317 82926828 0.322215
hs11 82926829 84146340 1.000000
hs11 84146341 85365852 0.900099
hs11 85365853 86585364 0.515647
hs11 86585365 87804877 0.195580
hs11 87804878 89024389 0.772621
hs11 89024390 90243901 0.153406
hs11 90243902 91463413 0.000000
hs11 91463414 92682925 0.498382
hs11 92682926 93902438 0.478238
hs11 93902439 95121950 0.256684
hs11 95121951 96341462 0.459220
hs11 96341463 97560974 0.000000
hs11 97560975 98780486 0.314394
hs11 98780487 99999999 0.780802
hs11 100000000 101219511 0.440914
hs11 101219512 102439023 0.433696
hs11 102439024 103658535 0.540622
hs11 103658536 104878047 0.074820
hs11 104878048 106097559 0.384218
hs11 106097560 107317072 0.536260
hs11 107317073 108536584 0.684283
hs11 108536585 109756096 0.125298
hs11 109756097 110975608 0.271973
hs11 110975609 112195120 0.428666
hs11 112195121 113414633 0.526399
hs11 113414634 114634145 0.337965
hs11 114634146 115853657 0.201971
hs11 115853658 117073169 0.673719
hs11 117073170 118292681 0.582306
hs11 118292682 119512194 0.349697
hs11 119512195 120731706 0.622292
hs11 120731707 121951218 0.243193
hs11 121951219 123170730 0.446292
hs11 123170731 124390242 0.256652
hs11 124390243 125609755 0.561224
hs11 125609756 126829267 0.601084
hs11 126829268 128048779 0.105615
hs11 128048780 129268291 0.465320
hs11 129268292 130487803 0.339496
hs11 130487804 131707316 0.788624
hs11 131707317 132926828 0.920155
hs11 132926829 134146340 0.309514
hs22 0 1219511 0.000000
hs22 1219512 2439023 0.000000
hs22 2439024 3658535 0.000000
hs22 3658536 4878047 0.000000
hs22 4878048 6097559 0.000000
hs22 6097560 7317072 0.000000
hs22 7317073 8536584 0.000000
hs22 8536585 9756096 0.000000
hs22 9756097 10975608 0.000000
hs22 10975609 12195120 0.000000
hs22 12195121 13414633 0.000000
hs22 13414634 14634145 0.000000
hs22 14634146 15853657 0.125082
hs22 15853658 17073169 0.584908
hs22 17073170 18292681 0.528673
hs22 18292682 19512194 0.456508
hs22 19512195 20731706 0.495921
hs22 20731707 21951218 0.291547
hs22 21951219 23170730 0.596066
hs22 23170731 24390242 0.576422
hs22 24390243 25609755 1.121441
hs22 25609756 26829267 0.270101
hs22 26829268 28048779 0.855830
hs22 28048780 29268291 0.621371
hs22 29268292 30487803 0.670766
hs22 30487804 31707316 0.772306
hs22 31707317 32926828 0.594022
hs22 32926829 34146340 0.116163
hs22 34146341 35365852 0.541282
hs22 35365853 36585364 0.509614
hs22 36585365 37804877 0.616894
hs22 37804878 39024389 0.675819
hs22 39024390 40243901 0.681476
hs22 40243902 41463413 0.573649
hs22 41463414 42682925 0.748525
hs22 42682926 43902438 0.648654
hs22 43902439 45121950 0.622836
hs22 45121951 46341462 0.577563
hs22 46341463 47560974 0.229869
hs22 47560975 48780486 0.132208
hs22 48780487 49999999 0.507574
hs10 0 1219511 0.638404
hs10 1219512 2439023 0.476061
hs10 2439024 3658535 0.085551
hs10 3658536 4878047 0.051723
hs10 4878048 6097559 0.398429
hs10 6097560 7317072 0.321334
hs10 7317073 8536584 0.493797
hs10 8536585 9756096 0.000000
hs10 9756097 10975608 0.008591
hs10 10975609 12195120 0.604821
hs10 12195121 13414633 0.703941
hs10 13414634 14634145 0.692825
hs10 14634146 15853657 0.687420
hs10 15853658 17073169 0.460364
hs10 17073170 18292681 0.784326
hs10 18292682 19512194 0.496549
hs10 19512195 20731706 0.380271
hs10 20731707 21951218 0.424924
hs10 21951219 23170730 0.520496
hs10 23170731 24390242 0.439299
hs10 24390243 25609755 0.744124
hs10 25609756 26829267 0.615104
hs10 26829268 28048779 0.476833
hs10 28048780 29268291 0.441140
hs10 29268292 30487803 0.295498
hs10 30487804 31707316 0.282556
hs10 31707317 32926828 0.457802
hs10 32926829 34146340 0.410357
hs10 34146341 35365852 0.600903
hs10 35365853 36585364 0.386339
hs10 36585365 37804877 0.087504
hs10 37804878 39024389 0.195385
hs10 39024390 40243901 0.000000
hs10 40243902 41463413 0.000000
hs10 41463414 42682925 0.161718
hs10 42682926 43902438 0.232918
hs10 43902439 45121950 0.117413
hs10 45121951 46341462 0.523350
hs10 46341463 47560974 0.203240
hs10 47560975 48780486 0.226601
hs10 48780487 49999999 0.614366
hs10 50000000 51219511 0.658649
hs10 51219512 52439023 0.578007
hs10 52439024 53658535 1.003440
hs10 53658536 54878047 0.062685
hs10 54878048 56097559 0.709316
hs10 56097560 57317072 0.109468
hs10 57317073 58536584 0.003146
hs10 58536585 59756096 0.075611
hs10 59756097 60975608 0.453390
hs10 60975609 62195120 0.443994
hs10 62195121 63414633 0.313497
hs10 63414634 64634145 0.455330
hs10 64634146 65853657 0.300751
hs10 65853658 67073169 0.001108
hs10 67073170 68292681 0.773221
hs10 68292682 69512194 1.014367
hs10 69512195 70731706 0.722395
hs10 70731707 71951218 0.541403
hs10 71951219 73170730 0.598172
hs10 73170731 74390242 0.731688
hs10 74390243 75609755 0.751493
hs10 75609756 76829267 0.710546
hs10 76829268 78048779 0.643139
hs10 78048780 79268291 0.669086
hs10 79268292 80487803 0.232255
hs10 80487804 81707316 0.306168
hs10 81707317 82926828 0.296120
hs10 82926829 84146340 0.427459
hs10 84146341 85365852 0.484272
hs10 85365853 86585364 0.221052
hs10 86585365 87804877 0.373581
hs10 87804878 89024389 0.742840
hs10 89024390 90243901 0.525859
hs10 90243902 91463413 0.505803
hs10 91463414 92682925 0.183798
hs10 92682926 93902438 0.622148
hs10 93902439 95121950 0.569164
hs10 95121951 96341462 0.703163
hs10 96341463 97560974 0.619642
hs10 97560975 98780486 0.677309
hs10 98780487 99999999 0.699506
hs10 100000000 101219511 0.785913
hs10 101219512 102439023 0.546456
hs10 102439024 103658535 0.579218
hs10 103658536 104878047 0.783469
hs10 104878048 106097559 0.747425
hs10 106097560 107317072 0.594880
hs10 107317073 108536584 0.174804
hs10 108536585 109756096 0.309712
hs10 109756097 110975608 0.000000
hs10 110975609 112195120 0.229650
hs10 112195121 113414633 0.324041
hs10 113414634 114634145 0.450137
hs10 114634146 115853657 0.402135
hs10 115853658 117073169 0.711227
hs10 117073170 118292681 0.777073
hs10 118292682 119512194 0.396831
hs10 119512195 120731706 0.258134
hs10 120731707 121951218 0.565930
hs10 121951219 123170730 0.156830
hs10 123170731 124390242 0.696355
hs10 124390243 125609755 0.304628
hs10 125609756 126829267 0.531818
hs10 126829268 128048779 0.553207
hs10 128048780 129268291 0.603186
hs10 129268292 130487803 0.186466
hs10 130487804 131707316 0.351679
hs10 131707317 132926828 0.155303
hs10 132926829 134146340 0.313234
hs10 134146341 135365852 0.497357
hs7 0 1219511 0.481748
hs7 1219512 2439023 0.575282
hs7 2439024 3658535 0.627667
hs7 3658536 4878047 0.655136
hs7 4878048 6097559 0.617514
hs7 6097560 7317072 0.479476
hs7 7317073 8536584 0.545722
hs7 8536585 9756096 0.183748
hs7 9756097 10975608 0.005740
hs7 10975609 12195120 0.539161
hs7 12195121 13414633 0.152925
hs7 13414634 14634145 0.478176
hs7 14634146 15853657 0.533514
hs7 15853658 17073169 0.418584
hs7 17073170 18292681 0.162636
hs7 18292682 19512194 0.413667
hs7 19512195 20731706 0.282389
hs7 20731707 21951218 0.431206
hs7 21951219 23170730 0.383074
hs7 23170731 24390242 0.376184
hs7 24390243 25609755 0.339300
hs7 25609756 26829267 0.331469
hs7 26829268 28048779 0.446866
hs7 28048780 29268291 0.728854
hs7 29268292 30487803 0.557840
hs7 30487804 31707316 0.361281
hs7 31707317 32926828 0.342152
hs7 32926829 34146340 0.694143
hs7 34146341 35365852 0.738728
hs7 35365853 36585364 0.421762
hs7 36585365 37804877 0.607508
hs7 37804878 39024389 0.521108
hs7 39024390 40243901 0.699221
hs7 40243902 41463413 0.510844
hs7 41463414 42682925 0.308024
hs7 42682926 43902438 0.558429
hs7 43902439 45121950 0.660287
hs7 45121951 46341462 0.192408
hs7 46341463 47560974 0.216848
hs7 47560975 48780486 0.620867
hs7 48780487 49999999 0.159249
hs7 50000000 51219511 0.637342
hs7 51219512 52439023 0.108648
hs7 52439024 53658535 0.001041
hs7 53658536 54878047 0.028807
hs7 54878048 56097559 0.468244
hs7 56097560 57317072 0.079699
hs7 57317073 58536584 0.019175
hs7 58536585 59756096 0.000000
hs7 59756097 60975608 0.000000
hs7 60975609 62195120 0.000000
hs7 62195121 63414633 0.089819
hs7 63414634 64634145 0.315862
hs7 64634146 65853657 0.388095
hs7 65853658 67073169 0.337729
hs7 67073170 68292681 0.000000
hs7 68292682 69512194 0.664491
hs7 69512195 70731706 0.721280
hs7 70731707 71951218 0.820666
hs7 71951219 73170730 0.519119
hs7 73170731 74390242 0.670850
hs7 74390243 75609755 0.492426
hs7 75609756 76829267 0.519751
hs7 76829268 78048779 0.803996
hs7 78048780 79268291 0.715079
hs7 79268292 80487803 0.321235
hs7 80487804 81707316 0.293539
hs7 81707317 82926828 0.580725
hs7 82926829 84146340 0.349441
hs7 84146341 85365852 0.103629
hs7 85365853 86585364 0.331079
hs7 86585365 87804877 0.834480
hs7 87804878 89024389 0.474951
hs7 89024390 90243901 0.187790
hs7 90243902 91463413 0.411293
hs7 91463414 92682925 0.613806
hs7 92682926 93902438 0.287880
hs7 93902439 95121950 0.556072
hs7 95121951 96341462 0.450237
hs7 96341463 97560974 0.131452
hs7 97560975 98780486 0.512343
hs7 98780487 99999999 0.643137
hs7 100000000 101219511 0.497606
hs7 101219512 102439023 0.849938
hs7 102439024 103658535 0.826235
hs7 103658536 104878047 0.810109
hs7 104878048 106097559 0.429853
hs7 106097560 107317072 0.603991
hs7 107317073 108536584 0.486080
hs7 108536585 109756096 0.000810
hs7 109756097 110975608 0.754165
hs7 110975609 112195120 0.571354
hs7 112195121 113414633 0.159702
hs7 113414634 114634145 0.576029
hs7 114634146 115853657 0.117962
hs7 115853658 117073169 0.697159
hs7 117073170 118292681 0.183451
hs7 118292682 119512194 0.000000
hs7 119512195 120731706 0.722516
hs7 120731707 121951218 0.435880
hs7 121951219 123170730 0.533805
hs7 123170731 124390242 0.179680
hs7 124390243 125609755 0.000000
hs7 125609756 126829267 0.685759
hs7 126829268 128048779 0.472830
hs7 128048780 129268291 0.620656
hs7 129268292 130487803 0.581919
hs7 130487804 131707316 0.532326
hs7 131707317 132926828 0.748123
hs7 132926829 134146340 0.627148
hs7 134146341 135365852 0.661798
hs7 135365853 136585364 0.140411
hs7 136585365 137804877 0.597933
hs7 137804878 139024389 0.743861
hs7 139024390 140243901 0.714478
hs7 140243902 141463413 0.327749
hs7 141463414 142682925 0.161702
hs7 142682926 143902438 0.320804
hs7 143902439 145121950 0.214546
hs7 145121951 146341462 0.735604
hs7 146341463 147560974 1.000087
hs7 147560975 148780486 0.481566
hs7 148780487 149999999 0.342656
hs7 150000000 151219511 0.661693
hs7 151219512 152439023 0.487171
hs7 152439024 153658535 0.363412
hs7 153658536 154878047 0.629999
hs7 154878048 156097559 0.152760
hs7 156097560 157317072 0.642712
hs7 157317073 158536584 0.868281
hs7 158536585 159756096 0.076937
hs4 0 1219511 0.697446
hs4 1219512 2439023 0.614406
hs4 2439024 3658535 0.644986
hs4 3658536 4878047 0.226429
hs4 4878048 6097559 0.683546
hs4 6097560 7317072 0.596115
hs4 7317073 8536584 0.879007
hs4 8536585 9756096 0.258812
hs4 9756097 10975608 0.173906
hs4 10975609 12195120 0.025130
hs4 12195121 13414633 0.152446
hs4 13414634 14634145 0.017016
hs4 14634146 15853657 0.531436
hs4 15853658 17073169 0.338261
hs4 17073170 18292681 0.369389
hs4 18292682 19512194 0.000000
hs4 19512195 20731706 0.644504
hs4 20731707 21951218 0.686844
hs4 21951219 23170730 0.209363
hs4 23170731 24390242 0.127310
hs4 24390243 25609755 0.449801
hs4 25609756 26829267 0.374772
hs4 26829268 28048779 0.000000
hs4 28048780 29268291 0.000000
hs4 29268292 30487803 0.128469
hs4 30487804 31707316 0.221169
hs4 31707317 32926828 0.000000
hs4 32926829 34146340 0.000000
hs4 34146341 35365852 0.000000
hs4 35365853 36585364 0.198845
hs4 36585365 37804877 0.583987
hs4 37804878 39024389 0.443626
hs4 39024390 40243901 0.615248
hs4 40243902 41463413 0.740558
hs4 41463414 42682925 0.538376
hs4 42682926 43902438 0.062540
hs4 43902439 45121950 0.261712
hs4 45121951 46341462 0.187594
hs4 46341463 47560974 0.841478
hs4 47560975 48780486 0.701441
hs4 48780487 49999999 0.000000
hs4 50000000 51219511 0.000000
hs4 51219512 52439023 0.028693
hs4 52439024 53658535 0.348889
hs4 53658536 54878047 0.499936
hs4 54878048 56097559 0.237785
hs4 56097560 57317072 0.497091
hs4 57317073 58536584 0.149238
hs4 58536585 59756096 0.000000
hs4 59756097 60975608 0.000000
hs4 60975609 62195120 0.122744
hs4 62195121 63414633 0.349027
hs4 63414634 64634145 0.000000
hs4 64634146 65853657 0.107416
hs4 65853658 67073169 0.287306
hs4 67073170 68292681 0.192756
hs4 68292682 69512194 0.392425
hs4 69512195 70731706 0.222192
hs4 70731707 71951218 0.329137
hs4 71951219 73170730 0.495955
hs4 73170731 74390242 0.450133
hs4 74390243 75609755 0.254166
hs4 75609756 76829267 0.262067
hs4 76829268 78048779 0.724080
hs4 78048780 79268291 0.407098
hs4 79268292 80487803 0.525803
hs4 80487804 81707316 0.397093
hs4 81707317 82926828 0.479210
hs4 82926829 84146340 0.399423
hs4 84146341 85365852 0.230422
hs4 85365853 86585364 0.336558
hs4 86585365 87804877 0.849468
hs4 87804878 89024389 0.561318
hs4 89024390 90243901 0.620400
hs4 90243902 91463413 0.357074
hs4 91463414 92682925 1.000516
hs4 92682926 93902438 0.424214
hs4 93902439 95121950 0.829266
hs4 95121951 96341462 0.637611
hs4 96341463 97560974 0.286271
hs4 97560975 98780486 0.066779
hs4 98780487 99999999 0.716442
hs4 100000000 101219511 0.388813
hs4 101219512 102439023 0.330259
hs4 102439024 103658535 0.364335
hs4 103658536 104878047 0.617386
hs4 104878048 106097559 0.015683
hs4 106097560 107317072 0.566116
hs4 107317073 108536584 0.236445
hs4 108536585 109756096 0.387091
hs4 109756097 110975608 0.728837
hs4 110975609 112195120 0.317796
hs4 112195121 113414633 0.067243
hs4 113414634 114634145 0.725784
hs4 114634146 115853657 0.349744
hs4 115853658 117073169 0.234608
hs4 117073170 118292681 0.001699
hs4 118292682 119512194 0.243531
hs4 119512195 120731706 0.486810
hs4 120731707 121951218 0.132022
hs4 121951219 123170730 0.382144
hs4 123170731 124390242 0.573490
hs4 124390243 125609755 0.290565
hs4 125609756 126829267 0.184668
hs4 126829268 128048779 0.000000
hs4 128048780 129268291 0.309666
hs4 129268292 130487803 0.325765
hs4 130487804 131707316 0.000000
hs4 131707317 132926828 0.000000
hs4 132926829 134146340 0.000000
hs4 134146341 135365852 0.039098
hs4 135365853 136585364 0.000000
hs4 136585365 137804877 0.000000
hs4 137804878 139024389 0.011118
hs4 139024390 140243901 0.126273
hs4 140243902 141463413 0.628468
hs4 141463414 142682925 0.454862
hs4 142682926 143902438 0.681147
hs4 143902439 145121950 0.376652
hs4 145121951 146341462 0.268971
hs4 146341463 147560974 0.433869
hs4 147560975 148780486 0.350726
hs4 148780487 149999999 0.613752
hs4 150000000 151219511 0.000000
hs4 151219512 152439023 0.867734
hs4 152439024 153658535 0.443973
hs4 153658536 154878047 0.596550
hs4 154878048 156097559 0.315877
hs4 156097560 157317072 0.200738
hs4 157317073 158536584 0.370019
hs4 158536585 159756096 0.156429
hs4 159756097 160975608 0.380940
hs4 160975609 162195120 0.000000
hs4 162195121 163414633 0.639714
hs4 163414634 164634145 0.048911
hs4 164634146 165853657 0.726262
hs4 165853658 167073169 0.314873
hs4 167073170 168292681 0.469734
hs4 168292682 169512194 0.243819
hs4 169512195 170731706 0.767009
hs4 170731707 171951218 0.194406
hs4 171951219 173170730 0.163657
hs4 173170731 174390242 0.894758
hs4 174390243 175609755 0.184944
hs4 175609756 176829267 0.260758
hs4 176829268 178048779 0.632396
hs4 178048780 179268291 0.267997
hs4 179268292 180487803 0.000000
hs4 180487804 181707316 0.000000
hs4 181707317 182926828 0.000000
hs4 182926829 184146340 0.419863
hs4 184146341 185365852 0.446065
hs4 185365853 186585364 0.432805
hs4 186585365 187804877 0.535509
hs4 187804878 189024389 0.063225
hs4 189024390 190243901 0.025676
hs4 190243902 191463413 0.072903
hs16 0 1219511 0.687641
hs16 1219512 2439023 0.782133
hs16 2439024 3658535 0.536118
hs16 3658536 4878047 0.756014
hs16 4878048 6097559 0.211970
hs16 6097560 7317072 1.000001
hs16 7317073 8536584 0.316741
hs16 8536585 9756096 0.252617
hs16 9756097 10975608 0.632348
hs16 10975609 12195120 0.542227
hs16 12195121 13414633 0.707999
hs16 13414634 14634145 0.346341
hs16 14634146 15853657 0.575479
hs16 15853658 17073169 0.308317
hs16 17073170 18292681 0.302218
hs16 18292682 19512194 0.525226
hs16 19512195 20731706 0.541287
hs16 20731707 21951218 0.638764
hs16 21951219 23170730 0.506951
hs16 23170731 24390242 0.701319
hs16 24390243 25609755 0.320741
hs16 25609756 26829267 0.365444
hs16 26829268 28048779 0.648692
hs16 28048780 29268291 0.421494
hs16 29268292 30487803 0.509924
hs16 30487804 31707316 0.449553
hs16 31707317 32926828 0.048979
hs16 32926829 34146340 0.011942
hs16 34146341 35365852 0.026605
hs16 35365853 36585364 0.000000
hs16 36585365 37804877 0.000000
hs16 37804878 39024389 0.000000
hs16 39024390 40243901 0.000000
hs16 40243902 41463413 0.000000
hs16 41463414 42682925 0.000000
hs16 42682926 43902438 0.000000
hs16 43902439 45121950 0.050186
hs16 45121951 46341462 0.710545
hs16 46341463 47560974 0.276779
hs16 47560975 48780486 0.371699
hs16 48780487 49999999 0.277860
hs16 50000000 51219511 0.090034
hs16 51219512 52439023 0.483198
hs16 52439024 53658535 0.224114
hs16 53658536 54878047 0.354334
hs16 54878048 56097559 0.657342
hs16 56097560 57317072 0.570312
hs16 57317073 58536584 0.007975
hs16 58536585 59756096 0.000000
hs16 59756097 60975608 0.313898
hs16 60975609 62195120 0.000000
hs16 62195121 63414633 0.000000
hs16 63414634 64634145 0.382974
hs16 64634146 65853657 0.543666
hs16 65853658 67073169 0.832196
hs16 67073170 68292681 0.700558
hs16 68292682 69512194 0.813172
hs16 69512195 70731706 0.673323
hs16 70731707 71951218 0.253641
hs16 71951219 73170730 0.155884
hs16 73170731 74390242 0.601806
hs16 74390243 75609755 0.231208
hs16 75609756 76829267 0.438179
hs16 76829268 78048779 0.799334
hs16 78048780 79268291 0.214285
hs16 79268292 80487803 0.713124
hs16 80487804 81707316 0.533021
hs16 81707317 82926828 0.797812
hs16 82926829 84146340 0.391460
hs16 84146341 85365852 0.181376
hs16 85365853 86585364 0.371239
hs16 86585365 87804877 0.519697
hs16 87804878 89024389 0.573876
hs20 0 1219511 0.358374
hs20 1219512 2439023 0.371877
hs20 2439024 3658535 0.733895
hs20 3658536 4878047 0.364559
hs20 4878048 6097559 0.428289
hs20 6097560 7317072 0.009977
hs20 7317073 8536584 0.468575
hs20 8536585 9756096 0.815643
hs20 9756097 10975608 0.307803
hs20 10975609 12195120 0.029330
hs20 12195121 13414633 0.273278
hs20 13414634 14634145 0.919838
hs20 14634146 15853657 1.000000
hs20 15853658 17073169 0.364681
hs20 17073170 18292681 0.520472
hs20 18292682 19512194 0.628354
hs20 19512195 20731706 0.755326
hs20 20731707 21951218 0.182483
hs20 21951219 23170730 0.045214
hs20 23170731 24390242 0.101875
hs20 24390243 25609755 0.552698
hs20 25609756 26829267 0.089022
hs20 26829268 28048779 0.000000
hs20 28048780 29268291 0.018147
hs20 29268292 30487803 0.576575
hs20 30487804 31707316 0.486540
hs20 31707317 32926828 0.619959
hs20 32926829 34146340 0.770268
hs20 34146341 35365852 0.747444
hs20 35365853 36585364 0.523247
hs20 36585365 37804877 0.305740
hs20 37804878 39024389 0.002756
hs20 39024390 40243901 0.498805
hs20 40243902 41463413 0.826617
hs20 41463414 42682925 0.551122
hs20 42682926 43902438 0.510448
hs20 43902439 45121950 0.552408
hs20 45121951 46341462 0.461273
hs20 46341463 47560974 0.525949
hs20 47560975 48780486 0.424468
hs20 48780487 49999999 0.452773
hs20 50000000 51219511 0.250268
hs20 51219512 52439023 0.405775
hs20 52439024 53658535 0.143866
hs20 53658536 54878047 0.164035
hs20 54878048 56097559 0.221853
hs20 56097560 57317072 0.439383
hs20 57317073 58536584 0.337369
hs20 58536585 59756096 0.406018
hs20 59756097 60975608 0.582375
hs20 60975609 62195120 0.679857
hs20 62195121 63414633 0.087442
hs13 0 1219511 0.000000
hs13 1219512 2439023 0.000000
hs13 2439024 3658535 0.000000
hs13 3658536 4878047 0.000000
hs13 4878048 6097559 0.000000
hs13 6097560 7317072 0.000000
hs13 7317073 8536584 0.000000
hs13 8536585 9756096 0.000000
hs13 9756097 10975608 0.000000
hs13 10975609 12195120 0.000000
hs13 12195121 13414633 0.000000
hs13 13414634 14634145 0.000000
hs13 14634146 15853657 0.000000
hs13 15853658 17073169 0.000000
hs13 17073170 18292681 0.000000
hs13 18292682 19512194 0.481911
hs13 19512195 20731706 0.529085
hs13 20731707 21951218 0.186849
hs13 21951219 23170730 0.290801
hs13 23170731 24390242 0.508284
hs13 24390243 25609755 0.646253
hs13 25609756 26829267 0.339006
hs13 26829268 28048779 0.510991
hs13 28048780 29268291 0.523278
hs13 29268292 30487803 0.272771
hs13 30487804 31707316 0.440891
hs13 31707317 32926828 0.587227
hs13 32926829 34146340 0.121763
hs13 34146341 35365852 1.047580
hs13 35365853 36585364 0.576628
hs13 36585365 37804877 0.220932
hs13 37804878 39024389 0.399865
hs13 39024390 40243901 0.388500
hs13 40243902 41463413 0.646258
hs13 41463414 42682925 0.391630
hs13 42682926 43902438 0.544016
hs13 43902439 45121950 0.515992
hs13 45121951 46341462 0.483688
hs13 46341463 47560974 0.089253
hs13 47560975 48780486 0.471732
hs13 48780487 49999999 0.512324
hs13 50000000 51219511 0.490579
hs13 51219512 52439023 0.492081
hs13 52439024 53658535 0.019039
hs13 53658536 54878047 0.000064
hs13 54878048 56097559 0.000000
hs13 56097560 57317072 0.141739
hs13 57317073 58536584 0.000000
hs13 58536585 59756096 0.408686
hs13 59756097 60975608 0.150274
hs13 60975609 62195120 0.000000
hs13 62195121 63414633 0.004211
hs13 63414634 64634145 0.000000
hs13 64634146 65853657 0.064527
hs13 65853658 67073169 0.696026
hs13 67073170 68292681 0.042098
hs13 68292682 69512194 0.423674
hs13 69512195 70731706 0.082799
hs13 70731707 71951218 0.351972
hs13 71951219 73170730 0.318799
hs13 73170731 74390242 0.356976
hs13 74390243 75609755 0.416802
hs13 75609756 76829267 0.263877
hs13 76829268 78048779 0.209549
hs13 78048780 79268291 0.502828
hs13 79268292 80487803 0.004080
hs13 80487804 81707316 0.000000
hs13 81707317 82926828 0.000000
hs13 82926829 84146340 0.344680
hs13 84146341 85365852 0.005382
hs13 85365853 86585364 0.000000
hs13 86585365 87804877 0.005742
hs13 87804878 89024389 0.000000
hs13 89024390 90243901 0.000080
hs13 90243902 91463413 0.539034
hs13 91463414 92682925 0.705135
hs13 92682926 93902438 0.974112
hs13 93902439 95121950 0.470949
hs13 95121951 96341462 0.917139
hs13 96341463 97560974 0.233566
hs13 97560975 98780486 0.773506
hs13 98780487 99999999 0.710295
hs13 100000000 101219511 0.611586
hs13 101219512 102439023 0.708789
hs13 102439024 103658535 0.018737
hs13 103658536 104878047 0.000000
hs13 104878048 106097559 0.078118
hs13 106097560 107317072 0.572518
hs13 107317073 108536584 0.454798
hs13 108536585 109756096 0.255259
hs13 109756097 110975608 0.492082
hs13 110975609 112195120 0.057594
hs13 112195121 113414633 0.709323
hs13 113414634 114634145 0.296816
hs18 0 1219511 0.416014
hs18 1219512 2439023 0.074882
hs18 2439024 3658535 0.648730
hs18 3658536 4878047 0.173512
hs18 4878048 6097559 0.308891
hs18 6097560 7317072 0.463642
hs18 7317073 8536584 0.693526
hs18 8536585 9756096 0.476769
hs18 9756097 10975608 0.427457
hs18 10975609 12195120 0.356551
hs18 12195121 13414633 0.702022
hs18 13414634 14634145 0.392163
hs18 14634146 15853657 0.095829
hs18 15853658 17073169 0.132931
hs18 17073170 18292681 0.484326
hs18 18292682 19512194 0.440833
hs18 19512195 20731706 0.584632
hs18 20731707 21951218 0.299074
hs18 21951219 23170730 0.639803
hs18 23170731 24390242 0.185744
hs18 24390243 25609755 0.000000
hs18 25609756 26829267 0.004321
hs18 26829268 28048779 0.475475
hs18 28048780 29268291 0.663217
hs18 29268292 30487803 0.580715
hs18 30487804 31707316 0.484118
hs18 31707317 32926828 0.828476
hs18 32926829 34146340 0.373471
hs18 34146341 35365852 0.266474
hs18 35365853 36585364 0.180486
hs18 36585365 37804877 0.045927
hs18 37804878 39024389 0.396088
hs18 39024390 40243901 0.008003
hs18 40243902 41463413 0.330452
hs18 41463414 42682925 0.710162
hs18 42682926 43902438 0.293826
hs18 43902439 45121950 0.535292
hs18 45121951 46341462 0.525938
hs18 46341463 47560974 0.303229
hs18 47560975 48780486 0.541157
hs18 48780487 49999999 0.492995
hs18 50000000 51219511 0.322935
hs18 51219512 52439023 0.168363
hs18 52439024 53658535 0.567090
hs18 53658536 54878047 0.594347
hs18 54878048 56097559 0.296368
hs18 56097560 57317072 0.008002
hs18 57317073 58536584 0.423116
hs18 58536585 59756096 0.577974
hs18 59756097 60975608 0.081529
hs18 60975609 62195120 0.107165
hs18 62195121 63414633 0.090239
hs18 63414634 64634145 0.116527
hs18 64634146 65853657 0.666642
hs18 65853658 67073169 0.173499
hs18 67073170 68292681 0.000000
hs18 68292682 69512194 0.104825
hs18 69512195 70731706 0.436361
hs18 70731707 71951218 0.232757
hs18 71951219 73170730 0.401244
hs18 73170731 74390242 0.000000
hs18 74390243 75609755 0.434049
hs18 75609756 76829267 0.230788
hs3 0 1219511 0.264313
hs3 1219512 2439023 0.428487
hs3 2439024 3658535 0.597349
hs3 3658536 4878047 0.430713
hs3 4878048 6097559 0.079321
hs3 6097560 7317072 0.360203
hs3 7317073 8536584 0.606580
hs3 8536585 9756096 0.594683
hs3 9756097 10975608 0.639314
hs3 10975609 12195120 0.704591
hs3 12195121 13414633 0.528219
hs3 13414634 14634145 0.527825
hs3 14634146 15853657 0.750247
hs3 15853658 17073169 0.422017
hs3 17073170 18292681 0.508006
hs3 18292682 19512194 0.359294
hs3 19512195 20731706 0.250151
hs3 20731707 21951218 0.271655
hs3 21951219 23170730 0.000000
hs3 23170731 24390242 0.653357
hs3 24390243 25609755 0.234581
hs3 25609756 26829267 0.192298
hs3 26829268 28048779 0.199875
hs3 28048780 29268291 0.196440
hs3 29268292 30487803 0.597850
hs3 30487804 31707316 0.319117
hs3 31707317 32926828 0.645597
hs3 32926829 34146340 0.548127
hs3 34146341 35365852 0.000000
hs3 35365853 36585364 0.262094
hs3 36585365 37804877 0.680704
hs3 37804878 39024389 0.697822
hs3 39024390 40243901 0.513761
hs3 40243902 41463413 0.297611
hs3 41463414 42682925 0.660562
hs3 42682926 43902438 0.522702
hs3 43902439 45121950 0.468791
hs3 45121951 46341462 0.444461
hs3 46341463 47560974 0.609899
hs3 47560975 48780486 0.724042
hs3 48780487 49999999 0.818076
hs3 50000000 51219511 0.834708
hs3 51219512 52439023 0.641294
hs3 52439024 53658535 0.805035
hs3 53658536 54878047 0.810349
hs3 54878048 56097559 0.671829
hs3 56097560 57317072 0.849935
hs3 57317073 58536584 0.712490
hs3 58536585 59756096 0.318850
hs3 59756097 60975608 1.000000
hs3 60975609 62195120 0.746722
hs3 62195121 63414633 0.617757
hs3 63414634 64634145 0.554365
hs3 64634146 65853657 0.453438
hs3 65853658 67073169 0.561891
hs3 67073170 68292681 0.380151
hs3 68292682 69512194 0.762073
hs3 69512195 70731706 0.192561
hs3 70731707 71951218 0.589328
hs3 71951219 73170730 0.246214
hs3 73170731 74390242 0.222266
hs3 74390243 75609755 0.223193
hs3 75609756 76829267 0.041990
hs3 76829268 78048779 0.498044
hs3 78048780 79268291 0.442156
hs3 79268292 80487803 0.517796
hs3 80487804 81707316 0.070338
hs3 81707317 82926828 0.152786
hs3 82926829 84146340 0.000000
hs3 84146341 85365852 0.225525
hs3 85365853 86585364 0.689140
hs3 86585365 87804877 0.080671
hs3 87804878 89024389 0.026256
hs3 89024390 90243901 0.307182
hs3 90243902 91463413 0.000000
hs3 91463414 92682925 0.000000
hs3 92682926 93902438 0.000000
hs3 93902439 95121950 0.038852
hs3 95121951 96341462 0.217457
hs3 96341463 97560974 0.000000
hs3 97560975 98780486 0.626786
hs3 98780487 99999999 0.366726
hs3 100000000 101219511 0.529646
hs3 101219512 102439023 0.745778
hs3 102439024 103658535 0.440817
hs3 103658536 104878047 0.018729
hs3 104878048 106097559 0.000000
hs3 106097560 107317072 0.345067
hs3 107317073 108536584 0.178036
hs3 108536585 109756096 0.582909
hs3 109756097 110975608 0.415375
hs3 110975609 112195120 0.000000
hs3 112195121 113414633 0.638396
hs3 113414634 114634145 0.463489
hs3 114634146 115853657 0.779303
hs3 115853658 117073169 0.543344
hs3 117073170 118292681 0.476550
hs3 118292682 119512194 0.000000
hs3 119512195 120731706 0.431937
hs3 120731707 121951218 0.620172
hs3 121951219 123170730 0.825593
hs3 123170731 124390242 0.724239
hs3 124390243 125609755 0.805722
hs3 125609756 126829267 0.816580
hs3 126829268 128048779 0.488075
hs3 128048780 129268291 0.384086
hs3 129268292 130487803 0.543956
hs3 130487804 131707316 0.558605
hs3 131707317 132926828 0.725883
hs3 132926829 134146340 0.661410
hs3 134146341 135365852 0.623917
hs3 135365853 136585364 0.590033
hs3 136585365 137804877 0.471613
hs3 137804878 139024389 0.268028
hs3 139024390 140243901 0.519796
hs3 140243902 141463413 0.458940
hs3 141463414 142682925 0.535073
hs3 142682926 143902438 0.714178
hs3 143902439 145121950 0.668565
hs3 145121951 146341462 0.016868
hs3 146341463 147560974 0.123738
hs3 147560975 148780486 0.115281
hs3 148780487 149999999 0.037010
hs3 150000000 151219511 0.564220
hs3 151219512 152439023 0.431120
hs3 152439024 153658535 0.486584
hs3 153658536 154878047 0.028924
hs3 154878048 156097559 0.227426
hs3 156097560 157317072 0.382172
hs3 157317073 158536584 0.639360
hs3 158536585 159756096 0.555195
hs3 159756097 160975608 0.697451
hs3 160975609 162195120 0.516456
hs3 162195121 163414633 0.133667
hs3 163414634 164634145 0.000000
hs3 164634146 165853657 0.000000
hs3 165853658 167073169 0.142783
hs3 167073170 168292681 0.000000
hs3 168292682 169512194 0.521317
hs3 169512195 170731706 0.792689
hs3 170731707 171951218 0.576683
hs3 171951219 173170730 0.557494
hs3 173170731 174390242 0.642468
hs3 174390243 175609755 0.725597
hs3 175609756 176829267 0.630960
hs3 176829268 178048779 0.145021
hs3 178048780 179268291 0.144737
hs3 179268292 180487803 0.390426
hs3 180487804 181707316 0.448463
hs3 181707317 182926828 0.216077
hs3 182926829 184146340 0.119795
hs3 184146341 185365852 0.711322
hs3 185365853 186585364 0.484209
hs3 186585365 187804877 0.598787
hs3 187804878 189024389 0.311258
hs3 189024390 190243901 0.606033
hs3 190243902 191463413 0.478193
hs3 191463414 192682925 0.316768
hs3 192682926 193902438 0.459251
hs3 193902439 195121950 0.442879
hs3 195121951 196341462 0.215354
hs3 196341463 197560974 0.563797
hs3 197560975 198780486 0.605594
hs3 198780487 199999999 0.347129
hs9 0 1219511 0.594881
hs9 1219512 2439023 0.146192
hs9 2439024 3658535 0.387829
hs9 3658536 4878047 0.633275
hs9 4878048 6097559 0.529586
hs9 6097560 7317072 0.559057
hs9 7317073 8536584 0.193232
hs9 8536585 9756096 1.000000
hs9 9756097 10975608 0.694234
hs9 10975609 12195120 0.000000
hs9 12195121 13414633 0.171868
hs9 13414634 14634145 0.217445
hs9 14634146 15853657 0.646091
hs9 15853658 17073169 0.467012
hs9 17073170 18292681 0.481381
hs9 18292682 19512194 0.608989
hs9 19512195 20731706 0.513126
hs9 20731707 21951218 0.383798
hs9 21951219 23170730 0.135879
hs9 23170731 24390242 0.111487
hs9 24390243 25609755 0.000000
hs9 25609756 26829267 0.002026
hs9 26829268 28048779 0.606550
hs9 28048780 29268291 0.541758
hs9 29268292 30487803 0.000000
hs9 30487804 31707316 0.000000
hs9 31707317 32926828 0.148354
hs9 32926829 34146340 0.742907
hs9 34146341 35365852 0.588061
hs9 35365853 36585364 0.520867
hs9 36585365 37804877 0.643484
hs9 37804878 39024389 0.250500
hs9 39024390 40243901 0.222758
hs9 40243902 41463413 0.038238
hs9 41463414 42682925 0.157735
hs9 42682926 43902438 0.118675
hs9 43902439 45121950 0.050992
hs9 45121951 46341462 0.001029
hs9 46341463 47560974 0.049854
hs9 47560975 48780486 0.000000
hs9 48780487 49999999 0.000000
hs9 50000000 51219511 0.000000
hs9 51219512 52439023 0.000000
hs9 52439024 53658535 0.000000
hs9 53658536 54878047 0.000000
hs9 54878048 56097559 0.000000
hs9 56097560 57317072 0.000000
hs9 57317073 58536584 0.000000
hs9 58536585 59756096 0.000000
hs9 59756097 60975608 0.000000
hs9 60975609 62195120 0.000000
hs9 62195121 63414633 0.000000
hs9 63414634 64634145 0.000000
hs9 64634146 65853657 0.021914
hs9 65853658 67073169 0.039916
hs9 67073170 68292681 0.072058
hs9 68292682 69512194 0.159944
hs9 69512195 70731706 0.483873
hs9 70731707 71951218 0.683702
hs9 71951219 73170730 0.650363
hs9 73170731 74390242 0.316404
hs9 74390243 75609755 0.263841
hs9 75609756 76829267 0.330746
hs9 76829268 78048779 0.321752
hs9 78048780 79268291 0.555150
hs9 79268292 80487803 0.458962
hs9 80487804 81707316 0.126920
hs9 81707317 82926828 0.000000
hs9 82926829 84146340 0.107536
hs9 84146341 85365852 0.304852
hs9 85365853 86585364 0.401299
hs9 86585365 87804877 0.438154
hs9 87804878 89024389 0.213926
hs9 89024390 90243901 0.253709
hs9 90243902 91463413 0.373672
hs9 91463414 92682925 0.142000
hs9 92682926 93902438 0.391485
hs9 93902439 95121950 0.813113
hs9 95121951 96341462 0.389605
hs9 96341463 97560974 0.595027
hs9 97560975 98780486 0.500516
hs9 98780487 99999999 0.571182
hs9 100000000 101219511 0.635166
hs9 101219512 102439023 0.511304
hs9 102439024 103658535 0.467920
hs9 103658536 104878047 0.019007
hs9 104878048 106097559 0.038672
hs9 106097560 107317072 0.323394
hs9 107317073 108536584 0.162681
hs9 108536585 109756096 0.165856
hs9 109756097 110975608 0.232502
hs9 110975609 112195120 0.967310
hs9 112195121 113414633 0.583202
hs9 113414634 114634145 0.682184
hs9 114634146 115853657 0.535471
hs9 115853658 117073169 0.552473
hs9 117073170 118292681 0.395485
hs9 118292682 119512194 0.774497
hs9 119512195 120731706 0.006061
hs9 120731707 121951218 0.166323
hs9 121951219 123170730 0.603931
hs9 123170731 124390242 0.915504
hs9 124390243 125609755 0.706059
hs9 125609756 126829267 0.663856
hs9 126829268 128048779 0.650240
hs9 128048780 129268291 0.695632
hs9 129268292 130487803 0.713095
hs9 130487804 131707316 0.483279
hs9 131707317 132926828 0.573764
hs9 132926829 134146340 0.643031
hs9 134146341 135365852 0.717598
hs9 135365853 136585364 0.464701
hs9 136585365 137804877 0.321030
hs9 137804878 139024389 0.553651
hs9 139024390 140243901 0.816982
hs9 140243902 141463413 0.008275
hs15 0 1219511 0.000000
hs15 1219512 2439023 0.000000
hs15 2439024 3658535 0.000000
hs15 3658536 4878047 0.000000
hs15 4878048 6097559 0.000000
hs15 6097560 7317072 0.000000
hs15 7317073 8536584 0.000000
hs15 8536585 9756096 0.000000
hs15 9756097 10975608 0.000000
hs15 10975609 12195120 0.000000
hs15 12195121 13414633 0.000000
hs15 13414634 14634145 0.000000
hs15 14634146 15853657 0.000000
hs15 15853658 17073169 0.000000
hs15 17073170 18292681 0.000000
hs15 18292682 19512194 0.135134
hs15 19512195 20731706 0.282046
hs15 20731707 21951218 0.120042
hs15 21951219 23170730 0.253190
hs15 23170731 24390242 0.245540
hs15 24390243 25609755 0.776308
hs15 25609756 26829267 0.515258
hs15 26829268 28048779 0.632354
hs15 28048780 29268291 0.324823
hs15 29268292 30487803 0.299404
hs15 30487804 31707316 0.630530
hs15 31707317 32926828 0.703608
hs15 32926829 34146340 0.245452
hs15 34146341 35365852 0.395575
hs15 35365853 36585364 0.138643
hs15 36585365 37804877 0.170795
hs15 37804878 39024389 0.635036
hs15 39024390 40243901 0.713942
hs15 40243902 41463413 0.866213
hs15 41463414 42682925 0.801932
hs15 42682926 43902438 0.426780
hs15 43902439 45121950 0.371683
hs15 45121951 46341462 0.150756
hs15 46341463 47560974 0.803319
hs15 47560975 48780486 0.696303
hs15 48780487 49999999 0.650997
hs15 50000000 51219511 0.517939
hs15 51219512 52439023 0.485895
hs15 52439024 53658535 0.479251
hs15 53658536 54878047 0.558386
hs15 54878048 56097559 0.643676
hs15 56097560 57317072 0.624162
hs15 57317073 58536584 0.299304
hs15 58536585 59756096 0.625718
hs15 59756097 60975608 0.343519
hs15 60975609 62195120 0.590173
hs15 62195121 63414633 0.684765
hs15 63414634 64634145 0.828880
hs15 64634146 65853657 0.621694
hs15 65853658 67073169 0.517304
hs15 67073170 68292681 0.330205
hs15 68292682 69512194 0.489300
hs15 69512195 70731706 0.795997
hs15 70731707 71951218 0.526517
hs15 71951219 73170730 0.533240
hs15 73170731 74390242 0.615542
hs15 74390243 75609755 0.715947
hs15 75609756 76829267 0.374625
hs15 76829268 78048779 0.316459
hs15 78048780 79268291 0.469266
hs15 79268292 80487803 0.363648
hs15 80487804 81707316 0.640801
hs15 81707317 82926828 0.552056
hs15 82926829 84146340 0.683002
hs15 84146341 85365852 0.721279
hs15 85365853 86585364 0.307146
hs15 86585365 87804877 0.360328
hs15 87804878 89024389 0.592788
hs15 89024390 90243901 0.390612
hs15 90243902 91463413 0.486528
hs15 91463414 92682925 0.033204
hs15 92682926 93902438 0.180411
hs15 93902439 95121950 0.011794
hs15 95121951 96341462 0.120638
hs15 96341463 97560974 0.433969
hs15 97560975 98780486 0.618006
hs15 98780487 99999999 0.553249
hs15 100000000 101219511 0.085412
hs5 0 1219511 0.524016
hs5 1219512 2439023 0.253304
hs5 2439024 3658535 0.011555
hs5 3658536 4878047 0.000000
hs5 4878048 6097559 0.232177
hs5 6097560 7317072 0.160869
hs5 7317073 8536584 0.406288
hs5 8536585 9756096 0.470854
hs5 9756097 10975608 0.452180
hs5 10975609 12195120 0.764371
hs5 12195121 13414633 0.188869
hs5 13414634 14634145 0.508224
hs5 14634146 15853657 0.440169
hs5 15853658 17073169 0.561110
hs5 17073170 18292681 0.120205
hs5 18292682 19512194 0.002691
hs5 19512195 20731706 0.419771
hs5 20731707 21951218 0.241392
hs5 21951219 23170730 0.777516
hs5 23170731 24390242 0.017207
hs5 24390243 25609755 0.129316
hs5 25609756 26829267 0.000000
hs5 26829268 28048779 0.129545
hs5 28048780 29268291 0.000000
hs5 29268292 30487803 0.000000
hs5 30487804 31707316 0.234454
hs5 31707317 32926828 0.520746
hs5 32926829 34146340 0.394600
hs5 34146341 35365852 0.419324
hs5 35365853 36585364 0.421582
hs5 36585365 37804877 0.710831
hs5 37804878 39024389 0.403374
hs5 39024390 40243901 0.273894
hs5 40243902 41463413 0.411388
hs5 41463414 42682925 0.394013
hs5 42682926 43902438 0.440078
hs5 43902439 45121950 0.074030
hs5 45121951 46341462 0.358233
hs5 46341463 47560974 0.000000
hs5 47560975 48780486 0.000000
hs5 48780487 49999999 0.039125
hs5 50000000 51219511 0.155570
hs5 51219512 52439023 0.241784
hs5 52439024 53658535 0.456116
hs5 53658536 54878047 0.336299
hs5 54878048 56097559 0.343596
hs5 56097560 57317072 0.183195
hs5 57317073 58536584 0.422623
hs5 58536585 59756096 1.000000
hs5 59756097 60975608 0.675120
hs5 60975609 62195120 0.310489
hs5 62195121 63414633 0.001041
hs5 63414634 64634145 0.651709
hs5 64634146 65853657 0.557750
hs5 65853658 67073169 0.481966
hs5 67073170 68292681 0.061655
hs5 68292682 69512194 1.216813
hs5 69512195 70731706 0.854419
hs5 70731707 71951218 0.403147
hs5 71951219 73170730 0.407985
hs5 73170731 74390242 0.247071
hs5 74390243 75609755 0.541504
hs5 75609756 76829267 0.712388
hs5 76829268 78048779 0.550545
hs5 78048780 79268291 0.605044
hs5 79268292 80487803 0.654640
hs5 80487804 81707316 0.665384
hs5 81707317 82926828 0.337541
hs5 82926829 84146340 0.430802
hs5 84146341 85365852 0.000000
hs5 85365853 86585364 0.014680
hs5 86585365 87804877 0.177107
hs5 87804878 89024389 0.270538
hs5 89024390 90243901 0.360653
hs5 90243902 91463413 0.251630
hs5 91463414 92682925 0.000000
hs5 92682926 93902438 0.875904
hs5 93902439 95121950 0.818549
hs5 95121951 96341462 0.345017
hs5 96341463 97560974 0.100689
hs5 97560975 98780486 0.080795
hs5 98780487 99999999 0.049256
hs5 100000000 101219511 0.079006
hs5 101219512 102439023 0.291029
hs5 102439024 103658535 0.116154
hs5 103658536 104878047 0.000513
hs5 104878048 106097559 0.000000
hs5 106097560 107317072 0.318523
hs5 107317073 108536584 0.700108
hs5 108536585 109756096 0.366091
hs5 109756097 110975608 0.533376
hs5 110975609 112195120 0.518106
hs5 112195121 113414633 0.543105
hs5 113414634 114634145 0.201208
hs5 114634146 115853657 0.452790
hs5 115853658 117073169 0.069530
hs5 117073170 118292681 0.075611
hs5 118292682 119512194 0.376561
hs5 119512195 120731706 0.182817
hs5 120731707 121951218 0.212144
hs5 121951219 123170730 0.421834
hs5 123170731 124390242 0.088722
hs5 124390243 125609755 0.000000
hs5 125609756 126829267 0.524428
hs5 126829268 128048779 0.405606
hs5 128048780 129268291 0.299858
hs5 129268292 130487803 0.231081
hs5 130487804 131707316 0.575180
hs5 131707317 132926828 0.676029
hs5 132926829 134146340 0.397114
hs5 134146341 135365852 0.297575
hs5 135365853 136585364 0.402337
hs5 136585365 137804877 0.695198
hs5 137804878 139024389 0.618503
hs5 139024390 140243901 1.185592
hs5 140243902 141463413 3.868718
hs5 141463414 142682925 0.549185
hs5 142682926 143902438 0.360773
hs5 143902439 145121950 0.002605
hs5 145121951 146341462 0.695109
hs5 146341463 147560974 0.497648
hs5 147560975 148780486 0.501109
hs5 148780487 149999999 0.645156
hs5 150000000 151219511 0.496161
hs5 151219512 152439023 0.064632
hs5 152439024 153658535 0.407644
hs5 153658536 154878047 0.310928
hs5 154878048 156097559 0.337197
hs5 156097560 157317072 0.482568
hs5 157317073 158536584 0.347234
hs5 158536585 159756096 0.388706
hs5 159756097 160975608 0.478621
hs5 160975609 162195120 0.129241
hs5 162195121 163414633 0.050462
hs5 163414634 164634145 0.000000
hs5 164634146 165853657 0.000000
hs5 165853658 167073169 0.351575
hs5 167073170 168292681 0.865891
hs5 168292682 169512194 0.784120
hs5 169512195 170731706 0.764346
hs5 170731707 171951218 0.456519
hs5 171951219 173170730 0.306624
hs5 173170731 174390242 0.130179
hs5 174390243 175609755 0.181682
hs5 175609756 176829267 0.695554
hs5 176829268 178048779 0.565489
hs5 178048780 179268291 0.540728
hs5 179268292 180487803 0.492440
hs5 180487804 181707316 0.043829
hsY 0 1219511 0.094401
hsY 1219512 2439023 0.495701
hsY 2439024 3658535 0.160277
hsY 3658536 4878047 0.000000
hsY 4878048 6097559 0.608439
hsY 6097560 7317072 0.342665
hsY 7317073 8536584 0.006275
hsY 8536585 9756096 0.461985
hsY 9756097 10975608 0.313208
hsY 10975609 12195120 0.000000
hsY 12195121 13414633 0.112679
hsY 13414634 14634145 0.262505
hsY 14634146 15853657 0.264730
hsY 15853658 17073169 0.000000
hsY 17073170 18292681 0.032925
hsY 18292682 19512194 0.218499
hsY 19512195 20731706 0.209073
hsY 20731707 21951218 0.078686
hsY 21951219 23170730 0.398094
hsY 23170731 24390242 0.345951
hsY 24390243 25609755 0.445649
hsY 25609756 26829267 0.029599
hsY 26829268 28048779 0.000000
hsY 28048780 29268291 0.000000
hsY 29268292 30487803 0.000000
hsY 30487804 31707316 0.000000
hsY 31707317 32926828 0.000000
hsY 32926829 34146340 0.000000
hsY 34146341 35365852 0.000000
hsY 35365853 36585364 0.000000
hsY 36585365 37804877 0.000000
hsY 37804878 39024389 0.000000
hsY 39024390 40243901 0.000000
hsY 40243902 41463413 0.000000
hsY 41463414 42682925 0.000000
hsY 42682926 43902438 0.000000
hsY 43902439 45121950 0.000000
hsY 45121951 46341462 0.000000
hsY 46341463 47560974 0.000000
hsY 47560975 48780486 0.000000
hsY 48780487 49999999 0.000000
hsY 50000000 51219511 0.000000
hsY 51219512 52439023 0.000000
hsY 52439024 53658535 0.000000
hsY 53658536 54878047 0.000000
hsY 54878048 56097559 0.000000
hsY 56097560 57317072 0.000000
hsY 57317073 58536584 0.074126
hs1 0 1219511 0.247463
hs1 1219512 2439023 0.776242
hs1 2439024 3658535 0.585635
hs1 3658536 4878047 0.229283
hs1 4878048 6097559 0.177882
hs1 6097560 7317072 0.878081
hs1 7317073 8536584 0.649769
hs1 8536585 9756096 0.587409
hs1 9756097 10975608 0.750097
hs1 10975609 12195120 0.550660
hs1 12195121 13414633 0.426146
hs1 13414634 14634145 0.177382
hs1 14634146 15853657 0.790850
hs1 15853658 17073169 0.541783
hs1 17073170 18292681 0.488938
hs1 18292682 19512194 0.572584
hs1 19512195 20731706 0.424335
hs1 20731707 21951218 0.763073
hs1 21951219 23170730 0.487228
hs1 23170731 24390242 0.490554
hs1 24390243 25609755 0.472344
hs1 25609756 26829267 0.583162
hs1 26829268 28048779 0.551357
hs1 28048780 29268291 0.715344
hs1 29268292 30487803 0.178817
hs1 30487804 31707316 0.333548
hs1 31707317 32926828 0.532292
hs1 32926829 34146340 0.662435
hs1 34146341 35365852 0.374575
hs1 35365853 36585364 0.628138
hs1 36585365 37804877 0.327674
hs1 37804878 39024389 0.275545
hs1 39024390 40243901 0.643655
hs1 40243902 41463413 0.590561
hs1 41463414 42682925 0.535137
hs1 42682926 43902438 0.459914
hs1 43902439 45121950 0.761690
hs1 45121951 46341462 0.800673
hs1 46341463 47560974 0.493244
hs1 47560975 48780486 0.281940
hs1 48780487 49999999 1.040188
hs1 50000000 51219511 0.776486
hs1 51219512 52439023 0.637551
hs1 52439024 53658535 0.720949
hs1 53658536 54878047 0.680849
hs1 54878048 56097559 0.321691
hs1 56097560 57317072 0.358264
hs1 57317073 58536584 0.960816
hs1 58536585 59756096 0.284843
hs1 59756097 60975608 0.347040
hs1 60975609 62195120 0.528308
hs1 62195121 63414633 0.529025
hs1 63414634 64634145 0.589545
hs1 64634146 65853657 0.725779
hs1 65853658 67073169 0.711138
hs1 67073170 68292681 0.484413
hs1 68292682 69512194 0.146224
hs1 69512195 70731706 0.499182
hs1 70731707 71951218 0.429126
hs1 71951219 73170730 0.467111
hs1 73170731 74390242 0.103282
hs1 74390243 75609755 0.632305
hs1 75609756 76829267 0.766050
hs1 76829268 78048779 0.703419
hs1 78048780 79268291 0.496057
hs1 79268292 80487803 0.000000
hs1 80487804 81707316 0.000000
hs1 81707317 82926828 0.157462
hs1 82926829 84146340 0.031732
hs1 84146341 85365852 0.625389
hs1 85365853 86585364 0.671864
hs1 86585365 87804877 0.425400
hs1 87804878 89024389 0.083542
hs1 89024390 90243901 0.502112
hs1 90243902 91463413 0.110547
hs1 91463414 92682925 0.604444
hs1 92682926 93902438 0.688930
hs1 93902439 95121950 0.346894
hs1 95121951 96341462 0.184696
hs1 96341463 97560974 0.277581
hs1 97560975 98780486 0.490631
hs1 98780487 99999999 0.295676
hs1 100000000 101219511 0.541995
hs1 101219512 102439023 0.212169
hs1 102439024 103658535 0.190265
hs1 103658536 104878047 0.142432
hs1 104878048 106097559 0.284286
hs1 106097560 107317072 0.000000
hs1 107317073 108536584 0.652614
hs1 108536585 109756096 0.598368
hs1 109756097 110975608 0.335963
hs1 110975609 112195120 0.433662
hs1 112195121 113414633 0.406345
hs1 113414634 114634145 0.543270
hs1 114634146 115853657 0.446231
hs1 115853658 117073169 0.372407
hs1 117073170 118292681 0.423266
hs1 118292682 119512194 0.376729
hs1 119512195 120731706 0.279503
hs1 120731707 121951218 0.048002
hs1 121951219 123170730 0.000000
hs1 123170731 124390242 0.000000
hs1 124390243 125609755 0.000000
hs1 125609756 126829267 0.000000
hs1 126829268 128048779 0.000000
hs1 128048780 129268291 0.000000
hs1 129268292 130487803 0.000000
hs1 130487804 131707316 0.000000
hs1 131707317 132926828 0.000000
hs1 132926829 134146340 0.000000
hs1 134146341 135365852 0.000000
hs1 135365853 136585364 0.000000
hs1 136585365 137804877 0.000000
hs1 137804878 139024389 0.000000
hs1 139024390 140243901 0.000000
hs1 140243902 141463413 0.000000
hs1 141463414 142682925 0.065447
hs1 142682926 143902438 0.480429
hs1 143902439 145121950 0.539172
hs1 145121951 146341462 0.344670
hs1 146341463 147560974 0.157209
hs1 147560975 148780486 0.419474
hs1 148780487 149999999 0.661027
hs1 150000000 151219511 0.192065
hs1 151219512 152439023 0.469388
hs1 152439024 153658535 0.681743
hs1 153658536 154878047 0.674499
hs1 154878048 156097559 0.418390
hs1 156097560 157317072 0.276871
hs1 157317073 158536584 0.305864
hs1 158536585 159756096 0.507706
hs1 159756097 160975608 0.670037
hs1 160975609 162195120 0.148258
hs1 162195121 163414633 0.239641
hs1 163414634 164634145 0.497399
hs1 164634146 165853657 0.421300
hs1 165853658 167073169 0.479128
hs1 167073170 168292681 0.598515
hs1 168292682 169512194 0.315530
hs1 169512195 170731706 0.693168
hs1 170731707 171951218 0.242744
hs1 171951219 173170730 0.824629
hs1 173170731 174390242 0.649592
hs1 174390243 175609755 0.694745
hs1 175609756 176829267 0.365391
hs1 176829268 178048779 0.702404
hs1 178048780 179268291 0.722716
hs1 179268292 180487803 0.286167
hs1 180487804 181707316 0.541118
hs1 181707317 182926828 0.650548
hs1 182926829 184146340 0.553619
hs1 184146341 185365852 0.487940
hs1 185365853 186585364 0.000000
hs1 186585365 187804877 0.000000
hs1 187804878 189024389 0.311570
hs1 189024390 190243901 0.000000
hs1 190243902 191463413 0.253047
hs1 191463414 192682925 0.022263
hs1 192682926 193902438 0.000000
hs1 193902439 195121950 0.418160
hs1 195121951 196341462 0.584965
hs1 196341463 197560974 0.247473
hs1 197560975 198780486 0.126706
hs1 198780487 199999999 0.554158
hs1 200000000 201219511 0.763076
hs1 201219512 202439023 0.397420
hs1 202439024 203658535 0.656103
hs1 203658536 204878047 0.464501
hs1 204878048 206097559 0.507051
hs1 206097560 207317072 0.202442
hs1 207317073 208536584 0.358177
hs1 208536585 209756096 0.799805
hs1 209756097 210975608 0.400622
hs1 210975609 212195120 0.349078
hs1 212195121 213414633 0.594719
hs1 213414634 214634145 0.728267
hs1 214634146 215853657 0.694482
hs1 215853658 217073169 0.331636
hs1 217073170 218292681 0.107802
hs1 218292682 219512194 0.350027
hs1 219512195 220731706 0.038595
hs1 220731707 221951218 0.476327
hs1 221951219 223170730 0.405074
hs1 223170731 224390242 0.652586
hs1 224390243 225609755 0.602963
hs1 225609756 226829267 0.431956
hs1 226829268 228048779 0.208823
hs1 228048780 229268291 0.440582
hs1 229268292 230487803 0.954811
hs1 230487804 231707316 0.426237
hs1 231707317 232926828 0.476837
hs1 232926829 234146340 0.553531
hs1 234146341 235365852 0.556185
hs1 235365853 236585364 0.633393
hs1 236585365 237804877 0.004619
hs1 237804878 239024389 0.660259
hs1 239024390 240243901 0.736069
hs1 240243902 241463413 0.483982
hs1 241463414 242682925 0.579995
hs1 242682926 243902438 0.769256
hs1 243902439 245121950 0.832645
hs1 245121951 246341462 0.354219
hs1 246341463 247560974 0.058207
hs19 0 1219511 0.552935
hs19 1219512 2439023 0.624727
hs19 2439024 3658535 0.702604
hs19 3658536 4878047 0.653126
hs19 4878048 6097559 0.645615
hs19 6097560 7317072 0.586353
hs19 7317073 8536584 0.573631
hs19 8536585 9756096 0.366824
hs19 9756097 10975608 0.710938
hs19 10975609 12195120 0.598430
hs19 12195121 13414633 0.659697
hs19 13414634 14634145 0.500410
hs19 14634146 15853657 0.392545
hs19 15853658 17073169 0.683847
hs19 17073170 18292681 0.680324
hs19 18292682 19512194 0.809313
hs19 19512195 20731706 0.377029
hs19 20731707 21951218 0.305563
hs19 21951219 23170730 0.138774
hs19 23170731 24390242 0.164675
hs19 24390243 25609755 0.000000
hs19 25609756 26829267 0.000000
hs19 26829268 28048779 0.000000
hs19 28048780 29268291 0.000000
hs19 29268292 30487803 0.000000
hs19 30487804 31707316 0.000000
hs19 31707317 32926828 0.000000
hs19 32926829 34146340 0.002827
hs19 34146341 35365852 0.140177
hs19 35365853 36585364 0.213617
hs19 36585365 37804877 0.125921
hs19 37804878 39024389 0.669121
hs19 39024390 40243901 0.325688
hs19 40243902 41463413 0.504234
hs19 41463414 42682925 0.515841
hs19 42682926 43902438 0.812385
hs19 43902439 45121950 0.454988
hs19 45121951 46341462 0.547088
hs19 46341463 47560974 0.520411
hs19 47560975 48780486 0.329577
hs19 48780487 49999999 0.508739
hs19 50000000 51219511 0.643932
hs19 51219512 52439023 0.427494
hs19 52439024 53658535 0.642283
hs19 53658536 54878047 0.712602
hs19 54878048 56097559 0.637118
hs19 56097560 57317072 0.438098
hs19 57317073 58536584 0.573226
hs19 58536585 59756096 0.473866
hs19 59756097 60975608 0.630731
hs19 60975609 62195120 0.482960
hs19 62195121 63414633 0.462094
hs19 63414634 64634145 0.173836
hs2 0 1219511 0.302002
hs2 1219512 2439023 0.756712
hs2 2439024 3658535 0.301270
hs2 3658536 4878047 0.045808
hs2 4878048 6097559 0.051257
hs2 6097560 7317072 0.135172
hs2 7317073 8536584 0.044599
hs2 8536585 9756096 0.534613
hs2 9756097 10975608 0.494379
hs2 10975609 12195120 0.347209
hs2 12195121 13414633 0.021207
hs2 13414634 14634145 0.000000
hs2 14634146 15853657 0.361816
hs2 15853658 17073169 0.102237
hs2 17073170 18292681 0.245970
hs2 18292682 19512194 0.032638
hs2 19512195 20731706 0.218051
hs2 20731707 21951218 0.150619
hs2 21951219 23170730 0.000000
hs2 23170731 24390242 0.661013
hs2 24390243 25609755 0.640836
hs2 25609756 26829267 0.750768
hs2 26829268 28048779 0.702792
hs2 28048780 29268291 0.699456
hs2 29268292 30487803 0.632178
hs2 30487804 31707316 0.594964
hs2 31707317 32926828 0.702203
hs2 32926829 34146340 0.579192
hs2 34146341 35365852 0.000000
hs2 35365853 36585364 0.121741
hs2 36585365 37804877 0.563075
hs2 37804878 39024389 0.420838
hs2 39024390 40243901 0.456951
hs2 40243902 41463413 0.286326
hs2 41463414 42682925 0.221607
hs2 42682926 43902438 0.559598
hs2 43902439 45121950 0.607425
hs2 45121951 46341462 0.622136
hs2 46341463 47560974 0.523685
hs2 47560975 48780486 0.441408
hs2 48780487 49999999 0.231590
hs2 50000000 51219511 0.912807
hs2 51219512 52439023 0.000000
hs2 52439024 53658535 0.000000
hs2 53658536 54878047 0.797234
hs2 54878048 56097559 0.571179
hs2 56097560 57317072 0.165683
hs2 57317073 58536584 0.160283
hs2 58536585 59756096 0.000000
hs2 59756097 60975608 0.129891
hs2 60975609 62195120 0.692584
hs2 62195121 63414633 0.535112
hs2 63414634 64634145 0.442184
hs2 64634146 65853657 0.275960
hs2 65853658 67073169 0.112636
hs2 67073170 68292681 0.092313
hs2 68292682 69512194 0.563506
hs2 69512195 70731706 0.491478
hs2 70731707 71951218 0.535550
hs2 71951219 73170730 0.683918
hs2 73170731 74390242 0.584190
hs2 74390243 75609755 0.450820
hs2 75609756 76829267 0.086272
hs2 76829268 78048779 0.634568
hs2 78048780 79268291 0.011847
hs2 79268292 80487803 0.735313
hs2 80487804 81707316 0.198189
hs2 81707317 82926828 0.000000
hs2 82926829 84146340 0.000794
hs2 84146341 85365852 0.525676
hs2 85365853 86585364 0.530589
hs2 86585365 87804877 0.440500
hs2 87804878 89024389 0.489271
hs2 89024390 90243901 0.000000
hs2 90243902 91463413 0.024645
hs2 91463414 92682925 0.001096
hs2 92682926 93902438 0.000000
hs2 93902439 95121950 0.110715
hs2 95121951 96341462 0.260681
hs2 96341463 97560974 0.524008
hs2 97560975 98780486 0.694764
hs2 98780487 99999999 0.829665
hs2 100000000 101219511 0.463767
hs2 101219512 102439023 0.483105
hs2 102439024 103658535 0.186664
hs2 103658536 104878047 0.065530
hs2 104878048 106097559 0.324124
hs2 106097560 107317072 0.191819
hs2 107317073 108536584 0.168668
hs2 108536585 109756096 0.764984
hs2 109756097 110975608 0.605701
hs2 110975609 112195120 0.559948
hs2 112195121 113414633 0.564286
hs2 113414634 114634145 0.343377
hs2 114634146 115853657 0.768578
hs2 115853658 117073169 0.381412
hs2 117073170 118292681 0.003246
hs2 118292682 119512194 0.157727
hs2 119512195 120731706 0.583570
hs2 120731707 121951218 0.367447
hs2 121951219 123170730 0.159676
hs2 123170731 124390242 0.000000
hs2 124390243 125609755 0.729801
hs2 125609756 126829267 0.000000
hs2 126829268 128048779 0.240049
hs2 128048780 129268291 0.411393
hs2 129268292 130487803 0.011919
hs2 130487804 131707316 0.385757
hs2 131707317 132926828 0.251505
hs2 132926829 134146340 0.916110
hs2 134146341 135365852 0.423377
hs2 135365853 136585364 0.787593
hs2 136585365 137804877 0.281879
hs2 137804878 139024389 0.367015
hs2 139024390 140243901 0.111373
hs2 140243902 141463413 0.621518
hs2 141463414 142682925 0.936708
hs2 142682926 143902438 0.380286
hs2 143902439 145121950 0.707229
hs2 145121951 146341462 0.108339
hs2 146341463 147560974 0.003226
hs2 147560975 148780486 0.376109
hs2 148780487 149999999 0.716126
hs2 150000000 151219511 0.062353
hs2 151219512 152439023 0.361787
hs2 152439024 153658535 0.580417
hs2 153658536 154878047 0.363136
hs2 154878048 156097559 0.244861
hs2 156097560 157317072 0.130623
hs2 157317073 158536584 0.273561
hs2 158536585 159756096 0.733255
hs2 159756097 160975608 0.766776
hs2 160975609 162195120 0.246494
hs2 162195121 163414633 0.866683
hs2 163414634 164634145 0.105286
hs2 164634146 165853657 0.417480
hs2 165853658 167073169 0.653356
hs2 167073170 168292681 0.292156
hs2 168292682 169512194 0.652467
hs2 169512195 170731706 0.727047
hs2 170731707 171951218 0.716465
hs2 171951219 173170730 0.479942
hs2 173170731 174390242 0.441018
hs2 174390243 175609755 0.590802
hs2 175609756 176829267 0.169938
hs2 176829268 178048779 0.251778
hs2 178048780 179268291 1.075828
hs2 179268292 180487803 0.609933
hs2 180487804 181707316 0.119079
hs2 181707317 182926828 0.481946
hs2 182926829 184146340 0.358357
hs2 184146341 185365852 0.159503
hs2 185365853 186585364 0.197841
hs2 186585365 187804877 0.168477
hs2 187804878 189024389 0.290519
hs2 189024390 190243901 0.369859
hs2 190243902 191463413 0.480771
hs2 191463414 192682925 0.495952
hs2 192682926 193902438 0.091856
hs2 193902439 195121950 0.000000
hs2 195121951 196341462 0.091584
hs2 196341463 197560974 0.786325
hs2 197560975 198780486 0.684843
hs2 198780487 199999999 0.129176
hs2 200000000 201219511 0.342376
hs2 201219512 202439023 0.838807
hs2 202439024 203658535 0.576315
hs2 203658536 204878047 0.383435
hs2 204878048 206097559 0.802616
hs2 206097560 207317072 0.555199
hs2 207317073 208536584 0.371157
hs2 208536585 209756096 0.243346
hs2 209756097 210975608 0.630960
hs2 210975609 212195120 0.406468
hs2 212195121 213414633 0.751592
hs2 213414634 214634145 0.761542
hs2 214634146 215853657 0.657280
hs2 215853658 217073169 0.436258
hs2 217073170 218292681 0.403469
hs2 218292682 219512194 0.637101
hs2 219512195 220731706 0.364625
hs2 220731707 221951218 0.000000
hs2 221951219 223170730 0.345265
hs2 223170731 224390242 0.204866
hs2 224390243 225609755 0.471616
hs2 225609756 226829267 0.212341
hs2 226829268 228048779 0.487020
hs2 228048780 229268291 0.327651
hs2 229268292 230487803 0.616594
hs2 230487804 231707316 0.606913
hs2 231707317 232926828 0.547617
hs2 232926829 234146340 0.727673
hs2 234146341 235365852 0.732621
hs2 235365853 236585364 0.509731
hs2 236585365 237804877 0.323605
hs2 237804878 239024389 0.639728
hs2 239024390 240243901 0.292043
hs2 240243902 241463413 0.306582
hs2 241463414 242682925 0.624042
hs2 242682926 243902438 0.055938
hs8 0 1219511 0.183547
hs8 1219512 2439023 0.408337
hs8 2439024 3658535 0.720168
hs8 3658536 4878047 0.968585
hs8 4878048 6097559 0.000000
hs8 6097560 7317072 0.431649
hs8 7317073 8536584 0.235303
hs8 8536585 9756096 0.313724
hs8 9756097 10975608 0.601688
hs8 10975609 12195120 0.496451
hs8 12195121 13414633 0.546591
hs8 13414634 14634145 0.529733
hs8 14634146 15853657 0.598894
hs8 15853658 17073169 0.167792
hs8 17073170 18292681 0.617814
hs8 18292682 19512194 0.643903
hs8 19512195 20731706 0.169897
hs8 20731707 21951218 0.174070
hs8 21951219 23170730 0.742535
hs8 23170731 24390242 0.270074
hs8 24390243 25609755 0.292337
hs8 25609756 26829267 0.425541
hs8 26829268 28048779 0.537063
hs8 28048780 29268291 0.657842
hs8 29268292 30487803 0.236038
hs8 30487804 31707316 0.431851
hs8 31707317 32926828 0.848523
hs8 32926829 34146340 0.131895
hs8 34146341 35365852 0.125736
hs8 35365853 36585364 0.332813
hs8 36585365 37804877 0.184746
hs8 37804878 39024389 0.578638
hs8 39024390 40243901 0.600898
hs8 40243902 41463413 0.340090
hs8 41463414 42682925 0.622505
hs8 42682926 43902438 0.347649
hs8 43902439 45121950 0.000000
hs8 45121951 46341462 0.000000
hs8 46341463 47560974 0.000000
hs8 47560975 48780486 0.376621
hs8 48780487 49999999 0.256704
hs8 50000000 51219511 0.193605
hs8 51219512 52439023 0.568099
hs8 52439024 53658535 0.703237
hs8 53658536 54878047 0.169165
hs8 54878048 56097559 0.238139
hs8 56097560 57317072 0.584597
hs8 57317073 58536584 0.055408
hs8 58536585 59756096 0.255367
hs8 59756097 60975608 0.257309
hs8 60975609 62195120 0.315483
hs8 62195121 63414633 0.425042
hs8 63414634 64634145 0.617747
hs8 64634146 65853657 0.154991
hs8 65853658 67073169 0.198251
hs8 67073170 68292681 0.576078
hs8 68292682 69512194 0.598024
hs8 69512195 70731706 0.468553
hs8 70731707 71951218 0.501667
hs8 71951219 73170730 0.356931
hs8 73170731 74390242 0.403442
hs8 74390243 75609755 0.491059
hs8 75609756 76829267 0.088034
hs8 76829268 78048779 0.211891
hs8 78048780 79268291 0.017046
hs8 79268292 80487803 0.175169
hs8 80487804 81707316 0.280451
hs8 81707317 82926828 0.431768
hs8 82926829 84146340 0.000000
hs8 84146341 85365852 0.088434
hs8 85365853 86585364 0.680225
hs8 86585365 87804877 0.378313
hs8 87804878 89024389 0.442593
hs8 89024390 90243901 0.238012
hs8 90243902 91463413 0.152180
hs8 91463414 92682925 0.426984
hs8 92682926 93902438 0.111760
hs8 93902439 95121950 0.159345
hs8 95121951 96341462 0.474038
hs8 96341463 97560974 0.107368
hs8 97560975 98780486 0.554116
hs8 98780487 99999999 0.691552
hs8 100000000 101219511 0.850715
hs8 101219512 102439023 0.267755
hs8 102439024 103658535 0.671828
hs8 103658536 104878047 0.477222
hs8 104878048 106097559 0.541908
hs8 106097560 107317072 0.398208
hs8 107317073 108536584 0.573109
hs8 108536585 109756096 0.260342
hs8 109756097 110975608 0.369754
hs8 110975609 112195120 0.006337
hs8 112195121 113414633 0.090448
hs8 113414634 114634145 0.905179
hs8 114634146 115853657 0.000000
hs8 115853658 117073169 0.213613
hs8 117073170 118292681 0.311878
hs8 118292682 119512194 0.470117
hs8 119512195 120731706 0.317140
hs8 120731707 121951218 0.780916
hs8 121951219 123170730 0.027642
hs8 123170731 124390242 0.309789
hs8 124390243 125609755 0.521913
hs8 125609756 126829267 0.483195
hs8 126829268 128048779 0.004740
hs8 128048780 129268291 0.289309
hs8 129268292 130487803 0.000000
hs8 130487804 131707316 0.400181
hs8 131707317 132926828 0.213438
hs8 132926829 134146340 0.815713
hs8 134146341 135365852 0.265374
hs8 135365853 136585364 0.287079
hs8 136585365 137804877 0.117806
hs8 137804878 139024389 0.000000
hs8 139024390 140243901 0.567900
hs8 140243902 141463413 0.608558
hs8 141463414 142682925 0.582508
hs8 142682926 143902438 0.282321
hs8 143902439 145121950 0.394658
hs8 145121951 146341462 0.524675
hs6 0 1219511 0.351186
hs6 1219512 2439023 0.519340
hs6 2439024 3658535 0.384196
hs6 3658536 4878047 0.314797
hs6 4878048 6097559 0.585370
hs6 6097560 7317072 0.600926
hs6 7317073 8536584 0.331036
hs6 8536585 9756096 0.001346
hs6 9756097 10975608 0.214601
hs6 10975609 12195120 0.490283
hs6 12195121 13414633 0.538049
hs6 13414634 14634145 0.325743
hs6 14634146 15853657 0.341089
hs6 15853658 17073169 0.441581
hs6 17073170 18292681 0.463161
hs6 18292682 19512194 0.132134
hs6 19512195 20731706 0.242628
hs6 20731707 21951218 0.648087
hs6 21951219 23170730 0.301805
hs6 23170731 24390242 0.107934
hs6 24390243 25609755 0.633296
hs6 25609756 26829267 0.390683
hs6 26829268 28048779 0.195818
hs6 28048780 29268291 0.206835
hs6 29268292 30487803 0.273218
hs6 30487804 31707316 0.322513
hs6 31707317 32926828 0.583427
hs6 32926829 34146340 0.385035
hs6 34146341 35365852 0.648072
hs6 35365853 36585364 0.739196
hs6 36585365 37804877 0.466245
hs6 37804878 39024389 0.869121
hs6 39024390 40243901 0.597277
hs6 40243902 41463413 0.298565
hs6 41463414 42682925 0.641856
hs6 42682926 43902438 0.632718
hs6 43902439 45121950 0.413838
hs6 45121951 46341462 0.663522
hs6 46341463 47560974 0.430878
hs6 47560975 48780486 0.362146
hs6 48780487 49999999 0.155283
hs6 50000000 51219511 0.093818
hs6 51219512 52439023 0.489581
hs6 52439024 53658535 0.381904
hs6 53658536 54878047 0.423759
hs6 54878048 56097559 0.453707
hs6 56097560 57317072 0.444497
hs6 57317073 58536584 0.283581
hs6 58536585 59756096 0.000000
hs6 59756097 60975608 0.000000
hs6 60975609 62195120 0.000000
hs6 62195121 63414633 0.497114
hs6 63414634 64634145 0.221307
hs6 64634146 65853657 1.000000
hs6 65853658 67073169 0.509865
hs6 67073170 68292681 0.000000
hs6 68292682 69512194 0.090071
hs6 69512195 70731706 0.708379
hs6 70731707 71951218 0.651023
hs6 71951219 73170730 0.439636
hs6 73170731 74390242 0.628558
hs6 74390243 75609755 0.133454
hs6 75609756 76829267 0.634466
hs6 76829268 78048779 0.008026
hs6 78048780 79268291 0.000963
hs6 79268292 80487803 0.273318
hs6 80487804 81707316 0.254493
hs6 81707317 82926828 0.005726
hs6 82926829 84146340 0.453340
hs6 84146341 85365852 0.399060
hs6 85365853 86585364 0.165456
hs6 86585365 87804877 0.065082
hs6 87804878 89024389 0.434147
hs6 89024390 90243901 0.504860
hs6 90243902 91463413 0.678202
hs6 91463414 92682925 0.000000
hs6 92682926 93902438 0.000000
hs6 93902439 95121950 0.204150
hs6 95121951 96341462 0.026170
hs6 96341463 97560974 0.341933
hs6 97560975 98780486 0.225895
hs6 98780487 99999999 0.178987
hs6 100000000 101219511 0.336631
hs6 101219512 102439023 0.575539
hs6 102439024 103658535 0.152214
hs6 103658536 104878047 0.000000
hs6 104878048 106097559 0.365311
hs6 106097560 107317072 0.300077
hs6 107317073 108536584 0.673666
hs6 108536585 109756096 0.623189
hs6 109756097 110975608 0.620464
hs6 110975609 112195120 0.625818
hs6 112195121 113414633 0.249844
hs6 113414634 114634145 0.053887
hs6 114634146 115853657 0.000000
hs6 115853658 117073169 0.472623
hs6 117073170 118292681 0.409834
hs6 118292682 119512194 0.735105
hs6 119512195 120731706 0.140762
hs6 120731707 121951218 0.220702
hs6 121951219 123170730 0.278902
hs6 123170731 124390242 0.584867
hs6 124390243 125609755 0.858013
hs6 125609756 126829267 0.229769
hs6 126829268 128048779 0.222303
hs6 128048780 129268291 0.643453
hs6 129268292 130487803 0.722134
hs6 130487804 131707316 0.386516
hs6 131707317 132926828 0.354696
hs6 132926829 134146340 0.342727
hs6 134146341 135365852 0.297528
hs6 135365853 136585364 1.193920
hs6 136585365 137804877 0.572734
hs6 137804878 139024389 0.313297
hs6 139024390 140243901 0.253545
hs6 140243902 141463413 0.000000
hs6 141463414 142682925 0.086139
hs6 142682926 143902438 0.651975
hs6 143902439 145121950 0.797080
hs6 145121951 146341462 0.246335
hs6 146341463 147560974 0.524661
hs6 147560975 148780486 0.262070
hs6 148780487 149999999 0.577159
hs6 150000000 151219511 0.506617
hs6 151219512 152439023 0.787462
hs6 152439024 153658535 0.596481
hs6 153658536 154878047 0.446057
hs6 154878048 156097559 0.326384
hs6 156097560 157317072 0.144581
hs6 157317073 158536584 0.716751
hs6 158536585 159756096 0.517493
hs6 159756097 160975608 0.471862
hs6 160975609 162195120 0.706579
hs6 162195121 163414633 1.000552
hs6 163414634 164634145 0.344666
hs6 164634146 165853657 0.182738
hs6 165853658 167073169 0.486007
hs6 167073170 168292681 0.407650
hs6 168292682 169512194 0.227143
hs6 169512195 170731706 0.400481
hs6 170731707 171951218 0.003253
hs14 0 1219511 0.000000
hs14 1219512 2439023 0.000000
hs14 2439024 3658535 0.000000
hs14 3658536 4878047 0.000000
hs14 4878048 6097559 0.000000
hs14 6097560 7317072 0.000000
hs14 7317073 8536584 0.000000
hs14 8536585 9756096 0.000000
hs14 9756097 10975608 0.000000
hs14 10975609 12195120 0.000000
hs14 12195121 13414633 0.000000
hs14 13414634 14634145 0.000000
hs14 14634146 15853657 0.000000
hs14 15853658 17073169 0.000000
hs14 17073170 18292681 0.000000
hs14 18292682 19512194 0.061244
hs14 19512195 20731706 0.209944
hs14 20731707 21951218 0.230279
hs14 21951219 23170730 0.367163
hs14 23170731 24390242 0.322180
hs14 24390243 25609755 0.162928
hs14 25609756 26829267 0.124536
hs14 26829268 28048779 0.000000
hs14 28048780 29268291 0.145576
hs14 29268292 30487803 0.363841
hs14 30487804 31707316 0.611037
hs14 31707317 32926828 0.780977
hs14 32926829 34146340 0.444669
hs14 34146341 35365852 0.596099
hs14 35365853 36585364 0.412309
hs14 36585365 37804877 0.402122
hs14 37804878 39024389 0.217193
hs14 39024390 40243901 0.000000
hs14 40243902 41463413 0.243533
hs14 41463414 42682925 0.000000
hs14 42682926 43902438 0.000000
hs14 43902439 45121950 0.269523
hs14 45121951 46341462 0.000664
hs14 46341463 47560974 0.684833
hs14 47560975 48780486 0.000000
hs14 48780487 49999999 0.478796
hs14 50000000 51219511 0.589664
hs14 51219512 52439023 0.531262
hs14 52439024 53658535 0.141229
hs14 53658536 54878047 0.512586
hs14 54878048 56097559 0.321526
hs14 56097560 57317072 0.298404
hs14 57317073 58536584 0.394803
hs14 58536585 59756096 0.513103
hs14 59756097 60975608 0.486521
hs14 60975609 62195120 0.258893
hs14 62195121 63414633 0.631042
hs14 63414634 64634145 0.790506
hs14 64634146 65853657 0.277966
hs14 65853658 67073169 0.772433
hs14 67073170 68292681 0.834080
hs14 68292682 69512194 0.571065
hs14 69512195 70731706 0.527155
hs14 70731707 71951218 0.568813
hs14 71951219 73170730 0.771409
hs14 73170731 74390242 0.681331
hs14 74390243 75609755 0.800833
hs14 75609756 76829267 0.382596
hs14 76829268 78048779 0.519498
hs14 78048780 79268291 1.000000
hs14 79268292 80487803 0.483755
hs14 80487804 81707316 0.345293
hs14 81707317 82926828 0.000000
hs14 82926829 84146340 0.000000
hs14 84146341 85365852 0.080183
hs14 85365853 86585364 0.000000
hs14 86585365 87804877 0.130307
hs14 87804878 89024389 0.667446
hs14 89024390 90243901 0.615951
hs14 90243902 91463413 0.762467
hs14 91463414 92682925 0.675520
hs14 92682926 93902438 0.704131
hs14 93902439 95121950 0.338726
hs14 95121951 96341462 0.323338
hs14 96341463 97560974 0.105582
hs14 97560975 98780486 0.066632
hs14 98780487 99999999 0.607643
hs14 100000000 101219511 0.153242
hs14 101219512 102439023 0.751855
hs14 102439024 103658535 0.586497
hs14 103658536 104878047 0.351796
hs14 104878048 106097559 0.130567
hs17 0 1219511 0.675900
hs17 1219512 2439023 0.822769
hs17 2439024 3658535 0.563496
hs17 3658536 4878047 0.719930
hs17 4878048 6097559 0.375443
hs17 6097560 7317072 0.479621
hs17 7317073 8536584 0.621873
hs17 8536585 9756096 0.791933
hs17 9756097 10975608 0.461476
hs17 10975609 12195120 0.686262
hs17 12195121 13414633 0.332048
hs17 13414634 14634145 0.180146
hs17 14634146 15853657 0.290378
hs17 15853658 17073169 0.643230
hs17 17073170 18292681 0.683452
hs17 18292682 19512194 0.508434
hs17 19512195 20731706 0.476804
hs17 20731707 21951218 0.209091
hs17 21951219 23170730 0.191390
hs17 23170731 24390242 0.595605
hs17 24390243 25609755 0.803616
hs17 25609756 26829267 0.698401
hs17 26829268 28048779 0.512562
hs17 28048780 29268291 0.904512
hs17 29268292 30487803 0.403246
hs17 30487804 31707316 0.471571
hs17 31707317 32926828 0.605270
hs17 32926829 34146340 0.441736
hs17 34146341 35365852 0.680297
hs17 35365853 36585364 0.436529
hs17 36585365 37804877 0.496788
hs17 37804878 39024389 0.617545
hs17 39024390 40243901 0.517211
hs17 40243902 41463413 0.599279
hs17 41463414 42682925 0.596021
hs17 42682926 43902438 0.659254
hs17 43902439 45121950 0.431508
hs17 45121951 46341462 0.477423
hs17 46341463 47560974 0.664175
hs17 47560975 48780486 0.025750
hs17 48780487 49999999 0.001916
hs17 50000000 51219511 0.329456
hs17 51219512 52439023 0.383747
hs17 52439024 53658535 0.469484
hs17 53658536 54878047 0.823175
hs17 54878048 56097559 0.682650
hs17 56097560 57317072 0.783179
hs17 57317073 58536584 0.536957
hs17 58536585 59756096 0.764675
hs17 59756097 60975608 0.470351
hs17 60975609 62195120 0.862697
hs17 62195121 63414633 0.682712
hs17 63414634 64634145 0.483693
hs17 64634146 65853657 0.322661
hs17 65853658 67073169 0.000000
hs17 67073170 68292681 0.118411
hs17 68292682 69512194 0.657884
hs17 69512195 70731706 0.532748
hs17 70731707 71951218 0.781365
hs17 71951219 73170730 0.500002
hs17 73170731 74390242 0.504698
hs17 74390243 75609755 0.502689
hs17 75609756 76829267 0.857021
hs17 76829268 78048779 0.602012
hs17 78048780 79268291 0.420151
hs21 0 1219511 0.000000
hs21 1219512 2439023 0.000000
hs21 2439024 3658535 0.000000
hs21 3658536 4878047 0.000000
hs21 4878048 6097559 0.000000
hs21 6097560 7317072 0.000000
hs21 7317073 8536584 0.000000
hs21 8536585 9756096 0.000000
hs21 9756097 10975608 0.358883
hs21 10975609 12195120 0.000000
hs21 12195121 13414633 0.065669
hs21 13414634 14634145 0.173214
hs21 14634146 15853657 0.144946
hs21 15853658 17073169 0.565302
hs21 17073170 18292681 0.125950
hs21 18292682 19512194 0.128803
hs21 19512195 20731706 0.000000
hs21 20731707 21951218 0.492900
hs21 21951219 23170730 0.000000
hs21 23170731 24390242 0.000000
hs21 24390243 25609755 0.000000
hs21 25609756 26829267 0.463026
hs21 26829268 28048779 0.102807
hs21 28048780 29268291 0.057420
hs21 29268292 30487803 0.645385
hs21 30487804 31707316 0.255414
hs21 31707317 32926828 0.547820
hs21 32926829 34146340 0.580867
hs21 34146341 35365852 0.549598
hs21 35365853 36585364 0.137357
hs21 36585365 37804877 0.694311
hs21 37804878 39024389 0.597053
hs21 39024390 40243901 0.378906
hs21 40243902 41463413 0.691326
hs21 41463414 42682925 0.591403
hs21 42682926 43902438 0.485856
hs21 43902439 45121950 0.681377
hs21 45121951 46341462 0.440257
hs21 46341463 47560974 0.404314
