hsX 0 1020407 0.112821
hsX 1020408 2040815 0.302325
hsX 2040816 3061223 0.649872
hsX 3061224 4081631 0.144424
hsX 4081632 5102039 0.000000
hsX 5102040 6122447 0.298279
hsX 6122448 7142856 0.132331
hsX 7142857 8163264 0.164146
hsX 8163265 9183672 0.219189
hsX 9183673 10204080 0.656038
hsX 10204081 11224488 0.550638
hsX 11224489 12244896 0.558165
hsX 12244897 13265305 0.525304
hsX 13265306 14285713 0.336508
hsX 14285714 15306121 0.379510
hsX 15306122 16326529 0.412851
hsX 16326530 17346937 0.496335
hsX 17346938 18367345 0.571329
hsX 18367346 19387754 0.716652
hsX 19387755 20408162 0.699977
hsX 20408163 21428570 0.123593
hsX 21428571 22448978 0.518384
hsX 22448979 23469386 0.062775
hsX 23469387 24489794 0.387714
hsX 24489795 25510203 0.418000
hsX 25510204 26530611 0.008152
hsX 26530612 27551019 0.003069
hsX 27551020 28571427 0.074798
hsX 28571428 29591835 1.000000
hsX 29591836 30612243 0.361757
hsX 30612244 31632652 0.680668
hsX 31632653 32653060 1.000000
hsX 32653061 33673468 0.602295
hsX 33673469 34693876 0.032150
hsX 34693877 35714284 0.002081
hsX 35714285 36734692 0.316867
hsX 36734693 37755101 0.304392
hsX 37755102 38775509 0.440395
hsX 38775510 39795917 0.000466
hsX 39795918 40816325 0.254722
hsX 40816326 41836733 0.606035
hsX 41836734 42857141 0.000854
hsX 42857142 43877550 0.226796
hsX 43877551 44897958 0.451625
hsX 44897959 45918366 0.046407
hsX 45918367 46938774 0.501882
hsX 46938775 47959182 0.380002
hsX 47959183 48979590 0.423491
hsX 48979591 49999999 1.053675
hsX 50000000 51020407 0.390014
hsX 51020408 52040815 0.126766
hsX 52040816 53061223 0.261624
hsX 53061224 54081631 0.467004
hsX 54081632 55102039 0.527448
hsX 55102040 56122447 0.083982
hsX 56122448 57142856 0.163845
hsX 57142857 58163264 0.212864
hsX 58163265 59183672 0.000000
hsX 59183673 60204080 0.000000
hsX 60204081 61224488 0.000000
hsX 61224489 62244896 0.000000
hsX 62244897 63265305 0.283432
hsX 63265306 64285713 0.262420
hsX 64285714 65306121 0.138304
hsX 65306122 66326529 0.115862
hsX 66326530 67346937 0.341309
hsX 67346938 68367345 0.345577
hsX 68367346 69387754 0.518281
hsX 69387755 70408162 0.692458
hsX 70408163 71428570 0.583986
hsX 71428571 72448978 0.408270
hsX 72448979 73469386 0.619179
hsX 73469387 74489794 0.461367
hsX 74489795 75510203 0.161838
hsX 75510204 76530611 0.003712
hsX 76530612 77551019 0.576036
hsX 77551020 78571427 0.036920
hsX 78571428 79591835 0.124288
hsX 79591836 80612243 0.318727
hsX 80612244 81632652 0.000000
hsX 81632653 82653060 0.001478
hsX 82653061 83673468 0.332862
hsX 83673469 84693876 0.233808
hsX 84693877 85714284 0.598347
hsX 85714285 86734692 0.328594
hsX 86734693 87755101 0.075474
hsX 87755102 88775509 0.007408
hsX 88775510 89795917 0.000925
hsX 89795918 90816325 0.003907
hsX 90816326 91836733 0.827085
hsX 91836734 92857141 0.040121
hsX 92857142 93877550 0.000000
hsX 93877551 94897958 0.000000
hsX 94897959 95918366 0.091011
hsX 95918367 96938774 0.808919
hsX 96938775 97959182 0.000000
hsX 97959183 98979590 0.368809
hsX 98979591 99999999 0.356744
hsX 100000000 101020407 0.454246
hsX 101020408 102040815 0.565870
hsX 102040816 103061223 0.121791
hsX 103061224 104081631 0.478146
hsX 104081632 105102039 0.935571
hsX 105102040 106122447 0.368611
hsX 106122448 107142856 0.370157
hsX 107142857 108163264 0.636967
hsX 108163265 109183672 0.257482
hsX 109183673 110204080 0.648974
hsX 110204081 111224488 0.698015
hsX 111224489 112244896 0.468517
hsX 112244897 113265305 0.000000
hsX 113265306 114285713 0.367198
hsX 114285714 115306121 0.200655
hsX 115306122 116326529 0.025642
hsX 116326530 117346937 0.215137
hsX 117346938 118367345 0.477953
hsX 118367346 119387754 0.367596
hsX 119387755 120408162 0.566040
hsX 120408163 121428570 0.000000
hsX 121428571 122448978 0.297139
hsX 122448979 123469386 0.480897
hsX 123469387 124489794 0.446842
hsX 124489795 125510203 0.002546
hsX 125510204 126530611 0.005390
hsX 126530612 127551019 0.001412
hsX 127551020 128571427 0.126679
hsX 128571428 129591835 0.401407
hsX 129591836 130612243 0.315116
hsX 130612244 131632652 0.404227
hsX 131632653 132653060 0.553384
hsX 132653061 133673468 0.486006
hsX 133673469 134693876 0.238671
hsX 134693877 135714284 0.544231
hsX 135714285 136734692 0.018723
hsX 136734693 137755101 0.212360
hsX 137755102 138775509 0.614486
hsX 138775510 139795917 0.017961
hsX 139795918 140816325 0.073518
hsX 140816326 141836733 0.008324
hsX 141836734 142857141 0.040268
hsX 142857142 143877550 0.000000
hsX 143877551 144897958 0.019077
hsX 144897959 145918366 0.001300
hsX 145918367 146938774 0.096742
hsX 146938775 147959182 0.490068
hsX 147959183 148979590 0.231580
hsX 148979591 149999999 0.457882
hsX 150000000 151020407 0.184818
hsX 151020408 152040815 0.447719
hsX 152040816 153061223 0.415410
hsX 153061224 154081631 0.695072
hsX 154081632 155102039 0.306939
hs12 0 1020407 0.772991
hs12 1020408 2040815 0.808167
hs12 2040816 3061223 0.820242
hs12 3061224 4081631 0.499740
hs12 4081632 5102039 0.355402
hs12 5102040 6122447 0.610117
hs12 6122448 7142856 0.611827
hs12 7142857 8163264 0.411552
hs12 8163265 9183672 0.395432
hs12 9183673 10204080 0.347271
hs12 10204081 11224488 0.810434
hs12 11224489 12244896 0.367341
hs12 12244897 13265305 0.573349
hs12 13265306 14285713 0.415753
hs12 14285714 15306121 0.506499
hs12 15306122 16326529 0.667127
hs12 16326530 17346937 0.075449
hs12 17346938 18367345 0.069501
hs12 18367346 19387754 0.583098
hs12 19387755 20408162 0.113103
hs12 20408163 21428570 0.769923
hs12 21428571 22448978 0.490176
hs12 22448979 23469386 0.158241
hs12 23469387 24489794 0.895107
hs12 24489795 25510203 0.466988
hs12 25510204 26530611 0.479102
hs12 26530612 27551019 0.651090
hs12 27551020 28571427 0.522756
hs12 28571428 29591835 0.285043
hs12 29591836 30612243 0.232382
hs12 30612244 31632652 0.456619
hs12 31632653 32653060 0.485078
hs12 32653061 33673468 0.277876
hs12 33673469 34693876 0.005902
hs12 34693877 35714284 0.000000
hs12 35714285 36734692 0.000000
hs12 36734693 37755101 0.261065
hs12 37755102 38775509 0.642050
hs12 38775510 39795917 0.521783
hs12 39795918 40816325 0.431745
hs12 40816326 41836733 0.350562
hs12 41836734 42857141 0.599828
hs12 42857142 43877550 0.668260
hs12 43877551 44897958 0.519077
hs12 44897959 45918366 0.156891
hs12 45918367 46938774 0.341162
hs12 46938775 47959182 0.335742
hs12 47959183 48979590 0.689275
hs12 48979591 49999999 0.767941
hs12 50000000 51020407 0.518661
hs12 51020408 52040815 0.410587
hs12 52040816 53061223 0.527387
hs12 53061224 54081631 0.198650
hs12 54081632 55102039 0.475913
hs12 55102040 56122447 0.527143
hs12 56122448 57142856 0.312624
hs12 57142857 58163264 0.047360
hs12 58163265 59183672 0.090438
hs12 59183673 60204080 0.000000
hs12 60204081 61224488 0.693694
hs12 61224489 62244896 0.350965
hs12 62244897 63265305 0.669810
hs12 63265306 64285713 0.459465
hs12 64285714 65306121 0.618602
hs12 65306122 66326529 0.096432
hs12 66326530 67346937 0.133567
hs12 67346938 68367345 0.449485
hs12 68367346 69387754 0.454333
hs12 69387755 70408162 0.470184
hs12 70408163 71428570 0.616244
hs12 71428571 72448978 0.000000
hs12 72448979 73469386 0.003601
hs12 73469387 74489794 0.320992
hs12 74489795 75510203 0.253203
hs12 75510204 76530611 0.151178
hs12 76530612 77551019 0.374089
hs12 77551020 78571427 0.636642
hs12 78571428 79591835 0.586634
hs12 79591836 80612243 0.748825
hs12 80612244 81632652 0.215430
hs12 81632653 82653060 0.411153
hs12 82653061 83673468 0.000000
hs12 83673469 84693876 0.299503
hs12 84693877 85714284 0.840643
hs12 85714285 86734692 0.043466
hs12 86734693 87755101 0.296453
hs12 87755102 88775509 0.183360
hs12 88775510 89795917 0.000000
hs12 89795918 90816325 0.096292
hs12 90816326 91836733 0.206442
hs12 91836734 92857141 0.302825
hs12 92857142 93877550 0.386655
hs12 93877551 94897958 0.623139
hs12 94897959 95918366 0.402216
hs12 95918367 96938774 0.067540
hs12 96938775 97959182 0.464731
hs12 97959183 98979590 0.950867
hs12 98979591 99999999 0.688791
hs12 100000000 101020407 0.562692
hs12 101020408 102040815 0.256432
hs12 102040816 103061223 0.686795
hs12 103061224 104081631 0.681522
hs12 104081632 105102039 0.182193
hs12 105102040 106122447 0.875744
hs12 106122448 107142856 0.483770
hs12 107142857 108163264 0.587926
hs12 108163265 109183672 0.657335
hs12 109183673 110204080 0.647989
hs12 110204081 111224488 0.810185
hs12 111224489 112244896 0.599249
hs12 112244897 113265305 0.225038
hs12 113265306 114285713 0.067057
hs12 114285714 115306121 0.312330
hs12 115306122 116326529 0.543087
hs12 116326530 117346937 0.856291
hs12 117346938 118367345 0.320877
hs12 118367346 119387754 0.660872
hs12 119387755 120408162 0.625479
hs12 120408163 121428570 0.833986
hs12 121428571 122448978 0.675076
hs12 122448979 123469386 0.622090
hs12 123469387 124489794 0.462102
hs12 124489795 125510203 0.232234
hs12 125510204 126530611 0.012818
hs12 126530612 127551019 0.228458
hs12 127551020 128571427 0.803971
hs12 128571428 129591835 0.539857
hs12 129591836 130612243 0.283567
hs12 130612244 131632652 0.562124
hs12 131632653 132653060 0.434719
hs11 0 1020407 0.583845
hs11 1020408 2040815 0.627760
hs11 2040816 3061223 0.734925
hs11 3061224 4081631 0.577365
hs11 4081632 5102039 0.111931
hs11 5102040 6122447 0.194280
hs11 6122448 7142856 0.369726
hs11 7142857 8163264 0.543546
hs11 8163265 9183672 0.707880
hs11 9183673 10204080 0.761835
hs11 10204081 11224488 0.328476
hs11 11224489 12244896 0.656798
hs11 12244897 13265305 0.496063
hs11 13265306 14285713 0.566868
hs11 14285714 15306121 0.613516
hs11 15306122 16326529 0.374320
hs11 16326530 17346937 0.522180
hs11 17346938 18367345 0.589923
hs11 18367346 19387754 0.453382
hs11 19387755 20408162 0.766713
hs11 20408163 21428570 0.897519
hs11 21428571 22448978 0.251669
hs11 22448979 23469386 0.154334
hs11 23469387 24489794 0.014371
hs11 24489795 25510203 0.559549
hs11 25510204 26530611 0.215952
hs11 26530612 27551019 0.469291
hs11 27551020 28571427 0.495270
hs11 28571428 29591835 0.000000
hs11 29591836 30612243 0.222850
hs11 30612244 31632652 0.384319
hs11 31632653 32653060 0.314390
hs11 32653061 33673468 0.580131
hs11 33673469 34693876 0.502075
hs11 34693877 35714284 0.534914
hs11 35714285 36734692 0.637543
hs11 36734693 37755101 0.000000
hs11 37755102 38775509 0.000000
hs11 38775510 39795917 0.000000
hs11 39795918 40816325 0.176315
hs11 40816326 41836733 0.000000
hs11 41836734 42857141 0.000000
hs11 42857142 43877550 0.358276
hs11 43877551 44897958 0.452147
hs11 44897959 45918366 0.317470
hs11 45918367 46938774 0.765024
hs11 46938775 47959182 0.714596
hs11 47959183 48979590 0.198455
hs11 48979591 49999999 0.309700
hs11 50000000 51020407 0.029519
hs11 51020408 52040815 0.001962
hs11 52040816 53061223 0.000000
hs11 53061224 54081631 0.000000
hs11 54081632 55102039 0.012750
hs11 55102040 56122447 0.266768
hs11 56122448 57142856 0.343485
hs11 57142857 58163264 0.450769
hs11 58163265 59183672 0.188103
hs11 59183673 60204080 0.345576
hs11 60204081 61224488 0.537716
hs11 61224489 62244896 0.547852
hs11 62244897 63265305 0.557422
hs11 63265306 64285713 0.651572
hs11 64285714 65306121 0.526950
hs11 65306122 66326529 0.612736
hs11 66326530 67346937 0.599041
hs11 67346938 68367345 0.605076
hs11 68367346 69387754 0.142124
hs11 69387755 70408162 0.670240
hs11 70408163 71428570 0.454298
hs11 71428571 72448978 0.687422
hs11 72448979 73469386 0.710730
hs11 73469387 74489794 0.624870
hs11 74489795 75510203 0.678413
hs11 75510204 76530611 0.484082
hs11 76530612 77551019 0.707850
hs11 77551020 78571427 0.895865
hs11 78571428 79591835 0.252758
hs11 79591836 80612243 0.000000
hs11 80612244 81632652 0.000000
hs11 81632653 82653060 0.282099
hs11 82653061 83673468 0.834694
hs11 83673469 84693876 1.000000
hs11 84693877 85714284 0.685414
hs11 85714285 86734692 0.599506
hs11 86734693 87755101 0.104226
hs11 87755102 88775509 0.740197
hs11 88775510 89795917 0.366518
hs11 89795918 90816325 0.000000
hs11 90816326 91836733 0.109588
hs11 91836734 92857141 0.597378
hs11 92857142 93877550 0.460214
hs11 93877551 94897958 0.306768
hs11 94897959 95918366 0.548824
hs11 95918367 96938774 0.000000
hs11 96938775 97959182 0.000000
hs11 97959183 98979590 0.570861
hs11 98979591 99999999 0.738031
hs11 100000000 101020407 0.526946
hs11 101020408 102040815 0.429206
hs11 102040816 103061223 0.480686
hs11 103061224 104081631 0.254536
hs11 104081632 105102039 0.203129
hs11 105102040 106122447 0.369868
hs11 106122448 107142856 0.537338
hs11 107142857 108163264 0.746448
hs11 108163265 109183672 0.157430
hs11 109183673 110204080 0.310125
hs11 110204081 111224488 0.383511
hs11 111224489 112244896 0.286551
hs11 112244897 113265305 0.573317
hs11 113265306 114285713 0.376804
hs11 114285714 115306121 0.324280
hs11 115306122 116326529 0.149134
hs11 116326530 117346937 0.829744
hs11 117346938 118367345 0.533830
hs11 118367346 119387754 0.381833
hs11 119387755 120408162 0.605256
hs11 120408163 121428570 0.340833
hs11 121428571 122448978 0.388435
hs11 122448979 123469386 0.268750
hs11 123469387 124489794 0.355031
hs11 124489795 125510203 0.579505
hs11 125510204 126530611 0.750245
hs11 126530612 127551019 0.000000
hs11 127551020 128571427 0.535468
hs11 128571428 129591835 0.376162
hs11 129591836 130612243 0.176447
hs11 130612244 131632652 0.869332
hs11 131632653 132653060 0.923406
hs11 132653061 133673468 0.522283
hs11 133673469 134693876 0.097086
hs22 0 1020407 0.000000
hs22 1020408 2040815 0.000000
hs22 2040816 3061223 0.000000
hs22 3061224 4081631 0.000000
hs22 4081632 5102039 0.000000
hs22 5102040 6122447 0.000000
hs22 6122448 7142856 0.000000
hs22 7142857 8163264 0.000000
hs22 8163265 9183672 0.000000
hs22 9183673 10204080 0.000000
hs22 10204081 11224488 0.000000
hs22 11224489 12244896 0.000000
hs22 12244897 13265305 0.000000
hs22 13265306 14285713 0.000000
hs22 14285714 15306121 0.031937
hs22 15306122 16326529 0.247603
hs22 16326530 17346937 0.624428
hs22 17346938 18367345 0.649729
hs22 18367346 19387754 0.339957
hs22 19387755 20408162 0.549444
hs22 20408163 21428570 0.263999
hs22 21428571 22448978 0.445590
hs22 22448979 23469386 0.746884
hs22 23469387 24489794 0.553709
hs22 24489795 25510203 1.255301
hs22 25510204 26530611 0.052159
hs22 26530612 27551019 0.926039
hs22 27551020 28571427 0.708724
hs22 28571428 29591835 0.631095
hs22 29591836 30612243 0.693820
hs22 30612244 31632652 0.727878
hs22 31632653 32653060 0.783099
hs22 32653061 33673468 0.000000
hs22 33673469 34693876 0.427181
hs22 34693877 35714284 0.499210
hs22 35714285 36734692 0.569172
hs22 36734693 37755101 0.615592
hs22 37755102 38775509 0.584670
hs22 38775510 39795917 0.737503
hs22 39795918 40816325 0.749807
hs22 40816326 41836733 0.507730
hs22 41836734 42857141 0.811495
hs22 42857142 43877550 0.607193
hs22 43877551 44897958 0.567252
hs22 44897959 45918366 0.837949
hs22 45918367 46938774 0.039739
hs22 46938775 47959182 0.264404
hs22 47959183 48979590 0.327637
hs22 48979591 49999999 0.436981
hs10 0 1020407 0.617157
hs10 1020408 2040815 0.714764
hs10 2040816 3061223 0.000000
hs10 3061224 4081631 0.111345
hs10 4081632 5102039 0.140680
hs10 5102040 6122447 0.412597
hs10 6122448 7142856 0.288281
hs10 7142857 8163264 0.661510
hs10 8163265 9183672 0.000000
hs10 9183673 10204080 0.000000
hs10 10204081 11224488 0.161627
hs10 11224489 12244896 0.613970
hs10 12244897 13265305 0.723098
hs10 13265306 14285713 0.746102
hs10 14285714 15306121 0.636528
hs10 15306122 16326529 0.423334
hs10 16326530 17346937 0.672429
hs10 17346938 18367345 0.807598
hs10 18367346 19387754 0.520265
hs10 19387755 20408162 0.257530
hs10 20408163 21428570 0.510208
hs10 21428571 22448978 0.555715
hs10 22448979 23469386 0.394267
hs10 23469387 24489794 0.489220
hs10 24489795 25510203 0.694197
hs10 25510204 26530611 0.674794
hs10 26530612 27551019 0.604760
hs10 27551020 28571427 0.519305
hs10 28571428 29591835 0.130916
hs10 29591836 30612243 0.353157
hs10 30612244 31632652 0.277145
hs10 31632653 32653060 0.429621
hs10 32653061 33673468 0.668478
hs10 33673469 34693876 0.250276
hs10 34693877 35714284 0.740181
hs10 35714285 36734692 0.189417
hs10 36734693 37755101 0.104578
hs10 37755102 38775509 0.228043
hs10 38775510 39795917 0.005465
hs10 39795918 40816325 0.000000
hs10 40816326 41836733 0.000000
hs10 41836734 42857141 0.193273
hs10 42857142 43877550 0.278365
hs10 43877551 44897958 0.082544
hs10 44897959 45918366 0.413948
hs10 45918367 46938774 0.399757
hs10 46938775 47959182 0.160600
hs10 47959183 48979590 0.256817
hs10 48979591 49999999 0.700079
hs10 50000000 51020407 0.724434
hs10 51020408 52040815 0.631043
hs10 52040816 53061223 0.732316
hs10 53061224 54081631 0.658115
hs10 54081632 55102039 0.006196
hs10 55102040 56122447 0.872110
hs10 56122448 57142856 0.106438
hs10 57142857 58163264 0.003760
hs10 58163265 59183672 0.000000
hs10 59183673 60204080 0.394345
hs10 60204081 61224488 0.301665
hs10 61224489 62244896 0.483024
hs10 62244897 63265305 0.276537
hs10 63265306 64285713 0.568363
hs10 64285714 65306121 0.417189
hs10 65306122 66326529 0.001324
hs10 66326530 67346937 0.000000
hs10 67346938 68367345 1.008582
hs10 68367346 69387754 1.012796
hs10 69387755 70408162 0.774616
hs10 70408163 71428570 0.528014
hs10 71428571 72448978 0.544965
hs10 72448979 73469386 0.674225
hs10 73469387 74489794 0.744677
hs10 74489795 75510203 0.749044
hs10 75510204 76530611 0.844746
hs10 76530612 77551019 0.443011
hs10 77551020 78571427 0.694013
hs10 78571428 79591835 0.698169
hs10 79591836 80612243 0.232819
hs10 80612244 81632652 0.231486
hs10 81632653 82653060 0.367923
hs10 82653061 83673468 0.047452
hs10 83673469 84693876 1.000000
hs10 84693877 85714284 0.042178
hs10 85714285 86734692 0.264184
hs10 86734693 87755101 0.397695
hs10 87755102 88775509 0.753693
hs10 88775510 89795917 0.595442
hs10 89795918 90816325 0.554138
hs10 90816326 91836733 0.326296
hs10 91836734 92857141 0.159619
hs10 92857142 93877550 0.719152
hs10 93877551 94897958 0.640151
hs10 94897959 95918366 0.542939
hs10 95918367 96938774 0.593906
hs10 96938775 97959182 0.703136
hs10 97959183 98979590 0.774462
hs10 98979591 99999999 0.676393
hs10 100000000 101020407 0.842107
hs10 101020408 102040815 0.603255
hs10 102040816 103061223 0.406571
hs10 103061224 104081631 0.719539
hs10 104081632 105102039 0.775534
hs10 105102040 106122447 0.785738
hs10 106122448 107142856 0.692396
hs10 107142857 108163264 0.000000
hs10 108163265 109183672 0.579056
hs10 109183673 110204080 0.000000
hs10 110204081 111224488 0.000000
hs10 111224489 112244896 0.274460
hs10 112244897 113265305 0.387269
hs10 113265306 114285713 0.256477
hs10 114285714 115306121 0.500002
hs10 115306122 116326529 0.665697
hs10 116326530 117346937 0.714688
hs10 117346938 118367345 0.699741
hs10 118367346 119387754 0.434925
hs10 119387755 120408162 0.235720
hs10 120408163 121428570 0.557546
hs10 121428571 122448978 0.321835
hs10 122448979 123469386 0.174913
hs10 123469387 124489794 0.719514
hs10 124489795 125510203 0.261493
hs10 125510204 126530611 0.529136
hs10 126530612 127551019 0.396923
hs10 127551020 128571427 0.580721
hs10 128571428 129591835 0.627033
hs10 129591836 130612243 0.204217
hs10 130612244 131632652 0.401259
hs10 131632653 132653060 0.061385
hs10 132653061 133673468 0.250544
hs10 133673469 134693876 0.522118
hs10 134693877 135714284 0.339355
hs7 0 1020407 0.438363
hs7 1020408 2040815 0.501776
hs7 2040816 3061223 0.729366
hs7 3061224 4081631 0.758546
hs7 4081632 5102039 0.479967
hs7 5102040 6122447 0.637516
hs7 6122448 7142856 0.501385
hs7 7142857 8163264 0.514823
hs7 8163265 9183672 0.415967
hs7 9183673 10204080 0.001518
hs7 10204081 11224488 0.198697
hs7 11224489 12244896 0.478049
hs7 12244897 13265305 0.157242
hs7 13265306 14285713 0.230016
hs7 14285714 15306121 0.648311
hs7 15306122 16326529 0.558964
hs7 16326530 17346937 0.313357
hs7 17346938 18367345 0.153074
hs7 18367346 19387754 0.494383
hs7 19387755 20408162 0.216280
hs7 20408163 21428570 0.157071
hs7 21428571 22448978 0.737090
hs7 22448979 23469386 0.417487
hs7 23469387 24489794 0.232310
hs7 24489795 25510203 0.405505
hs7 25510204 26530611 0.228372
hs7 26530612 27551019 0.290407
hs7 27551020 28571427 0.807957
hs7 28571428 29591835 0.725087
hs7 29591836 30612243 0.435497
hs7 30612244 31632652 0.372068
hs7 31632653 32653060 0.420150
hs7 32653061 33673468 0.628684
hs7 33673469 34693876 0.607290
hs7 34693877 35714284 0.566845
hs7 35714285 36734692 0.585212
hs7 36734693 37755101 0.583637
hs7 37755102 38775509 0.446317
hs7 38775510 39795917 0.760936
hs7 39795918 40816325 0.812165
hs7 40816326 41836733 0.147123
hs7 41836734 42857141 0.270549
hs7 42857142 43877550 0.647385
hs7 43877551 44897958 0.694054
hs7 44897959 45918366 0.336178
hs7 45918367 46938774 0.008848
hs7 46938775 47959182 0.459778
hs7 47959183 48979590 0.544230
hs7 48979591 49999999 0.187486
hs7 50000000 51020407 0.596953
hs7 51020408 52040815 0.294596
hs7 52040816 53061223 0.000000
hs7 53061224 54081631 0.001245
hs7 54081632 55102039 0.081294
hs7 55102040 56122447 0.536603
hs7 56122448 57142856 0.037350
hs7 57142857 58163264 0.056957
hs7 58163265 59183672 0.000000
hs7 59183673 60204080 0.000000
hs7 60204081 61224488 0.000000
hs7 61224489 62244896 0.000000
hs7 62244897 63265305 0.052904
hs7 63265306 64285713 0.359852
hs7 64285714 65306121 0.311243
hs7 65306122 66326529 0.584886
hs7 66326530 67346937 0.043402
hs7 67346938 68367345 0.000000
hs7 68367346 69387754 0.672197
hs7 69387755 70408162 0.666896
hs7 70408163 71428570 0.935428
hs7 71428571 72448978 0.704029
hs7 72448979 73469386 0.461435
hs7 73469387 74489794 0.619136
hs7 74489795 75510203 0.565387
hs7 75510204 76530611 0.418576
hs7 76530612 77551019 0.686811
hs7 77551020 78571427 1.011969
hs7 78571428 79591835 0.342411
hs7 79591836 80612243 0.383915
hs7 80612244 81632652 0.277644
hs7 81632653 82653060 0.673449
hs7 82653061 83673468 0.511383
hs7 83673469 84693876 0.123849
hs7 84693877 85714284 0.000000
hs7 85714285 86734692 0.461855
hs7 86734693 87755101 0.912466
hs7 87755102 88775509 0.558089
hs7 88775510 89795917 0.134566
hs7 89795918 90816325 0.547588
hs7 90816326 91836733 0.383349
hs7 91836734 92857141 0.546976
hs7 92857142 93877550 0.188810
hs7 93877551 94897958 0.617202
hs7 94897959 95918366 0.585269
hs7 95918367 96938774 0.138528
hs7 96938775 97959182 0.293720
hs7 97959183 98979590 0.517410
hs7 98979591 99999999 0.609088
hs7 100000000 101020407 0.579047
hs7 101020408 102040815 0.681369
hs7 102040816 103061223 0.908615
hs7 103061224 104081631 0.747687
hs7 104081632 105102039 0.832948
hs7 105102040 106122447 0.330171
hs7 106122448 107142856 0.664802
hs7 107142857 108163264 0.637376
hs7 108163265 109183672 0.000589
hs7 109183673 110204080 0.112430
hs7 110204081 111224488 0.873221
hs7 111224489 112244896 0.621616
hs7 112244897 113265305 0.127364
hs7 113265306 114285713 0.633976
hs7 114285714 115306121 0.095808
hs7 115306122 116326529 0.345083
hs7 116326530 117346937 0.811016
hs7 117346938 118367345 0.037317
hs7 118367346 119387754 0.000000
hs7 119387755 120408162 0.560921
hs7 120408163 121428570 0.490180
hs7 121428571 122448978 0.692567
hs7 122448979 123469386 0.368834
hs7 123469387 124489794 0.124625
hs7 124489795 125510203 0.000000
hs7 125510204 126530611 0.651527
hs7 126530612 127551019 0.627475
hs7 127551020 128571427 0.394282
hs7 128571428 129591835 0.657103
hs7 129591836 130612243 0.613443
hs7 130612244 131632652 0.441073
hs7 131632653 132653060 0.698976
hs7 132653061 133673468 0.894309
hs7 133673469 134693876 0.502170
hs7 134693877 135714284 0.412262
hs7 135714285 136734692 0.269230
hs7 136734693 137755101 0.604107
hs7 137755102 138775509 0.722695
hs7 138775510 139795917 0.727489
hs7 139795918 140816325 0.337019
hs7 140816326 141836733 0.443894
hs7 141836734 142857141 0.200179
hs7 142857142 143877550 0.264656
hs7 143877551 144897958 0.280798
hs7 144897959 145918366 0.464502
hs7 145918367 146938774 1.000104
hs7 146938775 147959182 0.818831
hs7 147959183 148979590 0.475386
hs7 148979591 149999999 0.300585
hs7 150000000 151020407 0.609659
hs7 151020408 152040815 0.669672
hs7 152040816 153061223 0.093702
hs7 153061224 154081631 0.848955
hs7 154081632 155102039 0.376797
hs7 155102040 156122447 0.144061
hs7 156122448 157142856 0.597387
hs7 157142857 158163264 0.957446
hs7 158163265 159183672 0.342936
hs4 0 1020407 0.712957
hs4 1020408 2040815 0.526851
hs4 2040816 3061223 0.759567
hs4 3061224 4081631 0.354407
hs4 4081632 5102039 0.264460
hs4 5102040 6122447 0.832339
hs4 6122448 7142856 0.611842
hs4 7142857 8163264 0.893962
hs4 8163265 9183672 0.288234
hs4 9183673 10204080 0.372097
hs4 10204081 11224488 0.119609
hs4 11224489 12244896 0.000000
hs4 12244897 13265305 0.182192
hs4 13265306 14285713 0.000000
hs4 14285714 15306121 0.357678
hs4 15306122 16326529 0.522718
hs4 16326530 17346937 0.358148
hs4 17346938 18367345 0.262650
hs4 18367346 19387754 0.000000
hs4 19387755 20408162 0.453188
hs4 20408163 21428570 1.000000
hs4 21428571 22448978 0.388151
hs4 22448979 23469386 0.065313
hs4 23469387 24489794 0.161994
hs4 24489795 25510203 0.447037
hs4 25510204 26530611 0.359892
hs4 26530612 27551019 0.103380
hs4 27551020 28571427 0.000000
hs4 28571428 29591835 0.000000
hs4 29591836 30612243 0.275488
hs4 30612244 31632652 0.142372
hs4 31632653 32653060 0.000000
hs4 32653061 33673468 0.000000
hs4 33673469 34693876 0.000000
hs4 34693877 35714284 0.000000
hs4 35714285 36734692 0.237644
hs4 36734693 37755101 0.649155
hs4 37755102 38775509 0.391723
hs4 38775510 39795917 0.698481
hs4 39795918 40816325 0.667367
hs4 40816326 41836733 0.595216
hs4 41836734 42857141 0.533576
hs4 42857142 43877550 0.006736
hs4 43877551 44897958 0.337168
hs4 44897959 45918366 0.086531
hs4 45918367 46938774 0.588267
hs4 46938775 47959182 0.890394
hs4 47959183 48979590 0.502983
hs4 48979591 49999999 0.000000
hs4 50000000 51020407 0.000000
hs4 51020408 52040815 0.000000
hs4 52040816 53061223 0.157921
hs4 53061224 54081631 0.696299
hs4 54081632 55102039 0.194521
hs4 55102040 56122447 0.299073
hs4 56122448 57142856 0.546147
hs4 57142857 58163264 0.211403
hs4 58163265 59183672 0.000000
hs4 59183673 60204080 0.000000
hs4 60204081 61224488 0.000000
hs4 61224489 62244896 0.195475
hs4 62244897 63265305 0.368350
hs4 63265306 64285713 0.000000
hs4 64285714 65306121 0.128375
hs4 65306122 66326529 0.343366
hs4 66326530 67346937 0.000000
hs4 67346938 68367345 0.241850
hs4 68367346 69387754 0.411366
hs4 69387755 70408162 0.171284
hs4 70408163 71428570 0.358800
hs4 71428571 72448978 0.469269
hs4 72448979 73469386 0.460996
hs4 73469387 74489794 0.376334
hs4 74489795 75510203 0.293142
hs4 75510204 76530611 0.181492
hs4 76530612 77551019 0.662699
hs4 77551020 78571427 0.471144
hs4 78571428 79591835 0.676514
hs4 79591836 80612243 0.313155
hs4 80612244 81632652 0.399574
hs4 81632653 82653060 0.645885
hs4 82653061 83673468 0.104937
hs4 83673469 84693876 0.596674
hs4 84693877 85714284 0.055984
hs4 85714285 86734692 0.514373
hs4 86734693 87755101 0.849440
hs4 87755102 88775509 0.668307
hs4 88775510 89795917 0.394618
hs4 89795918 90816325 0.462656
hs4 90816326 91836733 0.728097
hs4 91836734 92857141 0.888162
hs4 92857142 93877550 0.424319
hs4 93877551 94897958 1.000000
hs4 94897959 95918366 0.372738
hs4 95918367 96938774 0.745518
hs4 96938775 97959182 0.001360
hs4 97959183 98979590 0.274931
hs4 98979591 99999999 0.661114
hs4 100000000 101020407 0.400250
hs4 101020408 102040815 0.189222
hs4 102040816 103061223 0.445391
hs4 103061224 104081631 0.629889
hs4 104081632 105102039 0.367903
hs4 105102040 106122447 0.018743
hs4 106122448 107142856 0.548793
hs4 107142857 108163264 0.397000
hs4 108163265 109183672 0.272516
hs4 109183673 110204080 0.500233
hs4 110204081 111224488 0.736553
hs4 111224489 112244896 0.217537
hs4 112244897 113265305 0.000000
hs4 113265306 114285713 0.672248
hs4 114285714 115306121 0.616388
hs4 115306122 116326529 0.357501
hs4 116326530 117346937 0.000000
hs4 117346938 118367345 0.002031
hs4 118367346 119387754 0.208552
hs4 119387755 120408162 0.529437
hs4 120408163 121428570 0.179116
hs4 121428571 122448978 0.343071
hs4 122448979 123469386 0.382178
hs4 123469387 124489794 0.598790
hs4 124489795 125510203 0.278844
hs4 125510204 126530611 0.119833
hs4 126530612 127551019 0.100867
hs4 127551020 128571427 0.000000
hs4 128571428 129591835 0.471070
hs4 129591836 130612243 0.288347
hs4 130612244 131632652 0.000000
hs4 131632653 132653060 0.000000
hs4 132653061 133673468 0.000000
hs4 133673469 134693876 0.041419
hs4 134693877 135714284 0.005308
hs4 135714285 136734692 0.000000
hs4 136734693 137755101 0.000000
hs4 137755102 138775509 0.013288
hs4 138775510 139795917 0.076692
hs4 139795918 140816325 0.304206
hs4 140816326 141836733 0.729680
hs4 141836734 142857141 0.413387
hs4 142857142 143877550 0.711323
hs4 143877551 144897958 0.440531
hs4 144897959 145918366 0.178457
hs4 145918367 146938774 0.380898
hs4 146938775 147959182 0.527030
hs4 147959183 148979590 0.354676
hs4 148979591 149999999 0.585594
hs4 150000000 151020407 0.000000
hs4 151020408 152040815 0.800728
hs4 152040816 153061223 0.574179
hs4 153061224 154081631 0.401812
hs4 154081632 155102039 0.534534
hs4 155102040 156122447 0.346859
hs4 156122448 157142856 0.239906
hs4 157142857 158163264 0.205588
hs4 158163265 159183672 0.240212
hs4 159183673 160204080 0.548181
hs4 160204081 161224488 0.090459
hs4 161224489 162244896 0.000000
hs4 162244897 163265305 0.725992
hs4 163265306 164285713 0.056581
hs4 164285714 165306121 0.694315
hs4 165306122 166326529 0.284572
hs4 166326530 167346937 0.473660
hs4 167346938 168367345 0.466711
hs4 168367346 169387754 0.131219
hs4 169387755 170408162 0.806334
hs4 170408163 171428570 0.429677
hs4 171428571 172448978 0.000000
hs4 172448979 173469386 0.488273
hs4 173469387 174489794 0.866964
hs4 174489795 175510203 0.130729
hs4 175510204 176530611 0.274214
hs4 176530612 177551019 0.686192
hs4 177551020 178571427 0.159063
hs4 178571428 179591835 0.268248
hs4 179591836 180612243 0.000000
hs4 180612244 181632652 0.000000
hs4 181632653 182653060 0.000000
hs4 182653061 183673468 0.192998
hs4 183673469 184693876 0.542783
hs4 184693877 185714284 0.394275
hs4 185714285 186734692 0.501195
hs4 186734693 187755101 0.512113
hs4 187755102 188775509 0.124342
hs4 188775510 189795917 0.030686
hs4 189795918 190816325 0.000000
hs4 190816326 191836733 0.087128
hs16 0 1020407 0.719227
hs16 1020408 2040815 0.691546
hs16 2040816 3061223 0.712058
hs16 3061224 4081631 0.600904
hs16 4081632 5102039 0.743750
hs16 5102040 6122447 0.111050
hs16 6122448 7142856 1.000001
hs16 7142857 8163264 0.549275
hs16 8163265 9183672 0.300604
hs16 9183673 10204080 0.420759
hs16 10204081 11224488 0.540055
hs16 11224489 12244896 0.493029
hs16 12244897 13265305 0.797365
hs16 13265306 14285713 0.223076
hs16 14285714 15306121 0.438733
hs16 15306122 16326529 0.790021
hs16 16326530 17346937 0.256725
hs16 17346938 18367345 0.130529
hs16 18367346 19387754 0.504508
hs16 19387755 20408162 0.584269
hs16 20408163 21428570 0.695905
hs16 21428571 22448978 0.595345
hs16 22448979 23469386 0.470971
hs16 23469387 24489794 0.654071
hs16 24489795 25510203 0.352565
hs16 25510204 26530611 0.436751
hs16 26530612 27551019 0.328269
hs16 27551020 28571427 0.693310
hs16 28571428 29591835 0.361077
hs16 29591836 30612243 0.531797
hs16 30612244 31632652 0.464463
hs16 31632653 32653060 0.097800
hs16 32653061 33673468 0.021703
hs16 33673469 34693876 0.031880
hs16 34693877 35714284 0.000000
hs16 35714285 36734692 0.000000
hs16 36734693 37755101 0.000000
hs16 37755102 38775509 0.000000
hs16 38775510 39795917 0.000000
hs16 39795918 40816325 0.000000
hs16 40816326 41836733 0.000000
hs16 41836734 42857141 0.000000
hs16 42857142 43877550 0.000000
hs16 43877551 44897958 0.000000
hs16 44897959 45918366 0.542277
hs16 45918367 46938774 0.597317
hs16 46938775 47959182 0.104191
hs16 47959183 48979590 0.564137
hs16 48979591 49999999 0.208330
hs16 50000000 51020407 0.000000
hs16 51020408 52040815 0.389289
hs16 52040816 53061223 0.560417
hs16 53061224 54081631 0.020129
hs16 54081632 55102039 0.611749
hs16 55102040 56122447 0.598898
hs16 56122448 57142856 0.549974
hs16 57142857 58163264 0.121641
hs16 58163265 59183672 0.001029
hs16 59183673 60204080 0.000000
hs16 60204081 61224488 0.375147
hs16 61224489 62244896 0.000000
hs16 62244897 63265305 0.000000
hs16 63265306 64285713 0.457700
hs16 64285714 65306121 0.258058
hs16 65306122 66326529 0.753175
hs16 66326530 67346937 0.731512
hs16 67346938 68367345 0.785118
hs16 68367346 69387754 0.809701
hs16 69387755 70408162 0.671971
hs16 70408163 71428570 0.333281
hs16 71428571 72448978 0.218431
hs16 72448979 73469386 0.351551
hs16 73469387 74489794 0.553980
hs16 74489795 75510203 0.276322
hs16 75510204 76530611 0.338786
hs16 76530612 77551019 0.892209
hs16 77551020 78571427 0.254726
hs16 78571428 79591835 0.398336
hs16 79591836 80612243 0.777223
hs16 80612244 81632652 0.489923
hs16 81632653 82653060 0.851706
hs16 82653061 83673468 0.617297
hs16 83673469 84693876 0.193569
hs16 84693877 85714284 0.048689
hs16 85714285 86734692 0.525075
hs16 86734693 87755101 0.514004
hs16 87755102 88775509 0.711550
hs20 0 1020407 0.314440
hs20 1020408 2040815 0.391727
hs20 2040816 3061223 0.588958
hs20 3061224 4081631 0.659934
hs20 4081632 5102039 0.360569
hs20 5102040 6122447 0.381755
hs20 6122448 7142856 0.011924
hs20 7142857 8163264 0.194151
hs20 8163265 9183672 0.819531
hs20 9183673 10204080 0.609226
hs20 10204081 11224488 0.279753
hs20 11224489 12244896 0.035053
hs20 12244897 13265305 0.231934
hs20 13265306 14285713 0.852523
hs20 14285714 15306121 1.000000
hs20 15306122 16326529 0.785472
hs20 16326530 17346937 0.374433
hs20 17346938 18367345 0.488775
hs20 18367346 19387754 0.574779
hs20 19387755 20408162 0.796216
hs20 20408163 21428570 0.433459
hs20 21428571 22448978 0.032978
hs20 22448979 23469386 0.126141
hs20 23469387 24489794 0.119865
hs20 24489795 25510203 0.548927
hs20 25510204 26530611 0.127884
hs20 26530612 27551019 0.000000
hs20 27551020 28571427 0.021687
hs20 28571428 29591835 0.093838
hs20 29591836 30612243 0.637778
hs20 30612244 31632652 0.471466
hs20 31632653 32653060 0.587828
hs20 32653061 33673468 0.776049
hs20 33673469 34693876 0.715328
hs20 34693877 35714284 0.628262
hs20 35714285 36734692 0.649434
hs20 36734693 37755101 0.256086
hs20 37755102 38775509 0.003294
hs20 38775510 39795917 0.489218
hs20 39795918 40816325 0.667891
hs20 40816326 41836733 0.589962
hs20 41836734 42857141 0.585687
hs20 42857142 43877550 0.508115
hs20 43877551 44897958 0.510092
hs20 44897959 45918366 0.713254
hs20 45918367 46938774 0.210071
hs20 46938775 47959182 0.637483
hs20 47959183 48979590 0.429185
hs20 48979591 49999999 0.400244
hs20 50000000 51020407 0.105816
hs20 51020408 52040815 0.568066
hs20 52040816 53061223 0.282107
hs20 53061224 54081631 0.007368
hs20 54081632 55102039 0.188674
hs20 55102040 56122447 0.265142
hs20 56122448 57142856 0.450368
hs20 57142857 58163264 0.477852
hs20 58163265 59183672 0.000093
hs20 59183673 60204080 0.829893
hs20 60204081 61224488 0.539383
hs20 61224489 62244896 0.632643
hs20 62244897 63265305 0.096348
hs13 0 1020407 0.000000
hs13 1020408 2040815 0.000000
hs13 2040816 3061223 0.000000
hs13 3061224 4081631 0.000000
hs13 4081632 5102039 0.000000
hs13 5102040 6122447 0.000000
hs13 6122448 7142856 0.000000
hs13 7142857 8163264 0.000000
hs13 8163265 9183672 0.000000
hs13 9183673 10204080 0.000000
hs13 10204081 11224488 0.000000
hs13 11224489 12244896 0.000000
hs13 12244897 13265305 0.000000
hs13 13265306 14285713 0.000000
hs13 14285714 15306121 0.000000
hs13 15306122 16326529 0.000000
hs13 16326530 17346937 0.000000
hs13 17346938 18367345 0.036817
hs13 18367346 19387754 0.459367
hs13 19387755 20408162 0.591561
hs13 20408163 21428570 0.343826
hs13 21428571 22448978 0.000000
hs13 22448979 23469386 0.512327
hs13 23469387 24489794 0.486342
hs13 24489795 25510203 0.722350
hs13 25510204 26530611 0.296656
hs13 26530612 27551019 0.357383
hs13 27551020 28571427 0.479343
hs13 28571428 29591835 0.567624
hs13 29591836 30612243 0.275969
hs13 30612244 31632652 0.450335
hs13 31632653 32653060 0.672235
hs13 32653061 33673468 0.248265
hs13 33673469 34693876 0.273865
hs13 34693877 35714284 1.317840
hs13 35714285 36734692 0.349421
hs13 36734693 37755101 0.264040
hs13 37755102 38775509 0.272712
hs13 38775510 39795917 0.388442
hs13 39795918 40816325 0.620326
hs13 40816326 41836733 0.660543
hs13 41836734 42857141 0.408619
hs13 42857142 43877550 0.482118
hs13 43877551 44897958 0.473461
hs13 44897959 45918366 0.464707
hs13 45918367 46938774 0.283725
hs13 46938775 47959182 0.321604
hs13 47959183 48979590 0.515667
hs13 48979591 49999999 0.418310
hs13 50000000 51020407 0.426534
hs13 51020408 52040815 0.628658
hs13 52040816 53061223 0.141960
hs13 53061224 54081631 0.000076
hs13 54081632 55102039 0.000000
hs13 55102040 56122447 0.000000
hs13 56122448 57142856 0.112350
hs13 57142857 58163264 0.057046
hs13 58163265 59183672 0.045031
hs13 59183673 60204080 0.617274
hs13 60204081 61224488 0.005721
hs13 61224489 62244896 0.000000
hs13 62244897 63265305 0.005032
hs13 63265306 64285713 0.000000
hs13 64285714 65306121 0.000000
hs13 65306122 66326529 0.540532
hs13 66326530 67346937 0.368421
hs13 67346938 68367345 0.123483
hs13 68367346 69387754 0.311220
hs13 69387755 70408162 0.220906
hs13 70408163 71428570 0.420649
hs13 71428571 72448978 0.311686
hs13 72448979 73469386 0.362000
hs13 73469387 74489794 0.133947
hs13 74489795 75510203 0.498129
hs13 75510204 76530611 0.052169
hs13 76530612 77551019 0.513633
hs13 77551020 78571427 0.274928
hs13 78571428 79591835 0.326013
hs13 79591836 80612243 0.004876
hs13 80612244 81632652 0.000000
hs13 81632653 82653060 0.000000
hs13 82653061 83673468 0.252389
hs13 83673469 84693876 0.159546
hs13 84693877 85714284 0.006432
hs13 85714285 86734692 0.000000
hs13 86734693 87755101 0.006862
hs13 87755102 88775509 0.000000
hs13 88775510 89795917 0.000095
hs13 89795918 90816325 0.042022
hs13 90816326 91836733 0.968043
hs13 91836734 92857141 0.647601
hs13 92857142 93877550 0.981104
hs13 93877551 94897958 0.380603
hs13 94897959 95918366 0.926660
hs13 95918367 96938774 0.573947
hs13 96938775 97959182 0.428677
hs13 97959183 98979590 0.648107
hs13 98979591 99999999 0.765748
hs13 100000000 101020407 0.540119
hs13 101020408 102040815 0.810763
hs13 102040816 103061223 0.249521
hs13 103061224 104081631 0.000000
hs13 104081632 105102039 0.024666
hs13 105102040 106122447 0.068695
hs13 106122448 107142856 0.513497
hs13 107142857 108163264 0.348417
hs13 108163265 109183672 0.485190
hs13 109183673 110204080 0.522070
hs13 110204081 111224488 0.251756
hs13 111224489 112244896 0.117612
hs13 112244897 113265305 0.729805
hs13 113265306 114285713 0.423874
hs18 0 1020407 0.497187
hs18 1020408 2040815 0.089494
hs18 2040816 3061223 0.390109
hs18 3061224 4081631 0.592571
hs18 4081632 5102039 0.000000
hs18 5102040 6122447 0.393552
hs18 6122448 7142856 0.528830
hs18 7142857 8163264 0.594722
hs18 8163265 9183672 0.464314
hs18 9183673 10204080 0.482555
hs18 10204081 11224488 0.528695
hs18 11224489 12244896 0.266800
hs18 12244897 13265305 0.692092
hs18 13265306 14285713 0.558463
hs18 14285714 15306121 0.161488
hs18 15306122 16326529 0.009601
hs18 16326530 17346937 0.424192
hs18 17346938 18367345 0.313506
hs18 18367346 19387754 0.433065
hs18 19387755 20408162 0.792491
hs18 20408163 21428570 0.284521
hs18 21428571 22448978 0.450066
hs18 22448979 23469386 0.387484
hs18 23469387 24489794 0.221987
hs18 24489795 25510203 0.000000
hs18 25510204 26530611 0.000050
hs18 26530612 27551019 0.343713
hs18 27551020 28571427 0.500453
hs18 28571428 29591835 0.693571
hs18 29591836 30612243 0.644229
hs18 30612244 31632652 0.456629
hs18 31632653 32653060 0.721759
hs18 32653061 33673468 0.714714
hs18 33673469 34693876 0.000000
hs18 34693877 35714284 0.534172
hs18 35714285 36734692 0.000000
hs18 36734693 37755101 0.039520
hs18 37755102 38775509 0.318079
hs18 38775510 39795917 0.180228
hs18 39795918 40816325 0.296147
hs18 40816326 41836733 0.332008
hs18 41836734 42857141 0.768998
hs18 42857142 43877550 0.197664
hs18 43877551 44897958 0.420227
hs18 44897959 45918366 0.715354
hs18 45918367 46938774 0.472446
hs18 46938775 47959182 0.022668
hs18 47959183 48979590 0.841871
hs18 48979591 49999999 0.394067
hs18 50000000 51020407 0.210573
hs18 51020408 52040815 0.358974
hs18 52040816 53061223 0.409286
hs18 53061224 54081631 0.500706
hs18 54081632 55102039 0.530867
hs18 55102040 56122447 0.319010
hs18 56122448 57142856 0.001410
hs18 57142857 58163264 0.416498
hs18 58163265 59183672 0.583233
hs18 59183673 60204080 0.302282
hs18 60204081 61224488 0.000000
hs18 61224489 62244896 0.128075
hs18 62244897 63265305 0.097899
hs18 63265306 64285713 0.009947
hs18 64285714 65306121 0.458861
hs18 65306122 66326529 0.684473
hs18 66326530 67346937 0.000000
hs18 67346938 68367345 0.007654
hs18 68367346 69387754 0.117624
hs18 69387755 70408162 0.260959
hs18 70408163 71428570 0.538718
hs18 71428571 72448978 0.165303
hs18 72448979 73469386 0.314232
hs18 73469387 74489794 0.000000
hs18 74489795 75510203 0.451153
hs18 75510204 76530611 0.343409
hs3 0 1020407 0.208200
hs3 1020408 2040815 0.304438
hs3 2040816 3061223 0.925098
hs3 3061224 4081631 0.151451
hs3 4081632 5102039 0.473105
hs3 5102040 6122447 0.089146
hs3 6122448 7142856 0.259755
hs3 7142857 8163264 0.603055
hs3 8163265 9183672 0.672456
hs3 9183673 10204080 0.669493
hs3 10204081 11224488 0.540325
hs3 11224489 12244896 0.740332
hs3 12244897 13265305 0.537882
hs3 13265306 14285713 0.578609
hs3 14285714 15306121 0.626319
hs3 15306122 16326529 0.526618
hs3 16326530 17346937 0.583596
hs3 17346938 18367345 0.407076
hs3 18367346 19387754 0.304433
hs3 19387755 20408162 0.420912
hs3 20408163 21428570 0.000942
hs3 21428571 22448978 0.323719
hs3 22448979 23469386 0.244608
hs3 23469387 24489794 0.633794
hs3 24489795 25510203 0.085231
hs3 25510204 26530611 0.241173
hs3 26530612 27551019 0.319300
hs3 27551020 28571427 0.240553
hs3 28571428 29591835 0.288149
hs3 29591836 30612243 0.426354
hs3 30612244 31632652 0.332478
hs3 31632653 32653060 0.660811
hs3 32653061 33673468 0.684877
hs3 33673469 34693876 0.129864
hs3 34693877 35714284 0.054324
hs3 35714285 36734692 0.264572
hs3 36734693 37755101 0.759083
hs3 37755102 38775509 0.745768
hs3 38775510 39795917 0.341757
hs3 39795918 40816325 0.528432
hs3 40816326 41836733 0.602347
hs3 41836734 42857141 0.556802
hs3 42857142 43877550 0.491490
hs3 43877551 44897958 0.400071
hs3 44897959 45918366 0.572068
hs3 45918367 46938774 0.313778
hs3 46938775 47959182 0.879419
hs3 47959183 48979590 0.688640
hs3 48979591 49999999 0.809394
hs3 50000000 51020407 0.802455
hs3 51020408 52040815 0.702438
hs3 52040816 53061223 0.814867
hs3 53061224 54081631 0.635855
hs3 54081632 55102039 0.949933
hs3 55102040 56122447 0.616344
hs3 56122448 57142856 0.875452
hs3 57142857 58163264 0.736315
hs3 58163265 59183672 0.567095
hs3 59183673 60204080 0.484126
hs3 60204081 61224488 0.987931
hs3 61224489 62244896 0.709371
hs3 62244897 63265305 0.543173
hs3 63265306 64285713 0.654255
hs3 64285714 65306121 0.168595
hs3 65306122 66326529 0.898475
hs3 66326530 67346937 0.313639
hs3 67346938 68367345 0.514851
hs3 68367346 69387754 0.715648
hs3 69387755 70408162 0.352085
hs3 70408163 71428570 0.334323
hs3 71428571 72448978 0.369996
hs3 72448979 73469386 0.322317
hs3 73469387 74489794 0.331050
hs3 74489795 75510203 0.159974
hs3 75510204 76530611 0.063475
hs3 76530612 77551019 0.371456
hs3 77551020 78571427 0.223767
hs3 78571428 79591835 0.845504
hs3 79591836 80612243 0.301756
hs3 80612244 81632652 0.010892
hs3 81632653 82653060 0.255768
hs3 82653061 83673468 0.000000
hs3 83673469 84693876 0.000000
hs3 84693877 85714284 0.610994
hs3 85714285 86734692 0.482143
hs3 86734693 87755101 0.096411
hs3 87755102 88775509 0.031379
hs3 88775510 89795917 0.367120
hs3 89795918 90816325 0.000000
hs3 90816326 91836733 0.000000
hs3 91836734 92857141 0.000000
hs3 92857142 93877550 0.000000
hs3 93877551 94897958 0.000000
hs3 94897959 95918366 0.254318
hs3 95918367 96938774 0.052002
hs3 96938775 97959182 0.000000
hs3 97959183 98979590 0.928717
hs3 98979591 99999999 0.258651
hs3 100000000 101020407 0.256732
hs3 101020408 102040815 1.105605
hs3 102040816 103061223 0.609999
hs3 103061224 104081631 0.101165
hs3 104081632 105102039 0.000000
hs3 105102040 106122447 0.000000
hs3 106122448 107142856 0.412397
hs3 107142857 108163264 0.000000
hs3 108163265 109183672 0.577009
hs3 109183673 110204080 0.591636
hs3 110204081 111224488 0.237201
hs3 111224489 112244896 0.000000
hs3 112244897 113265305 0.631527
hs3 113265306 114285713 0.469160
hs3 114285714 115306121 0.771526
hs3 115306122 116326529 0.839451
hs3 116326530 117346937 0.454241
hs3 117346938 118367345 0.301242
hs3 118367346 119387754 0.000000
hs3 119387755 120408162 0.276659
hs3 120408163 121428570 0.763022
hs3 121428571 122448978 0.582893
hs3 122448979 123469386 0.802607
hs3 123469387 124489794 0.758852
hs3 124489795 125510203 0.790979
hs3 125510204 126530611 0.890686
hs3 126530612 127551019 0.393226
hs3 127551020 128571427 0.531587
hs3 128571428 129591835 0.579345
hs3 129591836 130612243 0.415727
hs3 130612244 131632652 0.570285
hs3 131632653 132653060 0.693313
hs3 132653061 133673468 0.633428
hs3 133673469 134693876 0.809917
hs3 134693877 135714284 0.457797
hs3 135714285 136734692 0.566999
hs3 136734693 137755101 0.514855
hs3 137755102 138775509 0.368305
hs3 138775510 139795917 0.482103
hs3 139795918 140816325 0.306304
hs3 140816326 141836733 0.682175
hs3 141836734 142857141 0.462175
hs3 142857142 143877550 0.706372
hs3 143877551 144897958 0.674344
hs3 144897959 145918366 0.169222
hs3 145918367 146938774 0.000000
hs3 146938775 147959182 0.258313
hs3 147959183 148979590 0.027343
hs3 148979591 149999999 0.044231
hs3 150000000 151020407 0.529017
hs3 151020408 152040815 0.329833
hs3 152040816 153061223 0.709602
hs3 153061224 154081631 0.213244
hs3 154081632 155102039 0.023951
hs3 155102040 156122447 0.271802
hs3 156122448 157142856 0.456742
hs3 157142857 158163264 0.594961
hs3 158163265 159183672 0.396735
hs3 159183673 160204080 0.585687
hs3 160204081 161224488 0.810610
hs3 161224489 162244896 0.539193
hs3 162244897 163265305 0.110968
hs3 163265306 164285713 0.000000
hs3 164285714 165306121 0.000000
hs3 165306122 166326529 0.097607
hs3 166326530 167346937 0.073035
hs3 167346938 168367345 0.000000
hs3 168367346 169387754 0.562090
hs3 169387755 170408162 0.691235
hs3 170408163 171428570 0.755673
hs3 171428571 172448978 0.488090
hs3 172448979 173469386 0.653481
hs3 173469387 174489794 0.543138
hs3 174489795 175510203 0.867177
hs3 175510204 176530611 0.461392
hs3 176530612 177551019 0.466001
hs3 177551020 178571427 0.172978
hs3 178571428 179591835 0.000000
hs3 179591836 180612243 0.538123
hs3 180612244 181632652 0.464451
hs3 181632653 182653060 0.142121
hs3 182653061 183673468 0.130692
hs3 183673469 184693876 0.555629
hs3 184693877 185714284 0.587323
hs3 185714285 186734692 0.545620
hs3 186734693 187755101 0.554026
hs3 187755102 188775509 0.372901
hs3 188775510 189795917 0.464471
hs3 189795918 190816325 0.437810
hs3 190816326 191836733 0.603771
hs3 191836734 192857141 0.197825
hs3 192857142 193877550 0.524471
hs3 193877551 194897958 0.553356
hs3 194897959 195918366 0.187964
hs3 195918367 196938774 0.442980
hs3 196938775 197959182 0.510161
hs3 197959183 198979590 0.626984
hs3 198979591 199999999 0.302040
hs9 0 1020407 0.703891
hs9 1020408 2040815 0.041830
hs9 2040816 3061223 0.308143
hs9 3061224 4081631 0.560017
hs9 4081632 5102039 0.616395
hs9 5102040 6122447 0.508659
hs9 6122448 7142856 0.645806
hs9 7142857 8163264 0.025579
hs9 8163265 9183672 0.861838
hs9 9183673 10204080 1.000000
hs9 10204081 11224488 0.390670
hs9 11224489 12244896 0.000000
hs9 12244897 13265305 0.205403
hs9 13265306 14285713 0.209591
hs9 14285714 15306121 0.434018
hs9 15306122 16326529 0.494497
hs9 16326530 17346937 0.669524
hs9 17346938 18367345 0.357846
hs9 18367346 19387754 0.679017
hs9 19387755 20408162 0.379969
hs9 20408163 21428570 0.572998
hs9 21428571 22448978 0.330158
hs9 22448979 23469386 0.000000
hs9 23469387 24489794 0.133241
hs9 24489795 25510203 0.000000
hs9 25510204 26530611 0.002422
hs9 26530612 27551019 0.604287
hs9 27551020 28571427 0.632810
hs9 28571428 29591835 0.135272
hs9 29591836 30612243 0.000000
hs9 30612244 31632652 0.000000
hs9 31632653 32653060 0.171712
hs9 32653061 33673468 0.580077
hs9 33673469 34693876 0.708900
hs9 34693877 35714284 0.548166
hs9 35714285 36734692 0.462286
hs9 36734693 37755101 0.656310
hs9 37755102 38775509 0.331442
hs9 38775510 39795917 0.247100
hs9 39795918 40816325 0.052557
hs9 40816326 41836733 0.048109
hs9 41836734 42857141 0.167579
hs9 42857142 43877550 0.126920
hs9 43877551 44897958 0.059709
hs9 44897959 45918366 0.002462
hs9 45918367 46938774 0.059582
hs9 46938775 47959182 0.000000
hs9 47959183 48979590 0.000000
hs9 48979591 49999999 0.000000
hs9 50000000 51020407 0.000000
hs9 51020408 52040815 0.000000
hs9 52040816 53061223 0.000000
hs9 53061224 54081631 0.000000
hs9 54081632 55102039 0.000000
hs9 55102040 56122447 0.000000
hs9 56122448 57142856 0.000000
hs9 57142857 58163264 0.000000
hs9 58163265 59183672 0.000000
hs9 59183673 60204080 0.000000
hs9 60204081 61224488 0.000000
hs9 61224489 62244896 0.000000
hs9 62244897 63265305 0.000000
hs9 63265306 64285713 0.000000
hs9 64285714 65306121 0.026190
hs9 65306122 66326529 0.011212
hs9 66326530 67346937 0.036492
hs9 67346938 68367345 0.086118
hs9 68367346 69387754 0.188105
hs9 69387755 70408162 0.360914
hs9 70408163 71428570 0.755987
hs9 71428571 72448978 0.590887
hs9 72448979 73469386 0.467918
hs9 73469387 74489794 0.475702
hs9 74489795 75510203 0.217761
hs9 75510204 76530611 0.189384
hs9 76530612 77551019 0.293706
hs9 77551020 78571427 0.525827
hs9 78571428 79591835 0.680925
hs9 79591836 80612243 0.301961
hs9 80612244 81632652 0.151684
hs9 81632653 82653060 0.000000
hs9 82653061 83673468 0.102900
hs9 83673469 84693876 0.025618
hs9 84693877 85714284 0.580557
hs9 85714285 86734692 0.409721
hs9 86734693 87755101 0.328525
hs9 87755102 88775509 0.260583
hs9 88775510 89795917 0.291740
hs9 89795918 90816325 0.157314
hs9 90816326 91836733 0.404468
hs9 91836734 92857141 0.127230
hs9 92857142 93877550 0.426100
hs9 93877551 94897958 0.833002
hs9 94897959 95918366 0.490808
hs9 95918367 96938774 0.599183
hs9 96938775 97959182 0.411758
hs9 97959183 98979590 0.483457
hs9 98979591 99999999 0.635517
hs9 100000000 101020407 0.747348
hs9 101020408 102040815 0.376604
hs9 102040816 103061223 0.471986
hs9 103061224 104081631 0.333456
hs9 104081632 105102039 0.022715
hs9 105102040 106122447 0.046218
hs9 106122448 107142856 0.271262
hs9 107142857 108163264 0.309657
hs9 108163265 109183672 0.193401
hs9 109183673 110204080 0.004818
hs9 110204081 111224488 0.467919
hs9 111224489 112244896 1.014783
hs9 112244897 113265305 0.526350
hs9 113265306 114285713 0.656635
hs9 114285714 115306121 0.656864
hs9 115306122 116326529 0.612696
hs9 116326530 117346937 0.440135
hs9 117346938 118367345 0.416880
hs9 118367346 119387754 0.846651
hs9 119387755 120408162 0.013040
hs9 120408163 121428570 0.198776
hs9 121428571 122448978 0.232684
hs9 122448979 123469386 0.685496
hs9 123469387 124489794 0.901465
hs9 124489795 125510203 0.742529
hs9 125510204 126530611 0.651254
hs9 126530612 127551019 0.802725
hs9 127551020 128571427 0.475534
hs9 128571428 129591835 0.828350
hs9 129591836 130612243 0.689255
hs9 130612244 131632652 0.414324
hs9 131632653 132653060 0.567935
hs9 132653061 133673468 0.640153
hs9 133673469 134693876 0.779239
hs9 134693877 135714284 0.639019
hs9 135714285 136734692 0.368661
hs9 136734693 137755101 0.274893
hs9 137755102 138775509 0.577812
hs9 138775510 139795917 0.769785
hs9 139795918 140816325 0.349148
hs15 0 1020407 0.000000
hs15 1020408 2040815 0.000000
hs15 2040816 3061223 0.000000
hs15 3061224 4081631 0.000000
hs15 4081632 5102039 0.000000
hs15 5102040 6122447 0.000000
hs15 6122448 7142856 0.000000
hs15 7142857 8163264 0.000000
hs15 8163265 9183672 0.000000
hs15 9183673 10204080 0.000000
hs15 10204081 11224488 0.000000
hs15 11224489 12244896 0.000000
hs15 12244897 13265305 0.000000
hs15 13265306 14285713 0.000000
hs15 14285714 15306121 0.000000
hs15 15306122 16326529 0.000000
hs15 16326530 17346937 0.000000
hs15 17346938 18367345 0.000000
hs15 18367346 19387754 0.150202
hs15 19387755 20408162 0.151005
hs15 20408163 21428570 0.334767
hs15 21428571 22448978 0.040127
hs15 22448979 23469386 0.331738
hs15 23469387 24489794 0.327810
hs15 24489795 25510203 0.830222
hs15 25510204 26530611 0.569936
hs15 26530612 27551019 0.584482
hs15 27551020 28571427 0.349710
hs15 28571428 29591835 0.334245
hs15 29591836 30612243 0.331601
hs15 30612244 31632652 0.627981
hs15 31632653 32653060 0.894814
hs15 32653061 33673468 0.312599
hs15 33673469 34693876 0.034079
hs15 34693877 35714284 0.438681
hs15 35714285 36734692 0.223452
hs15 36734693 37755101 0.097584
hs15 37755102 38775509 0.653942
hs15 38775510 39795917 0.674340
hs15 39795918 40816325 0.841263
hs15 40816326 41836733 0.788914
hs15 41836734 42857141 0.803501
hs15 42857142 43877550 0.402705
hs15 43877551 44897958 0.307076
hs15 44897959 45918366 0.191752
hs15 45918367 46938774 0.517479
hs15 46938775 47959182 0.755160
hs15 47959183 48979590 0.702154
hs15 48979591 49999999 0.721010
hs15 50000000 51020407 0.619000
hs15 51020408 52040815 0.241005
hs15 52040816 53061223 0.603393
hs15 53061224 54081631 0.610861
hs15 54081632 55102039 0.499069
hs15 55102040 56122447 0.660140
hs15 56122448 57142856 0.568108
hs15 57142857 58163264 0.424600
hs15 58163265 59183672 0.711747
hs15 59183673 60204080 0.330381
hs15 60204081 61224488 0.251302
hs15 61224489 62244896 0.697583
hs15 62244897 63265305 0.726446
hs15 63265306 64285713 0.770162
hs15 64285714 65306121 0.512151
hs15 65306122 66326529 0.711273
hs15 66326530 67346937 0.590993
hs15 67346938 68367345 0.213071
hs15 68367346 69387754 0.462822
hs15 69387755 70408162 0.918628
hs15 70408163 71428570 0.536664
hs15 71428571 72448978 0.530463
hs15 72448979 73469386 0.436519
hs15 73469387 74489794 0.720313
hs15 74489795 75510203 0.734807
hs15 75510204 76530611 0.342054
hs15 76530612 77551019 0.451133
hs15 77551020 78571427 0.284046
hs15 78571428 79591835 0.528912
hs15 79591836 80612243 0.329558
hs15 80612244 81632652 0.671218
hs15 81632653 82653060 0.608234
hs15 82653061 83673468 0.505446
hs15 83673469 84693876 0.599824
hs15 84693877 85714284 0.665823
hs15 85714285 86734692 0.374785
hs15 86734693 87755101 0.415642
hs15 87755102 88775509 0.525830
hs15 88775510 89795917 0.604411
hs15 89795918 90816325 0.386086
hs15 90816326 91836733 0.240417
hs15 91836734 92857141 0.182037
hs15 92857142 93877550 0.073259
hs15 93877551 94897958 0.014095
hs15 94897959 95918366 0.002125
hs15 95918367 96938774 0.217731
hs15 96938775 97959182 0.655373
hs15 97959183 98979590 0.696950
hs15 98979591 99999999 0.490438
hs15 100000000 101020407 0.102078
hs5 0 1020407 0.536648
hs5 1020408 2040815 0.392344
hs5 2040816 3061223 0.008566
hs5 3061224 4081631 0.005244
hs5 4081632 5102039 0.014278
hs5 5102040 6122447 0.263203
hs5 6122448 7142856 0.192258
hs5 7142857 8163264 0.485564
hs5 8163265 9183672 0.093625
hs5 9183673 10204080 0.665926
hs5 10204081 11224488 0.539134
hs5 11224489 12244896 0.717970
hs5 12244897 13265305 0.225721
hs5 13265306 14285713 0.336179
hs5 14285714 15306121 0.502918
hs5 15306122 16326529 0.540982
hs5 16326530 17346937 0.567619
hs5 17346938 18367345 0.000000
hs5 18367346 19387754 0.000000
hs5 19387755 20408162 0.504894
hs5 20408163 21428570 0.000000
hs5 21428571 22448978 0.786020
hs5 22448979 23469386 0.431700
hs5 23469387 24489794 0.020564
hs5 24489795 25510203 0.154549
hs5 25510204 26530611 0.000000
hs5 26530612 27551019 0.154822
hs5 27551020 28571427 0.000000
hs5 28571428 29591835 0.000000
hs5 29591836 30612243 0.000000
hs5 30612244 31632652 0.280201
hs5 31632653 32653060 0.545457
hs5 32653061 33673468 0.211869
hs5 33673469 34693876 0.338277
hs5 34693877 35714284 0.558819
hs5 35714285 36734692 0.524854
hs5 36734693 37755101 0.736427
hs5 37755102 38775509 0.377256
hs5 38775510 39795917 0.464924
hs5 39795918 40816325 0.077706
hs5 40816326 41836733 0.564831
hs5 41836734 42857141 0.449791
hs5 42857142 43877550 0.396172
hs5 43877551 44897958 0.088474
hs5 44897959 45918366 0.428133
hs5 45918367 46938774 0.000000
hs5 46938775 47959182 0.000000
hs5 47959183 48979590 0.000000
hs5 48979591 49999999 0.046760
hs5 50000000 51020407 0.185926
hs5 51020408 52040815 0.000000
hs5 52040816 53061223 0.416706
hs5 53061224 54081631 0.446371
hs5 54081632 55102039 0.489467
hs5 55102040 56122447 0.294090
hs5 56122448 57142856 0.218940
hs5 57142857 58163264 0.254341
hs5 58163265 59183672 0.884891
hs5 59183673 60204080 0.873864
hs5 60204081 61224488 0.555223
hs5 61224489 62244896 0.309811
hs5 62244897 63265305 0.000000
hs5 63265306 64285713 0.566024
hs5 64285714 65306121 0.740417
hs5 65306122 66326529 0.530881
hs5 66326530 67346937 0.185381
hs5 67346938 68367345 0.073685
hs5 68367346 69387754 1.238216
hs5 69387755 70408162 1.167757
hs5 70408163 71428570 0.251203
hs5 71428571 72448978 0.527702
hs5 72448979 73469386 0.360684
hs5 73469387 74489794 0.282612
hs5 74489795 75510203 0.461484
hs5 75510204 76530611 0.677698
hs5 76530612 77551019 0.577301
hs5 77551020 78571427 0.671356
hs5 78571428 79591835 0.606854
hs5 79591836 80612243 0.680111
hs5 80612244 81632652 0.681565
hs5 81632653 82653060 0.276080
hs5 82653061 83673468 0.612866
hs5 83673469 84693876 0.042041
hs5 84693877 85714284 0.014800
hs5 85714285 86734692 0.132536
hs5 86734693 87755101 0.081873
hs5 87755102 88775509 0.323326
hs5 88775510 89795917 0.021775
hs5 89795918 90816325 0.709979
hs5 90816326 91836733 0.000000
hs5 91836734 92857141 0.084596
hs5 92857142 93877550 0.937827
hs5 93877551 94897958 0.871160
hs5 94897959 95918366 0.300841
hs5 95918367 96938774 0.363329
hs5 96938775 97959182 0.000000
hs5 97959183 98979590 0.096560
hs5 98979591 99999999 0.058867
hs5 100000000 101020407 0.094422
hs5 101020408 102040815 0.185840
hs5 102040816 103061223 0.300793
hs5 103061224 104081631 0.000000
hs5 104081632 105102039 0.000612
hs5 105102040 106122447 0.000000
hs5 106122448 107142856 0.288128
hs5 107142857 108163264 0.563407
hs5 108163265 109183672 0.713820
hs5 109183673 110204080 0.413924
hs5 110204081 111224488 0.442039
hs5 111224489 112244896 0.515963
hs5 112244897 113265305 0.623355
hs5 113265306 114285713 0.131499
hs5 114285714 115306121 0.336595
hs5 115306122 116326529 0.396611
hs5 116326530 117346937 0.000000
hs5 117346938 118367345 0.148634
hs5 118367346 119387754 0.391768
hs5 119387755 120408162 0.218488
hs5 120408163 121428570 0.067913
hs5 121428571 122448978 0.413128
hs5 122448979 123469386 0.276640
hs5 123469387 124489794 0.106033
hs5 124489795 125510203 0.000000
hs5 125510204 126530611 0.459708
hs5 126530612 127551019 0.375047
hs5 127551020 128571427 0.362406
hs5 128571428 129591835 0.548879
hs5 129591836 130612243 0.039828
hs5 130612244 131632652 0.594989
hs5 131632653 132653060 0.592127
hs5 132653061 133673468 0.455341
hs5 133673469 134693876 0.481861
hs5 134693877 135714284 0.386245
hs5 135714285 136734692 0.402375
hs5 136734693 137755101 0.637741
hs5 137755102 138775509 0.660218
hs5 138775510 139795917 0.609086
hs5 139795918 140816325 4.166853
hs5 140816326 141836733 1.449420
hs5 141836734 142857141 0.707332
hs5 142857142 143877550 0.321070
hs5 143877551 144897958 0.000000
hs5 144897959 145918366 0.449495
hs5 145918367 146938774 0.689968
hs5 146938775 147959182 0.528933
hs5 147959183 148979590 0.463689
hs5 148979591 149999999 0.666445
hs5 150000000 151020407 0.483188
hs5 151020408 152040815 0.187027
hs5 152040816 153061223 0.206729
hs5 153061224 154081631 0.427031
hs5 154081632 155102039 0.225021
hs5 155102040 156122447 0.427382
hs5 156122448 157142856 0.480922
hs5 157142857 158163264 0.177025
hs5 158163265 159183672 0.485111
hs5 159183673 160204080 0.592053
hs5 160204081 161224488 0.302739
hs5 161224489 162244896 0.120495
hs5 162244897 163265305 0.060308
hs5 163265306 164285713 0.000000
hs5 164285714 165306121 0.000000
hs5 165306122 166326529 0.000000
hs5 166326530 167346937 0.688468
hs5 167346938 168367345 0.839724
hs5 168367346 169387754 0.806107
hs5 169387755 170408162 0.722100
hs5 170408163 171428570 0.477466
hs5 171428571 172448978 0.583060
hs5 172448979 173469386 0.250129
hs5 173469387 174489794 0.006202
hs5 174489795 175510203 0.205586
hs5 175510204 176530611 0.609733
hs5 176530612 177551019 0.508803
hs5 177551020 178571427 0.657710
hs5 178571428 179591835 0.609201
hs5 179591836 180612243 0.399146
hs5 180612244 181632652 0.021192
hsY 0 1020407 0.112821
hsY 1020408 2040815 0.302325
hsY 2040816 3061223 0.480711
hsY 3061224 4081631 0.000939
hsY 4081632 5102039 0.170299
hsY 5102040 6122447 0.556860
hsY 6122448 7142856 0.304103
hsY 7142857 8163264 0.112922
hsY 8163265 9183672 0.034677
hsY 9183673 10204080 0.838753
hsY 10204081 11224488 0.053020
hsY 11224489 12244896 0.000000
hsY 12244897 13265305 0.015166
hsY 13265306 14285713 0.429366
hsY 14285714 15306121 0.164305
hsY 15306122 16326529 0.155939
hsY 16326530 17346937 0.000000
hsY 17346938 18367345 0.039350
hsY 18367346 19387754 0.241317
hsY 19387755 20408162 0.269683
hsY 20408163 21428570 0.094040
hsY 21428571 22448978 0.168476
hsY 22448979 23469386 0.310626
hsY 23469387 24489794 0.410122
hsY 24489795 25510203 0.470268
hsY 25510204 26530611 0.097711
hsY 26530612 27551019 0.000000
hsY 27551020 28571427 0.000000
hsY 28571428 29591835 0.000000
hsY 29591836 30612243 0.000000
hsY 30612244 31632652 0.000000
hsY 31632653 32653060 0.000000
hsY 32653061 33673468 0.000000
hsY 33673469 34693876 0.000000
hsY 34693877 35714284 0.000000
hsY 35714285 36734692 0.000000
hsY 36734693 37755101 0.000000
hsY 37755102 38775509 0.000000
hsY 38775510 39795917 0.000000
hsY 39795918 40816325 0.000000
hsY 40816326 41836733 0.000000
hsY 41836734 42857141 0.000000
hsY 42857142 43877550 0.000000
hsY 43877551 44897958 0.000000
hsY 44897959 45918366 0.000000
hsY 45918367 46938774 0.000000
hsY 46938775 47959182 0.000000
hsY 47959183 48979590 0.000000
hsY 48979591 49999999 0.000000
hsY 50000000 51020407 0.000000
hsY 51020408 52040815 0.000000
hsY 52040816 53061223 0.000000
hsY 53061224 54081631 0.000000
hsY 54081632 55102039 0.000000
hsY 55102040 56122447 0.000000
hsY 56122448 57142856 0.000000
hsY 57142857 58163264 0.088589
hs1 0 1020407 0.188930
hs1 1020408 2040815 0.733071
hs1 2040816 3061223 0.461167
hs1 3061224 4081631 0.675654
hs1 4081632 5102039 0.138555
hs1 5102040 6122447 0.236981
hs1 6122448 7142856 0.854291
hs1 7142857 8163264 0.730338
hs1 8163265 9183672 0.618812
hs1 9183673 10204080 0.639226
hs1 10204081 11224488 0.767350
hs1 11224489 12244896 0.479702
hs1 12244897 13265305 0.433465
hs1 13265306 14285713 0.256270
hs1 14285714 15306121 0.498157
hs1 15306122 16326529 0.730798
hs1 16326530 17346937 0.532483
hs1 17346938 18367345 0.474872
hs1 18367346 19387754 0.539779
hs1 19387755 20408162 0.517324
hs1 20408163 21428570 0.617676
hs1 21428571 22448978 0.618626
hs1 22448979 23469386 0.481866
hs1 23469387 24489794 0.448616
hs1 24489795 25510203 0.463328
hs1 25510204 26530611 0.658460
hs1 26530612 27551019 0.476686
hs1 27551020 28571427 0.606428
hs1 28571428 29591835 0.772902
hs1 29591836 30612243 0.000000
hs1 30612244 31632652 0.377498
hs1 31632653 32653060 0.498279
hs1 32653061 33673468 0.536915
hs1 33673469 34693876 0.717386
hs1 34693877 35714284 0.345085
hs1 35714285 36734692 0.648949
hs1 36734693 37755101 0.265354
hs1 37755102 38775509 0.356294
hs1 38775510 39795917 0.591617
hs1 39795918 40816325 0.470168
hs1 40816326 41836733 0.522376
hs1 41836734 42857141 0.627952
hs1 42857142 43877550 0.438358
hs1 43877551 44897958 0.757358
hs1 44897959 45918366 0.766078
hs1 45918367 46938774 0.685478
hs1 46938775 47959182 0.314689
hs1 47959183 48979590 0.492144
hs1 48979591 49999999 1.034834
hs1 50000000 51020407 0.747616
hs1 51020408 52040815 0.661247
hs1 52040816 53061223 0.747183
hs1 53061224 54081631 0.700109
hs1 54081632 55102039 0.678818
hs1 55102040 56122447 0.214753
hs1 56122448 57142856 0.299456
hs1 57142857 58163264 0.957981
hs1 58163265 59183672 0.428405
hs1 59183673 60204080 0.564102
hs1 60204081 61224488 0.081695
hs1 61224489 62244896 0.680173
hs1 62244897 63265305 0.583469
hs1 63265306 64285713 0.535899
hs1 64285714 65306121 0.603565
hs1 65306122 66326529 0.744007
hs1 66326530 67346937 0.759164
hs1 67346938 68367345 0.388168
hs1 68367346 69387754 0.144752
hs1 69387755 70408162 0.381614
hs1 70408163 71428570 0.424020
hs1 71428571 72448978 0.791612
hs1 72448979 73469386 0.070449
hs1 73469387 74489794 0.229935
hs1 74489795 75510203 0.551620
hs1 75510204 76530611 0.720401
hs1 76530612 77551019 0.682430
hs1 77551020 78571427 0.805588
hs1 78571428 79591835 0.238185
hs1 79591836 80612243 0.000000
hs1 80612244 81632652 0.000000
hs1 81632653 82653060 0.188186
hs1 82653061 83673468 0.000000
hs1 83673469 84693876 0.384223
hs1 84693877 85714284 0.623874
hs1 85714285 86734692 0.687317
hs1 86734693 87755101 0.401288
hs1 87755102 88775509 0.000000
hs1 88775510 89795917 0.450719
hs1 89795918 90816325 0.271535
hs1 90816326 91836733 0.275435
hs1 91836734 92857141 0.676713
hs1 92857142 93877550 0.678994
hs1 93877551 94897958 0.376777
hs1 94897959 95918366 0.282928
hs1 95918367 96938774 0.000000
hs1 96938775 97959182 0.721988
hs1 97959183 98979590 0.274293
hs1 98979591 99999999 0.275197
hs1 100000000 101020407 0.542133
hs1 101020408 102040815 0.146234
hs1 102040816 103061223 0.212951
hs1 103061224 104081631 0.371395
hs1 104081632 105102039 0.026219
hs1 105102040 106122447 0.339756
hs1 106122448 107142856 0.000000
hs1 107142857 108163264 0.580602
hs1 108163265 109183672 0.461037
hs1 109183673 110204080 0.631781
hs1 110204081 111224488 0.235417
hs1 111224489 112244896 0.554816
hs1 112244897 113265305 0.401064
hs1 113265306 114285713 0.583496
hs1 114285714 115306121 0.505770
hs1 115306122 116326529 0.262096
hs1 116326530 117346937 0.406236
hs1 117346938 118367345 0.491489
hs1 118367346 119387754 0.275316
hs1 119387755 120408162 0.395450
hs1 120408163 121428570 0.091081
hs1 121428571 122448978 0.000000
hs1 122448979 123469386 0.000000
hs1 123469387 124489794 0.000000
hs1 124489795 125510203 0.000000
hs1 125510204 126530611 0.000000
hs1 126530612 127551019 0.000000
hs1 127551020 128571427 0.000000
hs1 128571428 129591835 0.000000
hs1 129591836 130612243 0.000000
hs1 130612244 131632652 0.000000
hs1 131632653 132653060 0.000000
hs1 132653061 133673468 0.000000
hs1 133673469 134693876 0.000000
hs1 134693877 135714284 0.000000
hs1 135714285 136734692 0.000000
hs1 136734693 137755101 0.000000
hs1 137755102 138775509 0.000000
hs1 138775510 139795917 0.000000
hs1 139795918 140816325 0.000000
hs1 140816326 141836733 0.000000
hs1 141836734 142857141 0.078217
hs1 142857142 143877550 0.574171
hs1 143877551 144897958 0.601989
hs1 144897959 145918366 0.340133
hs1 145918367 146938774 0.247270
hs1 146938775 147959182 0.104556
hs1 147959183 148979590 0.557712
hs1 148979591 149999999 0.683854
hs1 150000000 151020407 0.209961
hs1 151020408 152040815 0.216942
hs1 152040816 153061223 0.773484
hs1 153061224 154081631 0.725738
hs1 154081632 155102039 0.653795
hs1 155102040 156122447 0.331500
hs1 156122448 157142856 0.227855
hs1 157142857 158163264 0.248885
hs1 158163265 159183672 0.545368
hs1 159183673 160204080 0.546341
hs1 160204081 161224488 0.611876
hs1 161224489 162244896 0.100848
hs1 162244897 163265305 0.286400
hs1 163265306 164285713 0.499628
hs1 164285714 165306121 0.254691
hs1 165306122 166326529 0.750210
hs1 166326530 167346937 0.170327
hs1 167346938 168367345 0.728483
hs1 168367346 169387754 0.296013
hs1 169387755 170408162 0.606768
hs1 170408163 171428570 0.388531
hs1 171428571 172448978 0.463620
hs1 172448979 173469386 0.867096
hs1 173469387 174489794 0.669702
hs1 174489795 175510203 0.770791
hs1 175510204 176530611 0.247353
hs1 176530612 177551019 0.621366
hs1 177551020 178571427 0.780857
hs1 178571428 179591835 0.521483
hs1 179591836 180612243 0.318642
hs1 180612244 181632652 0.625428
hs1 181632653 182653060 0.590704
hs1 182653061 183673468 0.697181
hs1 183673469 184693876 0.587412
hs1 184693877 185714284 0.168251
hs1 185714285 186734692 0.000000
hs1 186734693 187755101 0.000000
hs1 187755102 188775509 0.372365
hs1 188775510 189795917 0.000000
hs1 189795918 190816325 0.080312
hs1 190816326 191836733 0.248717
hs1 191836734 192857141 0.000000
hs1 192857142 193877550 0.000000
hs1 193877551 194897958 0.385059
hs1 194897959 195918366 0.700770
hs1 195918367 196938774 0.355266
hs1 196938775 197959182 0.053523
hs1 197959183 198979590 0.248924
hs1 198979591 199999999 0.564792
hs1 200000000 201020407 0.807383
hs1 201020408 202040815 0.416912
hs1 202040816 203061223 0.495235
hs1 203061224 204081631 0.638482
hs1 204081632 205102039 0.475456
hs1 205102040 206122447 0.498715
hs1 206122448 207142856 0.241943
hs1 207142857 208163264 0.193839
hs1 208163265 209183672 0.835395
hs1 209183673 210204080 0.478806
hs1 210204081 211224488 0.524004
hs1 211224489 212244896 0.263955
hs1 212244897 213265305 0.480991
hs1 213265306 214285713 0.742588
hs1 214285714 215306121 0.921749
hs1 215306122 216326529 0.497808
hs1 216326530 217346937 0.148243
hs1 217346938 218367345 0.193351
hs1 218367346 219387754 0.353810
hs1 219387755 220408162 0.046126
hs1 220408163 221428570 0.290997
hs1 221428571 222448978 0.472981
hs1 222448979 223469386 0.569104
hs1 223469387 224489794 0.547736
hs1 224489795 225510203 0.612096
hs1 225510204 226530611 0.445010
hs1 226530612 227551019 0.206466
hs1 227551020 228571427 0.432421
hs1 228571428 229591835 0.426246
hs1 229591836 230612243 0.996003
hs1 230612244 231632652 0.497733
hs1 231632653 232653060 0.536882
hs1 232653061 233673468 0.330274
hs1 233673469 234693876 0.650637
hs1 234693877 235714284 0.719796
hs1 235714285 236734692 0.421038
hs1 236734693 237755101 0.000000
hs1 237755102 238775509 0.705274
hs1 238775510 239795917 0.689927
hs1 239795918 240816325 0.700595
hs1 240816326 241836733 0.528283
hs1 241836734 242857141 0.478816
hs1 242857142 243877550 0.732434
hs1 243877551 244897958 0.922084
hs1 244897959 245918366 0.327416
hs1 245918367 246938774 0.214784
hs1 246938775 247959182 0.048118
hs19 0 1020407 0.522710
hs19 1020408 2040815 0.607024
hs19 2040816 3061223 0.701636
hs19 3061224 4081631 0.703465
hs19 4081632 5102039 0.705572
hs19 5102040 6122447 0.583284
hs19 6122448 7142856 0.576262
hs19 7142857 8163264 0.544325
hs19 8163265 9183672 0.458252
hs19 9183673 10204080 0.527461
hs19 10204081 11224488 0.740276
hs19 11224489 12244896 0.519857
hs19 12244897 13265305 0.640830
hs19 13265306 14285713 0.532841
hs19 14285714 15306121 0.451280
hs19 15306122 16326529 0.427419
hs19 16326530 17346937 0.846871
hs19 17346938 18367345 0.623780
hs19 18367346 19387754 0.814041
hs19 19387755 20408162 0.497376
hs19 20408163 21428570 0.315067
hs19 21428571 22448978 0.237883
hs19 22448979 23469386 0.083202
hs19 23469387 24489794 0.159789
hs19 24489795 25510203 0.000000
hs19 25510204 26530611 0.000000
hs19 26530612 27551019 0.000000
hs19 27551020 28571427 0.000000
hs19 28571428 29591835 0.000000
hs19 29591836 30612243 0.000000
hs19 30612244 31632652 0.000000
hs19 31632653 32653060 0.000000
hs19 32653061 33673468 0.003379
hs19 33673469 34693876 0.009788
hs19 34693877 35714284 0.313676
hs19 35714285 36734692 0.099362
hs19 36734693 37755101 0.119759
hs19 37755102 38775509 0.663350
hs19 38775510 39795917 0.441835
hs19 39795918 40816325 0.360081
hs19 40816326 41836733 0.575923
hs19 41836734 42857141 0.553582
hs19 42857142 43877550 0.790500
hs19 43877551 44897958 0.457142
hs19 44897959 45918366 0.604820
hs19 45918367 46938774 0.431738
hs19 46938775 47959182 0.470486
hs19 47959183 48979590 0.386320
hs19 48979591 49999999 0.495330
hs19 50000000 51020407 0.646225
hs19 51020408 52040815 0.378924
hs19 52040816 53061223 0.613694
hs19 53061224 54081631 0.726226
hs19 54081632 55102039 0.703517
hs19 55102040 56122447 0.596887
hs19 56122448 57142856 0.412684
hs19 57142857 58163264 0.625982
hs19 58163265 59183672 0.465347
hs19 59183673 60204080 0.568610
hs19 60204081 61224488 0.643375
hs19 61224489 62244896 0.385681
hs19 62244897 63265305 0.459078
hs19 63265306 64285713 0.300935
hs2 0 1020407 0.165807
hs2 1020408 2040815 0.823992
hs2 2040816 3061223 0.275493
hs2 3061224 4081631 0.414801
hs2 4081632 5102039 0.000000
hs2 5102040 6122447 0.061259
hs2 6122448 7142856 0.161547
hs2 7142857 8163264 0.053301
hs2 8163265 9183672 0.253251
hs2 9183673 10204080 0.572335
hs2 10204081 11224488 0.428919
hs2 11224489 12244896 0.390224
hs2 12244897 13265305 0.025345
hs2 13265306 14285713 0.000000
hs2 14285714 15306121 0.087218
hs2 15306122 16326529 0.353306
hs2 16326530 17346937 0.114076
hs2 17346938 18367345 0.293965
hs2 18367346 19387754 0.032022
hs2 19387755 20408162 0.230860
hs2 20408163 21428570 0.216732
hs2 21428571 22448978 0.000000
hs2 22448979 23469386 0.007433
hs2 23469387 24489794 0.828283
hs2 24489795 25510203 0.622590
hs2 25510204 26530611 0.779700
hs2 26530612 27551019 0.700417
hs2 27551020 28571427 0.735093
hs2 28571428 29591835 0.771708
hs2 29591836 30612243 0.526137
hs2 30612244 31632652 0.597855
hs2 31632653 32653060 0.610561
hs2 32653061 33673468 0.940796
hs2 33673469 34693876 0.006421
hs2 34693877 35714284 0.000000
hs2 35714285 36734692 0.236000
hs2 36734693 37755101 0.582439
hs2 37755102 38775509 0.345313
hs2 38775510 39795917 0.608673
hs2 39795918 40816325 0.437273
hs2 40816326 41836733 0.000000
hs2 41836734 42857141 0.380592
hs2 42857142 43877550 0.531065
hs2 43877551 44897958 0.739695
hs2 44897959 45918366 0.408498
hs2 45918367 46938774 0.620341
hs2 46938775 47959182 0.493770
hs2 47959183 48979590 0.469972
hs2 48979591 49999999 0.189360
hs2 50000000 51020407 1.000000
hs2 51020408 52040815 0.090916
hs2 52040816 53061223 0.000000
hs2 53061224 54081631 0.451115
hs2 54081632 55102039 0.721022
hs2 55102040 56122447 0.463284
hs2 56122448 57142856 0.198012
hs2 57142857 58163264 0.035312
hs2 58163265 59183672 0.156245
hs2 59183673 60204080 0.000000
hs2 60204081 61224488 0.363359
hs2 61224489 62244896 0.640757
hs2 62244897 63265305 0.472026
hs2 63265306 64285713 0.639163
hs2 64285714 65306121 0.203522
hs2 65306122 66326529 0.161926
hs2 66326530 67346937 0.134614
hs2 67346938 68367345 0.152479
hs2 68367346 69387754 0.530445
hs2 69387755 70408162 0.583680
hs2 70408163 71428570 0.430740
hs2 71428571 72448978 0.517337
hs2 72448979 73469386 0.701698
hs2 73469387 74489794 0.670309
hs2 74489795 75510203 0.442780
hs2 75510204 76530611 0.138290
hs2 76530612 77551019 0.708202
hs2 77551020 78571427 0.051070
hs2 78571428 79591835 0.014158
hs2 79591836 80612243 1.000740
hs2 80612244 81632652 0.114909
hs2 81632653 82653060 0.000000
hs2 82653061 83673468 0.000949
hs2 83673469 84693876 0.131564
hs2 84693877 85714284 0.659102
hs2 85714285 86734692 0.549326
hs2 86734693 87755101 0.448824
hs2 87755102 88775509 0.489926
hs2 88775510 89795917 0.094813
hs2 89795918 90816325 0.000000
hs2 90816326 91836733 0.030764
hs2 91836734 92857141 0.000000
hs2 92857142 93877550 0.000000
hs2 93877551 94897958 0.094226
hs2 94897959 95918366 0.226048
hs2 95918367 96938774 0.457340
hs2 96938775 97959182 0.555565
hs2 97959183 98979590 0.703124
hs2 98979591 99999999 0.855694
hs2 100000000 101020407 0.442665
hs2 101020408 102040815 0.503993
hs2 102040816 103061223 0.408056
hs2 103061224 104081631 0.000000
hs2 104081632 105102039 0.139015
hs2 105102040 106122447 0.351060
hs2 106122448 107142856 0.204856
hs2 107142857 108163264 0.094205
hs2 108163265 109183672 0.519979
hs2 109183673 110204080 0.812120
hs2 110204081 111224488 0.550068
hs2 111224489 112244896 0.534299
hs2 112244897 113265305 0.659965
hs2 113265306 114285713 0.355792
hs2 114285714 115306121 0.449218
hs2 115306122 116326529 0.992420
hs2 116326530 117346937 0.000000
hs2 117346938 118367345 0.017346
hs2 118367346 119387754 0.123593
hs2 119387755 120408162 0.536813
hs2 120408163 121428570 0.409996
hs2 121428571 122448978 0.432049
hs2 122448979 123469386 0.000000
hs2 123469387 124489794 0.000000
hs2 124489795 125510203 0.872201
hs2 125510204 126530611 0.000000
hs2 126530612 127551019 0.068118
hs2 127551020 128571427 0.562055
hs2 128571428 129591835 0.148381
hs2 129591836 130612243 0.093447
hs2 130612244 131632652 0.367198
hs2 131632653 132653060 0.202229
hs2 132653061 133673468 0.846186
hs2 133673469 134693876 0.361652
hs2 134693877 135714284 0.767721
hs2 135714285 136734692 0.683267
hs2 136734693 137755101 0.284368
hs2 137755102 138775509 0.439808
hs2 138775510 139795917 0.180704
hs2 139795918 140816325 0.108644
hs2 140816326 141836733 1.000000
hs2 141836734 142857141 0.753627
hs2 142857142 143877550 0.430097
hs2 143877551 144897958 0.775074
hs2 144897959 145918366 0.094541
hs2 145918367 146938774 0.129479
hs2 146938775 147959182 0.003855
hs2 147959183 148979590 0.644618
hs2 148979591 149999999 0.660736
hs2 150000000 151020407 0.055436
hs2 151020408 152040815 0.138392
hs2 152040816 153061223 0.749404
hs2 153061224 154081631 0.258779
hs2 154081632 155102039 0.570424
hs2 155102040 156122447 0.154765
hs2 156122448 157142856 0.147972
hs2 157142857 158163264 0.168675
hs2 158163265 159183672 0.742962
hs2 159183673 160204080 0.681796
hs2 160204081 161224488 0.615661
hs2 161224489 162244896 0.262074
hs2 162244897 163265305 0.851594
hs2 163265306 164285713 0.246501
hs2 164285714 165306121 0.196823
hs2 165306122 166326529 0.647261
hs2 166326530 167346937 0.450441
hs2 167346938 168367345 0.349162
hs2 168367346 169387754 0.686532
hs2 169387755 170408162 0.726248
hs2 170408163 171428570 0.751636
hs2 171428571 172448978 0.631280
hs2 172448979 173469386 0.454358
hs2 173469387 174489794 0.365712
hs2 174489795 175510203 0.629076
hs2 175510204 176530611 0.195654
hs2 176530612 177551019 0.141622
hs2 177551020 178571427 0.675116
hs2 178571428 179591835 1.002271
hs2 179591836 180612243 0.631813
hs2 180612244 181632652 0.077711
hs2 181632653 182653060 0.335626
hs2 182653061 183673468 0.635726
hs2 183673469 184693876 0.036580
hs2 184693877 185714284 0.334301
hs2 185714285 186734692 0.092770
hs2 186734693 187755101 0.201351
hs2 187755102 188775509 0.191528
hs2 188775510 189795917 0.535216
hs2 189795918 190816325 0.362698
hs2 190816326 191836733 0.529001
hs2 191836734 192857141 0.421356
hs2 192857142 193877550 0.026515
hs2 193877551 194897958 0.000000
hs2 194897959 195918366 0.000000
hs2 195918367 196938774 0.604259
hs2 196938775 197959182 0.644393
hs2 197959183 198979590 0.619027
hs2 198979591 199999999 0.154381
hs2 200000000 201020407 0.238244
hs2 201020408 202040815 0.818265
hs2 202040816 203061223 0.564718
hs2 203061224 204081631 0.850194
hs2 204081632 205102039 0.087255
hs2 205102040 206122447 0.983614
hs2 206122448 207142856 0.513487
hs2 207142857 208163264 0.348541
hs2 208163265 209183672 0.511518
hs2 209183673 210204080 0.202925
hs2 210204081 211224488 0.768386
hs2 211224489 212244896 0.317323
hs2 212244897 213265305 0.849464
hs2 213265306 214285713 0.568672
hs2 214285714 215306121 0.849223
hs2 215306122 216326529 0.388935
hs2 216326530 217346937 0.464845
hs2 217346938 218367345 0.463709
hs2 218367346 219387754 0.688303
hs2 219387755 220408162 0.472739
hs2 220408163 221428570 0.000000
hs2 221428571 222448978 0.151180
hs2 222448979 223469386 0.390762
hs2 223469387 224489794 0.176104
hs2 224489795 225510203 0.405506
hs2 225510204 226530611 0.351335
hs2 226530612 227551019 0.205389
hs2 227551020 228571427 0.588727
hs2 228571428 229591835 0.179514
hs2 229591836 230612243 0.836892
hs2 230612244 231632652 0.535639
hs2 231632653 232653060 0.492229
hs2 232653061 233673468 0.734350
hs2 233673469 234693876 1.258900
hs2 234693877 235714284 0.105586
hs2 235714285 236734692 0.618758
hs2 236734693 237755101 0.275522
hs2 237755102 238775509 0.606319
hs2 238775510 239795917 0.319431
hs2 239795918 240816325 0.268733
hs2 240816326 241836733 0.539017
hs2 241836734 242857141 0.559142
hs8 0 1020407 0.219361
hs8 1020408 2040815 0.448840
hs8 2040816 3061223 0.314496
hs8 3061224 4081631 1.000000
hs8 4081632 5102039 0.742943
hs8 5102040 6122447 0.000000
hs8 6122448 7142856 0.429459
hs8 7142857 8163264 0.304909
hs8 8163265 9183672 0.215678
hs8 9183673 10204080 0.475012
hs8 10204081 11224488 0.627106
hs8 11224489 12244896 0.439481
hs8 12244897 13265305 0.499693
hs8 13265306 14285713 0.437974
hs8 14285714 15306121 0.837434
hs8 15306122 16326529 0.302998
hs8 16326530 17346937 0.349536
hs8 17346938 18367345 0.515913
hs8 18367346 19387754 0.637821
hs8 19387755 20408162 0.324999
hs8 20408163 21428570 0.000000
hs8 21428571 22448978 0.594158
hs8 22448979 23469386 0.670813
hs8 23469387 24489794 0.184539
hs8 24489795 25510203 0.318094
hs8 25510204 26530611 0.353482
hs8 26530612 27551019 0.440479
hs8 27551020 28571427 0.606323
hs8 28571428 29591835 0.536346
hs8 29591836 30612243 0.397876
hs8 30612244 31632652 0.327162
hs8 31632653 32653060 1.000000
hs8 32653061 33673468 0.244889
hs8 33673469 34693876 0.000000
hs8 34693877 35714284 0.491734
hs8 35714285 36734692 0.056289
hs8 36734693 37755101 0.188785
hs8 37755102 38775509 0.527722
hs8 38775510 39795917 0.799403
hs8 39795918 40816325 0.417447
hs8 40816326 41836733 0.388785
hs8 41836734 42857141 0.541224
hs8 42857142 43877550 0.333020
hs8 43877551 44897958 0.000000
hs8 44897959 45918366 0.000000
hs8 45918367 46938774 0.000000
hs8 46938775 47959182 0.014603
hs8 47959183 48979590 0.595406
hs8 48979591 49999999 0.146892
hs8 50000000 51020407 0.036260
hs8 51020408 52040815 0.830622
hs8 52040816 53061223 0.560038
hs8 53061224 54081631 0.415003
hs8 54081632 55102039 0.310705
hs8 55102040 56122447 0.084935
hs8 56122448 57142856 0.635195
hs8 57142857 58163264 0.124605
hs8 58163265 59183672 0.116811
hs8 59183673 60204080 0.500984
hs8 60204081 61224488 0.000000
hs8 61224489 62244896 0.377040
hs8 62244897 63265305 0.419209
hs8 63265306 64285713 0.824908
hs8 64285714 65306121 0.002143
hs8 65306122 66326529 0.205074
hs8 66326530 67346937 0.344146
hs8 67346938 68367345 0.634603
hs8 68367346 69387754 0.641541
hs8 69387755 70408162 0.373489
hs8 70408163 71428570 0.605947
hs8 71428571 72448978 0.341601
hs8 72448979 73469386 0.265071
hs8 73469387 74489794 0.491792
hs8 74489795 75510203 0.577245
hs8 75510204 76530611 0.078888
hs8 76530612 77551019 0.026323
hs8 77551020 78571427 0.273608
hs8 78571428 79591835 0.000927
hs8 79591836 80612243 0.208421
hs8 80612244 81632652 0.335173
hs8 81632653 82653060 0.397925
hs8 82653061 83673468 0.118090
hs8 83673469 84693876 0.000000
hs8 84693877 85714284 0.447152
hs8 85714285 86734692 0.471489
hs8 86734693 87755101 0.403349
hs8 87755102 88775509 0.574475
hs8 88775510 89795917 0.287712
hs8 89795918 90816325 0.000000
hs8 90816326 91836733 0.205307
hs8 91836734 92857141 0.486864
hs8 92857142 93877550 0.133567
hs8 93877551 94897958 0.178785
hs8 94897959 95918366 0.428524
hs8 95918367 96938774 0.158629
hs8 96938775 97959182 0.463003
hs8 97959183 98979590 0.453142
hs8 98979591 99999999 0.691930
hs8 100000000 101020407 0.869955
hs8 101020408 102040815 0.458230
hs8 102040816 103061223 0.470366
hs8 103061224 104081631 0.385018
hs8 104081632 105102039 0.745906
hs8 105102040 106122447 0.428134
hs8 106122448 107142856 0.475908
hs8 107142857 108163264 0.483349
hs8 108163265 109183672 0.424258
hs8 109183673 110204080 0.124299
hs8 110204081 111224488 0.413644
hs8 111224489 112244896 0.000000
hs8 112244897 113265305 0.000000
hs8 113265306 114285713 0.961845
hs8 114285714 115306121 0.228051
hs8 115306122 116326529 0.000000
hs8 116326530 117346937 0.255294
hs8 117346938 118367345 0.372732
hs8 118367346 119387754 0.439897
hs8 119387755 120408162 0.412853
hs8 120408163 121428570 0.601002
hs8 121428571 122448978 0.420406
hs8 122448979 123469386 0.033036
hs8 123469387 124489794 0.445320
hs8 124489795 125510203 0.493870
hs8 125510204 126530611 0.632272
hs8 126530612 127551019 0.000000
hs8 127551020 128571427 0.045233
hs8 128571428 129591835 0.306192
hs8 129591836 130612243 0.000000
hs8 130612244 131632652 0.478265
hs8 131632653 132653060 0.255084
hs8 132653061 133673468 0.549712
hs8 133673469 134693876 0.742319
hs8 134693877 135714284 0.154538
hs8 135714285 136734692 0.329349
hs8 136734693 137755101 0.000000
hs8 137755102 138775509 0.000000
hs8 138775510 139795917 0.483199
hs8 139795918 140816325 0.288666
hs8 140816326 141836733 0.912208
hs8 141836734 142857141 0.418106
hs8 142857142 143877550 0.337408
hs8 143877551 144897958 0.360738
hs8 144897959 145918366 0.576410
hs8 145918367 146938774 0.161568
hs6 0 1020407 0.394074
hs6 1020408 2040815 0.499283
hs6 2040816 3061223 0.372373
hs6 3061224 4081631 0.387915
hs6 4081632 5102039 0.302334
hs6 5102040 6122447 0.643769
hs6 6122448 7142856 0.564628
hs6 7142857 8163264 0.502747
hs6 8163265 9183672 0.023651
hs6 9183673 10204080 0.000000
hs6 10204081 11224488 0.443989
hs6 11224489 12244896 0.447214
hs6 12244897 13265305 0.465215
hs6 13265306 14285713 0.518341
hs6 14285714 15306121 0.000000
hs6 15306122 16326529 0.426422
hs6 16326530 17346937 0.508964
hs6 17346938 18367345 0.626396
hs6 18367346 19387754 0.085053
hs6 19387755 20408162 0.112736
hs6 20408163 21428570 0.773961
hs6 21428571 22448978 0.537457
hs6 22448979 23469386 0.001053
hs6 23469387 24489794 0.204846
hs6 24489795 25510203 0.583453
hs6 25510204 26530611 0.481479
hs6 26530612 27551019 0.307611
hs6 27551020 28571427 0.181452
hs6 28571428 29591835 0.089950
hs6 29591836 30612243 0.315480
hs6 30612244 31632652 0.353812
hs6 31632653 32653060 0.657623
hs6 32653061 33673468 0.340756
hs6 33673469 34693876 0.487592
hs6 34693877 35714284 0.705180
hs6 35714285 36734692 0.699172
hs6 36734693 37755101 0.491893
hs6 37755102 38775509 0.832280
hs6 38775510 39795917 0.794114
hs6 39795918 40816325 0.337683
hs6 40816326 41836733 0.295569
hs6 41836734 42857141 0.746763
hs6 42857142 43877550 0.644480
hs6 43877551 44897958 0.281432
hs6 44897959 45918366 0.756626
hs6 45918367 46938774 0.548833
hs6 46938775 47959182 0.466946
hs6 47959183 48979590 0.181498
hs6 48979591 49999999 0.185583
hs6 50000000 51020407 0.112124
hs6 51020408 52040815 0.443659
hs6 52040816 53061223 0.419982
hs6 53061224 54081631 0.392611
hs6 54081632 55102039 0.327719
hs6 55102040 56122447 0.530629
hs6 56122448 57142856 0.435004
hs6 57142857 58163264 0.370012
hs6 58163265 59183672 0.040736
hs6 59183673 60204080 0.000000
hs6 60204081 61224488 0.000000
hs6 61224489 62244896 0.000000
hs6 62244897 63265305 0.594112
hs6 63265306 64285713 0.043146
hs6 64285714 65306121 0.879878
hs6 65306122 66326529 1.000000
hs6 66326530 67346937 0.145937
hs6 67346938 68367345 0.000000
hs6 68367346 69387754 0.000000
hs6 69387755 70408162 0.738698
hs6 70408163 71428570 0.709439
hs6 71428571 72448978 0.303706
hs6 72448979 73469386 0.585347
hs6 73469387 74489794 0.728357
hs6 74489795 75510203 0.102867
hs6 75510204 76530611 0.467351
hs6 76530612 77551019 0.300505
hs6 77551020 78571427 0.001151
hs6 78571428 79591835 0.000000
hs6 79591836 80612243 0.326649
hs6 80612244 81632652 0.304150
hs6 81632653 82653060 0.006843
hs6 82653061 83673468 0.094343
hs6 83673469 84693876 0.734698
hs6 84693877 85714284 0.218831
hs6 85714285 86734692 0.168591
hs6 86734693 87755101 0.050333
hs6 87755102 88775509 0.501984
hs6 88775510 89795917 0.390616
hs6 89795918 90816325 0.755403
hs6 90816326 91836733 0.312207
hs6 91836734 92857141 0.000000
hs6 92857142 93877550 0.000000
hs6 93877551 94897958 0.243985
hs6 94897959 95918366 0.000000
hs6 95918367 96938774 0.226929
hs6 96938775 97959182 0.482886
hs6 97959183 98979590 0.000086
hs6 98979591 99999999 0.213911
hs6 100000000 101020407 0.249255
hs6 101020408 102040815 0.450656
hs6 102040816 103061223 0.572158
hs6 103061224 104081631 0.000000
hs6 104081632 105102039 0.000000
hs6 105102040 106122447 0.436591
hs6 106122448 107142856 0.236017
hs6 107142857 108163264 0.719177
hs6 108163265 109183672 0.629724
hs6 109183673 110204080 0.702052
hs6 110204081 111224488 0.545973
hs6 111224489 112244896 0.613826
hs6 112244897 113265305 0.249814
hs6 113265306 114285713 0.000485
hs6 114285714 115306121 0.063917
hs6 115306122 116326529 0.000000
hs6 116326530 117346937 0.737822
hs6 117346938 118367345 0.348146
hs6 118367346 119387754 0.725302
hs6 119387755 120408162 0.290141
hs6 120408163 121428570 0.000000
hs6 121428571 122448978 0.263766
hs6 122448979 123469386 0.401252
hs6 123469387 124489794 0.728619
hs6 124489795 125510203 0.836553
hs6 125510204 126530611 0.357585
hs6 126530612 127551019 0.076226
hs6 127551020 128571427 0.639029
hs6 128571428 129591835 0.644834
hs6 129591836 130612243 0.639178
hs6 130612244 131632652 0.355281
hs6 131632653 132653060 0.277381
hs6 132653061 133673468 0.352511
hs6 133673469 134693876 0.498785
hs6 134693877 135714284 0.227924
hs6 135714285 136734692 1.352580
hs6 136734693 137755101 0.604713
hs6 137755102 138775509 0.226198
hs6 138775510 139795917 0.451247
hs6 139795918 140816325 0.000000
hs6 140816326 141836733 0.000000
hs6 141836734 142857141 0.226595
hs6 142857142 143877550 0.655542
hs6 143877551 144897958 0.733096
hs6 144897959 145918366 0.311547
hs6 145918367 146938774 0.615152
hs6 146938775 147959182 0.453889
hs6 147959183 148979590 0.205268
hs6 148979591 149999999 0.558072
hs6 150000000 151020407 0.423106
hs6 151020408 152040815 0.745489
hs6 152040816 153061223 0.910415
hs6 153061224 154081631 0.180440
hs6 154081632 155102039 0.538813
hs6 155102040 156122447 0.384348
hs6 156122448 157142856 0.002060
hs6 157142857 158163264 0.708706
hs6 158163265 159183672 0.789326
hs6 159183673 160204080 0.246158
hs6 160204081 161224488 0.547521
hs6 161224489 162244896 0.811253
hs6 162244897 163265305 1.000659
hs6 163265306 164285713 0.558260
hs6 164285714 165306121 0.000000
hs6 165306122 166326529 0.422210
hs6 166326530 167346937 0.537545
hs6 167346938 168367345 0.326667
hs6 168367346 169387754 0.263322
hs6 169387755 170408162 0.337507
hs6 170408163 171428570 0.153147
hs14 0 1020407 0.000000
hs14 1020408 2040815 0.000000
hs14 2040816 3061223 0.000000
hs14 3061224 4081631 0.000000
hs14 4081632 5102039 0.000000
hs14 5102040 6122447 0.000000
hs14 6122448 7142856 0.000000
hs14 7142857 8163264 0.000000
hs14 8163265 9183672 0.000000
hs14 9183673 10204080 0.000000
hs14 10204081 11224488 0.000000
hs14 11224489 12244896 0.000000
hs14 12244897 13265305 0.000000
hs14 13265306 14285713 0.000000
hs14 14285714 15306121 0.000000
hs14 15306122 16326529 0.000000
hs14 16326530 17346937 0.000000
hs14 17346938 18367345 0.000000
hs14 18367346 19387754 0.070258
hs14 19387755 20408162 0.187931
hs14 20408163 21428570 0.341125
hs14 21428571 22448978 0.124026
hs14 22448979 23469386 0.331798
hs14 23469387 24489794 0.465587
hs14 24489795 25510203 0.097158
hs14 25510204 26530611 0.148836
hs14 26530612 27551019 0.000000
hs14 27551020 28571427 0.024183
hs14 28571428 29591835 0.344190
hs14 29591836 30612243 0.363398
hs14 30612244 31632652 0.542597
hs14 31632653 32653060 0.729782
hs14 32653061 33673468 0.702599
hs14 33673469 34693876 0.396081
hs14 34693877 35714284 0.457624
hs14 35714285 36734692 0.574052
hs14 36734693 37755101 0.352915
hs14 37755102 38775509 0.126966
hs14 38775510 39795917 0.134818
hs14 39795918 40816325 0.000000
hs14 40816326 41836733 0.291052
hs14 41836734 42857141 0.000000
hs14 42857142 43877550 0.000000
hs14 43877551 44897958 0.322112
hs14 44897959 45918366 0.000000
hs14 45918367 46938774 0.549788
hs14 46938775 47959182 0.269465
hs14 47959183 48979590 0.000000
hs14 48979591 49999999 0.572219
hs14 50000000 51020407 0.514691
hs14 51020408 52040815 0.517207
hs14 52040816 53061223 0.469573
hs14 53061224 54081631 0.086388
hs14 54081632 55102039 0.615333
hs14 55102040 56122447 0.308165
hs14 56122448 57142856 0.350568
hs14 57142857 58163264 0.461760
hs14 58163265 59183672 0.341786
hs14 59183673 60204080 0.390056
hs14 60204081 61224488 0.582514
hs14 61224489 62244896 0.200978
hs14 62244897 63265305 0.728302
hs14 63265306 64285713 0.683233
hs14 64285714 65306121 0.618416
hs14 65306122 66326529 0.288921
hs14 66326530 67346937 0.864474
hs14 67346938 68367345 0.773582
hs14 68367346 69387754 0.581121
hs14 69387755 70408162 0.520569
hs14 70408163 71428570 0.411574
hs14 71428571 72448978 0.840453
hs14 72448979 73469386 0.759953
hs14 73469387 74489794 0.665535
hs14 74489795 75510203 0.708203
hs14 75510204 76530611 0.515586
hs14 76530612 77551019 0.646971
hs14 77551020 78571427 0.618951
hs14 78571428 79591835 0.812504
hs14 79591836 80612243 0.566779
hs14 80612244 81632652 0.294457
hs14 81632653 82653060 0.000000
hs14 82653061 83673468 0.000000
hs14 83673469 84693876 0.000000
hs14 84693877 85714284 0.095828
hs14 85714285 86734692 0.000000
hs14 86734693 87755101 0.106952
hs14 87755102 88775509 0.602557
hs14 88775510 89795917 0.739748
hs14 89795918 90816325 0.671659
hs14 90816326 91836733 0.664625
hs14 91836734 92857141 0.735010
hs14 92857142 93877550 0.729090
hs14 93877551 94897958 0.333142
hs14 94897959 95918366 0.287220
hs14 95918367 96938774 0.245603
hs14 96938775 97959182 0.051466
hs14 97959183 98979590 0.151022
hs14 98979591 99999999 0.654819
hs14 100000000 101020407 0.177562
hs14 101020408 102040815 0.643391
hs14 102040816 103061223 0.545677
hs14 103061224 104081631 0.457341
hs14 104081632 105102039 0.504790
hs14 105102040 106122447 0.030359
hs17 0 1020407 0.745141
hs17 1020408 2040815 0.738280
hs17 2040816 3061223 0.660857
hs17 3061224 4081631 0.662982
hs17 4081632 5102039 0.635147
hs17 5102040 6122447 0.331236
hs17 6122448 7142856 0.469887
hs17 7142857 8163264 0.634706
hs17 8163265 9183672 0.688066
hs17 9183673 10204080 0.808975
hs17 10204081 11224488 0.349006
hs17 11224489 12244896 0.683922
hs17 12244897 13265305 0.323431
hs17 13265306 14285713 0.288702
hs17 14285714 15306121 0.098414
hs17 15306122 16326529 0.658574
hs17 16326530 17346937 0.461691
hs17 17346938 18367345 0.741496
hs17 18367346 19387754 0.526121
hs17 19387755 20408162 0.599848
hs17 20408163 21428570 0.263872
hs17 21428571 22448978 0.009937
hs17 22448979 23469386 0.317566
hs17 23469387 24489794 0.702910
hs17 24489795 25510203 0.804653
hs17 25510204 26530611 0.613473
hs17 26530612 27551019 0.555559
hs17 27551020 28571427 0.752136
hs17 28571428 29591835 0.917781
hs17 29591836 30612243 0.312815
hs17 30612244 31632652 0.490607
hs17 31632653 32653060 0.458511
hs17 32653061 33673468 0.546526
hs17 33673469 34693876 0.596355
hs17 34693877 35714284 0.716183
hs17 35714285 36734692 0.282836
hs17 36734693 37755101 0.548432
hs17 37755102 38775509 0.697615
hs17 38775510 39795917 0.462556
hs17 39795918 40816325 0.582250
hs17 40816326 41836733 0.609976
hs17 41836734 42857141 0.628210
hs17 42857142 43877550 0.630142
hs17 43877551 44897958 0.410959
hs17 44897959 45918366 0.447243
hs17 45918367 46938774 0.533515
hs17 46938775 47959182 0.519111
hs17 47959183 48979590 0.000000
hs17 48979591 49999999 0.002289
hs17 50000000 51020407 0.355628
hs17 51020408 52040815 0.362557
hs17 52040816 53061223 0.535860
hs17 53061224 54081631 0.496005
hs17 54081632 55102039 0.738376
hs17 55102040 56122447 0.736919
hs17 56122448 57142856 0.754951
hs17 57142857 58163264 0.641840
hs17 58163265 59183672 0.716658
hs17 59183673 60204080 0.645170
hs17 60204081 61224488 0.454330
hs17 61224489 62244896 0.901020
hs17 62244897 63265305 0.631731
hs17 63265306 64285713 0.503080
hs17 64285714 65306121 0.533935
hs17 65306122 66326529 0.069414
hs17 66326530 67346937 0.000000
hs17 67346938 68367345 0.214687
hs17 68367346 69387754 0.713081
hs17 69387755 70408162 0.441367
hs17 70408163 71428570 0.726575
hs17 71428571 72448978 0.695383
hs17 72448979 73469386 0.309751
hs17 73469387 74489794 0.648710
hs17 74489795 75510203 0.470537
hs17 75510204 76530611 0.875872
hs17 76530612 77551019 0.618003
hs17 77551020 78571427 0.785925
hs17 78571428 79591835 0.045771
hs21 0 1020407 0.000000
hs21 1020408 2040815 0.000000
hs21 2040816 3061223 0.000000
hs21 3061224 4081631 0.000000
hs21 4081632 5102039 0.000000
hs21 5102040 6122447 0.000000
hs21 6122448 7142856 0.000000
hs21 7142857 8163264 0.000000
hs21 8163265 9183672 0.000000
hs21 9183673 10204080 0.428909
hs21 10204081 11224488 0.000000
hs21 11224489 12244896 0.000000
hs21 12244897 13265305 0.000000
hs21 13265306 14285713 0.150329
hs21 14285714 15306121 0.256575
hs21 15306122 16326529 0.198704
hs21 16326530 17346937 0.528720
hs21 17346938 18367345 0.150525
hs21 18367346 19387754 0.153935
hs21 19387755 20408162 0.000000
hs21 20408163 21428570 0.192650
hs21 21428571 22448978 0.396425
hs21 22448979 23469386 0.000000
hs21 23469387 24489794 0.000000
hs21 24489795 25510203 0.000000
hs21 25510204 26530611 0.485880
hs21 26530612 27551019 0.162080
hs21 27551020 28571427 0.037930
hs21 28571428 29591835 0.323331
hs21 29591836 30612243 0.511040
hs21 30612244 31632652 0.227996
hs21 31632653 32653060 0.567969
hs21 32653061 33673468 0.446753
hs21 33673469 34693876 0.585548
hs21 34693877 35714284 0.478656
hs21 35714285 36734692 0.253312
hs21 36734693 37755101 0.691852
hs21 37755102 38775509 0.585868
hs21 38775510 39795917 0.479078
hs21 39795918 40816325 0.650137
hs21 40816326 41836733 0.607701
hs21 41836734 42857141 0.560879
hs21 42857142 43877550 0.420792
hs21 43877551 44897958 0.710773
hs21 44897959 45918366 0.540625
hs21 45918367 46938774 0.596686
