hsX 0 49999999 0.371627
hsX 50000000 99999999 0.251041
hsX 100000000 149999999 0.302261
hsX 150000000 199999999 0.041836
hs12 0 49999999 0.454613
hs12 50000000 99999999 0.360739
hs12 100000000 149999999 0.333344
hs11 0 49999999 0.410357
hs11 50000000 99999999 0.418985
hs11 100000000 149999999 0.298836
hs22 0 49999999 0.383978
hs10 0 49999999 0.383958
hs10 50000000 99999999 0.500342
hs10 100000000 149999999 0.316758
hs7 0 49999999 0.447823
hs7 50000000 99999999 0.377688
hs7 100000000 149999999 0.491422
hs7 150000000 199999999 0.094706
hs4 0 49999999 0.346975
hs4 50000000 99999999 0.367707
hs4 100000000 149999999 0.298669
hs4 150000000 199999999 0.271647
hs16 0 49999999 0.374687
hs16 50000000 99999999 0.327391
hs20 0 49999999 0.443320
hs20 50000000 99999999 0.090689
hs13 0 49999999 0.286037
hs13 50000000 99999999 0.271227
hs13 100000000 149999999 0.103796
hs18 0 49999999 0.391150
hs18 50000000 99999999 0.147166
hs3 0 49999999 0.453920
hs3 50000000 99999999 0.402345
hs3 100000000 149999999 0.460652
hs3 150000000 199999999 0.411162
hs9 0 49999999 0.320955
hs9 50000000 99999999 0.243454
hs9 100000000 149999999 0.408540
hs15 0 49999999 0.292333
hs15 50000000 99999999 0.488713
hs15 100000000 149999999 0.002083
hs5 0 49999999 0.290422
hs5 50000000 99999999 0.411000
hs5 100000000 149999999 0.462830
hs5 150000000 199999999 0.235911
hsY 0 49999999 0.119057
hsY 50000000 99999999 0.001808
hs1 0 49999999 0.532625
hs1 50000000 99999999 0.448692
hs1 100000000 149999999 0.218413
hs1 150000000 199999999 0.410475
hs1 200000000 249999999 0.464448
hs19 0 49999999 0.399951
hs19 50000000 99999999 0.153616
hs2 0 49999999 0.369886
hs2 50000000 99999999 0.348681
hs2 100000000 149999999 0.388072
hs2 150000000 199999999 0.407793
hs2 200000000 249999999 0.419375
hs8 0 49999999 0.393860
hs8 50000000 99999999 0.337597
hs8 100000000 149999999 0.346421
hs6 0 49999999 0.420606
hs6 50000000 99999999 0.300110
hs6 100000000 149999999 0.413549
hs6 150000000 199999999 0.201775
hs14 0 49999999 0.173889
hs14 50000000 99999999 0.465456
hs14 100000000 149999999 0.048145
hs17 0 49999999 0.520827
hs17 50000000 99999999 0.318839
hs21 0 49999999 0.252687
