hsX 0 1851850 0.228754
hsX 1851851 3703702 0.437673
hsX 3703703 5555554 0.000000
hsX 5555555 7407406 0.310289
hsX 7407407 9259258 0.138211
hsX 9259259 11111110 0.602040
hsX 11111111 12962961 0.653974
hsX 12962962 14814813 0.323917
hsX 14814814 16666665 0.384201
hsX 16666666 18518517 0.589753
hsX 18518518 20370369 0.698959
hsX 20370370 22222221 0.353742
hsX 22222222 24074073 0.161483
hsX 24074074 25925924 0.317072
hsX 25925925 27777776 0.015384
hsX 27777777 29629628 0.603442
hsX 29629629 31481480 0.472356
hsX 31481481 33333332 0.964530
hsX 33333333 35185184 0.018862
hsX 35185185 37037036 0.176387
hsX 37037037 38888887 0.408606
hsX 38888888 40740739 0.140614
hsX 40740740 42592591 0.334408
hsX 42592592 44444443 0.241142
hsX 44444444 46296295 0.200304
hsX 46296296 48148147 0.468378
hsX 48148148 49999999 0.789456
hsX 50000000 51851850 0.276623
hsX 51851851 53703702 0.340237
hsX 53703703 55555554 0.382595
hsX 55555555 57407406 0.157947
hsX 57407407 59259258 0.073328
hsX 59259259 61111110 0.000000
hsX 61111111 62962961 0.156177
hsX 62962962 64814813 0.172656
hsX 64814814 66666665 0.111994
hsX 66666666 68518517 0.378489
hsX 68518518 70370369 0.658731
hsX 70370370 72222221 0.552692
hsX 72222222 74074073 0.525586
hsX 74074074 75925924 0.163462
hsX 75925925 77777776 0.317455
hsX 77777777 79629628 0.088828
hsX 79629629 81481480 0.175625
hsX 81481481 83333332 0.084541
hsX 83333333 85185184 0.326987
hsX 85185185 87037036 0.453885
hsX 87037037 88888887 0.004082
hsX 88888888 90740739 0.002663
hsX 90740740 92592591 0.455741
hsX 92592592 94444443 0.022108
hsX 94444444 96296295 0.255063
hsX 96296296 98148147 0.240817
hsX 98148148 99999999 0.399795
hsX 100000000 101851850 0.541541
hsX 101851851 103703702 0.147059
hsX 103703703 105555554 0.744538
hsX 105555555 107407406 0.504452
hsX 107407407 109259258 0.411362
hsX 109259259 111111110 0.640311
hsX 111111111 112962961 0.319253
hsX 112962962 114814813 0.310593
hsX 114814814 116666665 0.016434
hsX 116666666 118518517 0.414989
hsX 118518518 120370369 0.481371
hsX 120370370 122222221 0.041281
hsX 122222222 124074073 0.633652
hsX 124074074 125925924 0.004373
hsX 125925925 127777776 0.000778
hsX 127777777 129629628 0.311394
hsX 129629629 131481480 0.351700
hsX 131481481 133333332 0.493072
hsX 133333333 135185184 0.379569
hsX 135185185 137037036 0.166061
hsX 137037037 138888887 0.460944
hsX 138888888 140740739 0.012932
hsX 140740740 142592591 0.053165
hsX 142592592 144444443 0.010407
hsX 144444444 146296295 0.007364
hsX 146296296 148148147 0.322552
hsX 148148148 149999999 0.379908
hsX 150000000 151851850 0.318086
hsX 151851851 153703702 0.479337
hsX 153703703 155555554 0.332145
hs12 0 1851850 0.810292
hs12 1851851 3703702 0.737801
hs12 3703703 5555554 0.287727
hs12 5555555 7407406 0.696509
hs12 7407407 9259258 0.412219
hs12 9259259 11111110 0.491979
hs12 11111111 12962961 0.568315
hs12 12962962 14814813 0.444773
hs12 14814814 16666665 0.536399
hs12 16666666 18518517 0.119929
hs12 18518518 20370369 0.301988
hs12 20370370 22222221 0.618025
hs12 22222222 24074073 0.432201
hs12 24074074 25925924 0.574986
hs12 25925925 27777776 0.635126
hs12 27777777 29629628 0.360019
hs12 29629629 31481480 0.277612
hs12 31481481 33333332 0.467256
hs12 33333333 35185184 0.038032
hs12 35185185 37037036 0.007005
hs12 37037037 38888887 0.496256
hs12 38888888 40740739 0.490405
hs12 40740740 42592591 0.410209
hs12 42592592 44444443 0.662112
hs12 44444444 46296295 0.221442
hs12 46296296 48148147 0.440969
hs12 48148148 49999999 0.734975
hs12 50000000 51851850 0.447217
hs12 51851851 53703702 0.457335
hs12 53703703 55555554 0.409654
hs12 55555555 57407406 0.322856
hs12 57407407 59259258 0.075930
hs12 59259259 61111110 0.340321
hs12 61111111 62962961 0.495393
hs12 62962962 64814813 0.480142
hs12 64814814 66666665 0.283549
hs12 66666666 68518517 0.365845
hs12 68518518 70370369 0.449914
hs12 70370370 72222221 0.346981
hs12 72222222 74074073 0.143638
hs12 74074074 75925924 0.234099
hs12 75925925 77777776 0.230072
hs12 77777777 79629628 0.678431
hs12 79629629 81481480 0.512046
hs12 81481481 83333332 0.241452
hs12 83333333 85185184 0.342530
hs12 85185185 87037036 0.382106
hs12 87037037 88888887 0.191946
hs12 88888888 90740739 0.053059
hs12 90740740 92592591 0.186990
hs12 92592592 94444443 0.502609
hs12 94444444 96296295 0.369064
hs12 96296296 98148147 0.395333
hs12 98148148 99999999 0.801444
hs12 100000000 101851850 0.449818
hs12 101851851 103703702 0.618132
hs12 103703703 105555554 0.405279
hs12 105555555 107407406 0.623113
hs12 107407407 109259258 0.674815
hs12 109259259 111111110 0.712103
hs12 111111111 112962961 0.515424
hs12 112962962 114814813 0.036950
hs12 114814814 116666665 0.628744
hs12 116666666 118518517 0.544582
hs12 118518518 120370369 0.635066
hs12 120370370 122222221 0.764657
hs12 122222222 124074073 0.580544
hs12 124074074 125925924 0.239172
hs12 125925925 127777776 0.237877
hs12 127777777 129629628 0.628485
hs12 129629629 131481480 0.436064
hs12 131481481 133333332 0.269468
hs11 0 1851850 0.637302
hs11 1851851 3703702 0.558382
hs11 3703703 5555554 0.271816
hs11 5555555 7407406 0.391604
hs11 7407407 9259258 0.626168
hs11 9259259 11111110 0.568246
hs11 11111111 12962961 0.629116
hs11 12962962 14814813 0.551250
hs11 14814814 16666665 0.380668
hs11 16666666 18518517 0.614896
hs11 18518518 20370369 0.580674
hs11 20370370 22222221 0.610085
hs11 22222222 24074073 0.128591
hs11 24074074 25925924 0.316241
hs11 25925925 27777776 0.481499
hs11 27777777 29629628 0.168988
hs11 29629629 31481480 0.252998
hs11 31481481 33333332 0.503308
hs11 33333333 35185184 0.446246
hs11 35185185 37037036 0.547611
hs11 37037037 38888887 0.000000
hs11 38888888 40740739 0.097153
hs11 40740740 42592591 0.000000
hs11 42592592 44444443 0.333384
hs11 44444444 46296295 0.407819
hs11 46296296 48148147 0.797631
hs11 48148148 49999999 0.177962
hs11 50000000 51851850 0.017346
hs11 51851851 53703702 0.000000
hs11 53703703 55555554 0.023421
hs11 55555555 57407406 0.399246
hs11 57407407 59259258 0.278238
hs11 59259259 61111110 0.457139
hs11 61111111 62962961 0.523255
hs11 62962962 64814813 0.643248
hs11 64814814 66666665 0.575302
hs11 66666666 68518517 0.568872
hs11 68518518 70370369 0.400070
hs11 70370370 72222221 0.528806
hs11 72222222 74074073 0.702170
hs11 74074074 75925924 0.617956
hs11 75925925 77777776 0.684341
hs11 77777777 79629628 0.515702
hs11 79629629 81481480 0.000000
hs11 81481481 83333332 0.431702
hs11 83333333 85185184 0.978166
hs11 85185185 87037036 0.464545
hs11 87037037 88888887 0.526518
hs11 88888888 90740739 0.140735
hs11 90740740 92592591 0.328203
hs11 92592592 94444443 0.429456
hs11 94444444 96296295 0.356930
hs11 96296296 98148147 0.000000
hs11 98148148 99999999 0.721226
hs11 100000000 101851850 0.495140
hs11 101851851 103703702 0.436842
hs11 103703703 105555554 0.283695
hs11 105555555 107407406 0.396119
hs11 107407407 109259258 0.430059
hs11 109259259 111111110 0.329487
hs11 111111111 112962961 0.452182
hs11 112962962 114814813 0.425210
hs11 114814814 116666665 0.273696
hs11 116666666 118518517 0.648665
hs11 118518518 120370369 0.486121
hs11 120370370 122222221 0.344279
hs11 122222222 124074073 0.284135
hs11 124074074 125925924 0.611237
hs11 125925925 127777776 0.243028
hs11 127777777 129629628 0.517364
hs11 129629629 131481480 0.479576
hs11 131481481 133333332 0.755923
hs11 133333333 135185184 0.175810
hs22 0 1851850 0.000000
hs22 1851851 3703702 0.000000
hs22 3703703 5555554 0.000000
hs22 5555555 7407406 0.000000
hs22 7407407 9259258 0.000000
hs22 9259259 11111110 0.000000
hs22 11111111 12962961 0.000000
hs22 12962962 14814813 0.017068
hs22 14814814 16666665 0.294364
hs22 16666666 18518517 0.612045
hs22 18518518 20370369 0.402107
hs22 20370370 22222221 0.336872
hs22 22222222 24074073 0.674625
hs22 24074074 25925924 0.808463
hs22 25925925 27777776 0.629666
hs22 27777777 29629628 0.668016
hs22 29629629 31481480 0.647741
hs22 31481481 33333332 0.546740
hs22 33333333 35185184 0.363454
hs22 35185185 37037036 0.573066
hs22 37037037 38888887 0.610158
hs22 38888888 40740739 0.736269
hs22 40740740 42592591 0.636668
hs22 42592592 44444443 0.610482
hs22 44444444 46296295 0.626896
hs22 46296296 48148147 0.151377
hs22 48148148 49999999 0.421320
hs10 0 1851850 0.733916
hs10 1851851 3703702 0.056339
hs10 3703703 5555554 0.154698
hs10 5555555 7407406 0.402135
hs10 7407407 9259258 0.276403
hs10 9259259 11111110 0.027836
hs10 11111111 12962961 0.708863
hs10 12962962 14814813 0.684638
hs10 14814814 16666665 0.445516
hs10 16666666 18518517 0.798652
hs10 18518518 20370369 0.379127
hs10 20370370 22222221 0.548118
hs10 22222222 24074073 0.321965
hs10 24074074 25925924 0.831495
hs10 25925925 27777776 0.503625
hs10 27777777 29629628 0.341514
hs10 29629629 31481480 0.341027
hs10 31481481 33333332 0.520070
hs10 33333333 35185184 0.466119
hs10 35185185 37037036 0.269021
hs10 37037037 38888887 0.186292
hs10 38888888 40740739 0.000000
hs10 40740740 42592591 0.078184
hs10 42592592 44444443 0.189765
hs10 44444444 46296295 0.401037
hs10 46296296 48148147 0.197773
hs10 48148148 49999999 0.502737
hs10 50000000 51851850 0.644854
hs10 51851851 53703702 0.854721
hs10 53703703 55555554 0.191318
hs10 55555555 57407406 0.364772
hs10 57407407 59259258 0.002072
hs10 59259259 61111110 0.364881
hs10 61111111 62962961 0.381347
hs10 62962962 64814813 0.498436
hs10 64814814 66666665 0.101174
hs10 66666666 68518517 0.719015
hs10 68518518 70370369 0.806241
hs10 70370370 72222221 0.568555
hs10 72222222 74074073 0.653922
hs10 74074074 75925924 0.803095
hs10 75925925 77777776 0.607667
hs10 77777777 79629628 0.644672
hs10 79629629 81481480 0.254924
hs10 81481481 83333332 0.203651
hs10 83333333 85185184 0.600408
hs10 85185185 87037036 0.145570
hs10 87037037 88888887 0.682376
hs10 88888888 90740739 0.571073
hs10 90740740 92592591 0.249325
hs10 92592592 94444443 0.653564
hs10 94444444 96296295 0.602482
hs10 96296296 98148147 0.618679
hs10 98148148 99999999 0.720452
hs10 100000000 101851850 0.727101
hs10 101851851 103703702 0.556138
hs10 103703703 105555554 0.780371
hs10 105555555 107407406 0.595139
hs10 107407407 109259258 0.319071
hs10 109259259 111111110 0.000000
hs10 111111111 112962961 0.364626
hs10 112962962 114814813 0.358432
hs10 114814814 116666665 0.525634
hs10 116666666 118518517 0.733960
hs10 118518518 120370369 0.314540
hs10 120370370 122222221 0.421304
hs10 122222222 124074073 0.441348
hs10 124074074 125925924 0.350828
hs10 125925925 127777776 0.529959
hs10 127777777 129629628 0.572359
hs10 129629629 131481480 0.256177
hs10 131481481 133333332 0.211186
hs10 133333333 135185184 0.443157
hs10 135185185 137037036 0.051148
hs7 0 1851850 0.415994
hs7 1851851 3703702 0.717830
hs7 3703703 5555554 0.589017
hs7 5555555 7407406 0.563457
hs7 7407407 9259258 0.456521
hs7 9259259 11111110 0.075404
hs7 11111111 12962961 0.384977
hs7 12962962 14814813 0.412457
hs7 14814814 16666665 0.469016
hs7 16666666 18518517 0.176494
hs7 18518518 20370369 0.362204
hs7 20370370 22222221 0.424427
hs7 22222222 24074073 0.442587
hs7 24074074 25925924 0.227588
hs7 25925925 27777776 0.366655
hs7 27777777 29629628 0.763942
hs7 29629629 31481480 0.386043
hs7 31481481 33333332 0.486279
hs7 33333333 35185184 0.735910
hs7 35185185 37037036 0.479497
hs7 37037037 38888887 0.533370
hs7 38888888 40740739 0.764770
hs7 40740740 42592591 0.270962
hs7 42592592 44444443 0.602358
hs7 44444444 46296295 0.326919
hs7 46296296 48148147 0.309071
hs7 48148148 49999999 0.347466
hs7 50000000 51851850 0.491262
hs7 51851851 53703702 0.000686
hs7 53703703 55555554 0.184405
hs7 55555555 57407406 0.195406
hs7 57407407 59259258 0.012627
hs7 59259259 61111110 0.000000
hs7 61111111 62962961 0.011274
hs7 62962962 64814813 0.290767
hs7 64814814 66666665 0.443096
hs7 66666666 68518517 0.000000
hs7 68518518 70370369 0.717459
hs7 70370370 72222221 0.831682
hs7 72222222 74074073 0.572231
hs7 74074074 75925924 0.539080
hs7 75925925 77777776 0.619286
hs7 77777777 79629628 0.638721
hs7 79629629 81481480 0.268020
hs7 81481481 83333332 0.606757
hs7 83333333 85185184 0.195986
hs7 85185185 87037036 0.370118
hs7 87037037 88888887 0.710217
hs7 88888888 90740739 0.360343
hs7 90740740 92592591 0.413870
hs7 92592592 94444443 0.322681
hs7 94444444 96296295 0.554110
hs7 96296296 98148147 0.233566
hs7 98148148 99999999 0.613927
hs7 100000000 101851850 0.619548
hs7 101851851 103703702 0.811965
hs7 103703703 105555554 0.795310
hs7 105555555 107407406 0.465432
hs7 107407407 109259258 0.273669
hs7 109259259 111111110 0.504725
hs7 111111111 112962961 0.451092
hs7 112962962 114814813 0.402126
hs7 114814814 116666665 0.387273
hs7 116666666 118518517 0.270323
hs7 118518518 120370369 0.295635
hs7 120370370 122222221 0.615036
hs7 122222222 124074073 0.253360
hs7 124074074 125925924 0.101091
hs7 125925925 127777776 0.699398
hs7 127777777 129629628 0.572680
hs7 129629629 131481480 0.479018
hs7 131481481 133333332 0.834130
hs7 133333333 135185184 0.574547
hs7 135185185 137037036 0.366376
hs7 137037037 138888887 0.595602
hs7 138888888 140740739 0.558794
hs7 140740740 142592591 0.299302
hs7 142592592 144444443 0.356152
hs7 144444444 146296295 0.460032
hs7 146296296 148148147 0.860295
hs7 148148148 149999999 0.365469
hs7 150000000 151851850 0.688918
hs7 151851851 153703702 0.331361
hs7 153703703 155555554 0.490755
hs7 155555555 157407406 0.472360
hs7 157407407 159259258 0.573680
hs4 0 1851850 0.607463
hs4 1851851 3703702 0.681186
hs4 3703703 5555554 0.396624
hs4 5555555 7407406 0.643973
hs4 7407407 9259258 0.560647
hs4 9259259 11111110 0.270940
hs4 11111111 12962961 0.002641
hs4 12962962 14814813 0.134190
hs4 14814814 16666665 0.547494
hs4 16666666 18518517 0.243256
hs4 18518518 20370369 0.229308
hs4 20370370 22222221 0.716919
hs4 22222222 24074073 0.121340
hs4 24074074 25925924 0.327097
hs4 25925925 27777776 0.246801
hs4 27777777 29629628 0.000000
hs4 29629629 31481480 0.230250
hs4 31481481 33333332 0.000000
hs4 33333333 35185184 0.000000
hs4 35185185 37037036 0.192481
hs4 37037037 38888887 0.542902
hs4 38888888 40740739 0.680902
hs4 40740740 42592591 0.589989
hs4 42592592 44444443 0.262312
hs4 44444444 46296295 0.123537
hs4 46296296 48148147 0.788591
hs4 48148148 49999999 0.227478
hs4 50000000 51851850 0.000000
hs4 51851851 53703702 0.273042
hs4 53703703 55555554 0.349541
hs4 55555555 57407406 0.445642
hs4 57407407 59259258 0.091873
hs4 59259259 61111110 0.000000
hs4 61111111 62962961 0.310679
hs4 62962962 64814813 0.000000
hs4 64814814 66666665 0.259939
hs4 66666666 68518517 0.196087
hs4 68518518 70370369 0.249727
hs4 70370370 72222221 0.369144
hs4 72222222 74074073 0.449016
hs4 74074074 75925924 0.299339
hs4 75925925 77777776 0.544716
hs4 77777777 79629628 0.543440
hs4 79629629 81481480 0.290687
hs4 81481481 83333332 0.437529
hs4 83333333 85185184 0.414776
hs4 85185185 87037036 0.449370
hs4 87037037 88888887 0.680635
hs4 88888888 90740739 0.464784
hs4 90740740 92592591 0.809699
hs4 92592592 94444443 0.620823
hs4 94444444 96296295 0.654366
hs4 96296296 98148147 0.207464
hs4 98148148 99999999 0.515780
hs4 100000000 101851850 0.324811
hs4 101851851 103703702 0.413042
hs4 103703703 105555554 0.382181
hs4 105555555 107407406 0.431916
hs4 107407407 109259258 0.288125
hs4 109259259 111111110 0.601371
hs4 111111111 112962961 0.161592
hs4 112962962 114814813 0.619799
hs4 114814814 116666665 0.287256
hs4 116666666 118518517 0.001119
hs4 118518518 120370369 0.386239
hs4 120370370 122222221 0.262193
hs4 122222222 124074073 0.378054
hs4 124074074 125925924 0.388367
hs4 125925925 127777776 0.095322
hs4 127777777 129629628 0.259569
hs4 129629629 131481480 0.158885
hs4 131481481 133333332 0.000000
hs4 133333333 135185184 0.022823
hs4 135185185 137037036 0.002925
hs4 137037037 138888887 0.007322
hs4 138888888 140740739 0.204507
hs4 140740740 142592591 0.592061
hs4 142592592 144444443 0.514272
hs4 144444444 146296295 0.346502
hs4 146296296 148148147 0.484451
hs4 148148148 149999999 0.449365
hs4 150000000 151851850 0.339176
hs4 151851851 153703702 0.533858
hs4 153703703 155555554 0.498026
hs4 155555555 157407406 0.225807
hs4 157407407 159259258 0.245645
hs4 159259259 161111110 0.351903
hs4 161111111 162962961 0.236771
hs4 162962962 164814813 0.311719
hs4 164814814 166666665 0.558592
hs4 166666666 168518517 0.395168
hs4 168518518 170370369 0.482718
hs4 170370370 172222221 0.257169
hs4 172222222 174074073 0.595579
hs4 174074074 175925924 0.309009
hs4 175925925 177777776 0.443413
hs4 177777777 179629628 0.235457
hs4 179629629 181481480 0.000000
hs4 181481481 183333332 0.003023
hs4 183333333 185185184 0.502962
hs4 185185185 187037036 0.551328
hs4 187037037 188888887 0.192239
hs4 188888888 190740739 0.016908
hs4 190740740 192592591 0.048009
hs16 0 1851850 0.726670
hs16 1851851 3703702 0.618673
hs16 3703703 5555554 0.565311
hs16 5555555 7407406 0.755068
hs16 7407407 9259258 0.325444
hs16 9259259 11111110 0.490314
hs16 11111111 12962961 0.599590
hs16 12962962 14814813 0.410253
hs16 14814814 16666665 0.550396
hs16 16666666 18518517 0.257361
hs16 18518518 20370369 0.526354
hs16 20370370 22222221 0.649063
hs16 22222222 24074073 0.591921
hs16 24074074 25925924 0.474361
hs16 25925925 27777776 0.369984
hs16 27777777 29629628 0.472597
hs16 29629629 31481480 0.533813
hs16 31481481 33333332 0.070803
hs16 33333333 35185184 0.017567
hs16 35185185 37037036 0.000000
hs16 37037037 38888887 0.000000
hs16 38888888 40740739 0.000000
hs16 40740740 42592591 0.000000
hs16 42592592 44444443 0.000000
hs16 44444444 46296295 0.500969
hs16 46296296 48148147 0.233868
hs16 48148148 49999999 0.376160
hs16 50000000 51851850 0.170210
hs16 51851851 53703702 0.354872
hs16 53703703 55555554 0.460664
hs16 55555555 57407406 0.585817
hs16 57407407 59259258 0.000567
hs16 59259259 61111110 0.206714
hs16 61111111 62962961 0.000000
hs16 62962962 64814813 0.252202
hs16 64814814 66666665 0.715429
hs16 66666666 68518517 0.759108
hs16 68518518 70370369 0.718541
hs16 70370370 72222221 0.320263
hs16 72222222 74074073 0.443609
hs16 74074074 75925924 0.247974
hs16 75925925 77777776 0.760393
hs16 77777777 79629628 0.256543
hs16 79629629 81481480 0.597449
hs16 81481481 83333332 0.772898
hs16 83333333 85185184 0.251675
hs16 85185185 87037036 0.296503
hs16 87037037 88888887 0.668130
hs20 0 1851850 0.366280
hs20 1851851 3703702 0.616651
hs20 3703703 5555554 0.351801
hs20 5555555 7407406 0.158151
hs20 7407407 9259258 0.599376
hs20 9259259 11111110 0.449029
hs20 11111111 12962961 0.032996
hs20 12962962 14814813 0.869590
hs20 14814814 16666665 0.797254
hs20 16666666 18518517 0.438287
hs20 18518518 20370369 0.673259
hs20 20370370 22222221 0.266456
hs20 22222222 24074073 0.096864
hs20 24074074 25925924 0.392884
hs20 25925925 27777776 0.029712
hs20 27777777 29629628 0.079874
hs20 29629629 31481480 0.538329
hs20 31481481 33333332 0.668290
hs20 33333333 35185184 0.758247
hs20 35185185 37037036 0.580079
hs20 37037037 38888887 0.042699
hs20 38888888 40740739 0.596774
hs20 40740740 42592591 0.591159
hs20 42592592 44444443 0.546946
hs20 44444444 46296295 0.504589
hs20 46296296 48148147 0.501509
hs20 48148148 49999999 0.422542
hs20 50000000 51851850 0.345111
hs20 51851851 53703702 0.181659
hs20 53703703 55555554 0.208113
hs20 55555555 57407406 0.344738
hs20 57407407 59259258 0.212790
hs20 59259259 61111110 0.698189
hs20 61111111 62962961 0.457999
hs13 0 1851850 0.000000
hs13 1851851 3703702 0.000000
hs13 3703703 5555554 0.000000
hs13 5555555 7407406 0.000000
hs13 7407407 9259258 0.000000
hs13 9259259 11111110 0.000000
hs13 11111111 12962961 0.000000
hs13 12962962 14814813 0.000000
hs13 14814814 16666665 0.000000
hs13 16666666 18518517 0.022772
hs13 18518518 20370369 0.574144
hs13 20370370 22222221 0.191909
hs13 22222222 24074073 0.427425
hs13 24074074 25925924 0.610469
hs13 25925925 27777776 0.371343
hs13 27777777 29629628 0.476367
hs13 29629629 31481480 0.330431
hs13 31481481 33333332 0.520096
hs13 33333333 35185184 0.581850
hs13 35185185 37037036 0.545898
hs13 37037037 38888887 0.334394
hs13 38888888 40740739 0.498155
hs13 40740740 42592591 0.514345
hs13 42592592 44444443 0.453353
hs13 44444444 46296295 0.543813
hs13 46296296 48148147 0.235464
hs13 48148148 49999999 0.490762
hs13 50000000 51851850 0.491919
hs13 51851851 53703702 0.167736
hs13 53703703 55555554 0.000042
hs13 55555555 57407406 0.093341
hs13 57407407 59259258 0.065629
hs13 59259259 61111110 0.302466
hs13 61111111 62962961 0.000000
hs13 62962962 64814813 0.002773
hs13 64814814 66666665 0.481517
hs13 66666666 68518517 0.142748
hs13 68518518 70370369 0.237839
hs13 70370370 72222221 0.280594
hs13 72222222 74074073 0.396215
hs13 74074074 75925924 0.274479
hs13 75925925 77777776 0.311768
hs13 77777777 79629628 0.331131
hs13 79629629 81481480 0.002687
hs13 81481481 83333332 0.000000
hs13 83333333 85185184 0.226985
hs13 85185185 87037036 0.003544
hs13 87037037 88888887 0.003781
hs13 88888888 90740739 0.019301
hs13 90740740 92592591 0.796925
hs13 92592592 94444443 0.687878
hs13 94444444 96296295 0.870874
hs13 96296296 98148147 0.396330
hs13 98148148 99999999 0.734618
hs13 100000000 101851850 0.744215
hs13 101851851 103703702 0.137640
hs13 103703703 105555554 0.013591
hs13 105555555 107407406 0.415087
hs13 107407407 109259258 0.382723
hs13 109259259 111111110 0.408719
hs13 111111111 112962961 0.360901
hs13 112962962 114814813 0.339606
hs18 0 1851850 0.323273
hs18 1851851 3703702 0.451603
hs18 3703703 5555554 0.209710
hs18 5555555 7407406 0.388905
hs18 7407407 9259258 0.623877
hs18 9259259 11111110 0.501472
hs18 11111111 12962961 0.432716
hs18 12962962 14814813 0.490827
hs18 14814814 16666665 0.021756
hs18 16666666 18518517 0.406487
hs18 18518518 20370369 0.675306
hs18 20370370 22222221 0.316464
hs18 22222222 24074073 0.424139
hs18 24074074 25925924 0.000000
hs18 25925925 27777776 0.251598
hs18 27777777 29629628 0.595754
hs18 29629629 31481480 0.575672
hs18 31481481 33333332 0.786450
hs18 33333333 35185184 0.113922
hs18 35185185 37037036 0.216417
hs18 37037037 38888887 0.258269
hs18 38888888 40740739 0.160452
hs18 40740740 42592591 0.543006
hs18 42592592 44444443 0.280915
hs18 44444444 46296295 0.630818
hs18 46296296 48148147 0.215127
hs18 48148148 49999999 0.666118
hs18 50000000 51851850 0.313832
hs18 51851851 53703702 0.383155
hs18 53703703 55555554 0.584220
hs18 55555555 57407406 0.038005
hs18 57407407 59259258 0.534970
hs18 59259259 61111110 0.147586
hs18 61111111 62962961 0.124516
hs18 62962962 64814813 0.179779
hs18 64814814 66666665 0.455703
hs18 66666666 68518517 0.004217
hs18 68518518 70370369 0.190857
hs18 70370370 72222221 0.327334
hs18 72222222 74074073 0.251495
hs18 74074074 75925924 0.355680
hs18 75925925 77777776 0.082139
hs3 0 1851850 0.282474
hs3 1851851 3703702 0.567136
hs3 3703703 5555554 0.335876
hs3 5555555 7407406 0.285987
hs3 7407407 9259258 0.600792
hs3 9259259 11111110 0.587634
hs3 11111111 12962961 0.674112
hs3 12962962 14814813 0.524392
hs3 14814814 16666665 0.615072
hs3 16666666 18518517 0.476400
hs3 18518518 20370369 0.352208
hs3 20370370 22222221 0.178895
hs3 22222222 24074073 0.289930
hs3 24074074 25925924 0.373943
hs3 25925925 27777776 0.179127
hs3 27777777 29629628 0.308547
hs3 29629629 31481480 0.352818
hs3 31481481 33333332 0.633465
hs3 33333333 35185184 0.224500
hs3 35185185 37037036 0.269968
hs3 37037037 38888887 0.768229
hs3 38888888 40740739 0.446217
hs3 40740740 42592591 0.527047
hs3 42592592 44444443 0.469776
hs3 44444444 46296295 0.514122
hs3 46296296 48148147 0.670894
hs3 48148148 49999999 0.746288
hs3 50000000 51851850 0.797026
hs3 51851851 53703702 0.729510
hs3 53703703 55555554 0.657776
hs3 55555555 57407406 0.902396
hs3 57407407 59259258 0.605543
hs3 59259259 61111110 0.756559
hs3 61111111 62962961 0.718439
hs3 62962962 64814813 0.479719
hs3 64814814 66666665 0.660931
hs3 66666666 68518517 0.372295
hs3 68518518 70370369 0.506710
hs3 70370370 72222221 0.388094
hs3 72222222 74074073 0.308511
hs3 74074074 75925924 0.174632
hs3 75925925 77777776 0.327129
hs3 77777777 79629628 0.487150
hs3 79629629 81481480 0.145865
hs3 81481481 83333332 0.146935
hs3 83333333 85185184 0.050956
hs3 85185185 87037036 0.551385
hs3 87037037 88888887 0.070415
hs3 88888888 90740739 0.202290
hs3 90740740 92592591 0.000000
hs3 92592592 94444443 0.000000
hs3 94444444 96296295 0.168788
hs3 96296296 98148147 0.071298
hs3 98148148 99999999 0.582966
hs3 100000000 101851850 0.656304
hs3 101851851 103703702 0.486238
hs3 103703703 105555554 0.000000
hs3 105555555 107407406 0.227239
hs3 107407407 109259258 0.325844
hs3 109259259 111111110 0.448806
hs3 111111111 112962961 0.156932
hs3 112962962 114814813 0.656333
hs3 114814814 116666665 0.692953
hs3 116666666 118518517 0.404251
hs3 118518518 120370369 0.135393
hs3 120370370 122222221 0.636230
hs3 122222222 124074073 0.818655
hs3 124074074 125925924 0.822797
hs3 125925925 127777776 0.569546
hs3 127777777 129629628 0.537206
hs3 129629629 131481480 0.487180
hs3 131481481 133333332 0.720500
hs3 133333333 135185184 0.650243
hs3 135185185 137037036 0.417509
hs3 137037037 138888887 0.486639
hs3 138888888 140740739 0.404606
hs3 140740740 142592591 0.561020
hs3 142592592 144444443 0.627314
hs3 144444444 146296295 0.326096
hs3 146296296 148148147 0.142336
hs3 148148148 149999999 0.039439
hs3 150000000 151851850 0.437375
hs3 151851851 153703702 0.542697
hs3 153703703 155555554 0.124337
hs3 155555555 157407406 0.338625
hs3 157407407 159259258 0.499801
hs3 159259259 161111110 0.765512
hs3 161111111 162962961 0.362129
hs3 162962962 164814813 0.000000
hs3 164814814 166666665 0.059163
hs3 166666666 168518517 0.076848
hs3 168518518 170370369 0.628215
hs3 170370370 172222221 0.602428
hs3 172222222 174074073 0.626648
hs3 174074074 175925924 0.613864
hs3 175925925 177777776 0.511012
hs3 177777777 179629628 0.095314
hs3 179629629 181481480 0.552439
hs3 181481481 183333332 0.150325
hs3 183333333 185185184 0.498425
hs3 185185185 187037036 0.566713
hs3 187037037 188888887 0.376870
hs3 188888888 190740739 0.496360
hs3 190740740 192592591 0.437993
hs3 192592592 194444443 0.388218
hs3 194444444 196296295 0.326998
hs3 196296296 198148147 0.593821
hs3 198148148 199999999 0.429253
hs9 0 1851850 0.391751
hs9 1851851 3703702 0.351672
hs9 3703703 5555554 0.596224
hs9 5555555 7407406 0.537721
hs9 7407407 9259258 0.517494
hs9 9259259 11111110 0.725471
hs9 11111111 12962961 0.035063
hs9 12962962 14814813 0.298248
hs9 14814814 16666665 0.551260
hs9 16666666 18518517 0.451216
hs9 18518518 20370369 0.533731
hs9 20370370 22222221 0.515023
hs9 22222222 24074073 0.076461
hs9 24074074 25925924 0.001334
hs9 25925925 27777776 0.339899
hs9 27777777 29629628 0.416304
hs9 29629629 31481480 0.000000
hs9 31481481 33333332 0.286075
hs9 33333333 35185184 0.590552
hs9 35185185 37037036 0.590832
hs9 37037037 38888887 0.438460
hs9 38888888 40740739 0.153933
hs9 40740740 42592591 0.121817
hs9 42592592 44444443 0.111053
hs9 44444444 46296295 0.001356
hs9 46296296 48148147 0.032831
hs9 48148148 49999999 0.000000
hs9 50000000 51851850 0.000000
hs9 51851851 53703702 0.000000
hs9 53703703 55555554 0.000000
hs9 55555555 57407406 0.000000
hs9 57407407 59259258 0.000000
hs9 59259259 61111110 0.000000
hs9 61111111 62962961 0.000000
hs9 62962962 64814813 0.000000
hs9 64814814 66666665 0.020610
hs9 66666666 68518517 0.122278
hs9 68518518 70370369 0.247804
hs9 70370370 72222221 0.683190
hs9 72222222 74074073 0.483294
hs9 74074074 75925924 0.215616
hs9 75925925 77777776 0.310687
hs9 77777777 79629628 0.640858
hs9 79629629 81481480 0.202562
hs9 81481481 83333332 0.026998
hs9 83333333 85185184 0.186261
hs9 85185185 87037036 0.480780
hs9 87037037 88888887 0.292234
hs9 88888888 90740739 0.219077
hs9 90740740 92592591 0.250863
hs9 92592592 94444443 0.607029
hs9 94444444 96296295 0.485523
hs9 96296296 98148147 0.530802
hs9 98148148 99999999 0.566797
hs9 100000000 101851850 0.517376
hs9 101851851 103703702 0.545759
hs9 103703703 105555554 0.012517
hs9 105555555 107407406 0.282341
hs9 107407407 109259258 0.169792
hs9 109259259 111111110 0.228937
hs9 111111111 112962961 0.824875
hs9 112962962 114814813 0.610071
hs9 114814814 116666665 0.541170
hs9 116666666 118518517 0.527428
hs9 118518518 120370369 0.384515
hs9 120370370 122222221 0.126447
hs9 122222222 124074073 0.939428
hs9 124074074 125925924 0.587004
hs9 125925925 127777776 0.787599
hs9 127777777 129629628 0.613979
hs9 129629629 131481480 0.551069
hs9 131481481 133333332 0.589582
hs9 133333333 135185184 0.687422
hs9 135185185 137037036 0.501580
hs9 137037037 138888887 0.424355
hs9 138888888 140740739 0.577332
hs15 0 1851850 0.000000
hs15 1851851 3703702 0.000000
hs15 3703703 5555554 0.000000
hs15 5555555 7407406 0.000000
hs15 7407407 9259258 0.000000
hs15 9259259 11111110 0.000000
hs15 11111111 12962961 0.000000
hs15 12962962 14814813 0.000000
hs15 14814814 16666665 0.000000
hs15 16666666 18518517 0.000000
hs15 18518518 20370369 0.153374
hs15 20370370 22222221 0.203176
hs15 22222222 24074073 0.298415
hs15 24074074 25925924 0.674721
hs15 25925925 27777776 0.553428
hs15 27777777 29629628 0.343713
hs15 29629629 31481480 0.426708
hs15 31481481 33333332 0.652315
hs15 33333333 35185184 0.355128
hs15 35185185 37037036 0.124985
hs15 37037037 38888887 0.468170
hs15 38888888 40740739 0.739774
hs15 40740740 42592591 0.814205
hs15 42592592 44444443 0.324579
hs15 44444444 46296295 0.319655
hs15 46296296 48148147 0.758500
hs15 48148148 49999999 0.682151
hs15 50000000 51851850 0.473880
hs15 51851851 53703702 0.514919
hs15 53703703 55555554 0.630539
hs15 55555555 57407406 0.608744
hs15 57407407 59259258 0.533631
hs15 59259259 61111110 0.252969
hs15 61111111 62962961 0.707493
hs15 62962962 64814813 0.701616
hs15 64814814 66666665 0.582876
hs15 66666666 68518517 0.360979
hs15 68518518 70370369 0.745434
hs15 70370370 72222221 0.516039
hs15 72222222 74074073 0.548760
hs15 74074074 75925924 0.621349
hs15 75925925 77777776 0.397394
hs15 77777777 79629628 0.447590
hs15 79629629 81481480 0.491912
hs15 81481481 83333332 0.592173
hs15 83333333 85185184 0.676845
hs15 85185185 87037036 0.351814
hs15 87037037 88888887 0.521301
hs15 88888888 90740739 0.460304
hs15 90740740 92592591 0.171699
hs15 92592592 94444443 0.140673
hs15 94444444 96296295 0.080118
hs15 96296296 98148147 0.475392
hs15 98148148 99999999 0.588800
hs15 100000000 101851850 0.056247
hs5 0 1851850 0.500491
hs5 1851851 3703702 0.019012
hs5 3703703 5555554 0.152897
hs5 5555555 7407406 0.105938
hs5 7407407 9259258 0.359961
hs5 9259259 11111110 0.561972
hs5 11111111 12962961 0.581217
hs5 12962962 14814813 0.402920
hs5 14814814 16666665 0.441117
hs5 16666666 18518517 0.229184
hs5 18518518 20370369 0.278207
hs5 20370370 22222221 0.310664
hs5 22222222 24074073 0.371656
hs5 24074074 25925924 0.085160
hs5 25925925 27777776 0.085310
hs5 27777777 29629628 0.000000
hs5 29629629 31481480 0.095346
hs5 31481481 33333332 0.401981
hs5 33333333 35185184 0.492060
hs5 35185185 37037036 0.433022
hs5 37037037 38888887 0.550348
hs5 38888888 40740739 0.259765
hs5 40740740 42592591 0.474150
hs5 42592592 44444443 0.383780
hs5 44444444 46296295 0.239469
hs5 46296296 48148147 0.000000
hs5 48148148 49999999 0.025766
hs5 50000000 51851850 0.102449
hs5 51851851 53703702 0.459593
hs5 53703703 55555554 0.442666
hs5 55555555 57407406 0.125710
hs5 57407407 59259258 0.668557
hs5 59259259 61111110 0.746640
hs5 61111111 62962961 0.170712
hs5 62962962 64814813 0.526690
hs5 64814814 66666665 0.587861
hs5 66666666 68518517 0.066102
hs5 68518518 70370369 1.234959
hs5 70370370 72222221 0.408995
hs5 72222222 74074073 0.322806
hs5 74074074 75925924 0.553943
hs5 75925925 77777776 0.595928
hs5 77777777 79629628 0.617408
hs5 79629629 81481480 0.690596
hs5 81481481 83333332 0.365869
hs5 83333333 85185184 0.206839
hs5 85185185 87037036 0.086531
hs5 87037037 88888887 0.217927
hs5 88888888 90740739 0.396975
hs5 90740740 92592591 0.006236
hs5 92592592 94444443 0.863706
hs5 94444444 96296295 0.455405
hs5 96296296 98148147 0.098498
hs5 98148148 99999999 0.077408
hs5 100000000 101851850 0.148615
hs5 101851851 103703702 0.171559
hs5 103703703 105555554 0.000337
hs5 105555555 107407406 0.258540
hs5 107407407 109259258 0.653350
hs5 109259259 111111110 0.361081
hs5 111111111 112962961 0.689012
hs5 112962962 114814813 0.146658
hs5 114814814 116666665 0.329813
hs5 116666666 118518517 0.127010
hs5 118518518 120370369 0.291154
hs5 120370370 122222221 0.176542
hs5 122222222 124074073 0.280681
hs5 124074074 125925924 0.101415
hs5 125925925 127777776 0.462864
hs5 127777777 129629628 0.416526
hs5 129629629 131481480 0.324602
hs5 131481481 133333332 0.533116
hs5 133333333 135185184 0.382129
hs5 135185185 137037036 0.486685
hs5 137037037 138888887 0.640071
hs5 138888888 140740739 1.962745
hs5 140740740 142592591 1.747848
hs5 142592592 144444443 0.262011
hs5 144444444 146296295 0.435080
hs5 146296296 148148147 0.513806
hs5 148148148 149999999 0.593161
hs5 150000000 151851850 0.369302
hs5 151851851 153703702 0.292839
hs5 153703703 155555554 0.180367
hs5 155555555 157407406 0.539846
hs5 157407407 159259258 0.325499
hs5 159259259 161111110 0.483483
hs5 161111111 162962961 0.109192
hs5 162962962 164814813 0.000000
hs5 164814814 166666665 0.012013
hs5 166666666 168518517 0.911685
hs5 168518518 170370369 0.740032
hs5 170370370 172222221 0.502525
hs5 172222222 174074073 0.240081
hs5 174074074 175925924 0.255472
hs5 175925925 177777776 0.591773
hs5 177777777 179629628 0.603556
hs5 179629629 181481480 0.211945
hsY 0 1851850 0.228754
hsY 1851851 3703702 0.265399
hsY 3703703 5555554 0.338736
hsY 5555555 7407406 0.287601
hsY 7407407 9259258 0.035633
hsY 9259259 11111110 0.478992
hsY 11111111 12962961 0.000000
hsY 12962962 14814813 0.247871
hsY 14814814 16666665 0.173535
hsY 16666666 18518517 0.025509
hsY 18518518 20370369 0.277745
hsY 20370370 22222221 0.115775
hsY 22222222 24074073 0.426023
hsY 24074074 25925924 0.295310
hsY 25925925 27777776 0.017658
hsY 27777777 29629628 0.000000
hsY 29629629 31481480 0.000000
hsY 31481481 33333332 0.000000
hsY 33333333 35185184 0.000000
hsY 35185185 37037036 0.000000
hsY 37037037 38888887 0.000000
hsY 38888888 40740739 0.000000
hsY 40740740 42592591 0.000000
hsY 42592592 44444443 0.000000
hsY 44444444 46296295 0.000000
hsY 46296296 48148147 0.000000
hsY 48148148 49999999 0.000000
hsY 50000000 51851850 0.000000
hsY 51851851 53703702 0.000000
hsY 53703703 55555554 0.000000
hsY 55555555 57407406 0.000000
hsY 57407407 59259258 0.048814
hs1 0 1851850 0.437302
hs1 1851851 3703702 0.643420
hs1 3703703 5555554 0.130078
hs1 5555555 7407406 0.744170
hs1 7407407 9259258 0.620280
hs1 9259259 11111110 0.690513
hs1 11111111 12962961 0.546704
hs1 12962962 14814813 0.171679
hs1 14814814 16666665 0.797820
hs1 16666666 18518517 0.506877
hs1 18518518 20370369 0.494766
hs1 20370370 22222221 0.648407
hs1 22222222 24074073 0.454471
hs1 24074074 25925924 0.517684
hs1 25925925 27777776 0.544354
hs1 27777777 29629628 0.675944
hs1 29629629 31481480 0.144917
hs1 31481481 33333332 0.548164
hs1 33333333 35185184 0.515580
hs1 35185185 37037036 0.514584
hs1 37037037 38888887 0.340746
hs1 38888888 40740739 0.571893
hs1 40740740 42592591 0.562094
hs1 42592592 44444443 0.531178
hs1 44444444 46296295 0.807372
hs1 46296296 48148147 0.378483
hs1 48148148 49999999 0.841396
hs1 50000000 51851850 0.676553
hs1 51851851 53703702 0.733568
hs1 53703703 55555554 0.656054
hs1 55555555 57407406 0.284710
hs1 57407407 59259258 0.644223
hs1 59259259 61111110 0.355847
hs1 61111111 62962961 0.652958
hs1 62962962 64814813 0.488677
hs1 64814814 66666665 0.747102
hs1 66666666 68518517 0.533536
hs1 68518518 70370369 0.220544
hs1 70370370 72222221 0.560937
hs1 72222222 74074073 0.161268
hs1 74074074 75925924 0.613813
hs1 75925925 77777776 0.712278
hs1 77777777 79629628 0.452692
hs1 79629629 81481480 0.000000
hs1 81481481 83333332 0.103695
hs1 83333333 85185184 0.353963
hs1 85185185 87037036 0.635464
hs1 87037037 88888887 0.165899
hs1 88888888 90740739 0.397977
hs1 90740740 92592591 0.440333
hs1 92592592 94444443 0.588083
hs1 94444444 96296295 0.233887
hs1 96296296 98148147 0.499871
hs1 98148148 99999999 0.200739
hs1 100000000 101851850 0.379249
hs1 101851851 103703702 0.242692
hs1 103703703 105555554 0.281009
hs1 105555555 107407406 0.001427
hs1 107407407 109259258 0.602616
hs1 109259259 111111110 0.442826
hs1 111111111 112962961 0.474036
hs1 112962962 114814813 0.477158
hs1 114814814 116666665 0.385107
hs1 116666666 118518517 0.516273
hs1 118518518 120370369 0.267565
hs1 120370370 122222221 0.070596
hs1 122222222 124074073 0.000000
hs1 124074074 125925924 0.000000
hs1 125925925 127777776 0.000000
hs1 127777777 129629628 0.000000
hs1 129629629 131481480 0.000000
hs1 131481481 133333332 0.000000
hs1 133333333 135185184 0.000000
hs1 135185185 137037036 0.000000
hs1 137037037 138888887 0.000000
hs1 138888888 140740739 0.000000
hs1 140740740 142592591 0.043099
hs1 142592592 144444443 0.528292
hs1 144444444 146296295 0.370022
hs1 146296296 148148147 0.161642
hs1 148148148 149999999 0.653544
hs1 150000000 151851850 0.175264
hs1 151851851 153703702 0.733670
hs1 153703703 155555554 0.612035
hs1 155555555 157407406 0.265611
hs1 157407407 159259258 0.399057
hs1 159259259 161111110 0.620017
hs1 161111111 162962961 0.146039
hs1 162962962 164814813 0.394898
hs1 164814814 166666665 0.566850
hs1 166666666 168518517 0.447750
hs1 168518518 170370369 0.459057
hs1 170370370 172222221 0.457499
hs1 172222222 174074073 0.737611
hs1 174074074 175925924 0.570806
hs1 175925925 177777776 0.591207
hs1 177777777 179629628 0.600783
hs1 179629629 181481480 0.439930
hs1 181481481 183333332 0.682141
hs1 183333333 185185184 0.502809
hs1 185185185 187037036 0.021358
hs1 187037037 188888887 0.205181
hs1 188888888 190740739 0.041929
hs1 190740740 192592591 0.139372
hs1 192592592 194444443 0.000000
hs1 194444444 196296295 0.660594
hs1 196296296 198148147 0.162970
hs1 198148148 199999999 0.448374
hs1 200000000 201851850 0.598478
hs1 201851851 203703702 0.597872
hs1 203703703 205555554 0.452286
hs1 205555555 207407406 0.320780
hs1 207407407 209259258 0.607946
hs1 209259259 211111110 0.479520
hs1 211111111 212962961 0.367635
hs1 212962962 214814813 0.726856
hs1 214814814 216666665 0.611618
hs1 216666666 218518517 0.195402
hs1 218518518 220370369 0.141187
hs1 220370370 222222221 0.389553
hs1 222222222 224074073 0.561096
hs1 224074074 225925924 0.510041
hs1 225925925 227777776 0.332421
hs1 227777777 229629628 0.431868
hs1 229629629 231481480 0.763916
hs1 231481481 233333332 0.353966
hs1 233333333 235185184 0.680283
hs1 235185185 237037036 0.470660
hs1 237037037 238888887 0.424571
hs1 238888888 240740739 0.722759
hs1 240740740 242592591 0.435047
hs1 242592592 244444443 0.812135
hs1 244444444 246296295 0.495207
hs1 246296296 248148147 0.056989
hs19 0 1851850 0.550317
hs19 1851851 3703702 0.700998
hs19 3703703 5555554 0.624223
hs19 5555555 7407406 0.626450
hs19 7407407 9259258 0.475975
hs19 9259259 11111110 0.644678
hs19 11111111 12962961 0.563411
hs19 12962962 14814813 0.589722
hs19 14814814 16666665 0.476193
hs19 16666666 18518517 0.711901
hs19 18518518 20370369 0.646126
hs19 20370370 22222221 0.303597
hs19 22222222 24074073 0.133663
hs19 24074074 25925924 0.017106
hs19 25925925 27777776 0.000000
hs19 27777777 29629628 0.000000
hs19 29629629 31481480 0.000000
hs19 31481481 33333332 0.001862
hs19 33333333 35185184 0.085147
hs19 35185185 37037036 0.147840
hs19 37037037 38888887 0.476971
hs19 38888888 40740739 0.384112
hs19 40740740 42592591 0.509542
hs19 42592592 44444443 0.716461
hs19 44444444 46296295 0.510078
hs19 46296296 48148147 0.450681
hs19 48148148 49999999 0.451612
hs19 50000000 51851850 0.506525
hs19 51851851 53703702 0.643137
hs19 53703703 55555554 0.710073
hs19 55555555 57407406 0.477061
hs19 57407407 59259258 0.535190
hs19 59259259 61111110 0.597467
hs19 61111111 62962961 0.429776
hs19 62962962 64814813 0.248391
hs2 0 1851850 0.443358
hs2 1851851 3703702 0.469213
hs2 3703703 5555554 0.013194
hs2 5555555 7407406 0.122771
hs2 7407407 9259258 0.168916
hs2 9259259 11111110 0.538082
hs2 11111111 12962961 0.242616
hs2 12962962 14814813 0.003973
hs2 14814814 16666665 0.277889
hs2 16666666 18518517 0.185714
hs2 18518518 20370369 0.133915
hs2 20370370 22222221 0.130362
hs2 22222222 24074073 0.301742
hs2 24074074 25925924 0.690800
hs2 25925925 27777776 0.713759
hs2 27777777 29629628 0.763516
hs2 29629629 31481480 0.577804
hs2 31481481 33333332 0.722402
hs2 33333333 35185184 0.157095
hs2 35185185 37037036 0.252170
hs2 37037037 38888887 0.422609
hs2 38888888 40740739 0.542810
hs2 40740740 42592591 0.127711
hs2 42592592 44444443 0.561471
hs2 44444444 46296295 0.634982
hs2 46296296 48148147 0.439407
hs2 48148148 49999999 0.348652
hs2 50000000 51851850 0.601117
hs2 51851851 53703702 0.000000
hs2 53703703 55555554 0.786286
hs2 55555555 57407406 0.223973
hs2 57407407 59259258 0.105552
hs2 59259259 61111110 0.149629
hs2 61111111 62962961 0.535057
hs2 62962962 64814813 0.533896
hs2 64814814 66666665 0.222539
hs2 66666666 68518517 0.119447
hs2 68518518 70370369 0.573014
hs2 70370370 72222221 0.422424
hs2 72222222 74074073 0.716509
hs2 74074074 75925924 0.465126
hs2 75925925 77777776 0.418309
hs2 77777777 79629628 0.027340
hs2 79629629 81481480 0.595272
hs2 81481481 83333332 0.000523
hs2 83333333 85185184 0.264308
hs2 85185185 87037036 0.587192
hs2 87037037 88888887 0.456378
hs2 88888888 90740739 0.000000
hs2 90740740 92592591 0.016952
hs2 92592592 94444443 0.000000
hs2 94444444 96296295 0.223758
hs2 96296296 98148147 0.563623
hs2 98148148 99999999 0.806168
hs2 100000000 101851850 0.487979
hs2 101851851 103703702 0.258497
hs2 103703703 105555554 0.157738
hs2 105555555 107407406 0.225183
hs2 107407407 109259258 0.379245
hs2 109259259 111111110 0.678380
hs2 111111111 112962961 0.614012
hs2 112962962 114814813 0.308559
hs2 114814814 116666665 0.757311
hs2 116666666 118518517 0.062776
hs2 118518518 120370369 0.290271
hs2 120370370 122222221 0.477745
hs2 122222222 124074073 0.006647
hs2 124074074 125925924 0.480601
hs2 125925925 127777776 0.085668
hs2 127777777 129629628 0.343331
hs2 129629629 131481480 0.183414
hs2 131481481 133333332 0.464435
hs2 133333333 135185184 0.628791
hs2 135185185 137037036 0.553685
hs2 137037037 138888887 0.399036
hs2 138888888 140740739 0.118620
hs2 140740740 142592591 1.000000
hs2 142592592 144444443 0.454279
hs2 144444444 146296295 0.340334
hs2 146296296 148148147 0.002124
hs2 148148148 149999999 0.719276
hs2 150000000 151851850 0.057416
hs2 151851851 153703702 0.604121
hs2 153703703 155555554 0.400388
hs2 155555555 157407406 0.086020
hs2 157407407 159259258 0.531604
hs2 159259259 161111110 0.681168
hs2 161111111 162962961 0.450388
hs2 162962962 164814813 0.307218
hs2 164814814 166666665 0.563307
hs2 166666666 168518517 0.362453
hs2 168518518 170370369 0.731153
hs2 170370370 172222221 0.693803
hs2 172222222 174074073 0.533629
hs2 174074074 175925924 0.442782
hs2 175925925 177777776 0.095293
hs2 177777777 179629628 0.924274
hs2 179629629 181481480 0.348142
hs2 181481481 183333332 0.477226
hs2 183333333 185185184 0.128464
hs2 185185185 187037036 0.227847
hs2 187037037 188888887 0.229094
hs2 188888888 190740739 0.441962
hs2 190740740 192592591 0.469202
hs2 192592592 194444443 0.109271
hs2 194444444 196296295 0.035921
hs2 196296296 198148147 0.718764
hs2 198148148 199999999 0.359511
hs2 200000000 201851850 0.491246
hs2 201851851 203703702 0.690521
hs2 203703703 205555554 0.463985
hs2 205555555 207407406 0.686393
hs2 207407407 209259258 0.376580
hs2 209259259 211111110 0.472742
hs2 211111111 212962961 0.625076
hs2 212962962 214814813 0.679381
hs2 214814814 216666665 0.464736
hs2 216666666 218518517 0.521367
hs2 218518518 220370369 0.561844
hs2 220370370 222222221 0.083303
hs2 222222222 224074073 0.242573
hs2 224074074 225925924 0.350125
hs2 225925925 227777776 0.370421
hs2 227777777 229629628 0.320419
hs2 229629629 231481480 0.715528
hs2 231481481 233333332 0.540104
hs2 233333333 235185184 0.854719
hs2 235185185 237037036 0.511080
hs2 237037037 238888887 0.402620
hs2 238888888 240740739 0.293266
hs2 240740740 242592591 0.566429
hs2 242592592 244444443 0.038679
hs8 0 1851850 0.294924
hs8 1851851 3703702 0.593501
hs8 3703703 5555554 0.613458
hs8 5555555 7407406 0.310083
hs8 7407407 9259258 0.213412
hs8 9259259 11111110 0.583715
hs8 11111111 12962961 0.389844
hs8 12962962 14814813 0.678321
hs8 14814814 16666665 0.342647
hs8 16666666 18518517 0.525170
hs8 18518518 20370369 0.482244
hs8 20370370 22222221 0.214736
hs8 22222222 24074073 0.502655
hs8 24074074 25925924 0.347551
hs8 25925925 27777776 0.420570
hs8 27777777 29629628 0.555597
hs8 29629629 31481480 0.390955
hs8 31481481 33333332 0.607658
hs8 33333333 35185184 0.086857
hs8 35185185 37037036 0.383945
hs8 37037037 38888887 0.348030
hs8 38888888 40740739 0.594499
hs8 40740740 42592591 0.501779
hs8 42592592 44444443 0.234992
hs8 44444444 46296295 0.000000
hs8 46296296 48148147 0.008047
hs8 48148148 49999999 0.409021
hs8 50000000 51851850 0.468959
hs8 51851851 53703702 0.499070
hs8 53703703 55555554 0.256937
hs8 55555555 57407406 0.404117
hs8 57407407 59259258 0.109115
hs8 59259259 61111110 0.253826
hs8 61111111 62962961 0.438749
hs8 62962962 64814813 0.455722
hs8 64814814 66666665 0.113000
hs8 66666666 68518517 0.578558
hs8 68518518 70370369 0.520055
hs8 70370370 72222221 0.433125
hs8 72222222 74074073 0.451571
hs8 74074074 75925924 0.386936
hs8 75925925 77777776 0.094397
hs8 77777777 79629628 0.120866
hs8 79629629 81481480 0.259595
hs8 81481481 83333332 0.303863
hs8 83333333 85185184 0.000000
hs8 85185185 87037036 0.511736
hs8 87037037 88888887 0.533255
hs8 88888888 90740739 0.158535
hs8 90740740 92592591 0.381400
hs8 92592592 94444443 0.118210
hs8 94444444 96296295 0.364906
hs8 96296296 98148147 0.369695
hs8 98148148 99999999 0.528917
hs8 100000000 101851850 0.713054
hs8 101851851 103703702 0.465922
hs8 103703703 105555554 0.617246
hs8 105555555 107407406 0.346232
hs8 107407407 109259258 0.470000
hs8 109259259 111111110 0.296418
hs8 111111111 112962961 0.000000
hs8 112962962 114814813 0.655657
hs8 114814814 116666665 0.095454
hs8 116666666 118518517 0.250601
hs8 118518518 120370369 0.469883
hs8 120370370 122222221 0.562817
hs8 122222222 124074073 0.122346
hs8 124074074 125925924 0.551210
hs8 125925925 127777776 0.213677
hs8 127777777 129629628 0.190521
hs8 129629629 131481480 0.262498
hs8 131481481 133333332 0.309669
hs8 133333333 135185184 0.543859
hs8 135185185 137037036 0.266631
hs8 137037037 138888887 0.000000
hs8 138888888 140740739 0.399231
hs8 140740740 142592591 0.759113
hs8 142592592 144444443 0.247530
hs8 144444444 146296295 0.543804
hs6 0 1851850 0.390216
hs6 1851851 3703702 0.451947
hs6 3703703 5555554 0.480297
hs6 5555555 7407406 0.517228
hs6 7407407 9259258 0.194003
hs6 9259259 11111110 0.205180
hs6 11111111 12962961 0.378968
hs6 12962962 14814813 0.448882
hs6 14814814 16666665 0.405778
hs6 16666666 18518517 0.470121
hs6 18518518 20370369 0.093661
hs6 20370370 22222221 0.670790
hs6 22222222 24074073 0.052408
hs6 24074074 25925924 0.612758
hs6 25925925 27777776 0.256416
hs6 27777777 29629628 0.149548
hs6 29629629 31481480 0.340422
hs6 31481481 33333332 0.499258
hs6 33333333 35185184 0.560356
hs6 35185185 37037036 0.657217
hs6 37037037 38888887 0.684456
hs6 38888888 40740739 0.573002
hs6 40740740 42592591 0.489478
hs6 42592592 44444443 0.558389
hs6 44444444 46296295 0.566762
hs6 46296296 48148147 0.546555
hs6 48148148 49999999 0.102260
hs6 50000000 51851850 0.204206
hs6 51851851 53703702 0.431481
hs6 53703703 55555554 0.476132
hs6 55555555 57407406 0.443209
hs6 57407407 59259258 0.137968
hs6 59259259 61111110 0.000000
hs6 61111111 62962961 0.278175
hs6 62962962 64814813 0.292492
hs6 64814814 66666665 0.896741
hs6 66666666 68518517 0.000000
hs6 68518518 70370369 0.407037
hs6 70370370 72222221 0.558263
hs6 72222222 74074073 0.621254
hs6 74074074 75925924 0.199894
hs6 75925925 77777776 0.382516
hs6 77777777 79629628 0.000634
hs6 79629629 81481480 0.347583
hs6 81481481 83333332 0.047891
hs6 83333333 85185184 0.517217
hs6 85185185 87037036 0.108959
hs6 87037037 88888887 0.314622
hs6 88888888 90740739 0.580379
hs6 90740740 92592591 0.212849
hs6 92592592 94444443 0.096965
hs6 94444444 96296295 0.054710
hs6 96296296 98148147 0.373888
hs6 98148148 99999999 0.117917
hs6 100000000 101851850 0.338558
hs6 101851851 103703702 0.362378
hs6 103703703 105555554 0.094915
hs6 105555555 107407406 0.356725
hs6 107407407 109259258 0.669903
hs6 109259259 111111110 0.618814
hs6 111111111 112962961 0.537107
hs6 112962962 114814813 0.035487
hs6 114814814 116666665 0.143441
hs6 116666666 118518517 0.536582
hs6 118518518 120370369 0.477897
hs6 120370370 122222221 0.145340
hs6 122222222 124074073 0.448147
hs6 124074074 125925924 0.709133
hs6 125925925 127777776 0.211331
hs6 127777777 129629628 0.681812
hs6 129629629 131481480 0.460329
hs6 131481481 133333332 0.366915
hs6 133333333 135185184 0.322239
hs6 135185185 137037036 1.030704
hs6 137037037 138888887 0.354617
hs6 138888888 140740739 0.192064
hs6 140740740 142592591 0.046910
hs6 142592592 144444443 0.688916
hs6 144444444 146296295 0.420835
hs6 146296296 148148147 0.494097
hs6 148148148 149999999 0.420616
hs6 150000000 151851850 0.575257
hs6 151851851 153703702 0.669746
hs6 153703703 155555554 0.403432
hs6 155555555 157407406 0.249240
hs6 157407407 159259258 0.690678
hs6 159259259 161111110 0.429244
hs6 161111111 162962961 0.834772
hs6 162962962 164814813 0.471241
hs6 164814814 166666665 0.247180
hs6 166666666 168518517 0.468588
hs6 168518518 170370369 0.322625
hs6 170370370 172222221 0.085908
hs14 0 1851850 0.000000
hs14 1851851 3703702 0.000000
hs14 3703703 5555554 0.000000
hs14 5555555 7407406 0.000000
hs14 7407407 9259258 0.000000
hs14 9259259 11111110 0.000000
hs14 11111111 12962961 0.000000
hs14 12962962 14814813 0.000000
hs14 14814814 16666665 0.000000
hs14 16666666 18518517 0.000530
hs14 18518518 20370369 0.141737
hs14 20370370 22222221 0.208734
hs14 22222222 24074073 0.407116
hs14 24074074 25925924 0.133369
hs14 25925925 27777776 0.082011
hs14 27777777 29629628 0.202981
hs14 29629629 31481480 0.489669
hs14 31481481 33333332 0.779024
hs14 33333333 35185184 0.377579
hs14 35185185 37037036 0.591035
hs14 37037037 38888887 0.157131
hs14 38888888 40740739 0.019489
hs14 40740740 42592591 0.160376
hs14 42592592 44444443 0.006122
hs14 44444444 46296295 0.171806
hs14 46296296 48148147 0.450987
hs14 48148148 49999999 0.315304
hs14 50000000 51851850 0.521628
hs14 51851851 53703702 0.309548
hs14 53703703 55555554 0.450506
hs14 55555555 57407406 0.295297
hs14 57407407 59259258 0.483587
hs14 59259259 61111110 0.495089
hs14 61111111 62962961 0.401066
hs14 62962962 64814813 0.647782
hs14 64814814 66666665 0.523315
hs14 66666666 68518517 0.775761
hs14 68518518 70370369 0.550222
hs14 70370370 72222221 0.577388
hs14 72222222 74074073 0.745198
hs14 74074074 75925924 0.717622
hs14 75925925 77777776 0.465983
hs14 77777777 79629628 0.788761
hs14 79629629 81481480 0.474558
hs14 81481481 83333332 0.000000
hs14 83333333 85185184 0.052803
hs14 85185185 87037036 0.000000
hs14 87037037 88888887 0.452178
hs14 88888888 90740739 0.688964
hs14 90740740 92592591 0.702184
hs14 92592592 94444443 0.556918
hs14 94444444 96296295 0.373055
hs14 96296296 98148147 0.073864
hs14 98148148 99999999 0.444035
hs14 100000000 101851850 0.356725
hs14 101851851 103703702 0.641145
hs14 103703703 105555554 0.294615
hs14 105555555 107407406 0.007438
hs17 0 1851850 0.723672
hs17 1851851 3703702 0.653283
hs17 3703703 5555554 0.673339
hs17 5555555 7407406 0.382166
hs17 7407407 9259258 0.675503
hs17 9259259 11111110 0.536031
hs17 11111111 12962961 0.616297
hs17 12962962 14814813 0.159081
hs17 14814814 16666665 0.506609
hs17 16666666 18518517 0.614860
hs17 18518518 20370369 0.579059
hs17 20370370 22222221 0.150874
hs17 22222222 24074073 0.389139
hs17 24074074 25925924 0.763203
hs17 25925925 27777776 0.559891
hs17 27777777 29629628 0.859898
hs17 29629629 31481480 0.418857
hs17 31481481 33333332 0.557671
hs17 33333333 35185184 0.541212
hs17 35185185 37037036 0.398543
hs17 37037037 38888887 0.655262
hs17 38888888 40740739 0.559106
hs17 40740740 42592591 0.576858
hs17 42592592 44444443 0.581997
hs17 44444444 46296295 0.474240
hs17 46296296 48148147 0.454404
hs17 48148148 49999999 0.001261
hs17 50000000 51851850 0.360608
hs17 51851851 53703702 0.435289
hs17 53703703 55555554 0.768792
hs17 55555555 57407406 0.762451
hs17 57407407 59259258 0.655264
hs17 59259259 61111110 0.504005
hs17 61111111 62962961 0.799662
hs17 62962962 64814813 0.597776
hs17 64814814 66666665 0.118028
hs17 66666666 68518517 0.199930
hs17 68518518 70370369 0.540119
hs17 70370370 72222221 0.724066
hs17 72222222 74074073 0.469993
hs17 74074074 75925924 0.575697
hs17 75925925 77777776 0.737254
hs17 77777777 79629628 0.359735
hs21 0 1851850 0.000000
hs21 1851851 3703702 0.000000
hs21 3703703 5555554 0.000000
hs21 5555555 7407406 0.000000
hs21 7407407 9259258 0.000000
hs21 9259259 11111110 0.236337
hs21 11111111 12962961 0.000000
hs21 12962962 14814813 0.182947
hs21 14814814 16666665 0.313811
hs21 16666666 18518517 0.211223
hs21 18518518 20370369 0.084822
hs21 20370370 22222221 0.324592
hs21 22222222 24074073 0.000000
hs21 24074074 25925924 0.043875
hs21 25925925 27777776 0.313164
hs21 27777777 29629628 0.218793
hs21 29629629 31481480 0.305860
hs21 31481481 33333332 0.582768
hs21 33333333 35185184 0.558119
hs21 35185185 37037036 0.311785
hs21 37037037 38888887 0.679345
hs21 38888888 40740739 0.520180
hs21 40740740 42592591 0.593454
hs21 42592592 44444443 0.529614
hs21 44444444 46296295 0.545602
hs21 46296296 48148147 0.266256
