hsX 0 24999999 0.385190
hsX 25000000 49999999 0.358064
hsX 50000000 74999999 0.292272
hsX 75000000 99999999 0.209810
hsX 100000000 124999999 0.385692
hsX 125000000 149999999 0.218831
hsX 150000000 174999999 0.083672
hs12 0 24999999 0.505979
hs12 25000000 49999999 0.403248
hs12 50000000 74999999 0.346596
hs12 75000000 99999999 0.374882
hs12 100000000 124999999 0.549040
hs12 125000000 149999999 0.117649
hs11 0 24999999 0.506091
hs11 25000000 49999999 0.314623
hs11 50000000 74999999 0.401792
hs11 75000000 99999999 0.436178
hs11 100000000 124999999 0.415053
hs11 125000000 149999999 0.182619
hs22 0 24999999 0.216098
hs22 25000000 49999999 0.551858
hs10 0 24999999 0.446205
hs10 25000000 49999999 0.321711
hs10 50000000 74999999 0.486345
hs10 75000000 99999999 0.514340
hs10 100000000 124999999 0.471971
hs10 125000000 149999999 0.161546
hs7 0 24999999 0.421310
hs7 25000000 49999999 0.474336
hs7 50000000 74999999 0.294929
hs7 75000000 99999999 0.460447
hs7 100000000 124999999 0.460309
hs7 125000000 149999999 0.522534
hs7 150000000 174999999 0.189413
hs4 0 24999999 0.398818
hs4 25000000 49999999 0.295132
hs4 50000000 74999999 0.234386
hs4 75000000 99999999 0.501029
hs4 100000000 124999999 0.360108
hs4 125000000 149999999 0.237231
hs4 150000000 174999999 0.385393
hs4 175000000 199999999 0.157902
hs16 0 24999999 0.541973
hs16 25000000 49999999 0.207401
hs16 50000000 74999999 0.378835
hs16 75000000 99999999 0.275948
hs20 0 24999999 0.435032
hs20 25000000 49999999 0.451607
hs20 50000000 74999999 0.181378
hs13 0 24999999 0.108940
hs13 25000000 49999999 0.463133
hs13 50000000 74999999 0.205355
hs13 75000000 99999999 0.337099
hs13 100000000 124999999 0.207591
hs18 0 24999999 0.390114
hs18 25000000 49999999 0.392186
hs18 50000000 74999999 0.265403
hs18 75000000 99999999 0.028930
hs3 0 24999999 0.442712
hs3 25000000 49999999 0.465128
hs3 50000000 74999999 0.594309
hs3 75000000 99999999 0.210382
hs3 100000000 124999999 0.447804
hs3 125000000 149999999 0.473500
hs3 150000000 174999999 0.401214
hs3 175000000 199999999 0.421111
hs9 0 24999999 0.413432
hs9 25000000 49999999 0.228478
hs9 50000000 74999999 0.131318
hs9 75000000 99999999 0.355590
hs9 100000000 124999999 0.439878
hs9 125000000 149999999 0.377202
hs15 0 24999999 0.070324
hs15 25000000 49999999 0.514342
hs15 50000000 74999999 0.563702
hs15 75000000 99999999 0.413723
hs15 100000000 124999999 0.004166
hs5 0 24999999 0.325955
hs5 25000000 49999999 0.254889
hs5 50000000 74999999 0.456327
hs5 75000000 99999999 0.365674
hs5 100000000 124999999 0.270596
hs5 125000000 149999999 0.655064
hs5 150000000 174999999 0.351054
hs5 175000000 199999999 0.120769
hsY 0 24999999 0.216239
hsY 25000000 49999999 0.021875
hsY 50000000 74999999 0.003616
hs1 0 24999999 0.529696
hs1 25000000 49999999 0.535554
hs1 50000000 74999999 0.525066
hs1 75000000 99999999 0.372317
hs1 100000000 124999999 0.306708
hs1 125000000 149999999 0.130118
hs1 150000000 174999999 0.468127
hs1 175000000 199999999 0.352822
hs1 200000000 224999999 0.465944
hs1 225000000 249999999 0.462952
hs19 0 24999999 0.523286
hs19 25000000 49999999 0.276615
hs19 50000000 74999999 0.307231
hs2 0 24999999 0.248966
hs2 25000000 49999999 0.490807
hs2 50000000 74999999 0.391832
hs2 75000000 99999999 0.305530
hs2 100000000 124999999 0.368496
hs2 125000000 149999999 0.407647
hs2 150000000 174999999 0.457312
hs2 175000000 199999999 0.358275
hs2 200000000 224999999 0.481317
hs2 225000000 249999999 0.357434
hs8 0 24999999 0.431998
hs8 25000000 49999999 0.355722
hs8 50000000 74999999 0.389756
hs8 75000000 99999999 0.285438
hs8 100000000 124999999 0.395321
hs8 125000000 149999999 0.297521
hs6 0 24999999 0.376767
hs6 25000000 49999999 0.464445
hs6 50000000 74999999 0.363427
hs6 75000000 99999999 0.236794
hs6 100000000 124999999 0.386314
hs6 125000000 149999999 0.440783
hs6 150000000 174999999 0.403549
hs14 0 24999999 0.066036
hs14 25000000 49999999 0.281742
hs14 50000000 74999999 0.521085
hs14 75000000 99999999 0.409826
hs14 100000000 124999999 0.096291
hs17 0 24999999 0.518913
hs17 25000000 49999999 0.522740
hs17 50000000 74999999 0.541573
hs17 75000000 99999999 0.096106
hs21 0 24999999 0.100276
hs21 25000000 49999999 0.405097
