hsX 0 1162789 0.099006
hsX 1162790 2325580 0.418411
hsX 2325581 3488371 0.449938
hsX 3488372 4651161 0.093992
hsX 4651162 5813952 0.000000
hsX 5813953 6976743 0.292508
hsX 6976744 8139533 0.229420
hsX 8139534 9302324 0.192349
hsX 9302325 10465115 0.654415
hsX 10465116 11627905 0.725774
hsX 11627906 12790696 0.547410
hsX 12790697 13953487 0.373581
hsX 13953488 15116278 0.244734
hsX 15116279 16279068 0.454447
hsX 16279069 17441859 0.517192
hsX 17441860 18604650 0.631934
hsX 18604651 19767440 0.727149
hsX 19767441 20930231 0.303819
hsX 20930232 22093022 0.490359
hsX 22093023 23255812 0.074832
hsX 23255813 24418603 0.338833
hsX 24418604 25581394 0.421487
hsX 25581395 26744185 0.007153
hsX 26744186 27906975 0.018161
hsX 27906976 29069766 0.478743
hsX 29069767 30232557 0.719311
hsX 30232558 31395347 0.440367
hsX 31395348 32558138 1.000000
hsX 32558139 33720929 0.610178
hsX 33720930 34883719 0.030039
hsX 34883720 36046510 0.126723
hsX 36046511 37209301 0.247088
hsX 37209302 38372092 0.500978
hsX 38372093 39534882 0.056867
hsX 39534883 40697673 0.223941
hsX 40697674 41860464 0.531827
hsX 41860465 43023254 0.000749
hsX 43023255 44186045 0.367411
hsX 44186046 45348836 0.268472
hsX 45348837 46511626 0.219165
hsX 46511627 47674417 0.486085
hsX 47674418 48837208 0.372450
hsX 48837209 49999999 0.992678
hsX 50000000 51162789 0.346811
hsX 51162790 52325580 0.161522
hsX 52325581 53488371 0.363900
hsX 53488372 54651161 0.547025
hsX 54651162 55813952 0.210212
hsX 55813953 56976743 0.127283
hsX 56976744 58139533 0.203298
hsX 58139534 59302324 0.000000
hsX 59302325 60465115 0.000000
hsX 60465116 61627905 0.000000
hsX 61627906 62790696 0.135600
hsX 62790697 63953487 0.241637
hsX 63953488 65116278 0.201246
hsX 65116279 66279068 0.123575
hsX 66279069 67441859 0.381149
hsX 67441860 68604650 0.221629
hsX 68604651 69767440 0.734648
hsX 69767441 70930231 0.516327
hsX 70930232 72093022 0.674565
hsX 72093023 73255812 0.400200
hsX 73255813 74418603 0.536082
hsX 74418604 75581394 0.164856
hsX 75581395 76744185 0.085683
hsX 76744186 77906975 0.430759
hsX 77906976 79069766 0.021534
hsX 79069767 80232557 0.229682
hsX 80232558 81395347 0.159086
hsX 81395348 82558138 0.000000
hsX 82558139 83720929 0.293400
hsX 83720930 84883719 0.205179
hsX 84883720 86046510 0.748660
hsX 86046511 87209301 0.131010
hsX 87209302 88372092 0.006501
hsX 88372093 89534882 0.000812
hsX 89534883 90697673 0.003429
hsX 90697674 91860464 0.725809
hsX 91860465 93023254 0.035208
hsX 93023255 94186045 0.000000
hsX 94186046 95348836 0.000000
hsX 95348837 96511626 0.591395
hsX 96511627 97674417 0.198339
hsX 97674418 98837208 0.201200
hsX 98837209 99999999 0.435510
hsX 100000000 101162789 0.441174
hsX 101162790 102325580 0.471137
hsX 102325581 103488371 0.179144
hsX 103488372 104651161 0.821524
hsX 104651162 105813952 0.427491
hsX 105813953 106976743 0.476321
hsX 106976744 108139533 0.633177
hsX 108139534 109302324 0.327995
hsX 109302325 110465115 0.651207
hsX 110465116 111627905 0.740675
hsX 111627906 112790696 0.099277
hsX 112790697 113953487 0.197147
hsX 113953488 115116278 0.297502
hsX 115116279 116279068 0.026173
hsX 116279069 117441859 0.255767
hsX 117441860 118604650 0.437105
hsX 118604651 119767440 0.349356
hsX 119767441 120930231 0.385307
hsX 120930232 122093022 0.000000
hsX 122093023 123255812 0.546173
hsX 123255813 124418603 0.528719
hsX 124418604 125581394 0.005224
hsX 125581395 126744185 0.001740
hsX 126744186 127906975 0.001239
hsX 127906976 129069766 0.316268
hsX 129069767 130232557 0.409192
hsX 130232558 131395347 0.282134
hsX 131395348 132558138 0.491078
hsX 132558139 133720929 0.508128
hsX 133720930 134883719 0.292928
hsX 134883720 136046510 0.405452
hsX 136046511 137209301 0.005087
hsX 137209302 138372092 0.497596
hsX 138372093 139534882 0.238285
hsX 139534883 140697673 0.018812
hsX 140697674 141860464 0.058490
hsX 141860465 143023254 0.035337
hsX 143023255 144186045 0.007416
hsX 144186046 145348836 0.009393
hsX 145348837 146511626 0.002335
hsX 146511627 147674417 0.328380
hsX 147674418 148837208 0.315818
hsX 148837209 149999999 0.474534
hsX 150000000 151162789 0.234892
hsX 151162790 152325580 0.340288
hsX 152325581 153488371 0.587974
hsX 153488372 154651161 0.558493
hsX 154651162 155813952 0.077296
hs12 0 1162789 0.800787
hs12 1162790 2325580 0.831657
hs12 2325581 3488371 0.666217
hs12 3488372 4651161 0.454961
hs12 4651162 5813952 0.392314
hs12 5813953 6976743 0.687241
hs12 6976744 8139533 0.456269
hs12 8139534 9302324 0.400021
hs12 9302325 10465115 0.319092
hs12 10465116 11627905 0.659310
hs12 11627906 12790696 0.637030
hs12 12790697 13953487 0.478774
hs12 13953488 15116278 0.407682
hs12 15116279 16279068 0.646301
hs12 16279069 17441859 0.103034
hs12 17441860 18604650 0.265073
hs12 18604651 19767440 0.406869
hs12 19767441 20930231 0.382739
hs12 20930232 22093022 0.587035
hs12 22093023 23255812 0.274892
hs12 23255813 24418603 0.724277
hs12 24418604 25581394 0.523587
hs12 25581395 26744185 0.551553
hs12 26744186 27906975 0.602256
hs12 27906976 29069766 0.263907
hs12 29069767 30232557 0.434339
hs12 30232558 31395347 0.223349
hs12 31395348 32558138 0.521406
hs12 32558139 33720929 0.325483
hs12 33720930 34883719 0.005179
hs12 34883720 36046510 0.000000
hs12 36046511 37209301 0.011157
hs12 37209302 38372092 0.462904
hs12 38372093 39534882 0.591048
hs12 39534883 40697673 0.517396
hs12 40697674 41860464 0.354430
hs12 41860465 43023254 0.669237
hs12 43023255 44186045 0.652491
hs12 44186046 45348836 0.303526
hs12 45348837 46511626 0.193614
hs12 46511627 47674417 0.397065
hs12 47674418 48837208 0.587471
hs12 48837209 49999999 0.775404
hs12 50000000 51162789 0.497114
hs12 51162790 52325580 0.505658
hs12 52325581 53488371 0.401538
hs12 53488372 54651161 0.227231
hs12 54651162 55813952 0.553033
hs12 55813953 56976743 0.422600
hs12 56976744 58139533 0.041561
hs12 58139534 59302324 0.079364
hs12 59302325 60465115 0.066056
hs12 60465116 61627905 0.840096
hs12 61627906 62790696 0.353616
hs12 62790697 63953487 0.486118
hs12 63953488 65116278 0.541443
hs12 65116279 66279068 0.247889
hs12 66279069 67441859 0.178618
hs12 67441860 68604650 0.416007
hs12 68604651 69767440 0.498997
hs12 69767441 70930231 0.415040
hs12 70930232 72093022 0.355092
hs12 72093023 73255812 0.003160
hs12 73255813 74418603 0.281687
hs12 74418604 75581394 0.222198
hs12 75581395 76744185 0.132666
hs12 76744186 77906975 0.435845
hs12 77906976 79069766 0.622596
hs12 79069767 80232557 0.673930
hs12 80232558 81395347 0.490308
hs12 81395348 82558138 0.386081
hs12 82558139 83720929 0.000000
hs12 83720930 84883719 0.297815
hs12 84883720 86046510 0.739296
hs12 86046511 87209301 0.186323
hs12 87209302 88372092 0.108871
hs12 88372093 89534882 0.127436
hs12 89534883 90697673 0.084501
hs12 90697674 91860464 0.190198
hs12 91860465 93023254 0.256710
hs12 93023255 94186045 0.577411
hs12 94186046 95348836 0.520868
hs12 95348837 96511626 0.200102
hs12 96511627 97674417 0.162927
hs12 97674418 98837208 1.001972
hs12 98837209 99999999 0.681809
hs12 100000000 101162789 0.575325
hs12 101162790 102325580 0.234416
hs12 102325581 103488371 0.726341
hs12 103488372 104651161 0.477440
hs12 104651162 105813952 0.722155
hs12 105813953 106976743 0.454953
hs12 106976744 108139533 0.577413
hs12 108139534 109302324 0.663564
hs12 109302325 110465115 0.685962
hs12 110465116 111627905 0.678215
hs12 111627906 112790696 0.488327
hs12 112790697 113953487 0.143009
hs12 113953488 115116278 0.202623
hs12 115116279 116279068 0.543837
hs12 116279069 117441859 0.755650
hs12 117441860 118604650 0.417173
hs12 118604651 119767440 0.664212
hs12 119767441 120930231 0.684975
hs12 120930232 122093022 0.757771
hs12 122093023 123255812 0.652141
hs12 123255813 124418603 0.448641
hs12 124418604 125581394 0.276270
hs12 125581395 126744185 0.000000
hs12 126744186 127906975 0.409194
hs12 127906976 129069766 0.825970
hs12 129069767 130232557 0.366893
hs12 130232558 131395347 0.454434
hs12 131395348 132558138 0.446896
hs11 0 1162789 0.543179
hs11 1162790 2325580 0.601239
hs11 2325581 3488371 0.681678
hs11 3488372 4651161 0.456470
hs11 4651162 5813952 0.193294
hs11 5813953 6976743 0.268244
hs11 6976744 8139533 0.534335
hs11 8139534 9302324 0.708493
hs11 9302325 10465115 0.680019
hs11 10465116 11627905 0.499403
hs11 11627906 12790696 0.584920
hs11 12790697 13953487 0.343607
hs11 13953488 15116278 0.721885
hs11 15116279 16279068 0.381453
hs11 16279069 17441859 0.570819
hs11 17441860 18604650 0.618223
hs11 18604651 19767440 0.555251
hs11 19767441 20930231 0.702193
hs11 20930232 22093022 0.536272
hs11 22093023 23255812 0.248588
hs11 23255813 24418603 0.000000
hs11 24418604 25581394 0.503644
hs11 25581395 26744185 0.343490
hs11 26744186 27906975 0.423342
hs11 27906976 29069766 0.269128
hs11 29069767 30232557 0.009450
hs11 30232558 31395347 0.319024
hs11 31395348 32558138 0.401564
hs11 32558139 33720929 0.620426
hs11 33720930 34883719 0.427982
hs11 34883720 36046510 0.619264
hs11 36046511 37209301 0.389587
hs11 37209302 38372092 0.000000
hs11 38372093 39534882 0.000000
hs11 39534883 40697673 0.154725
hs11 40697674 41860464 0.000000
hs11 41860465 43023254 0.000000
hs11 43023255 44186045 0.456167
hs11 44186046 45348836 0.438031
hs11 45348837 46511626 0.451302
hs11 46511627 47674417 0.822090
hs11 47674418 48837208 0.294790
hs11 48837209 49999999 0.271777
hs11 50000000 51162789 0.025904
hs11 51162790 52325580 0.001722
hs11 52325581 53488371 0.000000
hs11 53488372 54651161 0.000000
hs11 54651162 55813952 0.044796
hs11 55813953 56976743 0.422580
hs11 56976744 58139533 0.458691
hs11 58139534 59302324 0.210157
hs11 59302325 60465115 0.380868
hs11 60465116 61627905 0.543423
hs11 61627906 62790696 0.563556
hs11 62790697 63953487 0.647637
hs11 63953488 65116278 0.547272
hs11 65116279 66279068 0.564551
hs11 66279069 67441859 0.566505
hs11 67441860 68604650 0.609239
hs11 68604651 69767440 0.145784
hs11 69767441 70930231 0.720849
hs11 70930232 72093022 0.489722
hs11 72093023 73255812 0.784972
hs11 73255813 74418603 0.666454
hs11 74418604 75581394 0.621201
hs11 75581395 76744185 0.552567
hs11 76744186 77906975 0.750561
hs11 77906976 79069766 0.725798
hs11 79069767 80232557 0.000000
hs11 80232558 81395347 0.000000
hs11 81395348 82558138 0.183932
hs11 82558139 83720929 0.836927
hs11 83720930 84883719 0.999999
hs11 84883720 86046510 0.683696
hs11 86046511 87209301 0.280622
hs11 87209302 88372092 0.516906
hs11 88372093 89534882 0.499764
hs11 89534883 90697673 0.045992
hs11 90697674 91860464 0.116578
hs11 91860465 93023254 0.554606
hs11 93023255 94186045 0.443420
hs11 94186046 95348836 0.311636
hs11 95348837 96511626 0.348844
hs11 96511627 97674417 0.000000
hs11 97674418 98837208 0.378511
hs11 98837209 99999999 0.770108
hs11 100000000 101162789 0.462422
hs11 101162790 102325580 0.438946
hs11 102325581 103488371 0.538295
hs11 103488372 104651161 0.123075
hs11 104651162 105813952 0.373341
hs11 105813953 106976743 0.461797
hs11 106976744 108139533 0.695405
hs11 108139534 109302324 0.158562
hs11 109302325 110465115 0.272150
hs11 110465116 111627905 0.580370
hs11 111627906 112790696 0.340317
hs11 112790697 113953487 0.460977
hs11 113953488 115116278 0.324701
hs11 115116279 116279068 0.090057
hs11 116279069 117441859 0.781939
hs11 117441860 118604650 0.593610
hs11 118604651 119767440 0.356137
hs11 119767441 120930231 0.602729
hs11 120930232 122093022 0.220101
hs11 122093023 123255812 0.416055
hs11 123255813 124418603 0.291024
hs11 124418604 125581394 0.541573
hs11 125581395 126744185 0.654770
hs11 126744186 127906975 0.062875
hs11 127906976 129069766 0.472639
hs11 129069767 130232557 0.384398
hs11 130232558 131395347 0.593732
hs11 131395348 132558138 0.932785
hs11 132558139 133720929 0.570195
hs11 133720930 134883719 0.054966
hs22 0 1162789 0.000000
hs22 1162790 2325580 0.000000
hs22 2325581 3488371 0.000000
hs22 3488372 4651161 0.000000
hs22 4651162 5813952 0.000000
hs22 5813953 6976743 0.000000
hs22 6976744 8139533 0.000000
hs22 8139534 9302324 0.000000
hs22 9302325 10465115 0.000000
hs22 10465116 11627905 0.000000
hs22 11627906 12790696 0.000000
hs22 12790697 13953487 0.000000
hs22 13953488 15116278 0.028027
hs22 15116279 16279068 0.217284
hs22 16279069 17441859 0.598558
hs22 17441860 18604650 0.628752
hs22 18604651 19767440 0.465257
hs22 19767441 20930231 0.360723
hs22 20930232 22093022 0.349016
hs22 22093023 23255812 0.651237
hs22 23255813 24418603 0.558964
hs22 24418604 25581394 1.151755
hs22 25581395 26744185 0.210106
hs22 26744186 27906975 0.882313
hs22 27906976 29069766 0.651024
hs22 29069767 30232557 0.619864
hs22 30232558 31395347 0.660886
hs22 31395348 32558138 0.868889
hs22 32558139 33720929 0.075919
hs22 33720930 34883719 0.442003
hs22 34883720 36046510 0.521925
hs22 36046511 37209301 0.618219
hs22 37209302 38372092 0.521727
hs22 38372093 39534882 0.791060
hs22 39534883 40697673 0.708742
hs22 40697674 41860464 0.531064
hs22 41860465 43023254 0.802103
hs22 43023255 44186045 0.582709
hs22 44186046 45348836 0.655320
hs22 45348837 46511626 0.454582
hs22 46511627 47674417 0.232028
hs22 47674418 48837208 0.183550
hs22 48837209 49999999 0.487441
hs10 0 1162789 0.659402
hs10 1162790 2325580 0.509426
hs10 2325581 3488371 0.089725
hs10 3488372 4651161 0.007986
hs10 4651162 5813952 0.303908
hs10 5813953 6976743 0.434602
hs10 6976744 8139533 0.565341
hs10 8139534 9302324 0.015168
hs10 9302325 10465115 0.000000
hs10 10465116 11627905 0.382277
hs10 11627906 12790696 0.684812
hs10 12790697 13953487 0.617121
hs10 13953488 15116278 0.734502
hs10 15116279 16279068 0.481295
hs10 16279069 17441859 0.623785
hs10 17441860 18604650 0.795348
hs10 18604651 19767440 0.336226
hs10 19767441 20930231 0.398821
hs10 20930232 22093022 0.556491
hs10 22093023 23255812 0.435046
hs10 23255813 24418603 0.485119
hs10 24418604 25581394 0.731642
hs10 25581395 26744185 0.616182
hs10 26744186 27906975 0.513015
hs10 27906976 29069766 0.503054
hs10 29069767 30232557 0.269699
hs10 30232558 31395347 0.283423
hs10 31395348 32558138 0.329545
hs10 32558139 33720929 0.634093
hs10 33720930 34883719 0.382895
hs10 34883720 36046510 0.652505
hs10 36046511 37209301 0.000000
hs10 37209302 38372092 0.167245
hs10 38372093 39534882 0.129443
hs10 39534883 40697673 0.000000
hs10 40697674 41860464 0.000000
hs10 41860465 43023254 0.267101
hs10 43023255 44186045 0.147159
hs10 44186046 45348836 0.257841
hs10 45348837 46511626 0.452210
hs10 46511627 47674417 0.174749
hs10 47674418 48837208 0.237655
hs10 48837209 49999999 0.644335
hs10 50000000 51162789 0.690778
hs10 51162790 52325580 0.590658
hs10 52325581 53488371 0.921591
hs10 53488372 54651161 0.212084
hs10 54651162 55813952 0.500015
hs10 55813953 56976743 0.358710
hs10 56976744 58139533 0.003300
hs10 58139534 59302324 0.000000
hs10 59302325 60465115 0.393161
hs10 60465116 61627905 0.462530
hs10 61627906 62790696 0.292491
hs10 62790697 63953487 0.491025
hs10 63953488 65116278 0.503003
hs10 65116279 66279068 0.001162
hs10 66279069 67441859 0.079232
hs10 67441860 68604650 1.150566
hs10 68604651 69767440 0.782535
hs10 69767441 70930231 0.759112
hs10 70930232 72093022 0.473873
hs10 72093023 73255812 0.677518
hs10 73255813 74418603 0.672129
hs10 74418604 75581394 0.763761
hs10 75581395 76744185 0.768171
hs10 76744186 77906975 0.607003
hs10 77906976 79069766 0.729604
hs10 79069767 80232557 0.185984
hs10 80232558 81395347 0.400900
hs10 81395348 82558138 0.329422
hs10 82558139 83720929 0.082458
hs10 83720930 84883719 0.873748
hs10 84883720 86046510 0.068548
hs10 86046511 87209301 0.163286
hs10 87209302 88372092 0.734067
hs10 88372093 89534882 0.652726
hs10 89534883 90697673 0.571998
hs10 90697674 91860464 0.346767
hs10 91860465 93023254 0.186497
hs10 93023255 94186045 0.779123
hs10 94186046 95348836 0.570765
hs10 95348837 96511626 0.644829
hs10 96511627 97674417 0.666779
hs10 97674418 98837208 0.687968
hs10 98837209 99999999 0.684847
hs10 100000000 101162789 0.809001
hs10 101162790 102325580 0.588361
hs10 102325581 103488371 0.501525
hs10 103488372 104651161 0.753285
hs10 104651162 105813952 0.791886
hs10 105813953 106976743 0.757360
hs10 106976744 108139533 0.032886
hs10 108139534 109302324 0.508151
hs10 109302325 110465115 0.000000
hs10 110465116 111627905 0.011518
hs10 111627906 112790696 0.565851
hs10 112790697 113953487 0.032490
hs10 113953488 115116278 0.629923
hs10 115116279 116279068 0.548134
hs10 116279069 117441859 0.749624
hs10 117441860 118604650 0.620017
hs10 118604651 119767440 0.305277
hs10 119767441 120930231 0.391814
hs10 120930232 122093022 0.461248
hs10 122093023 123255812 0.188543
hs10 123255813 124418603 0.708840
hs10 124418604 125581394 0.292517
hs10 125581395 126744185 0.508981
hs10 126744186 127906975 0.531412
hs10 127906976 129069766 0.690639
hs10 129069767 130232557 0.259484
hs10 130232558 131395347 0.206318
hs10 131395348 132558138 0.199676
hs10 132558139 133720929 0.219865
hs10 133720930 134883719 0.547222
hs10 134883720 136046510 0.208764
hs7 0 1162789 0.502158
hs7 1162790 2325580 0.559009
hs7 2325581 3488371 0.559368
hs7 3488372 4651161 0.676636
hs7 4651162 5813952 0.597500
hs7 5813953 6976743 0.656706
hs7 6976744 8139533 0.431375
hs7 8139534 9302324 0.385441
hs7 9302325 10465115 0.001332
hs7 10465116 11627905 0.390500
hs7 11627906 12790696 0.341367
hs7 12790697 13953487 0.048251
hs7 13953488 15116278 0.636822
hs7 15116279 16279068 0.535406
hs7 16279069 17441859 0.320415
hs7 17441860 18604650 0.218090
hs7 18604651 19767440 0.393251
hs7 19767441 20930231 0.279858
hs7 20930232 22093022 0.421500
hs7 22093023 23255812 0.429402
hs7 23255813 24418603 0.366162
hs7 24418604 25581394 0.355852
hs7 25581395 26744185 0.274467
hs7 26744186 27906975 0.419883
hs7 27906976 29069766 0.756878
hs7 29069767 30232557 0.593717
hs7 30232558 31395347 0.370444
hs7 31395348 32558138 0.434911
hs7 32558139 33720929 0.579365
hs7 33720930 34883719 0.822262
hs7 34883720 36046510 0.300364
hs7 36046511 37209301 0.721339
hs7 37209302 38372092 0.350170
hs7 38372093 39534882 0.792493
hs7 39534883 40697673 0.739560
hs7 40697674 41860464 0.231149
hs7 41860465 43023254 0.257785
hs7 43023255 44186045 0.777905
hs7 44186046 45348836 0.502673
hs7 45348837 46511626 0.179017
hs7 46511627 47674417 0.232935
hs7 47674418 48837208 0.645644
hs7 48837209 49999999 0.167017
hs7 50000000 51162789 0.619651
hs7 51162790 52325580 0.162729
hs7 52325581 53488371 0.001092
hs7 53488372 54651161 0.024192
hs7 54651162 55813952 0.335683
hs7 55813953 56976743 0.215138
hs7 56976744 58139533 0.049982
hs7 58139534 59302324 0.000000
hs7 59302325 60465115 0.000000
hs7 60465116 61627905 0.000000
hs7 61627906 62790696 0.017955
hs7 62790697 63953487 0.220115
hs7 63953488 65116278 0.347994
hs7 65116279 66279068 0.521733
hs7 66279069 67441859 0.078904
hs7 67441860 68604650 0.000000
hs7 68604651 69767440 0.916417
hs7 69767441 70930231 0.651019
hs7 70930232 72093022 0.825492
hs7 72093023 73255812 0.488701
hs7 73255813 74418603 0.680456
hs7 74418604 75581394 0.516446
hs7 75581395 76744185 0.485303
hs7 76744186 77906975 0.781066
hs7 77906976 79069766 0.871912
hs7 79069767 80232557 0.204425
hs7 80232558 81395347 0.190968
hs7 81395348 82558138 0.714228
hs7 82558139 83720929 0.510680
hs7 83720930 84883719 0.108684
hs7 84883720 86046510 0.000000
hs7 86046511 87209301 0.810555
hs7 87209302 88372092 0.538296
hs7 88372093 89534882 0.371683
hs7 89534883 90697673 0.570138
hs7 90697674 91860464 0.360558
hs7 91860465 93023254 0.572855
hs7 93023255 94186045 0.183531
hs7 94186046 95348836 0.563905
hs7 95348837 96511626 0.425737
hs7 96511627 97674417 0.176761
hs7 97674418 98837208 0.492453
hs7 98837209 99999999 0.633147
hs7 100000000 101162789 0.521879
hs7 101162790 102325580 0.766135
hs7 102325581 103488371 0.921561
hs7 103488372 104651161 0.777611
hs7 104651162 105813952 0.590977
hs7 105813953 106976743 0.470983
hs7 106976744 108139533 0.673846
hs7 108139534 109302324 0.000517
hs7 109302325 110465115 0.323153
hs7 110465116 111627905 0.888745
hs7 111627906 112790696 0.310329
hs7 112790697 113953487 0.414583
hs7 113953488 115116278 0.225839
hs7 115116279 116279068 0.271238
hs7 116279069 117441859 0.743297
hs7 117441860 118604650 0.032748
hs7 118604651 119767440 0.057176
hs7 119767441 120930231 0.754986
hs7 120930232 122093022 0.524692
hs7 122093023 123255812 0.447280
hs7 123255813 124418603 0.179058
hs7 124418604 125581394 0.000000
hs7 125581395 126744185 0.699933
hs7 126744186 127906975 0.495186
hs7 127906976 129069766 0.565352
hs7 129069767 130232557 0.537804
hs7 130232558 131395347 0.522490
hs7 131395348 132558138 0.707406
hs7 132558139 133720929 0.840443
hs7 133720930 134883719 0.568221
hs7 134883720 136046510 0.234240
hs7 136046511 137209301 0.621076
hs7 137209302 138372092 0.549707
hs7 138372093 139534882 0.793432
hs7 139534883 140697673 0.370546
hs7 140697674 141860464 0.389540
hs7 141860465 143023254 0.178489
hs7 143023255 144186045 0.475842
hs7 144186046 145348836 0.000000
hs7 145348837 146511626 0.917828
hs7 146511627 147674417 1.000091
hs7 147674418 148837208 0.436320
hs7 148837209 149999999 0.330547
hs7 150000000 151162789 0.657455
hs7 151162790 152325580 0.547451
hs7 152325581 153488371 0.234798
hs7 153488372 154651161 0.796357
hs7 154651162 155813952 0.170400
hs7 155813953 156976743 0.422910
hs7 156976744 158139533 0.921653
hs7 158139534 159302324 0.321353
hs4 0 1162789 0.673581
hs4 1162790 2325580 0.646717
hs4 2325581 3488371 0.718534
hs4 3488372 4651161 0.250934
hs4 4651162 5813952 0.566104
hs4 5813953 6976743 0.594130
hs4 6976744 8139533 0.879071
hs4 8139534 9302324 0.273348
hs4 9302325 10465115 0.405142
hs4 10465116 11627905 0.026356
hs4 11627906 12790696 0.000000
hs4 12790697 13953487 0.159883
hs4 13953488 15116278 0.180088
hs4 15116279 16279068 0.551688
hs4 16279069 17441859 0.420159
hs4 17441860 18604650 0.165439
hs4 18604651 19767440 0.000000
hs4 19767441 20930231 0.846675
hs4 20930232 22093022 0.631255
hs4 22093023 23255812 0.137939
hs4 23255813 24418603 0.138249
hs4 24418604 25581394 0.467014
hs4 25581395 26744185 0.393054
hs4 26744186 27906975 0.000000
hs4 27906976 29069766 0.000000
hs4 29069767 30232557 0.000000
hs4 30232558 31395347 0.366694
hs4 31395348 32558138 0.000000
hs4 32558139 33720929 0.000000
hs4 33720930 34883719 0.000000
hs4 34883720 36046510 0.208545
hs4 36046511 37209301 0.242308
hs4 37209302 38372092 0.451134
hs4 38372093 39534882 0.664052
hs4 39534883 40697673 0.652489
hs4 40697674 41860464 0.635483
hs4 41860465 43023254 0.457130
hs4 43023255 44186045 0.236417
hs4 44186046 45348836 0.065375
hs4 45348837 46511626 0.265565
hs4 46511627 47674417 0.892898
hs4 47674418 48837208 0.656466
hs4 48837209 49999999 0.000000
hs4 50000000 51162789 0.000000
hs4 51162790 52325580 0.000000
hs4 52325581 53488371 0.249660
hs4 53488372 54651161 0.609582
hs4 54651162 55813952 0.172990
hs4 55813953 56976743 0.543600
hs4 56976744 58139533 0.271733
hs4 58139534 59302324 0.000000
hs4 59302325 60465115 0.000000
hs4 60465116 61627905 0.000000
hs4 61627906 62790696 0.494785
hs4 62790697 63953487 0.000000
hs4 63953488 65116278 0.112656
hs4 65116279 66279068 0.301321
hs4 66279069 67441859 0.000000
hs4 67441860 68604650 0.314989
hs4 68604651 69767440 0.335839
hs4 69767441 70930231 0.237405
hs4 70930232 72093022 0.390339
hs4 72093023 73255812 0.486890
hs4 73255813 74418603 0.418726
hs4 74418604 75581394 0.266565
hs4 75581395 76744185 0.222153
hs4 76744186 77906975 0.795436
hs4 77906976 79069766 0.362996
hs4 79069767 80232557 0.624419
hs4 80232558 81395347 0.204087
hs4 81395348 82558138 0.684052
hs4 82558139 83720929 0.155320
hs4 83720930 84883719 0.543815
hs4 84883720 86046510 0.266755
hs4 86046511 87209301 0.586349
hs4 87209302 88372092 0.784663
hs4 88372093 89534882 0.355460
hs4 89534883 90697673 0.546622
hs4 90697674 91860464 0.659351
hs4 91860465 93023254 0.758999
hs4 93023255 94186045 0.637668
hs4 94186046 95348836 0.626724
hs4 95348837 96511626 0.814147
hs4 96511627 97674417 0.153894
hs4 97674418 98837208 0.118818
hs4 98837209 99999999 0.702610
hs4 100000000 101162789 0.407779
hs4 101162790 102325580 0.248808
hs4 102325581 103488371 0.465032
hs4 103488372 104651161 0.550038
hs4 104651162 105813952 0.128549
hs4 105813953 106976743 0.406069
hs4 106976744 108139533 0.403504
hs4 108139534 109302324 0.357747
hs4 109302325 110465115 0.546473
hs4 110465116 111627905 0.549047
hs4 111627906 112790696 0.082532
hs4 112790697 113953487 0.308608
hs4 113953488 115116278 0.818754
hs4 115116279 116279068 0.317208
hs4 116279069 117441859 0.000038
hs4 117441860 118604650 0.001744
hs4 118604651 119767440 0.287974
hs4 119767441 120930231 0.510436
hs4 120930232 122093022 0.202551
hs4 122093023 123255812 0.304254
hs4 123255813 124418603 0.625856
hs4 124418604 125581394 0.280348
hs4 125581395 126744185 0.193676
hs4 126744186 127906975 0.000000
hs4 127906976 129069766 0.179295
hs4 129069767 130232557 0.469354
hs4 130232558 131395347 0.017779
hs4 131395348 132558138 0.000000
hs4 132558139 133720929 0.000000
hs4 133720930 134883719 0.036347
hs4 134883720 136046510 0.004658
hs4 136046511 137209301 0.000000
hs4 137209302 138372092 0.000000
hs4 138372093 139534882 0.078962
hs4 139534883 140697673 0.258395
hs4 140697674 141860464 0.669301
hs4 141860465 143023254 0.356910
hs4 143023255 144186045 0.703845
hs4 144186046 145348836 0.369289
hs4 145348837 146511626 0.235059
hs4 146511627 147674417 0.542409
hs4 147674418 148837208 0.318510
hs4 148837209 149999999 0.605641
hs4 150000000 151162789 0.000000
hs4 151162790 152325580 0.862064
hs4 152325581 153488371 0.367288
hs4 153488372 154651161 0.621284
hs4 154651162 155813952 0.433276
hs4 155813953 156976743 0.193356
hs4 156976744 158139533 0.246305
hs4 158139534 159302324 0.242742
hs4 159302325 160465115 0.497848
hs4 160465116 161627905 0.030647
hs4 161627906 162790696 0.228931
hs4 162790697 163953487 0.441988
hs4 163953488 165116278 0.461860
hs4 165116279 166279068 0.412992
hs4 166279069 167441859 0.415661
hs4 167441860 168604650 0.431038
hs4 168604651 169767440 0.373334
hs4 169767441 170930231 0.745077
hs4 170930232 172093022 0.059928
hs4 172093023 173255812 0.244811
hs4 173255813 174418603 0.889624
hs4 174418604 175581394 0.169576
hs4 175581395 176744185 0.240637
hs4 176744186 177906975 0.658320
hs4 177906976 179069766 0.250783
hs4 179069767 180232557 0.068053
hs4 180232558 181395347 0.000000
hs4 181395348 182558138 0.000000
hs4 182558139 183720929 0.210182
hs4 183720930 184883719 0.499010
hs4 184883720 186046510 0.435925
hs4 186046511 187209301 0.605684
hs4 187209302 188372092 0.239226
hs4 188372093 189534882 0.026928
hs4 189534883 190697673 0.000000
hs4 190697674 191860464 0.076459
hs16 0 1162789 0.674948
hs16 1162790 2325580 0.771428
hs16 2325581 3488371 0.553197
hs16 3488372 4651161 0.716914
hs16 4651162 5813952 0.326409
hs16 5813953 6976743 0.832146
hs16 6976744 8139533 0.624874
hs16 8139534 9302324 0.263796
hs16 9302325 10465115 0.399244
hs16 10465116 11627905 0.487713
hs16 11627906 12790696 0.784716
hs16 12790697 13953487 0.331375
hs16 13953488 15116278 0.553274
hs16 15116279 16279068 0.678578
hs16 16279069 17441859 0.321628
hs16 17441860 18604650 0.119038
hs16 18604651 19767440 0.674427
hs16 19767441 20930231 0.507704
hs16 20930232 22093022 0.613756
hs16 22093023 23255812 0.461203
hs16 23255813 24418603 0.705669
hs16 24418604 25581394 0.336386
hs16 25581395 26744185 0.383271
hs16 26744186 27906975 0.588040
hs16 27906976 29069766 0.484254
hs16 29069767 30232557 0.471542
hs16 30232558 31395347 0.511034
hs16 31395348 32558138 0.112343
hs16 32558139 33720929 0.025276
hs16 33720930 34883719 0.027977
hs16 34883720 36046510 0.000000
hs16 36046511 37209301 0.000000
hs16 37209302 38372092 0.000000
hs16 38372093 39534882 0.000000
hs16 39534883 40697673 0.000000
hs16 40697674 41860464 0.000000
hs16 41860465 43023254 0.000000
hs16 43023255 44186045 0.000000
hs16 44186046 45348836 0.193451
hs16 45348837 46511626 0.604388
hs16 46511627 47674417 0.290280
hs16 47674418 48837208 0.429590
hs16 48837209 49999999 0.251655
hs16 50000000 51162789 0.094426
hs16 51162790 52325580 0.409208
hs16 52325581 53488371 0.329782
hs16 53488372 54651161 0.206473
hs16 54651162 55813952 0.735467
hs16 55813953 56976743 0.534402
hs16 56976744 58139533 0.193103
hs16 58139534 59302324 0.000903
hs16 59302325 60465115 0.189528
hs16 60465116 61627905 0.139683
hs16 61627906 62790696 0.000000
hs16 62790697 63953487 0.217429
hs16 63953488 65116278 0.279659
hs16 65116279 66279068 0.754367
hs16 66279069 67441859 0.754247
hs16 67441860 68604650 0.800139
hs16 68604651 69767440 0.845874
hs16 69767441 70930231 0.514300
hs16 70930232 72093022 0.238370
hs16 72093023 73255812 0.224401
hs16 73255813 74418603 0.570250
hs16 74418604 75581394 0.242486
hs16 75581395 76744185 0.386383
hs16 76744186 77906975 0.911497
hs16 77906976 79069766 0.005915
hs16 79069767 80232557 0.805325
hs16 80232558 81395347 0.452138
hs16 81395348 82558138 0.887247
hs16 82558139 83720929 0.628331
hs16 83720930 84883719 0.147496
hs16 84883720 86046510 0.149802
hs16 86046511 87209301 0.473988
hs16 87209302 88372092 0.739658
hs16 88372093 89534882 0.215545
hs20 0 1162789 0.337234
hs20 1162790 2325580 0.366333
hs20 2325581 3488371 0.720384
hs20 3488372 4651161 0.359796
hs20 4651162 5813952 0.439563
hs20 5813953 6976743 0.154244
hs20 6976744 8139533 0.149969
hs20 8139534 9302324 0.841630
hs20 9302325 10465115 0.572066
hs20 10465116 11627905 0.106017
hs20 11627906 12790696 0.030760
hs20 12790697 13953487 0.654230
hs20 13953488 15116278 1.011721
hs20 15116279 16279068 0.811740
hs20 16279069 17441859 0.443013
hs20 17441860 18604650 0.527776
hs20 18604651 19767440 0.558792
hs20 19767441 20930231 0.672333
hs20 20930232 22093022 0.191384
hs20 22093023 23255812 0.047420
hs20 23255813 24418603 0.124707
hs20 24418604 25581394 0.555858
hs20 25581395 26744185 0.099303
hs20 26744186 27906975 0.000000
hs20 27906976 29069766 0.019032
hs20 29069767 30232557 0.447688
hs20 30232558 31395347 0.462140
hs20 31395348 32558138 0.589724
hs20 32558139 33720929 0.801032
hs20 33720930 34883719 0.730213
hs20 34883720 36046510 0.591842
hs20 36046511 37209301 0.594275
hs20 37209302 38372092 0.009433
hs20 38372093 39534882 0.306932
hs20 39534883 40697673 0.609339
hs20 40697674 41860464 0.619762
hs20 41860465 43023254 0.587595
hs20 43023255 44186045 0.543365
hs20 44186046 45348836 0.595839
hs20 45348837 46511626 0.315844
hs20 46511627 47674417 0.591518
hs20 47674418 48837208 0.415125
hs20 48837209 49999999 0.455768
hs20 50000000 51162789 0.213695
hs20 51162790 52325580 0.474350
hs20 52325581 53488371 0.150884
hs20 53488372 54651161 0.172037
hs20 54651162 55813952 0.232676
hs20 55813953 56976743 0.355022
hs20 56976744 58139533 0.459538
hs20 58139534 59302324 0.035662
hs20 59302325 60465115 0.840370
hs20 60465116 61627905 0.496424
hs20 61627906 62790696 0.468963
hs13 0 1162789 0.000000
hs13 1162790 2325580 0.000000
hs13 2325581 3488371 0.000000
hs13 3488372 4651161 0.000000
hs13 4651162 5813952 0.000000
hs13 5813953 6976743 0.000000
hs13 6976744 8139533 0.000000
hs13 8139534 9302324 0.000000
hs13 9302325 10465115 0.000000
hs13 10465116 11627905 0.000000
hs13 11627906 12790696 0.000000
hs13 12790697 13953487 0.000000
hs13 13953488 15116278 0.000000
hs13 15116279 16279068 0.000000
hs13 16279069 17441859 0.000000
hs13 17441860 18604650 0.098106
hs13 18604651 19767440 0.480825
hs13 19767441 20930231 0.551665
hs13 20930232 22093022 0.125680
hs13 22093023 23255812 0.350984
hs13 23255813 24418603 0.506475
hs13 24418604 25581394 0.658382
hs13 25581395 26744185 0.354131
hs13 26744186 27906975 0.485480
hs13 27906976 29069766 0.573351
hs13 29069767 30232557 0.256861
hs13 30232558 31395347 0.312298
hs13 31395348 32558138 0.665429
hs13 32558139 33720929 0.284764
hs13 33720930 34883719 0.403595
hs13 34883720 36046510 1.109569
hs13 36046511 37209301 0.307914
hs13 37209302 38372092 0.297505
hs13 38372093 39534882 0.396760
hs13 39534883 40697673 0.483286
hs13 40697674 41860464 0.640742
hs13 41860465 43023254 0.501441
hs13 43023255 44186045 0.403247
hs13 44186046 45348836 0.490106
hs13 45348837 46511626 0.459145
hs13 46511627 47674417 0.075167
hs13 47674418 48837208 0.537878
hs13 48837209 49999999 0.488791
hs13 50000000 51162789 0.465729
hs13 51162790 52325580 0.564866
hs13 52325581 53488371 0.019967
hs13 53488372 54651161 0.000067
hs13 54651162 55813952 0.000000
hs13 55813953 56976743 0.064994
hs13 56976744 58139533 0.083659
hs13 58139534 59302324 0.141558
hs13 59302325 60465115 0.439648
hs13 60465116 61627905 0.005021
hs13 61627906 62790696 0.000000
hs13 62790697 63953487 0.004416
hs13 63953488 65116278 0.000000
hs13 65116279 66279068 0.433528
hs13 66279069 67441859 0.364125
hs13 67441860 68604650 0.196549
hs13 68604651 69767440 0.378781
hs13 69767441 70930231 0.017315
hs13 70930232 72093022 0.377666
hs13 72093023 73255812 0.381680
hs13 73255813 74418603 0.301219
hs13 74418604 75581394 0.437134
hs13 75581395 76744185 0.229455
hs13 76744186 77906975 0.267065
hs13 77906976 79069766 0.527356
hs13 79069767 80232557 0.004279
hs13 80232558 81395347 0.000000
hs13 81395348 82558138 0.000000
hs13 82558139 83720929 0.262301
hs13 83720930 84883719 0.099193
hs13 84883720 86046510 0.005644
hs13 86046511 87209301 0.006022
hs13 87209302 88372092 0.000000
hs13 88372093 89534882 0.000000
hs13 89534883 90697673 0.030738
hs13 90697674 91860464 0.876138
hs13 91860465 93023254 0.690751
hs13 93023255 94186045 0.797798
hs13 94186046 95348836 0.609833
hs13 95348837 96511626 0.784539
hs13 96511627 97674417 0.308457
hs13 97674418 98837208 0.789313
hs13 98837209 99999999 0.695946
hs13 100000000 101162789 0.596431
hs13 101162790 102325580 0.773990
hs13 102325581 103488371 0.034015
hs13 103488372 104651161 0.000000
hs13 104651162 105813952 0.021645
hs13 105813953 106976743 0.368046
hs13 106976744 108139533 0.428203
hs13 108139534 109302324 0.474337
hs13 109302325 110465115 0.466848
hs13 110465116 111627905 0.184074
hs13 111627906 112790696 0.447057
hs13 112790697 113953487 0.604206
hs13 113953488 115116278 0.064359
hs18 0 1162789 0.436307
hs18 1162790 2325580 0.078535
hs18 2325581 3488371 0.531624
hs18 3488372 4651161 0.330727
hs18 4651162 5813952 0.190850
hs18 5813953 6976743 0.505867
hs18 6976744 8139533 0.614210
hs18 8139534 9302324 0.506587
hs18 9302325 10465115 0.362370
hs18 10465116 11627905 0.446334
hs18 11627906 12790696 0.571949
hs18 12790697 13953487 0.711017
hs18 13953488 15116278 0.188096
hs18 15116279 16279068 0.010634
hs18 16279069 17441859 0.442154
hs18 17441860 18604650 0.205214
hs18 18604651 19767440 0.672075
hs18 19767441 20930231 0.432951
hs18 20930232 22093022 0.363349
hs18 22093023 23255812 0.591788
hs18 23255813 24418603 0.194805
hs18 24418604 25581394 0.000000
hs18 25581395 26744185 0.000044
hs18 26744186 27906975 0.447548
hs18 27906976 29069766 0.580447
hs18 29069767 30232557 0.641698
hs18 30232558 31395347 0.596561
hs18 31395348 32558138 0.614768
hs18 32558139 33720929 0.695059
hs18 33720930 34883719 0.000000
hs18 34883720 36046510 0.468763
hs18 36046511 37209301 0.000000
hs18 37209302 38372092 0.143255
hs18 38372093 39534882 0.328715
hs18 39534883 40697673 0.157844
hs18 40697674 41860464 0.413804
hs18 41860465 43023254 0.731737
hs18 43023255 44186045 0.096150
hs18 44186046 45348836 0.677939
hs18 45348837 46511626 0.581400
hs18 46511627 47674417 0.171680
hs18 47674418 48837208 0.616336
hs18 48837209 49999999 0.468262
hs18 50000000 51162789 0.289907
hs18 51162790 52325580 0.209899
hs18 52325581 53488371 0.495870
hs18 53488372 54651161 0.616310
hs18 54651162 55813952 0.432194
hs18 55813953 56976743 0.001238
hs18 56976744 58139533 0.348524
hs18 58139534 59302324 0.565208
hs18 59302325 60465115 0.228851
hs18 60465116 61627905 0.051118
hs18 61627906 62790696 0.147186
hs18 62790697 63953487 0.008729
hs18 63953488 65116278 0.327976
hs18 65116279 66279068 0.675359
hs18 66279069 67441859 0.000000
hs18 67441860 68604650 0.040158
hs18 68604651 69767440 0.069780
hs18 69767441 70930231 0.608069
hs18 70930232 72093022 0.093688
hs18 72093023 73255812 0.420817
hs18 73255813 74418603 0.000000
hs18 74418604 75581394 0.430832
hs18 75581395 76744185 0.266437
hs3 0 1162789 0.228425
hs3 1162790 2325580 0.400609
hs3 2325581 3488371 0.724049
hs3 3488372 4651161 0.266171
hs3 4651162 5813952 0.268743
hs3 5813953 6976743 0.085091
hs3 6976744 8139533 0.672069
hs3 8139534 9302324 0.661184
hs3 9302325 10465115 0.731470
hs3 10465116 11627905 0.599644
hs3 11627906 12790696 0.591284
hs3 12790697 13953487 0.514158
hs3 13953488 15116278 0.628172
hs3 15116279 16279068 0.529848
hs3 16279069 17441859 0.631018
hs3 17441860 18604650 0.351201
hs3 18604651 19767440 0.332923
hs3 19767441 20930231 0.228001
hs3 20930232 22093022 0.284907
hs3 22093023 23255812 0.030982
hs3 23255813 24418603 0.678636
hs3 24418604 25581394 0.197243
hs3 25581395 26744185 0.226069
hs3 26744186 27906975 0.209625
hs3 27906976 29069766 0.206022
hs3 29069767 30232557 0.627013
hs3 30232558 31395347 0.220249
hs3 31395348 32558138 0.626286
hs3 32558139 33720929 0.666957
hs3 33720930 34883719 0.073146
hs3 34883720 36046510 0.130914
hs3 36046511 37209301 0.431508
hs3 37209302 38372092 0.784020
hs3 38372093 39534882 0.547036
hs3 39534883 40697673 0.470588
hs3 40697674 41860464 0.548999
hs3 41860465 43023254 0.529709
hs3 43023255 44186045 0.369897
hs3 44186046 45348836 0.528405
hs3 45348837 46511626 0.467530
hs3 46511627 47674417 0.677686
hs3 47674418 48837208 0.731886
hs3 48837209 49999999 0.809202
hs3 50000000 51162789 0.826644
hs3 51162790 52325580 0.630120
hs3 52325581 53488371 0.802702
hs3 53488372 54651161 0.787597
hs3 54651162 55813952 0.655821
hs3 55813953 56976743 0.886986
hs3 56976744 58139533 0.784237
hs3 58139534 59302324 0.506144
hs3 59302325 60465115 0.649335
hs3 60465116 61627905 0.733307
hs3 61627906 62790696 0.927379
hs3 62790697 63953487 0.521637
hs3 63953488 65116278 0.281411
hs3 65116279 66279068 0.747641
hs3 66279069 67441859 0.316051
hs3 67441860 68604650 0.655890
hs3 68604651 69767440 0.536050
hs3 69767441 70930231 0.196857
hs3 70930232 72093022 0.618076
hs3 72093023 73255812 0.282850
hs3 73255813 74418603 0.229289
hs3 74418604 75581394 0.213274
hs3 75581395 76744185 0.044038
hs3 76744186 77906975 0.522339
hs3 77906976 79069766 0.292993
hs3 79069767 80232557 0.713785
hs3 80232558 81395347 0.000000
hs3 81395348 82558138 0.234008
hs3 82558139 83720929 0.000000
hs3 83720930 84883719 0.000000
hs3 84883720 86046510 0.821893
hs3 86046511 87209301 0.183088
hs3 87209302 88372092 0.066445
hs3 88372093 89534882 0.254147
hs3 89534883 90697673 0.068019
hs3 90697674 91860464 0.000000
hs3 91860465 93023254 0.000000
hs3 93023255 94186045 0.000000
hs3 94186046 95348836 0.223177
hs3 95348837 96511626 0.045634
hs3 96511627 97674417 0.000000
hs3 97674418 98837208 0.706142
hs3 98837209 99999999 0.335834
hs3 100000000 101162789 0.457921
hs3 101162790 102325580 0.870219
hs3 102325581 103488371 0.452911
hs3 103488372 104651161 0.038552
hs3 104651162 105813952 0.000000
hs3 105813953 106976743 0.281202
hs3 106976744 108139533 0.080697
hs3 108139534 109302324 0.547632
hs3 109302325 110465115 0.583436
hs3 110465116 111627905 0.102634
hs3 111627906 112790696 0.093982
hs3 112790697 113953487 0.777037
hs3 113953488 115116278 0.624324
hs3 115116279 116279068 0.843465
hs3 116279069 117441859 0.521069
hs3 117441860 118604650 0.182722
hs3 118604651 119767440 0.000000
hs3 119767441 120930231 0.559406
hs3 120930232 122093022 0.572739
hs3 122093023 123255812 0.867134
hs3 123255813 124418603 0.742607
hs3 124418604 125581394 0.807614
hs3 125581395 126744185 0.835321
hs3 126744186 127906975 0.435415
hs3 127906976 129069766 0.456829
hs3 129069767 130232557 0.527430
hs3 130232558 131395347 0.524585
hs3 131395348 132558138 0.725510
hs3 132558139 133720929 0.605658
hs3 133720930 134883719 0.736985
hs3 134883720 136046510 0.474936
hs3 136046511 137209301 0.393477
hs3 137209302 138372092 0.738858
hs3 138372093 139534882 0.249745
hs3 139534883 140697673 0.375902
hs3 140697674 141860464 0.664864
hs3 141860465 143023254 0.446041
hs3 143023255 144186045 0.746739
hs3 144186046 145348836 0.572953
hs3 145348837 146511626 0.000000
hs3 146511627 147674417 0.164730
hs3 147674418 148837208 0.085948
hs3 148837209 149999999 0.038815
hs3 150000000 151162789 0.586538
hs3 151162790 152325580 0.332445
hs3 152325581 153488371 0.487776
hs3 153488372 154651161 0.162133
hs3 154651162 155813952 0.254176
hs3 155813953 156976743 0.294173
hs3 156976744 158139533 0.608341
hs3 158139534 159302324 0.373579
hs3 159302325 160465115 0.676919
hs3 160465116 161627905 0.692244
hs3 161627906 162790696 0.421694
hs3 162790697 163953487 0.000000
hs3 163953488 165116278 0.000000
hs3 165116279 166279068 0.085655
hs3 166279069 167441859 0.064092
hs3 167441860 168604650 0.120397
hs3 168604651 169767440 0.645944
hs3 169767441 170930231 0.725757
hs3 170930232 172093022 0.498997
hs3 172093023 173255812 0.590016
hs3 173255813 174418603 0.660305
hs3 174418604 175581394 0.760992
hs3 175581395 176744185 0.588569
hs3 176744186 177906975 0.225266
hs3 177906976 179069766 0.151797
hs3 179069767 180232557 0.277647
hs3 180232558 181395347 0.602163
hs3 181395348 182558138 0.124718
hs3 182558139 183720929 0.114689
hs3 183720930 184883719 0.582135
hs3 184883720 186046510 0.469179
hs3 186046511 187209301 0.665285
hs3 187209302 188372092 0.507150
hs3 188372093 189534882 0.254592
hs3 189534883 190697673 0.608691
hs3 190697674 191860464 0.547854
hs3 191860465 193023254 0.155588
hs3 193023255 194186045 0.608064
hs3 194186046 195348836 0.341175
hs3 195348837 196511626 0.366028
hs3 196511627 197674417 0.515948
hs3 197674418 198837208 0.580990
hs3 198837209 199999999 0.350286
hs9 0 1162789 0.623900
hs9 1162790 2325580 0.153323
hs9 2325581 3488371 0.383001
hs9 3488372 4651161 0.572769
hs9 4651162 5813952 0.565932
hs9 5813953 6976743 0.528502
hs9 6976744 8139533 0.165304
hs9 8139534 9302324 0.858348
hs9 9302325 10465115 1.000000
hs9 10465116 11627905 0.118343
hs9 11627906 12790696 0.036608
hs9 12790697 13953487 0.143643
hs9 13953488 15116278 0.447395
hs9 15116279 16279068 0.551351
hs9 16279069 17441859 0.669175
hs9 17441860 18604650 0.353267
hs9 18604651 19767440 0.737336
hs9 19767441 20930231 0.489377
hs9 20930232 22093022 0.353911
hs9 22093023 23255812 0.020385
hs9 23255813 24418603 0.116926
hs9 24418604 25581394 0.000000
hs9 25581395 26744185 0.002125
hs9 26744186 27906975 0.541320
hs9 27906976 29069766 0.663003
hs9 29069767 30232557 0.000000
hs9 30232558 31395347 0.000000
hs9 31395348 32558138 0.141001
hs9 32558139 33720929 0.518731
hs9 33720930 34883719 0.635814
hs9 34883720 36046510 0.571632
hs9 36046511 37209301 0.554884
hs9 37209302 38372092 0.550852
hs9 38372093 39534882 0.279282
hs9 39534883 40697673 0.022154
hs9 40697674 41860464 0.066186
hs9 41860465 43023254 0.174223
hs9 43023255 44186045 0.084675
hs9 44186046 45348836 0.053019
hs9 45348837 46511626 0.001079
hs9 46511627 47674417 0.052286
hs9 47674418 48837208 0.000000
hs9 48837209 49999999 0.000000
hs9 50000000 51162789 0.000000
hs9 51162790 52325580 0.000000
hs9 52325581 53488371 0.000000
hs9 53488372 54651161 0.000000
hs9 54651162 55813952 0.000000
hs9 55813953 56976743 0.000000
hs9 56976744 58139533 0.000000
hs9 58139534 59302324 0.000000
hs9 59302325 60465115 0.000000
hs9 60465116 61627905 0.000000
hs9 61627906 62790696 0.000000
hs9 62790697 63953487 0.000000
hs9 63953488 65116278 0.000000
hs9 65116279 66279068 0.030519
hs9 66279069 67441859 0.035412
hs9 67441860 68604650 0.190782
hs9 68604651 69767440 0.156862
hs9 69767441 70930231 0.533301
hs9 70930232 72093022 0.680263
hs9 72093023 73255812 0.587647
hs9 73255813 74418603 0.356228
hs9 74418604 75581394 0.252321
hs9 75581395 76744185 0.305702
hs9 76744186 77906975 0.300207
hs9 77906976 79069766 0.494728
hs9 79069767 80232557 0.647270
hs9 80232558 81395347 0.016040
hs9 81395348 82558138 0.117071
hs9 82558139 83720929 0.092673
hs9 83720930 84883719 0.089535
hs9 84883720 86046510 0.497105
hs9 86046511 87209301 0.383013
hs9 87209302 88372092 0.434015
hs9 88372093 89534882 0.225728
hs9 89534883 90697673 0.154567
hs9 90697674 91860464 0.371147
hs9 91860465 93023254 0.117962
hs9 93023255 94186045 0.569003
hs9 94186046 95348836 0.783930
hs9 95348837 96511626 0.359556
hs9 96511627 97674417 0.618926
hs9 97674418 98837208 0.500352
hs9 98837209 99999999 0.566667
hs9 100000000 101162789 0.666150
hs9 101162790 102325580 0.481211
hs9 102325581 103488371 0.500792
hs9 103488372 104651161 0.044988
hs9 104651162 105813952 0.019934
hs9 105813953 106976743 0.195952
hs9 106976744 108139533 0.354393
hs9 108139534 109302324 0.173947
hs9 109302325 110465115 0.000000
hs9 110465116 111627905 0.674172
hs9 111627906 112790696 0.957332
hs9 112790697 113953487 0.508723
hs9 113953488 115116278 0.650201
hs9 115116279 116279068 0.638451
hs9 116279069 117441859 0.410741
hs9 117441860 118604650 0.581956
hs9 118604651 119767440 0.538301
hs9 119767441 120930231 0.000000
hs9 120930232 122093022 0.174499
hs9 122093023 123255812 0.634735
hs9 123255813 124418603 0.959569
hs9 124418604 125581394 0.715296
hs9 125581395 126744185 0.647909
hs9 126744186 127906975 0.754678
hs9 127906976 129069766 0.578093
hs9 129069767 130232557 0.731110
hs9 130232558 131395347 0.512444
hs9 131395348 132558138 0.528215
hs9 132558139 133720929 0.635098
hs9 133720930 134883719 0.793513
hs9 134883720 136046510 0.623809
hs9 136046511 137209301 0.325236
hs9 137209302 138372092 0.383721
hs9 138372093 139534882 0.658644
hs9 139534883 140697673 0.513404
hs15 0 1162789 0.000000
hs15 1162790 2325580 0.000000
hs15 2325581 3488371 0.000000
hs15 3488372 4651161 0.000000
hs15 4651162 5813952 0.000000
hs15 5813953 6976743 0.000000
hs15 6976744 8139533 0.000000
hs15 8139534 9302324 0.000000
hs15 9302325 10465115 0.000000
hs15 10465116 11627905 0.000000
hs15 11627906 12790696 0.000000
hs15 12790697 13953487 0.000000
hs15 13953488 15116278 0.000000
hs15 15116279 16279068 0.000000
hs15 16279069 17441859 0.000000
hs15 17441860 18604650 0.000000
hs15 18604651 19767440 0.141725
hs15 19767441 20930231 0.402555
hs15 20930232 22093022 0.023558
hs15 22093023 23255812 0.316592
hs15 23255813 24418603 0.226446
hs15 24418604 25581394 0.789786
hs15 25581395 26744185 0.522522
hs15 26744186 27906975 0.681072
hs15 27906976 29069766 0.253103
hs15 29069767 30232557 0.384933
hs15 30232558 31395347 0.409635
hs15 31395348 32558138 0.947803
hs15 32558139 33720929 0.315846
hs15 33720930 34883719 0.197580
hs15 34883720 36046510 0.231196
hs15 36046511 37209301 0.185146
hs15 37209302 38372092 0.495879
hs15 38372093 39534882 0.622087
hs15 39534883 40697673 0.768759
hs15 40697674 41860464 0.809408
hs15 41860465 43023254 0.687854
hs15 43023255 44186045 0.353394
hs15 44186046 45348836 0.389814
hs15 45348837 46511626 0.225095
hs15 46511627 47674417 0.878104
hs15 47674418 48837208 0.670841
hs15 48837209 49999999 0.639597
hs15 50000000 51162789 0.543204
hs15 51162790 52325580 0.412036
hs15 52325581 53488371 0.493976
hs15 53488372 54651161 0.602900
hs15 54651162 55813952 0.708420
hs15 55813953 56976743 0.479132
hs15 56976744 58139533 0.469016
hs15 58139534 59302324 0.726635
hs15 59302325 60465115 0.189387
hs15 60465116 61627905 0.405149
hs15 61627906 62790696 0.836192
hs15 62790697 63953487 0.622510
hs15 63953488 65116278 0.596794
hs15 65116279 66279068 0.732416
hs15 66279069 67441859 0.602354
hs15 67441860 68604650 0.128351
hs15 68604651 69767440 0.732680
hs15 69767441 70930231 0.708007
hs15 70930232 72093022 0.519118
hs15 72093023 73255812 0.499642
hs15 73255813 74418603 0.648171
hs15 74418604 75581394 0.748269
hs15 75581395 76744185 0.392900
hs15 76744186 77906975 0.256621
hs15 77906976 79069766 0.552017
hs15 79069767 80232557 0.184185
hs15 80232558 81395347 0.717448
hs15 81395348 82558138 0.671167
hs15 82558139 83720929 0.443554
hs15 83720930 84883719 0.689641
hs15 84883720 86046510 0.423401
hs15 86046511 87209301 0.449152
hs15 87209302 88372092 0.531123
hs15 88372093 89534882 0.607668
hs15 89534883 90697673 0.369275
hs15 90697674 91860464 0.275681
hs15 91860465 93023254 0.159747
hs15 93023255 94186045 0.064288
hs15 94186046 95348836 0.014234
hs15 95348837 96511626 0.124659
hs15 96511627 97674417 0.551121
hs15 97674418 98837208 0.600951
hs15 98837209 99999999 0.531456
hs15 100000000 101162789 0.089578
hs5 0 1162789 0.547528
hs5 1162790 2325580 0.267709
hs5 2325581 3488371 0.007517
hs5 3488372 4651161 0.004602
hs5 4651162 5813952 0.243503
hs5 5813953 6976743 0.168717
hs5 6976744 8139533 0.426107
hs5 8139534 9302324 0.184202
hs5 9302325 10465115 0.592897
hs5 10465116 11627905 0.709503
hs5 11627906 12790696 0.423063
hs5 12790697 13953487 0.238780
hs5 13953488 15116278 0.555706
hs5 15116279 16279068 0.474739
hs5 16279069 17441859 0.498115
hs5 17441860 18604650 0.000000
hs5 18604651 19767440 0.222334
hs5 19767441 20930231 0.220736
hs5 20930232 22093022 0.375119
hs5 22093023 23255812 0.693492
hs5 23255813 24418603 0.018046
hs5 24418604 25581394 0.135625
hs5 25581395 26744185 0.000000
hs5 26744186 27906975 0.135865
hs5 27906976 29069766 0.000000
hs5 29069767 30232557 0.000000
hs5 30232558 31395347 0.113041
hs5 31395348 32558138 0.595535
hs5 32558139 33720929 0.242723
hs5 33720930 34883719 0.413670
hs5 34883720 36046510 0.537909
hs5 36046511 37209301 0.475836
hs5 37209302 38372092 0.542181
hs5 38372093 39534882 0.622728
hs5 39534883 40697673 0.000000
hs5 40697674 41860464 0.584268
hs5 41860465 43023254 0.374306
hs5 43023255 44186045 0.347661
hs5 44186046 45348836 0.123848
hs5 45348837 46511626 0.329501
hs5 46511627 47674417 0.000000
hs5 47674418 48837208 0.000000
hs5 48837209 49999999 0.041034
hs5 50000000 51162789 0.163159
hs5 51162790 52325580 0.158842
hs5 52325581 53488371 0.440844
hs5 53488372 54651161 0.294129
hs5 54651162 55813952 0.551190
hs5 55813953 56976743 0.192131
hs5 56976744 58139533 0.202789
hs5 58139534 59302324 0.898986
hs5 59302325 60465115 0.888120
hs5 60465116 61627905 0.263936
hs5 61627906 62790696 0.271875
hs5 62790697 63953487 0.270012
hs5 63953488 65116278 0.796186
hs5 65116279 66279068 0.505329
hs5 66279069 67441859 0.203497
hs5 67441860 68604650 0.166763
hs5 68604651 69767440 1.485278
hs5 69767441 70930231 0.691159
hs5 70930232 72093022 0.316542
hs5 72093023 73255812 0.501058
hs5 73255813 74418603 0.202057
hs5 74418604 75581394 0.527424
hs5 75581395 76744185 0.706974
hs5 76744186 77906975 0.578807
hs5 77906976 79069766 0.644353
hs5 79069767 80232557 0.571805
hs5 80232558 81395347 0.685621
hs5 81395348 82558138 0.329819
hs5 82558139 83720929 0.656347
hs5 83720930 84883719 0.000000
hs5 84883720 86046510 0.015397
hs5 86046511 87209301 0.122412
hs5 87209302 88372092 0.347068
hs5 88372093 89534882 0.000000
hs5 89534883 90697673 0.594870
hs5 90697674 91860464 0.047281
hs5 91860465 93023254 0.195088
hs5 93023255 94186045 0.958221
hs5 94186046 95348836 0.735410
hs5 95348837 96511626 0.336546
hs5 96511627 97674417 0.019294
hs5 97674418 98837208 0.084737
hs5 98837209 99999999 0.051658
hs5 100000000 101162789 0.082860
hs5 101162790 102325580 0.245779
hs5 102325581 103488371 0.181267
hs5 103488372 104651161 0.000538
hs5 104651162 105813952 0.000000
hs5 105813953 106976743 0.203180
hs5 106976744 108139533 0.523676
hs5 108139534 109302324 0.725413
hs5 109302325 110465115 0.298135
hs5 110465116 111627905 0.563490
hs5 111627906 112790696 0.685354
hs5 112790697 113953487 0.240789
hs5 113953488 115116278 0.211278
hs5 115116279 116279068 0.432147
hs5 116279069 117441859 0.000000
hs5 117441860 118604650 0.276349
hs5 118604651 119767440 0.197881
hs5 119767441 120930231 0.191734
hs5 120930232 122093022 0.222492
hs5 122093023 123255812 0.442412
hs5 123255813 124418603 0.093049
hs5 124418604 125581394 0.000000
hs5 125581395 126744185 0.480673
hs5 126744186 127906975 0.494728
hs5 127906976 129069766 0.286528
hs5 129069767 130232557 0.270311
hs5 130232558 131395347 0.512722
hs5 131395348 132558138 0.483995
hs5 132558139 133720929 0.520391
hs5 133720930 134883719 0.444113
hs5 134883720 136046510 0.289588
hs5 136046511 137209301 0.563497
hs5 137209302 138372092 0.650081
hs5 138372093 139534882 0.607669
hs5 139534883 140697673 2.621801
hs5 140697674 141860464 2.499442
hs5 141860465 143023254 0.620720
hs5 143023255 144186045 0.281755
hs5 144186046 145348836 0.122185
hs5 145348837 146511626 0.695362
hs5 146511627 147674417 0.463549
hs5 147674418 148837208 0.508711
hs5 148837209 149999999 0.666048
hs5 150000000 151162789 0.486339
hs5 151162790 152325580 0.101809
hs5 152325581 153488371 0.334607
hs5 153488372 154651161 0.419017
hs5 154651162 155813952 0.109744
hs5 155813953 156976743 0.638502
hs5 156976744 158139533 0.183778
hs5 158139534 159302324 0.468485
hs5 159302325 160465115 0.509715
hs5 160465116 161627905 0.358884
hs5 161627906 162790696 0.000000
hs5 162790697 163953487 0.052924
hs5 163953488 165116278 0.000000
hs5 165116279 166279068 0.000000
hs5 166279069 167441859 0.685798
hs5 167441860 168604650 0.859350
hs5 168604651 169767440 0.667725
hs5 169767441 170930231 0.740167
hs5 170930232 172093022 0.469825
hs5 172093023 173255812 0.285135
hs5 173255813 174418603 0.129755
hs5 174418604 175581394 0.180413
hs5 175581395 176744185 0.687202
hs5 176744186 177906975 0.587370
hs5 177906976 179069766 0.473068
hs5 179069767 180232557 0.590393
hs5 180232558 181395347 0.124189
hsY 0 1162789 0.099006
hsY 1162790 2325580 0.418411
hsY 2325581 3488371 0.268743
hsY 3488372 4651161 0.000824
hsY 4651162 5813952 0.638119
hsY 5813953 6976743 0.229902
hsY 6976744 8139533 0.136059
hsY 8139534 9302324 0.094277
hsY 9302325 10465115 0.718730
hsY 10465116 11627905 0.000000
hsY 11627906 12790696 0.000000
hsY 12790697 13953487 0.262426
hsY 13953488 15116278 0.132332
hsY 15116279 16279068 0.276371
hsY 16279069 17441859 0.000000
hsY 17441860 18604650 0.040626
hsY 18604651 19767440 0.349397
hsY 19767441 20930231 0.092938
hsY 20930232 22093022 0.123762
hsY 22093023 23255812 0.376276
hsY 23255813 24418603 0.362826
hsY 24418604 25581394 0.412684
hsY 25581395 26744185 0.085746
hsY 26744186 27906975 0.000000
hsY 27906976 29069766 0.000000
hsY 29069767 30232557 0.000000
hsY 30232558 31395347 0.000000
hsY 31395348 32558138 0.000000
hsY 32558139 33720929 0.000000
hsY 33720930 34883719 0.000000
hsY 34883720 36046510 0.000000
hsY 36046511 37209301 0.000000
hsY 37209302 38372092 0.000000
hsY 38372093 39534882 0.000000
hsY 39534883 40697673 0.000000
hsY 40697674 41860464 0.000000
hsY 41860465 43023254 0.000000
hsY 43023255 44186045 0.000000
hsY 44186046 45348836 0.000000
hsY 45348837 46511626 0.000000
hsY 46511627 47674417 0.000000
hsY 47674418 48837208 0.000000
hsY 48837209 49999999 0.000000
hsY 50000000 51162789 0.000000
hsY 51162790 52325580 0.000000
hsY 52325581 53488371 0.000000
hsY 53488372 54651161 0.000000
hsY 54651162 55813952 0.000000
hsY 55813953 56976743 0.000000
hsY 56976744 58139533 0.077741
hs1 0 1162789 0.225529
hs1 1162790 2325580 0.807406
hs1 2325581 3488371 0.528696
hs1 3488372 4651161 0.287088
hs1 4651162 5813952 0.079593
hs1 5813953 6976743 0.814790
hs1 6976744 8139533 0.783766
hs1 8139534 9302324 0.597504
hs1 9302325 10465115 0.699875
hs1 10465116 11627905 0.561092
hs1 11627906 12790696 0.647586
hs1 12790697 13953487 0.236786
hs1 13953488 15116278 0.334671
hs1 15116279 16279068 0.801902
hs1 16279069 17441859 0.502338
hs1 17441860 18604650 0.565133
hs1 18604651 19767440 0.507847
hs1 19767441 20930231 0.412889
hs1 20930232 22093022 0.791787
hs1 22093023 23255812 0.443546
hs1 23255813 24418603 0.492267
hs1 24418604 25581394 0.461146
hs1 25581395 26744185 0.610221
hs1 26744186 27906975 0.511777
hs1 27906976 29069766 0.685884
hs1 29069767 30232557 0.344148
hs1 30232558 31395347 0.182374
hs1 31395348 32558138 0.544486
hs1 32558139 33720929 0.521545
hs1 33720930 34883719 0.620847
hs1 34883720 36046510 0.466092
hs1 36046511 37209301 0.557229
hs1 37209302 38372092 0.394522
hs1 38372093 39534882 0.286046
hs1 39534883 40697673 0.604952
hs1 40697674 41860464 0.519592
hs1 41860465 43023254 0.625711
hs1 43023255 44186045 0.533786
hs1 44186046 45348836 0.746935
hs1 45348837 46511626 0.759274
hs1 46511627 47674417 0.460318
hs1 47674418 48837208 0.301752
hs1 48837209 49999999 1.042148
hs1 50000000 51162789 0.778519
hs1 51162790 52325580 0.653334
hs1 52325581 53488371 0.740165
hs1 53488372 54651161 0.694426
hs1 54651162 55813952 0.424131
hs1 55813953 56976743 0.150092
hs1 56976744 58139533 0.932964
hs1 58139534 59302324 0.396356
hs1 59302325 60465115 0.566719
hs1 60465116 61627905 0.268641
hs1 61627906 62790696 0.647540
hs1 62790697 63953487 0.427853
hs1 63953488 65116278 0.688642
hs1 65116279 66279068 0.688261
hs1 66279069 67441859 0.756020
hs1 67441860 68604650 0.380737
hs1 68604651 69767440 0.037929
hs1 69767441 70930231 0.523532
hs1 70930232 72093022 0.572010
hs1 72093023 73255812 0.367945
hs1 73255813 74418603 0.132711
hs1 74418604 75581394 0.614369
hs1 75581395 76744185 0.754638
hs1 76744186 77906975 0.717416
hs1 77906976 79069766 0.513080
hs1 79069767 80232557 0.100661
hs1 80232558 81395347 0.000000
hs1 81395348 82558138 0.165143
hs1 82558139 83720929 0.000000
hs1 83720930 84883719 0.437941
hs1 84883720 86046510 0.656188
hs1 86046511 87209301 0.574815
hs1 87209302 88372092 0.171019
hs1 88372093 89534882 0.331479
hs1 89534883 90697673 0.302336
hs1 90697674 91860464 0.241708
hs1 91860465 93023254 0.736707
hs1 93023255 94186045 0.516924
hs1 94186046 95348836 0.434724
hs1 95348837 96511626 0.080272
hs1 96511627 97674417 0.388683
hs1 97674418 98837208 0.417004
hs1 98837209 99999999 0.310100
hs1 100000000 101162789 0.519652
hs1 101162790 102325580 0.271300
hs1 102325581 103488371 0.199547
hs1 103488372 104651161 0.149379
hs1 104651162 105813952 0.298153
hs1 105813953 106976743 0.000000
hs1 106976744 108139533 0.489099
hs1 108139534 109302324 0.510720
hs1 109302325 110465115 0.546128
hs1 110465116 111627905 0.247159
hs1 111627906 112790696 0.488225
hs1 112790697 113953487 0.496213
hs1 113953488 115116278 0.592777
hs1 115116279 116279068 0.324438
hs1 116279069 117441859 0.422815
hs1 117441860 118604650 0.509392
hs1 118604651 119767440 0.214512
hs1 119767441 120930231 0.269317
hs1 120930232 122093022 0.045389
hs1 122093023 123255812 0.000000
hs1 123255813 124418603 0.000000
hs1 124418604 125581394 0.000000
hs1 125581395 126744185 0.000000
hs1 126744186 127906975 0.000000
hs1 127906976 129069766 0.000000
hs1 129069767 130232557 0.000000
hs1 130232558 131395347 0.000000
hs1 131395348 132558138 0.000000
hs1 132558139 133720929 0.000000
hs1 133720930 134883719 0.000000
hs1 134883720 136046510 0.000000
hs1 136046511 137209301 0.000000
hs1 137209302 138372092 0.000000
hs1 138372093 139534882 0.000000
hs1 139534883 140697673 0.000000
hs1 140697674 141860464 0.000000
hs1 141860465 143023254 0.088217
hs1 143023255 144186045 0.638205
hs1 144186046 145348836 0.492826
hs1 145348837 146511626 0.345297
hs1 146511627 147674417 0.107535
hs1 147674418 148837208 0.446486
hs1 148837209 149999999 0.678980
hs1 150000000 151162789 0.199763
hs1 151162790 152325580 0.402710
hs1 152325581 153488371 0.670515
hs1 153488372 154651161 0.738250
hs1 154651162 155813952 0.447971
hs1 155813953 156976743 0.277577
hs1 156976744 158139533 0.230147
hs1 158139534 159302324 0.537155
hs1 159302325 160465115 0.598860
hs1 160465116 161627905 0.453816
hs1 161627906 162790696 0.000000
hs1 162790697 163953487 0.582228
hs1 163953488 165116278 0.239110
hs1 165116279 166279068 0.717143
hs1 166279069 167441859 0.264420
hs1 167441860 168604650 0.587188
hs1 168604651 169767440 0.359730
hs1 169767441 170930231 0.727568
hs1 170930232 172093022 0.291043
hs1 172093023 173255812 0.789983
hs1 173255813 174418603 0.669655
hs1 174418604 175581394 0.704245
hs1 175581395 176744185 0.369008
hs1 176744186 177906975 0.673555
hs1 177906976 179069766 0.715689
hs1 179069767 180232557 0.413583
hs1 180232558 181395347 0.376331
hs1 181395348 182558138 0.670982
hs1 182558139 183720929 0.637860
hs1 183720930 184883719 0.518052
hs1 184883720 186046510 0.145081
hs1 186046511 187209301 0.000000
hs1 187209302 188372092 0.033260
hs1 188372093 189534882 0.293509
hs1 189534883 190697673 0.066776
hs1 190697674 191860464 0.221963
hs1 191860465 193023254 0.000000
hs1 193023255 194186045 0.000000
hs1 194186046 195348836 0.554788
hs1 195348837 196511626 0.599521
hs1 196511627 197674417 0.157293
hs1 197674418 198837208 0.175854
hs1 198837209 199999999 0.538223
hs1 200000000 201162789 0.780219
hs1 201162790 202325580 0.366521
hs1 202325581 203488371 0.671203
hs1 203488372 204651161 0.415428
hs1 204651162 205813952 0.523771
hs1 205813953 206976743 0.379336
hs1 206976744 208139533 0.170104
hs1 208139534 209302324 0.835143
hs1 209302325 210465115 0.439136
hs1 210465116 211627905 0.556358
hs1 211627906 212790696 0.263034
hs1 212790697 213953487 0.539122
hs1 213953488 215116278 0.931331
hs1 215116279 216279068 0.600117
hs1 216279069 217441859 0.154210
hs1 217441860 218604650 0.271667
hs1 218604651 219767440 0.189854
hs1 219767441 220930231 0.146455
hs1 220930232 222093022 0.502686
hs1 222093023 223255812 0.372032
hs1 223255813 224418603 0.639499
hs1 224418604 225581394 0.615518
hs1 225581395 226744185 0.447587
hs1 226744186 227906975 0.224450
hs1 227906976 229069766 0.360702
hs1 229069767 230232557 1.083696
hs1 230232558 231395347 0.328391
hs1 231395348 232558138 0.548862
hs1 232558139 233720929 0.392132
hs1 233720930 234883719 0.619835
hs1 234883720 236046510 0.826184
hs1 236046511 237209301 0.083768
hs1 237209302 238372092 0.284344
hs1 238372093 239534882 0.847147
hs1 239534883 240697673 0.658702
hs1 240697674 241860464 0.532979
hs1 241860465 243023254 0.459225
hs1 243023255 244186045 0.808864
hs1 244186046 245348836 0.764377
hs1 245348837 246511626 0.280928
hs1 246511627 247674417 0.056340
hs19 0 1162789 0.546023
hs19 1162790 2325580 0.629334
hs19 2325581 3488371 0.678743
hs19 3488372 4651161 0.711446
hs19 4651162 5813952 0.586203
hs19 5813953 6976743 0.616737
hs19 6976744 8139533 0.570370
hs19 8139534 9302324 0.423188
hs19 9302325 10465115 0.583721
hs19 10465116 11627905 0.735249
hs19 11627906 12790696 0.484414
hs19 12790697 13953487 0.636065
hs19 13953488 15116278 0.456405
hs19 15116279 16279068 0.450549
hs19 16279069 17441859 0.758862
hs19 17441860 18604650 0.667452
hs19 18604651 19767440 0.817209
hs19 19767441 20930231 0.283542
hs19 20930232 22093022 0.359668
hs19 22093023 23255812 0.082758
hs19 23255813 24418603 0.172708
hs19 24418604 25581394 0.000000
hs19 25581395 26744185 0.000000
hs19 26744186 27906975 0.000000
hs19 27906976 29069766 0.000000
hs19 29069767 30232557 0.000000
hs19 30232558 31395347 0.000000
hs19 31395348 32558138 0.000000
hs19 32558139 33720929 0.002965
hs19 33720930 34883719 0.060944
hs19 34883720 36046510 0.245721
hs19 36046511 37209301 0.064387
hs19 37209302 38372092 0.532349
hs19 38372093 39534882 0.434481
hs19 39534883 40697673 0.381661
hs19 40697674 41860464 0.558899
hs19 41860465 43023254 0.545589
hs19 43023255 44186045 0.787517
hs19 44186046 45348836 0.412205
hs19 45348837 46511626 0.586673
hs19 46511627 47674417 0.504006
hs19 47674418 48837208 0.337720
hs19 48837209 49999999 0.492108
hs19 50000000 51162789 0.646525
hs19 51162790 52325580 0.398252
hs19 52325581 53488371 0.625682
hs19 53488372 54651161 0.718233
hs19 54651162 55813952 0.715203
hs19 55813953 56976743 0.391268
hs19 56976744 58139533 0.621361
hs19 58139534 59302324 0.476272
hs19 59302325 60465115 0.602790
hs19 60465116 61627905 0.539421
hs19 61627906 62790696 0.408891
hs19 62790697 63953487 0.461571
hs2 0 1162789 0.267953
hs2 1162790 2325580 0.842405
hs2 2325581 3488371 0.254978
hs2 3488372 4651161 0.109031
hs2 4651162 5813952 0.007499
hs2 5813953 6976743 0.080510
hs2 6976744 8139533 0.154289
hs2 8139534 9302324 0.254904
hs2 9302325 10465115 0.615663
hs2 10465116 11627905 0.430625
hs2 11627906 12790696 0.156115
hs2 12790697 13953487 0.008267
hs2 13953488 15116278 0.006328
hs2 15116279 16279068 0.380254
hs2 16279069 17441859 0.100107
hs2 17441860 18604650 0.262426
hs2 18604651 19767440 0.029774
hs2 19767441 20930231 0.349979
hs2 20930232 22093022 0.036676
hs2 22093023 23255812 0.000000
hs2 23255813 24418603 0.717648
hs2 24418604 25581394 0.623315
hs2 25581395 26744185 0.778683
hs2 26744186 27906975 0.647018
hs2 27906976 29069766 0.736524
hs2 29069767 30232557 0.754973
hs2 30232558 31395347 0.534580
hs2 31395348 32558138 0.548614
hs2 32558139 33720929 0.911093
hs2 33720930 34883719 0.001852
hs2 34883720 36046510 0.000000
hs2 36046511 37209301 0.528595
hs2 37209302 38372092 0.362616
hs2 38372093 39534882 0.621374
hs2 39534883 40697673 0.426538
hs2 40697674 41860464 0.000000
hs2 41860465 43023254 0.347847
hs2 43023255 44186045 0.614494
hs2 44186046 45348836 0.494028
hs2 45348837 46511626 0.729285
hs2 46511627 47674417 0.517534
hs2 47674418 48837208 0.494549
hs2 48837209 49999999 0.166174
hs2 50000000 51162789 0.957334
hs2 51162790 52325580 0.000000
hs2 52325581 53488371 0.000000
hs2 53488372 54651161 0.687067
hs2 54651162 55813952 0.698102
hs2 55813953 56976743 0.223762
hs2 56976744 58139533 0.010580
hs2 58139534 59302324 0.157522
hs2 59302325 60465115 0.000000
hs2 60465116 61627905 0.640163
hs2 61627906 62790696 0.302115
hs2 62790697 63953487 0.744518
hs2 63953488 65116278 0.284369
hs2 65116279 66279068 0.205822
hs2 66279069 67441859 0.118130
hs2 67441860 68604650 0.242986
hs2 68604651 69767440 0.609981
hs2 69767441 70930231 0.468169
hs2 70930232 72093022 0.443802
hs2 72093023 73255812 0.736994
hs2 73255813 74418603 0.617363
hs2 74418604 75581394 0.424031
hs2 75581395 76744185 0.114094
hs2 76744186 77906975 0.666196
hs2 77906976 79069766 0.000104
hs2 79069767 80232557 0.561957
hs2 80232558 81395347 0.429506
hs2 81395348 82558138 0.000000
hs2 82558139 83720929 0.000832
hs2 83720930 84883719 0.278719
hs2 84883720 86046510 0.517477
hs2 86046511 87209301 0.716774
hs2 87209302 88372092 0.415088
hs2 88372093 89534882 0.154858
hs2 89534883 90697673 0.000000
hs2 90697674 91860464 0.026997
hs2 91860465 93023254 0.000000
hs2 93023255 94186045 0.000000
hs2 94186046 95348836 0.201403
hs2 95348837 96511626 0.224936
hs2 96511627 97674417 0.531821
hs2 97674418 98837208 0.758357
hs2 98837209 99999999 0.821356
hs2 100000000 101162789 0.486390
hs2 101162790 102325580 0.438523
hs2 102325581 103488371 0.263919
hs2 103488372 104651161 0.067433
hs2 104651162 105813952 0.257741
hs2 105813953 106976743 0.284663
hs2 106976744 108139533 0.082670
hs2 108139534 109302324 0.558349
hs2 109302325 110465115 0.714259
hs2 110465116 111627905 0.723715
hs2 111627906 112790696 0.501164
hs2 112790697 113953487 0.415645
hs2 113953488 115116278 0.329766
hs2 115116279 116279068 0.999999
hs2 116279069 117441859 0.034164
hs2 117441860 118604650 0.118509
hs2 118604651 119767440 0.088585
hs2 119767441 120930231 0.610504
hs2 120930232 122093022 0.470699
hs2 122093023 123255812 0.045401
hs2 123255813 124418603 0.000000
hs2 124418604 125581394 0.765401
hs2 125581395 126744185 0.000000
hs2 126744186 127906975 0.178969
hs2 127906976 129069766 0.504251
hs2 129069767 130232557 0.000000
hs2 130232558 131395347 0.218030
hs2 131395348 132558138 0.336652
hs2 132558139 133720929 0.810412
hs2 133720930 134883719 0.410214
hs2 134883720 136046510 0.825530
hs2 136046511 137209301 0.314124
hs2 137209302 138372092 0.590671
hs2 138372093 139534882 0.203407
hs2 139534883 140697673 0.000000
hs2 140697674 141860464 0.993300
hs2 141860465 143023254 0.640937
hs2 143023255 144186045 0.642738
hs2 144186046 145348836 0.497826
hs2 145348837 146511626 0.113624
hs2 146511627 147674417 0.003383
hs2 147674418 148837208 0.443236
hs2 148837209 149999999 0.702278
hs2 150000000 151162789 0.065394
hs2 151162790 152325580 0.320077
hs2 152325581 153488371 0.668088
hs2 153488372 154651161 0.185728
hs2 154651162 155813952 0.451927
hs2 155813953 156976743 0.007177
hs2 156976744 158139533 0.250288
hs2 158139534 159302324 0.726157
hs2 159302325 160465115 0.701676
hs2 160465116 161627905 0.383147
hs2 161627906 162790696 0.618890
hs2 162790697 163953487 0.477246
hs2 163953488 165116278 0.160913
hs2 165116279 166279068 0.665280
hs2 166279069 167441859 0.407301
hs2 167441860 168604650 0.425141
hs2 168604651 169767440 0.729686
hs2 169767441 170930231 0.759494
hs2 170930232 172093022 0.680655
hs2 172093023 173255812 0.414193
hs2 173255813 174418603 0.461346
hs2 174418604 175581394 0.619621
hs2 175581395 176744185 0.174601
hs2 176744186 177906975 0.145778
hs2 177906976 179069766 0.943131
hs2 179069767 180232557 0.773057
hs2 180232558 181395347 0.227187
hs2 181395348 182558138 0.281656
hs2 182558139 183720929 0.659249
hs2 183720930 184883719 0.011803
hs2 184883720 186046510 0.293366
hs2 186046511 187209301 0.141156
hs2 187209302 188372092 0.285025
hs2 188372093 189534882 0.309368
hs2 189534883 190697673 0.388772
hs2 190697674 191860464 0.574459
hs2 191860465 193023254 0.349353
hs2 193023255 194186045 0.023268
hs2 194186046 195348836 0.000000
hs2 195348837 196511626 0.242393
hs2 196511627 197674417 0.770296
hs2 197674418 198837208 0.626295
hs2 198837209 199999999 0.135478
hs2 200000000 201162789 0.310297
hs2 201162790 202325580 0.852703
hs2 202325581 203488371 0.558433
hs2 203488372 204651161 0.523936
hs2 204651162 205813952 0.597866
hs2 205813953 206976743 0.607346
hs2 206976744 208139533 0.394024
hs2 208139534 209302324 0.469292
hs2 209302325 210465115 0.369989
hs2 210465116 211627905 0.506111
hs2 211627906 212790696 0.724129
hs2 212790697 213953487 0.489385
hs2 213953488 215116278 0.998939
hs2 215116279 216279068 0.373322
hs2 216279069 217441859 0.408443
hs2 217441860 218604650 0.530496
hs2 218604651 219767440 0.652785
hs2 219767441 220930231 0.242003
hs2 220930232 222093022 0.087748
hs2 222093023 223255812 0.334089
hs2 223255813 224418603 0.172605
hs2 224418604 225581394 0.452756
hs2 225581395 226744185 0.247090
hs2 226744186 227906975 0.472407
hs2 227906976 229069766 0.382004
hs2 229069767 230232557 0.472432
hs2 230232558 231395347 0.681867
hs2 231395348 232558138 0.400489
hs2 232558139 233720929 0.766879
hs2 233720930 234883719 1.063933
hs2 234883720 236046510 0.092657
hs2 236046511 237209301 0.773247
hs2 237209302 238372092 0.295121
hs2 238372093 239534882 0.388410
hs2 239534883 240697673 0.366401
hs2 240697674 241860464 0.503240
hs2 241860465 243023254 0.470267
hs8 0 1162789 0.192501
hs8 1162790 2325580 0.428256
hs8 2325581 3488371 0.608957
hs8 3488372 4651161 0.999999
hs8 4651162 5813952 0.162174
hs8 5813953 6976743 0.354004
hs8 6976744 8139533 0.290215
hs8 8139534 9302324 0.189495
hs8 9302325 10465115 0.531208
hs8 10465116 11627905 0.646614
hs8 11627906 12790696 0.300332
hs8 12790697 13953487 0.444713
hs8 13953488 15116278 0.967165
hs8 15116279 16279068 0.286438
hs8 16279069 17441859 0.343617
hs8 17441860 18604650 0.566839
hs8 18604651 19767440 0.607793
hs8 19767441 20930231 0.086151
hs8 20930232 22093022 0.268877
hs8 22093023 23255812 0.742636
hs8 23255813 24418603 0.257443
hs8 24418604 25581394 0.282207
hs8 25581395 26744185 0.416496
hs8 26744186 27906975 0.503463
hs8 27906976 29069766 0.675187
hs8 29069767 30232557 0.243263
hs8 30232558 31395347 0.483715
hs8 31395348 32558138 0.809544
hs8 32558139 33720929 0.296536
hs8 33720930 34883719 0.000000
hs8 34883720 36046510 0.480918
hs8 36046511 37209301 0.130551
hs8 37209302 38372092 0.360288
hs8 38372093 39534882 0.649516
hs8 39534883 40697673 0.454224
hs8 40697674 41860464 0.463628
hs8 41860465 43023254 0.581420
hs8 43023255 44186045 0.165364
hs8 44186046 45348836 0.000000
hs8 45348837 46511626 0.000000
hs8 46511627 47674417 0.000000
hs8 47674418 48837208 0.422336
hs8 48837209 49999999 0.241884
hs8 50000000 51162789 0.154269
hs8 51162790 52325580 0.606464
hs8 52325581 53488371 0.748644
hs8 53488372 54651161 0.129295
hs8 54651162 55813952 0.324903
hs8 55813953 56976743 0.463030
hs8 56976744 58139533 0.203733
hs8 58139534 59302324 0.137904
hs8 59302325 60465115 0.404242
hs8 60465116 61627905 0.110361
hs8 61627906 62790696 0.588388
hs8 62790697 63953487 0.541313
hs8 63953488 65116278 0.184467
hs8 65116279 66279068 0.179963
hs8 66279069 67441859 0.302005
hs8 67441860 68604650 0.693476
hs8 68604651 69767440 0.645482
hs8 69767441 70930231 0.415717
hs8 70930232 72093022 0.382754
hs8 72093023 73255812 0.374343
hs8 73255813 74418603 0.431573
hs8 74418604 75581394 0.506562
hs8 75581395 76744185 0.092328
hs8 76744186 77906975 0.192041
hs8 77906976 79069766 0.048064
hs8 79069767 80232557 0.183714
hs8 80232558 81395347 0.263030
hs8 81395348 82558138 0.374908
hs8 82558139 83720929 0.109023
hs8 83720930 84883719 0.000000
hs8 84883720 86046510 0.635219
hs8 86046511 87209301 0.222948
hs8 87209302 88372092 0.726976
hs8 88372093 89534882 0.331584
hs8 89534883 90697673 0.000000
hs8 90697674 91860464 0.180167
hs8 91860465 93023254 0.427248
hs8 93023255 94186045 0.188260
hs8 94186046 95348836 0.184823
hs8 95348837 96511626 0.416279
hs8 96511627 97674417 0.190186
hs8 97674418 98837208 0.522508
hs8 98837209 99999999 0.698474
hs8 100000000 101162789 0.866921
hs8 101162790 102325580 0.306108
hs8 102325581 103488371 0.691959
hs8 103488372 104651161 0.318020
hs8 104651162 105813952 0.763464
hs8 105813953 106976743 0.417633
hs8 106976744 108139533 0.424163
hs8 108139534 109302324 0.388801
hs8 109302325 110465115 0.198982
hs8 110465116 111627905 0.256598
hs8 111627906 112790696 0.000000
hs8 112790697 113953487 0.558353
hs8 113953488 115116278 0.485841
hs8 115116279 116279068 0.000000
hs8 116279069 117441859 0.224033
hs8 117441860 118604650 0.329247
hs8 118604651 119767440 0.655302
hs8 119767441 120930231 0.268765
hs8 120930232 122093022 0.718447
hs8 122093023 123255812 0.028991
hs8 123255813 124418603 0.339807
hs8 124418604 125581394 0.508075
hs8 125581395 126744185 0.531156
hs8 126744186 127906975 0.004972
hs8 127906976 129069766 0.206124
hs8 129069767 130232557 0.097298
hs8 130232558 131395347 0.343978
hs8 131395348 132558138 0.299574
hs8 132558139 133720929 0.523217
hs8 133720930 134883719 0.610606
hs8 134883720 136046510 0.204715
hs8 136046511 137209301 0.219920
hs8 137209302 138372092 0.000000
hs8 138372093 139534882 0.278155
hs8 139534883 140697673 0.320620
hs8 140697674 141860464 0.899493
hs8 141860465 143023254 0.346501
hs8 143023255 144186045 0.353787
hs8 144186046 145348836 0.479082
hs8 145348837 146511626 0.427403
hs6 0 1162789 0.368317
hs6 1162790 2325580 0.544674
hs6 2325581 3488371 0.402938
hs6 3488372 4651161 0.135228
hs6 4651162 5813952 0.793668
hs6 5813953 6976743 0.454650
hs6 6976744 8139533 0.518611
hs6 8139534 9302324 0.020755
hs6 9302325 10465115 0.000000
hs6 10465116 11627905 0.580124
hs6 11627906 12790696 0.232242
hs6 12790697 13953487 0.768460
hs6 13953488 15116278 0.064370
hs6 15116279 16279068 0.374208
hs6 16279069 17441859 0.457211
hs6 17441860 18604650 0.613680
hs6 18604651 19767440 0.000084
hs6 19767441 20930231 0.425195
hs6 20930232 22093022 0.630921
hs6 22093023 23255812 0.194576
hs6 23255813 24418603 0.137590
hs6 24418604 25581394 0.615407
hs6 25581395 26744185 0.413700
hs6 26744186 27906975 0.219854
hs6 27906976 29069766 0.210407
hs6 29069767 30232557 0.205893
hs6 30232558 31395347 0.357003
hs6 31395348 32558138 0.609665
hs6 32558139 33720929 0.336816
hs6 33720930 34883719 0.503264
hs6 34883720 36046510 0.745332
hs6 36046511 37209301 0.582552
hs6 37209302 38372092 0.654526
hs6 38372093 39534882 0.788556
hs6 39534883 40697673 0.520824
hs6 40697674 41860464 0.271164
hs6 41860465 43023254 0.708138
hs6 43023255 44186045 0.546144
hs6 44186046 45348836 0.584049
hs6 45348837 46511626 0.552307
hs6 46511627 47674417 0.497833
hs6 47674418 48837208 0.282250
hs6 48837209 49999999 0.162858
hs6 50000000 51162789 0.098394
hs6 51162790 52325580 0.434581
hs6 52325581 53488371 0.438799
hs6 53488372 54651161 0.434718
hs6 54651162 55813952 0.437934
hs6 55813953 56976743 0.394996
hs6 56976744 58139533 0.421083
hs6 58139534 59302324 0.035748
hs6 59302325 60465115 0.000000
hs6 60465116 61627905 0.000000
hs6 61627906 62790696 0.294872
hs6 62790697 63953487 0.226492
hs6 63953488 65116278 0.646736
hs6 65116279 66279068 0.999999
hs6 66279069 67441859 0.168883
hs6 67441860 68604650 0.000000
hs6 68604651 69767440 0.313977
hs6 69767441 70930231 0.694154
hs6 70930232 72093022 0.523657
hs6 72093023 73255812 0.449473
hs6 73255813 74418603 0.683610
hs6 74418604 75581394 0.115574
hs6 75581395 76744185 0.592245
hs6 76744186 77906975 0.081588
hs6 77906976 79069766 0.001010
hs6 79069767 80232557 0.179313
hs6 80232558 81395347 0.374244
hs6 81395348 82558138 0.006005
hs6 82558139 83720929 0.123607
hs6 83720930 84883719 0.681470
hs6 84883720 86046510 0.114484
hs6 86046511 87209301 0.147948
hs6 87209302 88372092 0.407186
hs6 88372093 89534882 0.252427
hs6 89534883 90697673 0.728723
hs6 90697674 91860464 0.376019
hs6 91860465 93023254 0.000000
hs6 93023255 94186045 0.154425
hs6 94186046 95348836 0.059684
hs6 95348837 96511626 0.027447
hs6 96511627 97674417 0.456174
hs6 97674418 98837208 0.139354
hs6 98837209 99999999 0.187718
hs6 100000000 101162789 0.304271
hs6 101162790 102325580 0.554834
hs6 102325581 103488371 0.257200
hs6 103488372 104651161 0.000000
hs6 104651162 105813952 0.275231
hs6 105813953 106976743 0.249771
hs6 106976744 108139533 0.675952
hs6 108139534 109302324 0.607579
hs6 109302325 110465115 0.625284
hs6 110465116 111627905 0.612482
hs6 111627906 112790696 0.580773
hs6 112790697 113953487 0.000000
hs6 113953488 115116278 0.056516
hs6 115116279 116279068 0.000000
hs6 116279069 117441859 0.658712
hs6 117441860 118604650 0.498363
hs6 118604651 119767440 0.687020
hs6 119767441 120930231 0.000000
hs6 120930232 122093022 0.231468
hs6 122093023 123255812 0.294084
hs6 123255813 124418603 0.636212
hs6 124418604 125581394 0.851086
hs6 125581395 126744185 0.265368
hs6 126744186 127906975 0.220554
hs6 127906976 129069766 0.668244
hs6 129069767 130232557 0.685065
hs6 130232558 131395347 0.351497
hs6 131395348 132558138 0.376981
hs6 132558139 133720929 0.350163
hs6 133720930 134883719 0.396893
hs6 134883720 136046510 0.762051
hs6 136046511 137209301 1.001750
hs6 137209302 138372092 0.169376
hs6 138372093 139534882 0.524640
hs6 139534883 140697673 0.054314
hs6 140697674 141860464 0.000000
hs6 141860465 143023254 0.294683
hs6 143023255 144186045 0.677278
hs6 144186046 145348836 0.718886
hs6 145348837 146511626 0.281777
hs6 146511627 147674417 0.538271
hs6 147674418 148837208 0.231428
hs6 148837209 149999999 0.556532
hs6 150000000 151162789 0.493746
hs6 151162790 152325580 0.765898
hs6 152325581 153488371 0.718227
hs6 153488372 154651161 0.323300
hs6 154651162 155813952 0.487624
hs6 155813953 156976743 0.004108
hs6 156976744 158139533 0.623733
hs6 158139534 159302324 0.705557
hs6 159302325 160465115 0.326961
hs6 160465116 161627905 0.590133
hs6 161627906 162790696 0.947821
hs6 162790697 163953487 0.898643
hs6 163953488 165116278 0.000000
hs6 165116279 166279068 0.332228
hs6 166279069 167441859 0.533328
hs6 167441860 168604650 0.291546
hs6 168604651 169767440 0.354683
hs6 169767441 170930231 0.278768
hs14 0 1162789 0.000000
hs14 1162790 2325580 0.000000
hs14 2325581 3488371 0.000000
hs14 3488372 4651161 0.000000
hs14 4651162 5813952 0.000000
hs14 5813953 6976743 0.000000
hs14 6976744 8139533 0.000000
hs14 8139534 9302324 0.000000
hs14 9302325 10465115 0.000000
hs14 10465116 11627905 0.000000
hs14 11627906 12790696 0.000000
hs14 12790697 13953487 0.000000
hs14 13953488 15116278 0.000000
hs14 15116279 16279068 0.000000
hs14 16279069 17441859 0.000000
hs14 17441860 18604650 0.000845
hs14 18604651 19767440 0.070123
hs14 19767441 20930231 0.354134
hs14 20930232 22093022 0.100827
hs14 22093023 23255812 0.393052
hs14 23255813 24418603 0.354309
hs14 24418604 25581394 0.146486
hs14 25581395 26744185 0.130611
hs14 26744186 27906975 0.000000
hs14 27906976 29069766 0.021222
hs14 29069767 30232557 0.415569
hs14 30232558 31395347 0.662162
hs14 31395348 32558138 0.578157
hs14 32558139 33720929 0.698200
hs14 33720930 34883719 0.471639
hs14 34883720 36046510 0.326024
hs14 36046511 37209301 0.760610
hs14 37209302 38372092 0.006298
hs14 38372093 39534882 0.227787
hs14 39534883 40697673 0.000000
hs14 40697674 41860464 0.255413
hs14 41860465 43023254 0.000000
hs14 43023255 44186045 0.002708
hs14 44186046 45348836 0.279962
hs14 45348837 46511626 0.115120
hs14 46511627 47674417 0.603816
hs14 47674418 48837208 0.000000
hs14 48837209 49999999 0.502151
hs14 50000000 51162789 0.569648
hs14 51162790 52325580 0.564814
hs14 52325581 53488371 0.185020
hs14 53488372 54651161 0.429989
hs14 54651162 55813952 0.428559
hs14 55813953 56976743 0.284470
hs14 56976744 58139533 0.454204
hs14 58139534 59302324 0.401975
hs14 59302325 60465115 0.419566
hs14 60465116 61627905 0.488863
hs14 61627906 62790696 0.400566
hs14 62790697 63953487 0.699961
hs14 63953488 65116278 0.559682
hs14 65116279 66279068 0.353282
hs14 66279069 67441859 0.878316
hs14 67441860 68604650 0.705332
hs14 68604651 69767440 0.660714
hs14 69767441 70930231 0.379582
hs14 70930232 72093022 0.718512
hs14 72093023 73255812 0.742087
hs14 73255813 74418603 0.667275
hs14 74418604 75581394 0.783410
hs14 75581395 76744185 0.385097
hs14 76744186 77906975 0.516099
hs14 77906976 79069766 0.971733
hs14 79069767 80232557 0.469035
hs14 80232558 81395347 0.571185
hs14 81395348 82558138 0.000000
hs14 82558139 83720929 0.000000
hs14 83720930 84883719 0.000000
hs14 84883720 86046510 0.084094
hs14 86046511 87209301 0.000000
hs14 87209302 88372092 0.514926
hs14 88372093 89534882 0.607799
hs14 89534883 90697673 0.657613
hs14 90697674 91860464 0.665655
hs14 91860465 93023254 0.787177
hs14 93023255 94186045 0.587771
hs14 94186046 95348836 0.291719
hs14 95348837 96511626 0.376546
hs14 96511627 97674417 0.045164
hs14 97674418 98837208 0.093179
hs14 98837209 99999999 0.613988
hs14 100000000 101162789 0.160718
hs14 101162790 102325580 0.690970
hs14 102325581 103488371 0.603125
hs14 103488372 104651161 0.344639
hs14 104651162 105813952 0.258951
hs14 105813953 106976743 0.011846
hs17 0 1162789 0.687433
hs17 1162790 2325580 0.853063
hs17 2325581 3488371 0.498495
hs17 3488372 4651161 0.730111
hs17 4651162 5813952 0.496181
hs17 5813953 6976743 0.381514
hs17 6976744 8139533 0.626406
hs17 8139534 9302324 0.713551
hs17 9302325 10465115 0.715940
hs17 10465116 11627905 0.515590
hs17 11627906 12790696 0.505182
hs17 12790697 13953487 0.188193
hs17 13953488 15116278 0.158016
hs17 15116279 16279068 0.568970
hs17 16279069 17441859 0.543126
hs17 17441860 18604650 0.675563
hs17 18604651 19767440 0.559196
hs17 19767441 20930231 0.395503
hs17 20930232 22093022 0.174754
hs17 22093023 23255812 0.213688
hs17 23255813 24418603 0.624013
hs17 24418604 25581394 0.816660
hs17 25581395 26744185 0.673139
hs17 26744186 27906975 0.488784
hs17 27906976 29069766 0.899854
hs17 29069767 30232557 0.443606
hs17 30232558 31395347 0.594307
hs17 31395348 32558138 0.364692
hs17 32558139 33720929 0.573634
hs17 33720930 34883719 0.663161
hs17 34883720 36046510 0.598950
hs17 36046511 37209301 0.248285
hs17 37209302 38372092 0.707877
hs17 38372093 39534882 0.547775
hs17 39534883 40697673 0.583215
hs17 40697674 41860464 0.583986
hs17 41860465 43023254 0.618592
hs17 43023255 44186045 0.552951
hs17 44186046 45348836 0.480333
hs17 45348837 46511626 0.506361
hs17 46511627 47674417 0.622880
hs17 47674418 48837208 0.000000
hs17 48837209 49999999 0.002009
hs17 50000000 51162789 0.321373
hs17 51162790 52325580 0.364496
hs17 52325581 53488371 0.522279
hs17 53488372 54651161 0.787595
hs17 54651162 55813952 0.680396
hs17 55813953 56976743 0.791953
hs17 56976744 58139533 0.567660
hs17 58139534 59302324 0.733039
hs17 59302325 60465115 0.619651
hs17 60465116 61627905 0.600297
hs17 61627906 62790696 0.698710
hs17 62790697 63953487 0.664403
hs17 63953488 65116278 0.553181
hs17 65116279 66279068 0.060915
hs17 66279069 67441859 0.000000
hs17 67441860 68604650 0.388867
hs17 68604651 69767440 0.473197
hs17 69767441 70930231 0.640957
hs17 70930232 72093022 0.779927
hs17 72093023 73255812 0.433824
hs17 73255813 74418603 0.553708
hs17 74418604 75581394 0.478429
hs17 75581395 76744185 0.859886
hs17 76744186 77906975 0.610754
hs17 77906976 79069766 0.524603
hs21 0 1162789 0.000000
hs21 1162790 2325580 0.000000
hs21 2325581 3488371 0.000000
hs21 3488372 4651161 0.000000
hs21 4651162 5813952 0.000000
hs21 5813953 6976743 0.000000
hs21 6976744 8139533 0.000000
hs21 8139534 9302324 0.000000
hs21 9302325 10465115 0.376389
hs21 10465116 11627905 0.000000
hs21 11627906 12790696 0.000000
hs21 12790697 13953487 0.095885
hs21 13953488 15116278 0.217595
hs21 15116279 16279068 0.217971
hs21 16279069 17441859 0.463979
hs21 17441860 18604650 0.187035
hs21 18604651 19767440 0.080144
hs21 19767441 20930231 0.000000
hs21 20930232 22093022 0.516943
hs21 22093023 23255812 0.000000
hs21 23255813 24418603 0.000000
hs21 24418604 25581394 0.000000
hs21 25581395 26744185 0.426385
hs21 26744186 27906975 0.142234
hs21 27906976 29069766 0.034178
hs21 29069767 30232557 0.725724
hs21 30232558 31395347 0.016424
hs21 31395348 32558138 0.617416
hs21 32558139 33720929 0.482813
hs21 33720930 34883719 0.611746
hs21 34883720 36046510 0.301710
hs21 36046511 37209301 0.506627
hs21 37209302 38372092 0.641153
hs21 38372093 39534882 0.451364
hs21 39534883 40697673 0.633235
hs21 40697674 41860464 0.635329
hs21 41860465 43023254 0.572871
hs21 43023255 44186045 0.466018
hs21 44186046 45348836 0.665357
hs21 45348837 46511626 0.503177
hs21 46511627 47674417 0.275833
