hsX 0 12499999 0.329651
hsX 12500000 24999999 0.440729
hsX 25000000 37499999 0.354294
hsX 37500000 49999999 0.361835
hsX 50000000 62499999 0.182659
hsX 62500000 74999999 0.401885
hsX 75000000 87499999 0.215135
hsX 87500000 99999999 0.204484
hsX 100000000 112499999 0.490151
hsX 112500000 124999999 0.281233
hsX 125000000 137499999 0.252881
hsX 137500000 149999999 0.184781
hsX 150000000 162499999 0.167344
hs12 0 12499999 0.570961
hs12 12500000 24999999 0.440997
hs12 25000000 37499999 0.307860
hs12 37500000 49999999 0.498636
hs12 50000000 62499999 0.349693
hs12 62500000 74999999 0.343500
hs12 75000000 87499999 0.392796
hs12 87500000 99999999 0.356968
hs12 100000000 112499999 0.580427
hs12 112500000 124999999 0.517652
hs12 125000000 137499999 0.235298
hs11 0 12499999 0.523311
hs11 12500000 24999999 0.488871
hs11 25000000 37499999 0.360513
hs11 37500000 49999999 0.268733
hs11 50000000 62499999 0.233747
hs11 62500000 74999999 0.569838
hs11 75000000 87499999 0.502644
hs11 87500000 99999999 0.369711
hs11 100000000 112499999 0.395536
hs11 112500000 124999999 0.434569
hs11 125000000 137499999 0.365238
hs22 0 12499999 0.000000
hs22 12500000 24999999 0.432195
hs22 25000000 37499999 0.569131
hs22 37500000 49999999 0.534585
hs10 0 12499999 0.316525
hs10 12500000 24999999 0.575884
hs10 25000000 37499999 0.416552
hs10 37500000 49999999 0.226870
hs10 50000000 62499999 0.411658
hs10 62500000 74999999 0.561032
hs10 75000000 87499999 0.433633
hs10 87500000 99999999 0.595047
hs10 100000000 112499999 0.476082
hs10 112500000 124999999 0.467860
hs10 125000000 137499999 0.323092
hs7 0 12499999 0.467580
hs7 12500000 24999999 0.375039
hs7 25000000 37499999 0.514717
hs7 37500000 49999999 0.433955
hs7 50000000 62499999 0.132690
hs7 62500000 74999999 0.457168
hs7 75000000 87499999 0.487071
hs7 87500000 99999999 0.433823
hs7 100000000 112499999 0.580260
hs7 112500000 124999999 0.340357
hs7 125000000 137499999 0.552323
hs7 137500000 149999999 0.492746
hs7 150000000 162499999 0.378826
hs4 0 12499999 0.468271
hs4 12500000 24999999 0.329364
hs4 25000000 37499999 0.139911
hs4 37500000 49999999 0.450353
hs4 50000000 62499999 0.208232
hs4 62500000 74999999 0.260539
hs4 75000000 87499999 0.452388
hs4 87500000 99999999 0.549670
hs4 100000000 112499999 0.385635
hs4 112500000 124999999 0.334580
hs4 125000000 137499999 0.089502
hs4 137500000 149999999 0.384960
hs4 150000000 162499999 0.325099
hs4 162500000 174999999 0.445688
hs4 175000000 187499999 0.293563
hs4 187500000 199999999 0.022240
hs16 0 12499999 0.582225
hs16 12500000 24999999 0.501720
hs16 25000000 37499999 0.250209
hs16 37500000 49999999 0.164592
hs16 50000000 62499999 0.263532
hs16 62500000 74999999 0.494137
hs16 75000000 87499999 0.483026
hs16 87500000 99999999 0.068869
hs20 0 12499999 0.379349
hs20 12500000 24999999 0.490715
hs20 25000000 37499999 0.434276
hs20 37500000 49999999 0.468938
hs20 50000000 62499999 0.362755
hs13 0 12499999 0.000000
hs13 12500000 24999999 0.217881
hs13 25000000 37499999 0.492778
hs13 37500000 49999999 0.433488
hs13 50000000 62499999 0.166094
hs13 62500000 74999999 0.244616
hs13 75000000 87499999 0.154801
hs13 87500000 99999999 0.519397
hs13 100000000 112499999 0.336236
hs13 112500000 124999999 0.078946
hs18 0 12499999 0.408344
hs18 12500000 24999999 0.371883
hs18 25000000 37499999 0.379495
hs18 37500000 49999999 0.404878
hs18 50000000 62499999 0.315005
hs18 62500000 74999999 0.215801
hs18 75000000 87499999 0.057859
hs3 0 12499999 0.471872
hs3 12500000 24999999 0.413553
hs3 25000000 37499999 0.344137
hs3 37500000 49999999 0.586120
hs3 50000000 62499999 0.738630
hs3 62500000 74999999 0.449987
hs3 75000000 87499999 0.266299
hs3 87500000 99999999 0.154464
hs3 100000000 112499999 0.322669
hs3 112500000 124999999 0.572939
hs3 125000000 137499999 0.585854
hs3 137500000 149999999 0.361147
hs3 150000000 162499999 0.452131
hs3 162500000 174999999 0.350296
hs3 175000000 187499999 0.409537
hs3 187500000 199999999 0.432685
hs9 0 12499999 0.462272
hs9 12500000 24999999 0.364593
hs9 25000000 37499999 0.353390
hs9 37500000 49999999 0.103565
hs9 50000000 62499999 0.000000
hs9 62500000 74999999 0.262636
hs9 75000000 87499999 0.285698
hs9 87500000 99999999 0.425483
hs9 100000000 112499999 0.361066
hs9 112500000 124999999 0.518690
hs9 125000000 137499999 0.609681
hs9 137500000 149999999 0.144723
hs15 0 12499999 0.000000
hs15 12500000 24999999 0.140648
hs15 25000000 37499999 0.420568
hs15 37500000 49999999 0.608116
hs15 50000000 62499999 0.526727
hs15 62500000 74999999 0.600677
hs15 75000000 87499999 0.480022
hs15 87500000 99999999 0.347425
hs15 100000000 112499999 0.008333
hs5 0 12499999 0.319572
hs5 12500000 24999999 0.332338
hs5 25000000 37499999 0.253120
hs5 37500000 49999999 0.256657
hs5 50000000 62499999 0.402419
hs5 62500000 74999999 0.510235
hs5 75000000 87499999 0.417843
hs5 87500000 99999999 0.313504
hs5 100000000 112499999 0.303227
hs5 112500000 124999999 0.237966
hs5 125000000 137499999 0.419919
hs5 137500000 149999999 0.890209
hs5 150000000 162499999 0.335896
hs5 162500000 174999999 0.366212
hs5 175000000 187499999 0.241538
hsY 0 12499999 0.242239
hsY 12500000 24999999 0.190239
hsY 25000000 37499999 0.043750
hsY 37500000 49999999 0.000000
hsY 50000000 62499999 0.007232
hs1 0 12499999 0.552585
hs1 12500000 24999999 0.506807
hs1 25000000 37499999 0.492433
hs1 37500000 49999999 0.578674
hs1 50000000 62499999 0.567993
hs1 62500000 74999999 0.482139
hs1 75000000 87499999 0.393236
hs1 87500000 99999999 0.351398
hs1 100000000 112499999 0.341957
hs1 112500000 124999999 0.271458
hs1 125000000 137499999 0.000000
hs1 137500000 149999999 0.260237
hs1 150000000 162499999 0.423885
hs1 162500000 174999999 0.512369
hs1 175000000 187499999 0.459953
hs1 187500000 199999999 0.245692
hs1 200000000 212499999 0.481713
hs1 212500000 224999999 0.450175
hs1 225000000 237499999 0.489354
hs1 237500000 249999999 0.436549
hs19 0 12499999 0.595221
hs19 12500000 24999999 0.451350
hs19 25000000 37499999 0.034792
hs19 37500000 49999999 0.518438
hs19 50000000 62499999 0.561235
hs19 62500000 74999999 0.053227
hs2 0 12499999 0.293953
hs2 12500000 24999999 0.203979
hs2 25000000 37499999 0.552833
hs2 37500000 49999999 0.428781
hs2 50000000 62499999 0.338617
hs2 62500000 74999999 0.445047
hs2 75000000 87499999 0.319450
hs2 87500000 99999999 0.291611
hs2 100000000 112499999 0.391523
hs2 112500000 124999999 0.345470
hs2 125000000 137499999 0.368667
hs2 137500000 149999999 0.446627
hs2 150000000 162499999 0.391538
hs2 162500000 174999999 0.523086
hs2 175000000 187499999 0.382805
hs2 187500000 199999999 0.333745
hs2 200000000 212499999 0.526896
hs2 212500000 224999999 0.435738
hs2 225000000 237499999 0.526641
hs2 237500000 249999999 0.188227
hs8 0 12499999 0.431244
hs8 12500000 24999999 0.432751
hs8 25000000 37499999 0.400871
hs8 37500000 49999999 0.310573
hs8 50000000 62499999 0.336847
hs8 62500000 74999999 0.442664
hs8 75000000 87499999 0.220679
hs8 87500000 99999999 0.350197
hs8 100000000 112499999 0.430944
hs8 112500000 124999999 0.359698
hs8 125000000 137499999 0.306201
hs8 137500000 149999999 0.288841
hs6 0 12499999 0.376857
hs6 12500000 24999999 0.376677
hs6 25000000 37499999 0.424254
hs6 37500000 49999999 0.504636
hs6 50000000 62499999 0.254988
hs6 62500000 74999999 0.471866
hs6 75000000 87499999 0.214132
hs6 87500000 99999999 0.259456
hs6 100000000 112499999 0.426730
hs6 112500000 124999999 0.345898
hs6 125000000 137499999 0.515252
hs6 137500000 149999999 0.366314
hs6 150000000 162499999 0.533685
hs6 162500000 174999999 0.273414
hs14 0 12499999 0.000000
hs14 12500000 24999999 0.132072
hs14 25000000 37499999 0.378065
hs14 37500000 49999999 0.185419
hs14 50000000 62499999 0.415430
hs14 62500000 74999999 0.626741
hs14 75000000 87499999 0.334539
hs14 87500000 99999999 0.485114
hs14 100000000 112499999 0.192581
hs17 0 12499999 0.604752
hs17 12500000 24999999 0.433075
hs17 25000000 37499999 0.577006
hs17 37500000 49999999 0.468473
hs17 50000000 62499999 0.606456
hs17 62500000 74999999 0.476690
hs17 75000000 87499999 0.192212
hs21 0 12499999 0.035013
hs21 12500000 24999999 0.165540
hs21 25000000 37499999 0.377626
hs21 37500000 49999999 0.432569
