hsX 0 1315788 0.100144
hsX 1315789 2631577 0.492621
hsX 2631578 3947367 0.345169
hsX 3947368 5263156 0.000000
hsX 5263157 6578946 0.258496
hsX 6578947 7894735 0.201662
hsX 7894736 9210525 0.171065
hsX 9210526 10526314 0.624832
hsX 10526315 11842104 0.608243
hsX 11842105 13157893 0.541627
hsX 13157894 14473683 0.274717
hsX 14473684 15789472 0.579096
hsX 15789473 17105262 0.374838
hsX 17105263 18421051 0.516929
hsX 18421052 19736841 0.766047
hsX 19736842 21052630 0.291747
hsX 21052631 22368420 0.497859
hsX 22368421 23684209 0.093145
hsX 23684210 24999999 0.580378
hsX 25000000 26315788 0.004258
hsX 26315789 27631577 0.004444
hsX 27631578 28947367 0.343721
hsX 28947368 30263156 0.732386
hsX 30263157 31578946 0.525004
hsX 31578947 32894735 1.000000
hsX 32894736 34210525 0.285374
hsX 34210526 35526314 0.024585
hsX 35526315 36842104 0.245734
hsX 36842105 38157893 0.470965
hsX 38157894 39473683 0.106625
hsX 39473684 40789472 0.197901
hsX 40789473 42105262 0.469986
hsX 42105263 43421051 0.016394
hsX 43421052 44736841 0.415128
hsX 44736842 46052630 0.131252
hsX 46052631 47368420 0.535336
hsX 47368421 48684209 0.338369
hsX 48684210 49999999 0.955763
hsX 50000000 51315788 0.311499
hsX 51315789 52631577 0.205722
hsX 52631578 53947367 0.371242
hsX 53947368 55263156 0.505932
hsX 55263157 56578946 0.087782
hsX 56578947 57894735 0.246007
hsX 57894736 59210525 0.003954
hsX 59210526 60526314 0.000000
hsX 60526315 61842104 0.000000
hsX 61842105 63157893 0.219804
hsX 63157894 64473683 0.203510
hsX 64473684 65789472 0.197109
hsX 65789473 67105262 0.136988
hsX 67105263 68421051 0.395700
hsX 68421052 69736841 0.625969
hsX 69736842 71052630 0.483320
hsX 71052631 72368420 0.599156
hsX 72368421 73684209 0.565808
hsX 73684210 74999999 0.393672
hsX 75000000 76315788 0.006880
hsX 76315789 77631577 0.446722
hsX 77631578 78947367 0.028631
hsX 78947368 80263156 0.208524
hsX 80263157 81578946 0.135038
hsX 81578947 82894735 0.001146
hsX 82894736 84210525 0.308080
hsX 84210526 85526314 0.452546
hsX 85526315 86842104 0.456216
hsX 86842105 88157893 0.005745
hsX 88157894 89473683 0.000717
hsX 89473684 90789472 0.003030
hsX 90789473 92105262 0.641413
hsX 92105263 93421051 0.031114
hsX 93421052 94736841 0.000000
hsX 94736842 96052630 0.173791
hsX 96052631 97368420 0.524113
hsX 97368421 98684209 0.061526
hsX 98684210 99999999 0.501149
hsX 100000000 101315788 0.395036
hsX 101315789 102631577 0.422609
hsX 102631578 103947367 0.336682
hsX 103947368 105263156 0.831788
hsX 105263157 106578946 0.422448
hsX 106578947 107894735 0.640245
hsX 107894736 109210525 0.220088
hsX 109210526 110526314 0.691763
hsX 110526315 111842104 0.645657
hsX 111842105 113157893 0.050114
hsX 113157894 114473683 0.368730
hsX 114473684 115789472 0.091531
hsX 115789473 117105262 0.143989
hsX 117105263 118421051 0.396373
hsX 118421052 119736841 0.380678
hsX 119736842 121052630 0.340504
hsX 121052631 122368420 0.169210
hsX 122368421 123684209 0.597430
hsX 123684210 124999999 0.183265
hsX 125000000 126315788 0.006154
hsX 126315789 127631577 0.001095
hsX 127631578 128947367 0.191664
hsX 128947368 130263156 0.461542
hsX 130263157 131578946 0.280037
hsX 131578947 132894735 0.646979
hsX 132894736 134210525 0.298554
hsX 134210526 135526314 0.404537
hsX 135526315 136842104 0.111807
hsX 136842105 138157893 0.438097
hsX 138157894 139473683 0.212216
hsX 139473684 140789472 0.043761
hsX 140789473 142105262 0.030909
hsX 142105263 143421051 0.024872
hsX 143421052 144736841 0.014501
hsX 144736842 146052630 0.001302
hsX 146052631 147368420 0.075024
hsX 147368421 148684209 0.491832
hsX 148684210 149999999 0.422905
hsX 150000000 151315788 0.324065
hsX 151315789 152631577 0.287233
hsX 152631578 153947367 0.693016
hsX 153947368 155263156 0.285450
hs12 0 1315788 0.823952
hs12 1315789 2631577 0.851231
hs12 2631578 3947367 0.574681
hs12 3947368 5263156 0.275618
hs12 5263157 6578946 0.660142
hs12 6578947 7894735 0.541698
hs12 7894736 9210525 0.385160
hs12 9210526 10526314 0.324303
hs12 10526315 11842104 0.684548
hs12 11842105 13157893 0.589648
hs12 13157894 14473683 0.386196
hs12 14473684 15789472 0.648288
hs12 15789473 17105262 0.271890
hs12 17105263 18421051 0.094715
hs12 18421052 19736841 0.499094
hs12 19736842 21052630 0.361562
hs12 21052631 22368420 0.607682
hs12 22368421 23684209 0.212555
hs12 23684210 24999999 0.820640
hs12 25000000 26315788 0.410559
hs12 26315789 27631577 0.667817
hs12 27631578 28947367 0.374753
hs12 28947368 30263156 0.383834
hs12 30263157 31578946 0.313296
hs12 31578947 32894735 0.548348
hs12 32894736 34210525 0.088724
hs12 34210526 35526314 0.000000
hs12 35526315 36842104 0.000000
hs12 36842105 38157893 0.316583
hs12 38157894 39473683 0.578165
hs12 39473684 40789472 0.524690
hs12 40789473 42105262 0.346221
hs12 42105263 43421051 0.749724
hs12 43421052 44736841 0.555804
hs12 44736842 46052630 0.148158
hs12 46052631 47368420 0.311180
hs12 47368421 48684209 0.578217
hs12 48684210 49999999 0.765634
hs12 50000000 51315788 0.482098
hs12 51315789 52631577 0.431227
hs12 52631578 53947367 0.366791
hs12 53947368 55263156 0.459120
hs12 55263157 56578946 0.552915
hs12 56578947 57894735 0.048591
hs12 57894736 59210525 0.070136
hs12 59210526 60526314 0.104886
hs12 60526315 61842104 0.700745
hs12 61842105 63157893 0.505516
hs12 63157894 64473683 0.401829
hs12 64473684 65789472 0.492999
hs12 65789473 67105262 0.100134
hs12 67105263 68421051 0.397326
hs12 68421052 69736841 0.503446
hs12 69736842 71052630 0.457858
hs12 71052631 72368420 0.222724
hs12 72368421 73684209 0.002792
hs12 73684210 74999999 0.284196
hs12 75000000 76315788 0.278338
hs12 76315789 77631577 0.290109
hs12 77631578 78947367 0.645257
hs12 78947368 80263156 0.618822
hs12 80263157 81578946 0.411407
hs12 81578947 82894735 0.339821
hs12 82894736 84210525 0.225300
hs12 84210526 85526314 0.516037
hs12 85526315 86842104 0.176565
hs12 86842105 88157893 0.229902
hs12 88157894 89473683 0.142198
hs12 89473684 90789472 0.074675
hs12 90789473 92105262 0.168082
hs12 92105263 93421051 0.463222
hs12 93421052 94736841 0.459251
hs12 94736842 96052630 0.399415
hs12 96052631 97368420 0.052378
hs12 97368421 98684209 0.913167
hs12 98684210 99999999 0.718808
hs12 100000000 101315788 0.509958
hs12 101315789 102631577 0.368783
hs12 102631578 103947367 0.733194
hs12 103947368 105263156 0.265641
hs12 105263157 106578946 0.898577
hs12 106578947 107894735 0.416502
hs12 107894736 109210525 0.670454
hs12 109210526 110526314 0.702522
hs12 110526315 111842104 0.647508
hs12 111842105 113157893 0.414637
hs12 113157894 114473683 0.052004
hs12 114473684 115789472 0.366846
hs12 115789473 117105262 0.784771
hs12 117105263 118421051 0.465489
hs12 118421052 119736841 0.642727
hs12 119736842 121052630 0.698183
hs12 121052631 122368420 0.750543
hs12 122368421 123684209 0.606743
hs12 123684210 124999999 0.436669
hs12 125000000 126315788 0.023032
hs12 126315789 127631577 0.238395
hs12 127631578 128947367 0.847978
hs12 128947368 130263156 0.352653
hs12 130263157 131578946 0.395323
hs12 131578947 132894735 0.377946
hs11 0 1315788 0.537328
hs11 1315789 2631577 0.673318
hs11 2631578 3947367 0.645745
hs11 3947368 5263156 0.197506
hs11 5263157 6578946 0.292340
hs11 6578947 7894735 0.446498
hs11 7894736 9210525 0.679668
hs11 9210526 10526314 0.689984
hs11 10526315 11842104 0.420373
hs11 11842105 13157893 0.601689
hs11 13157894 14473683 0.518942
hs11 14473684 15789472 0.403607
hs11 15789473 17105262 0.608225
hs11 17105263 18421051 0.578297
hs11 18421052 19736841 0.585910
hs11 19736842 21052630 0.736822
hs11 21052631 22368420 0.480886
hs11 22368421 23684209 0.119688
hs11 23684210 24999999 0.398900
hs11 25000000 26315788 0.050387
hs11 26315789 27631577 0.588429
hs11 27631578 28947367 0.322863
hs11 28947368 30263156 0.008351
hs11 30263157 31578946 0.421698
hs11 31578947 32894735 0.412074
hs11 32894736 34210525 0.533046
hs11 34210526 35526314 0.535810
hs11 35526315 36842104 0.552214
hs11 36842105 38157893 0.000000
hs11 38157894 39473683 0.000000
hs11 39473684 40789472 0.136734
hs11 40789473 42105262 0.000000
hs11 42105263 43421051 0.088632
hs11 43421052 44736841 0.421749
hs11 44736842 46052630 0.466352
hs11 46052631 47368420 0.783656
hs11 47368421 48684209 0.415668
hs11 48684210 49999999 0.240175
hs11 50000000 51315788 0.023706
hs11 51315789 52631577 0.000708
hs11 52631578 53947367 0.000000
hs11 53947368 55263156 0.012732
hs11 55263157 56578946 0.317488
hs11 56578947 57894735 0.390870
hs11 57894736 59210525 0.264662
hs11 59210526 60526314 0.386355
hs11 60526315 61842104 0.483856
hs11 61842105 63157893 0.590631
hs11 63157894 64473683 0.676592
hs11 64473684 65789472 0.560763
hs11 65789473 67105262 0.645106
hs11 67105263 68421051 0.518995
hs11 68421052 69736841 0.193632
hs11 69736842 71052630 0.639515
hs11 71052631 72368420 0.616685
hs11 72368421 73684209 0.766355
hs11 73684210 74999999 0.545403
hs11 75000000 76315788 0.551758
hs11 76315789 77631577 0.737805
hs11 77631578 78947367 0.836914
hs11 78947368 80263156 0.000000
hs11 80263157 81578946 0.000000
hs11 81578947 82894735 0.274248
hs11 82894736 84210525 1.000000
hs11 84210526 85526314 0.855305
hs11 85526315 86842104 0.508511
hs11 86842105 88157893 0.294010
hs11 88157894 89473683 0.583606
hs11 89473684 90789472 0.061482
hs11 90789473 92105262 0.289069
hs11 92105263 93421051 0.443304
hs11 93421052 94736841 0.410689
hs11 94736842 96052630 0.425618
hs11 96052631 97368420 0.000000
hs11 97368421 98684209 0.218219
hs11 98684210 99999999 0.796840
hs11 100000000 101315788 0.447172
hs11 101315789 102631577 0.496700
hs11 102631578 103947367 0.367806
hs11 103947368 105263156 0.279978
hs11 105263157 106578946 0.371057
hs11 106578947 107894735 0.639132
hs11 107894736 109210525 0.271876
hs11 109210526 110526314 0.240505
hs11 110526315 111842104 0.519640
hs11 111842105 113157893 0.385591
hs11 113157894 114473683 0.351238
hs11 114473684 115789472 0.251482
hs11 115789473 117105262 0.648814
hs11 117105263 118421051 0.549782
hs11 118421052 119736841 0.388061
hs11 119736842 121052630 0.616282
hs11 121052631 122368420 0.295589
hs11 122368421 123684209 0.251154
hs11 123684210 124999999 0.514142
hs11 125000000 126315788 0.709591
hs11 126315789 127631577 0.045743
hs11 127631578 128947367 0.473245
hs11 128947368 130263156 0.348959
hs11 130263157 131578946 0.654970
hs11 131578947 132894735 0.940600
hs11 132894736 134210525 0.296654
hs22 0 1315788 0.000000
hs22 1315789 2631577 0.000000
hs22 2631578 3947367 0.000000
hs22 3947368 5263156 0.000000
hs22 5263157 6578946 0.000000
hs22 6578947 7894735 0.000000
hs22 7894736 9210525 0.000000
hs22 9210526 10526314 0.000000
hs22 10526315 11842104 0.000000
hs22 11842105 13157893 0.000000
hs22 13157894 14473683 0.000000
hs22 14473684 15789472 0.092497
hs22 15789473 17105262 0.565542
hs22 17105263 18421051 0.584464
hs22 18421052 19736841 0.461213
hs22 19736842 21052630 0.346501
hs22 21052631 22368420 0.361093
hs22 22368421 23684209 0.732626
hs22 23684210 24999999 0.961916
hs22 25000000 26315788 0.321210
hs22 26315789 27631577 0.775086
hs22 27631578 28947367 0.718816
hs22 28947368 30263156 0.617856
hs22 30263157 31578946 0.739950
hs22 31578947 32894735 0.655780
hs22 32894736 34210525 0.110821
hs22 34210526 35526314 0.560020
hs22 35526315 36842104 0.529959
hs22 36842105 38157893 0.554168
hs22 38157894 39473683 0.773476
hs22 39473684 40789472 0.698936
hs22 40789473 42105262 0.564313
hs22 42105263 43421051 0.590460
hs22 43421052 44736841 0.749867
hs22 44736842 46052630 0.718565
hs22 46052631 47368420 0.087398
hs22 47368421 48684209 0.224015
hs22 48684210 49999999 0.494605
hs10 0 1315788 0.664862
hs10 1315789 2631577 0.368057
hs10 2631578 3947367 0.086349
hs10 3947368 5263156 0.159202
hs10 5263157 6578946 0.430128
hs10 6578947 7894735 0.409435
hs10 7894736 9210525 0.166879
hs10 9210526 10526314 0.000000
hs10 10526315 11842104 0.401304
hs10 11842105 13157893 0.715393
hs10 13157894 14473683 0.720808
hs10 14473684 15789472 0.653358
hs10 15789473 17105262 0.460420
hs10 17105263 18421051 0.763000
hs10 18421052 19736841 0.399761
hs10 19736842 21052630 0.352446
hs10 21052631 22368420 0.673905
hs10 22368421 23684209 0.328540
hs10 23684210 24999999 0.724044
hs10 25000000 26315788 0.530969
hs10 26315789 27631577 0.652411
hs10 27631578 28947367 0.478021
hs10 28947368 30263156 0.244423
hs10 30263157 31578946 0.250467
hs10 31578947 32894735 0.441665
hs10 32894736 34210525 0.409922
hs10 34210526 35526314 0.651142
hs10 35526315 36842104 0.263863
hs10 36842105 38157893 0.081101
hs10 38157894 39473683 0.181088
hs10 39473684 40789472 0.000000
hs10 40789473 42105262 0.000000
hs10 42105263 43421051 0.350920
hs10 43421052 44736841 0.033850
hs10 44736842 46052630 0.491430
hs10 46052631 47368420 0.229706
hs10 47368421 48684209 0.252122
hs10 48684210 49999999 0.569413
hs10 50000000 51315788 0.663592
hs10 51315789 52631577 0.628917
hs10 52631578 53947367 0.836970
hs10 53947368 55263156 0.028074
hs10 55263157 56578946 0.735605
hs10 56578947 57894735 0.002916
hs10 57894736 59210525 0.000000
hs10 59210526 60526314 0.347445
hs10 60526315 61842104 0.554355
hs10 61842105 63157893 0.197977
hs10 63157894 64473683 0.469805
hs10 64473684 65789472 0.323534
hs10 65789473 67105262 0.001027
hs10 67105263 68421051 0.863799
hs10 68421052 69736841 0.890589
hs10 69736842 71052630 0.701345
hs10 71052631 72368420 0.544694
hs10 72368421 73684209 0.651484
hs10 73684210 74999999 0.798420
hs10 75000000 76315788 0.754265
hs10 76315789 77631577 0.536989
hs10 77631578 78947367 0.762705
hs10 78947368 80263156 0.255723
hs10 80263157 81578946 0.360073
hs10 81578947 82894735 0.285328
hs10 82894736 84210525 0.444963
hs10 84210526 85526314 0.400056
hs10 85526315 86842104 0.204877
hs10 86842105 88157893 0.582947
hs10 88157894 89473683 0.600192
hs10 89473684 90789472 0.601285
hs10 90789473 92105262 0.253046
hs10 92105263 93421051 0.487304
hs10 93421052 94736841 0.626609
hs10 94736842 96052630 0.587121
hs10 96052631 97368420 0.624975
hs10 97368421 98684209 0.704591
hs10 98684210 99999999 0.699416
hs10 100000000 101315788 0.731137
hs10 101315789 102631577 0.567758
hs10 102631578 103947367 0.618681
hs10 103947368 105263156 0.765663
hs10 105263157 106578946 0.727318
hs10 106578947 107894735 0.331388
hs10 107894736 109210525 0.449063
hs10 109210526 110526314 0.000000
hs10 110526315 111842104 0.110336
hs10 111842105 113157893 0.402841
hs10 113157894 114473683 0.341758
hs10 114473684 115789472 0.445976
hs10 115789473 117105262 0.685753
hs10 117105263 118421051 0.749757
hs10 118421052 119736841 0.313860
hs10 119736842 121052630 0.428690
hs10 121052631 122368420 0.436083
hs10 122368421 123684209 0.276189
hs10 123684210 124999999 0.585200
hs10 125000000 126315788 0.312349
hs10 126315789 127631577 0.490514
hs10 127631578 128947367 0.723008
hs10 128947368 130263156 0.322335
hs10 130263157 131578946 0.270364
hs10 131578947 132894735 0.175131
hs10 132894736 134210525 0.321685
hs10 134210526 135526314 0.453985
hs7 0 1315788 0.449508
hs7 1315789 2631577 0.599901
hs7 2631578 3947367 0.731529
hs7 3947368 5263156 0.507436
hs7 5263157 6578946 0.705812
hs7 6578947 7894735 0.418689
hs7 7894736 9210525 0.447389
hs7 9210526 10526314 0.001177
hs7 10526315 11842104 0.505031
hs7 11842105 13157893 0.141735
hs7 13157894 14473683 0.321237
hs7 14473684 15789472 0.616428
hs7 15789473 17105262 0.387956
hs7 17105263 18421051 0.150735
hs7 18421052 19736841 0.402365
hs7 19736842 21052630 0.270571
hs7 21052631 22368420 0.553845
hs7 22368421 23684209 0.405807
hs7 23684210 24999999 0.387731
hs7 25000000 26315788 0.099991
hs7 26315789 27631577 0.406189
hs7 27631578 28947367 0.763418
hs7 28947368 30263156 0.580201
hs7 30263157 31578946 0.369507
hs7 31578947 32894735 0.383798
hs7 32894736 34210525 0.659640
hs7 34210526 35526314 0.673810
hs7 35526315 36842104 0.501341
hs7 36842105 38157893 0.524190
hs7 38157894 39473683 0.750764
hs7 39473684 40789472 0.723332
hs7 40789473 42105262 0.239528
hs7 42105263 43421051 0.352557
hs7 43421052 44736841 0.748652
hs7 44736842 46052630 0.311452
hs7 46052631 47368420 0.066230
hs7 47368421 48684209 0.710189
hs7 48684210 49999999 0.147597
hs7 50000000 51315788 0.663877
hs7 51315789 52631577 0.027528
hs7 52631578 53947367 0.000965
hs7 53947368 55263156 0.169814
hs7 55263157 56578946 0.338337
hs7 56578947 57894735 0.044170
hs7 57894736 59210525 0.000000
hs7 59210526 60526314 0.000000
hs7 60526315 61842104 0.000000
hs7 61842105 63157893 0.026993
hs7 63157894 64473683 0.328308
hs7 64473684 65789472 0.372353
hs7 65789473 67105262 0.321059
hs7 67105263 68421051 0.000000
hs7 68421052 69736841 0.786602
hs7 69736842 71052630 0.691598
hs7 71052631 72368420 0.799708
hs7 72368421 73684209 0.502919
hs7 73684210 74999999 0.529427
hs7 75000000 76315788 0.557769
hs7 76315789 77631577 0.636793
hs7 77631578 78947367 0.989111
hs7 78947368 80263156 0.203910
hs7 80263157 81578946 0.268319
hs7 81578947 82894735 0.611403
hs7 82894736 84210525 0.348262
hs7 84210526 85526314 0.096047
hs7 85526315 86842104 0.395691
hs7 86842105 88157893 0.684583
hs7 88157894 89473683 0.440198
hs7 89473684 90789472 0.507150
hs7 90789473 92105262 0.417481
hs7 92105263 93421051 0.428809
hs7 93421052 94736841 0.412559
hs7 94736842 96052630 0.541580
hs7 96052631 97368420 0.129425
hs7 97368421 98684209 0.450096
hs7 98684210 99999999 0.629301
hs7 100000000 101315788 0.514227
hs7 101315789 102631577 0.862352
hs7 102631578 103947367 0.783325
hs7 103947368 105263156 0.870449
hs7 105263157 106578946 0.246237
hs7 106578947 107894735 0.846292
hs7 107894736 109210525 0.051382
hs7 109210526 110526314 0.338182
hs7 110526315 111842104 0.841584
hs7 111842105 113157893 0.165457
hs7 113157894 114473683 0.565955
hs7 114473684 115789472 0.109331
hs7 115789473 117105262 0.663464
hs7 117105263 118421051 0.152711
hs7 118421052 119736841 0.027273
hs7 119736842 121052630 0.690452
hs7 121052631 122368420 0.633750
hs7 122368421 123684209 0.286792
hs7 123684210 124999999 0.096648
hs7 125000000 126315788 0.341926
hs7 126315789 127631577 0.649954
hs7 127631578 128947367 0.540344
hs7 128947368 130263156 0.498811
hs7 130263157 131578946 0.553176
hs7 131578947 132894735 0.766553
hs7 132894736 134210525 0.654431
hs7 134210526 135526314 0.564593
hs7 135526315 136842104 0.290423
hs7 136842105 138157893 0.622422
hs7 138157894 139473683 0.783523
hs7 139473684 140789472 0.366908
hs7 140789473 142105262 0.344244
hs7 142105263 143421051 0.242347
hs7 143421052 144736841 0.335899
hs7 144736842 146052630 0.462267
hs7 146052631 147368420 1.000081
hs7 147368421 148684209 0.576634
hs7 148684210 149999999 0.333620
hs7 150000000 151315788 0.637135
hs7 151315789 152631577 0.427666
hs7 152631578 153947367 0.556333
hs7 153947368 155263156 0.495478
hs7 155263157 156578946 0.223526
hs7 156578947 157894735 0.821676
hs7 157894736 159210525 0.437032
hs4 0 1315788 0.691317
hs4 1315789 2631577 0.586419
hs4 2631578 3947367 0.537407
hs4 3947368 5263156 0.335965
hs4 5263157 6578946 0.765173
hs4 6578947 7894735 0.742655
hs4 7894736 9210525 0.408320
hs4 9210526 10526314 0.358032
hs4 10526315 11842104 0.023291
hs4 11842105 13157893 0.095983
hs4 13157894 14473683 0.045309
hs4 14473684 15789472 0.459634
hs4 15789473 17105262 0.368388
hs4 17105263 18421051 0.336169
hs4 18421052 19736841 0.000000
hs4 19736842 21052630 0.841248
hs4 21052631 22368420 0.539708
hs4 22368421 23684209 0.121545
hs4 23684210 24999999 0.320972
hs4 25000000 26315788 0.323399
hs4 26315789 27631577 0.163338
hs4 27631578 28947367 0.000000
hs4 28947368 30263156 0.000000
hs4 30263157 31578946 0.324055
hs4 31578947 32894735 0.000000
hs4 32894736 34210525 0.000000
hs4 34210526 35526314 0.000000
hs4 35526315 36842104 0.184295
hs4 36842105 38157893 0.550613
hs4 38157894 39473683 0.623189
hs4 39473684 40789472 0.672230
hs4 40789473 42105262 0.495444
hs4 42105263 43421051 0.400354
hs4 43421052 44736841 0.266701
hs4 44736842 46052630 0.147888
hs4 46052631 47368420 0.666534
hs4 47368421 48684209 0.732740
hs4 48684210 49999999 0.056729
hs4 50000000 51315788 0.000000
hs4 51315789 52631577 0.102225
hs4 52631578 53947367 0.458444
hs4 53947368 55263156 0.286313
hs4 55263157 56578946 0.357505
hs4 56578947 57894735 0.428245
hs4 57894736 59210525 0.000000
hs4 59210526 60526314 0.000000
hs4 60526315 61842104 0.000000
hs4 61842105 63157893 0.437252
hs4 63157894 64473683 0.000000
hs4 64473684 65789472 0.099556
hs4 65789473 67105262 0.266283
hs4 67105263 68421051 0.226974
hs4 68421052 69736841 0.348177
hs4 69736842 71052630 0.244763
hs4 71052631 72368420 0.400447
hs4 72368421 73684209 0.558567
hs4 73684210 74999999 0.238575
hs4 75000000 76315788 0.281523
hs4 76315789 77631577 0.556719
hs4 77631578 78947367 0.469943
hs4 78947368 80263156 0.611959
hs4 80263157 81578946 0.277241
hs4 81578947 82894735 0.541707
hs4 82894736 84210525 0.402108
hs4 84210526 85526314 0.181651
hs4 85526315 86842104 0.484299
hs4 86842105 88157893 0.824104
hs4 88157894 89473683 0.440918
hs4 89473684 90789472 0.495198
hs4 90789473 92105262 0.769207
hs4 92105263 93421051 0.484219
hs4 93421052 94736841 0.982125
hs4 94736842 96052630 0.513552
hs4 96052631 97368420 0.477171
hs4 97368421 98684209 0.000000
hs4 98684210 99999999 0.725912
hs4 100000000 101315788 0.360363
hs4 101315789 102631577 0.343051
hs4 102631578 103947367 0.482838
hs4 103947368 105263156 0.390093
hs4 105263157 106578946 0.168270
hs4 106578947 107894735 0.503086
hs4 107894736 109210525 0.304998
hs4 109210526 110526314 0.552697
hs4 110526315 111842104 0.558139
hs4 111842105 113157893 0.000000
hs4 113157894 114473683 0.664192
hs4 114473684 115789472 0.373472
hs4 115789473 117105262 0.238931
hs4 117105263 118421051 0.001575
hs4 118421052 119736841 0.254488
hs4 119736842 121052630 0.451083
hs4 121052631 122368420 0.271708
hs4 122368421 123684209 0.364654
hs4 123684210 124999999 0.558407
hs4 125000000 126315788 0.090936
hs4 126315789 127631577 0.134157
hs4 127631578 128947367 0.115678
hs4 128947368 130263156 0.473258
hs4 130263157 131578946 0.000000
hs4 131578947 132894735 0.000000
hs4 132894736 134210525 0.000000
hs4 134210526 135526314 0.036237
hs4 135526315 136842104 0.000000
hs4 136842105 138157893 0.000000
hs4 138157894 139473683 0.069780
hs4 139473684 140789472 0.228349
hs4 140789473 142105262 0.694490
hs4 142105263 143421051 0.404234
hs4 143421052 144736841 0.609203
hs4 144736842 146052630 0.217767
hs4 146052631 147368420 0.412934
hs4 147368421 148684209 0.435569
hs4 148684210 149999999 0.584793
hs4 150000000 151315788 0.073158
hs4 151315789 152631577 0.793199
hs4 152631578 153947367 0.431596
hs4 153947368 155263156 0.494448
hs4 155263157 156578946 0.301491
hs4 156578947 157894735 0.153551
hs4 157894736 159210525 0.345722
hs4 159210526 160526314 0.495271
hs4 160526315 161842104 0.000000
hs4 161842105 163157893 0.481381
hs4 163157894 164473683 0.148649
hs4 164473684 165789472 0.681328
hs4 165789473 167105262 0.316224
hs4 167105263 168421051 0.486695
hs4 168421052 169736841 0.306668
hs4 169736842 171052630 0.681696
hs4 171052631 172368420 0.052960
hs4 172368421 173684209 0.541926
hs4 173684210 174999999 0.536508
hs4 175000000 176315788 0.286603
hs4 176315789 177631577 0.532149
hs4 177631578 178947367 0.178221
hs4 178947368 180263156 0.153163
hs4 180263157 181578946 0.000000
hs4 181578947 182894735 0.000000
hs4 182894736 184210525 0.391008
hs4 184210526 185526314 0.419354
hs4 185526315 186842104 0.529560
hs4 186842105 188157893 0.418707
hs4 188157894 189473683 0.023797
hs4 189473684 190789472 0.000000
hs4 190789473 192105262 0.067569
hs16 0 1315788 0.653278
hs16 1315789 2631577 0.829681
hs16 2631578 3947367 0.531301
hs16 3947368 5263156 0.674811
hs16 5263157 6578946 0.433059
hs16 6578947 7894735 0.854540
hs16 7894736 9210525 0.233122
hs16 9210526 10526314 0.367930
hs16 10526315 11842104 0.508573
hs16 11842105 13157893 0.805584
hs16 13157894 14473683 0.264712
hs16 14473684 15789472 0.604626
hs16 15789473 17105262 0.335740
hs16 17105263 18421051 0.294948
hs16 18421052 19736841 0.638811
hs16 19736842 21052630 0.564948
hs16 21052631 22368420 0.585046
hs16 22368421 23684209 0.521973
hs16 23684210 24999999 0.594800
hs16 25000000 26315788 0.414713
hs16 26315789 27631577 0.315800
hs16 27631578 28947367 0.599983
hs16 28947368 30263156 0.464984
hs16 30263157 31578946 0.458471
hs16 31578947 32894735 0.087309
hs16 32894736 34210525 0.011069
hs16 34210526 35526314 0.024658
hs16 35526315 36842104 0.000000
hs16 36842105 38157893 0.000000
hs16 38157894 39473683 0.000000
hs16 39473684 40789472 0.000000
hs16 40789473 42105262 0.000000
hs16 42105263 43421051 0.000000
hs16 43421052 44736841 0.000000
hs16 44736842 46052630 0.522495
hs16 46052631 47368420 0.439098
hs16 47368421 48684209 0.307394
hs16 48684210 49999999 0.294636
hs16 50000000 51315788 0.083446
hs16 51315789 52631577 0.594183
hs16 52631578 53947367 0.066089
hs16 53947368 55263156 0.504251
hs16 55263157 56578946 0.677521
hs16 56578947 57894735 0.286340
hs16 57894736 59210525 0.000798
hs16 59210526 60526314 0.214001
hs16 60526315 61842104 0.076929
hs16 61842105 63157893 0.000000
hs16 63157894 64473683 0.354951
hs16 64473684 65789472 0.458822
hs16 65789473 67105262 0.816367
hs16 67105263 68421051 0.726011
hs16 68421052 69736841 0.847690
hs16 69736842 71052630 0.477753
hs16 71052631 72368420 0.210652
hs16 72368421 73684209 0.425336
hs16 73684210 74999999 0.376719
hs16 75000000 76315788 0.249159
hs16 76315789 77631577 0.881198
hs16 77631578 78947367 0.136318
hs16 78947368 80263156 0.734937
hs16 80263157 81578946 0.515844
hs16 81578947 82894735 0.817072
hs16 82894736 84210525 0.388818
hs16 84210526 85526314 0.162027
hs16 85526315 86842104 0.407201
hs16 86842105 88157893 0.636204
hs16 88157894 89473683 0.314226
hs20 0 1315788 0.374594
hs20 1315789 2631577 0.398997
hs20 2631578 3947367 0.739398
hs20 3947368 5263156 0.305818
hs20 5263157 6578946 0.273041
hs20 6578947 7894735 0.052920
hs20 7894736 9210525 0.762856
hs20 9210526 10526314 0.621825
hs20 10526315 11842104 0.064377
hs20 11842105 13157893 0.135586
hs20 13157894 14473683 0.858264
hs20 14473684 15789472 1.000000
hs20 15789473 17105262 0.386778
hs20 17105263 18421051 0.563663
hs20 18421052 19736841 0.607006
hs20 19736842 21052630 0.594154
hs20 21052631 22368420 0.184568
hs20 22368421 23684209 0.112950
hs20 23684210 24999999 0.228813
hs20 25000000 26315788 0.373891
hs20 26315789 27631577 0.000000
hs20 27631578 28947367 0.016819
hs20 28947368 30263156 0.411027
hs20 30263157 31578946 0.481159
hs20 31578947 32894735 0.646043
hs20 32894736 34210525 0.771141
hs20 34210526 35526314 0.713421
hs20 35526315 36842104 0.535491
hs20 36842105 38157893 0.176629
hs20 38157894 39473683 0.224731
hs20 39473684 40789472 0.654764
hs20 40789473 42105262 0.575482
hs20 42105263 43421051 0.564500
hs20 43421052 44736841 0.550127
hs20 44736842 46052630 0.584793
hs20 46052631 47368420 0.397909
hs20 47368421 48684209 0.480971
hs20 48684210 49999999 0.421637
hs20 50000000 51315788 0.305126
hs20 51315789 52631577 0.383403
hs20 52631578 53947367 0.052850
hs20 53947368 55263156 0.217349
hs20 55263157 56578946 0.336312
hs20 56578947 57894735 0.426502
hs20 57894736 59210525 0.097406
hs20 59210526 60526314 0.783576
hs20 60526315 61842104 0.559407
hs20 61842105 63157893 0.284245
hs13 0 1315788 0.000000
hs13 1315789 2631577 0.000000
hs13 2631578 3947367 0.000000
hs13 3947368 5263156 0.000000
hs13 5263157 6578946 0.000000
hs13 6578947 7894735 0.000000
hs13 7894736 9210525 0.000000
hs13 9210526 10526314 0.000000
hs13 10526315 11842104 0.000000
hs13 11842105 13157893 0.000000
hs13 13157894 14473683 0.000000
hs13 14473684 15789472 0.000000
hs13 15789473 17105262 0.000000
hs13 17105263 18421051 0.028552
hs13 18421052 19736841 0.483062
hs13 19736842 21052630 0.555149
hs13 21052631 22368420 0.043436
hs13 22368421 23684209 0.436409
hs13 23684210 24999999 0.523258
hs13 25000000 26315788 0.605060
hs13 26315789 27631577 0.311338
hs13 27631578 28947367 0.623266
hs13 28947368 30263156 0.318947
hs13 30263157 31578946 0.357977
hs13 31578947 32894735 0.641821
hs13 32894736 34210525 0.112853
hs13 34210526 35526314 1.129001
hs13 35526315 36842104 0.376362
hs13 36842105 38157893 0.214800
hs13 38157894 39473683 0.502698
hs13 39473684 40789472 0.460661
hs13 40789473 42105262 0.567078
hs13 42105263 43421051 0.632041
hs13 43421052 44736841 0.316466
hs13 44736842 46052630 0.456190
hs13 46052631 47368420 0.199257
hs13 47368421 48684209 0.462691
hs13 48684210 49999999 0.511025
hs13 50000000 51315788 0.516342
hs13 51315789 52631577 0.412061
hs13 52631578 53947367 0.000059
hs13 53947368 55263156 0.000000
hs13 55263157 56578946 0.000000
hs13 56578947 57894735 0.131368
hs13 57894736 59210525 0.055330
hs13 59210526 60526314 0.458294
hs13 60526315 61842104 0.004437
hs13 61842105 63157893 0.000000
hs13 63157894 64473683 0.003903
hs13 64473684 65789472 0.011025
hs13 65789473 67105262 0.693878
hs13 67105263 68421051 0.136579
hs13 68421052 69736841 0.371852
hs13 69736842 71052630 0.108325
hs13 71052631 72368420 0.398384
hs13 72368421 73684209 0.445837
hs13 73684210 74999999 0.154069
hs13 75000000 76315788 0.232235
hs13 76315789 77631577 0.438785
hs13 77631578 78947367 0.409075
hs13 78947368 80263156 0.060742
hs13 80263157 81578946 0.000000
hs13 81578947 82894735 0.000000
hs13 82894736 84210525 0.319460
hs13 84210526 85526314 0.004988
hs13 85526315 86842104 0.000000
hs13 86842105 88157893 0.005322
hs13 88157894 89473683 0.000000
hs13 89473684 90789472 0.027164
hs13 90789473 92105262 0.960308
hs13 92105263 93421051 0.726710
hs13 93421052 94736841 0.605442
hs13 94736842 96052630 0.842679
hs13 96052631 97368420 0.343061
hs13 97368421 98684209 0.684735
hs13 98684210 99999999 0.744168
hs13 100000000 101315788 0.640007
hs13 101315789 102631577 0.601122
hs13 102631578 103947367 0.000000
hs13 103947368 105263156 0.019128
hs13 105263157 106578946 0.053274
hs13 106578947 107894735 0.579682
hs13 107894736 109210525 0.469831
hs13 109210526 110526314 0.432620
hs13 110526315 111842104 0.165793
hs13 111842105 113157893 0.582519
hs13 113157894 114473683 0.400256
hs18 0 1315788 0.429257
hs18 1315789 2631577 0.085830
hs18 2631578 3947367 0.701968
hs18 3947368 5263156 0.048106
hs18 5263157 6578946 0.471770
hs18 6578947 7894735 0.452572
hs18 7894736 9210525 0.584571
hs18 9210526 10526314 0.387652
hs18 10526315 11842104 0.500577
hs18 11842105 13157893 0.576272
hs18 13157894 14473683 0.484281
hs18 14473684 15789472 0.124450
hs18 15789473 17105262 0.145292
hs18 17105263 18421051 0.426800
hs18 18421052 19736841 0.570672
hs18 19736842 21052630 0.498886
hs18 21052631 22368420 0.389329
hs18 22368421 23684209 0.361722
hs18 23684210 24999999 0.172153
hs18 25000000 26315788 0.000039
hs18 26315789 27631577 0.267455
hs18 27631578 28947367 0.547983
hs18 28947368 30263156 0.660106
hs18 30263157 31578946 0.570715
hs18 31578947 32894735 0.743465
hs18 32894736 34210525 0.370534
hs18 34210526 35526314 0.368927
hs18 35526315 36842104 0.045329
hs18 36842105 38157893 0.126598
hs18 38157894 39473683 0.290493
hs18 39473684 40789472 0.209257
hs18 40789473 42105262 0.434883
hs18 42105263 43421051 0.507688
hs18 43421052 44736841 0.354779
hs18 44736842 46052630 0.686696
hs18 46052631 47368420 0.308115
hs18 47368421 48684209 0.428390
hs18 48684210 49999999 0.530092
hs18 50000000 51315788 0.372476
hs18 51315789 52631577 0.219567
hs18 52631578 53947367 0.453313
hs18 53947368 55263156 0.565948
hs18 55263157 56578946 0.196274
hs18 56578947 57894735 0.132919
hs18 57894736 59210525 0.646135
hs18 59210526 60526314 0.230671
hs18 60526315 61842104 0.099324
hs18 61842105 63157893 0.075922
hs18 63157894 64473683 0.007714
hs18 64473684 65789472 0.701819
hs18 65789473 67105262 0.184849
hs18 67105263 68421051 0.005936
hs18 68421052 69736841 0.091219
hs18 69736842 71052630 0.547180
hs18 71052631 72368420 0.177481
hs18 72368421 73684209 0.267382
hs18 73684210 74999999 0.066527
hs18 75000000 76315788 0.549663
hs3 0 1315788 0.318144
hs3 1315789 2631577 0.470305
hs3 2631578 3947367 0.443983
hs3 3947368 5263156 0.436031
hs3 5263157 6578946 0.000000
hs3 6578947 7894735 0.669118
hs3 7894736 9210525 0.541905
hs3 9210526 10526314 0.732249
hs3 10526315 11842104 0.596303
hs3 11842105 13157893 0.580534
hs3 13157894 14473683 0.490194
hs3 14473684 15789472 0.707822
hs3 15789473 17105262 0.464309
hs3 17105263 18421051 0.489599
hs3 18421052 19736841 0.320207
hs3 19736842 21052630 0.201489
hs3 21052631 22368420 0.251778
hs3 22368421 23684209 0.294511
hs3 23684210 24999999 0.403057
hs3 25000000 26315788 0.236772
hs3 26315789 27631577 0.247620
hs3 27631578 28947367 0.186551
hs3 28947368 30263156 0.554105
hs3 30263157 31578946 0.217023
hs3 31578947 32894735 0.666432
hs3 32894736 34210525 0.518690
hs3 34210526 35526314 0.000000
hs3 35526315 36842104 0.263772
hs3 36842105 38157893 0.830849
hs3 38157894 39473683 0.540070
hs3 39473684 40789472 0.454484
hs3 40789473 42105262 0.574994
hs3 42105263 43421051 0.515582
hs3 43421052 44736841 0.403923
hs3 44736842 46052630 0.608487
hs3 46052631 47368420 0.503092
hs3 47368421 48684209 0.712145
hs3 48684210 49999999 0.802845
hs3 50000000 51315788 0.846802
hs3 51315789 52631577 0.652907
hs3 52631578 53947367 0.792401
hs3 53947368 55263156 0.736682
hs3 55263157 56578946 0.757439
hs3 56578947 57894735 0.838449
hs3 57894736 59210525 0.571822
hs3 59210526 60526314 0.620342
hs3 60526315 61842104 0.764318
hs3 61842105 63157893 0.708267
hs3 63157894 64473683 0.527410
hs3 64473684 65789472 0.491389
hs3 65789473 67105262 0.569558
hs3 67105263 68421051 0.449896
hs3 68421052 69736841 0.613254
hs3 69736842 71052630 0.173967
hs3 71052631 72368420 0.546207
hs3 72368421 73684209 0.379061
hs3 73684210 74999999 0.251694
hs3 75000000 76315788 0.049225
hs3 76315789 77631577 0.349292
hs3 77631578 78947367 0.278211
hs3 78947368 80263156 0.723810
hs3 80263157 81578946 0.000000
hs3 81578947 82894735 0.206798
hs3 82894736 84210525 0.000000
hs3 84210526 85526314 0.330975
hs3 85526315 86842104 0.516764
hs3 86842105 88157893 0.083276
hs3 88157894 89473683 0.193910
hs3 89473684 90789472 0.106621
hs3 90789473 92105262 0.000000
hs3 92105263 93421051 0.000000
hs3 93421052 94736841 0.000000
hs3 94736842 96052630 0.197226
hs3 96052631 97368420 0.040328
hs3 97368421 98684209 0.507753
hs3 98684210 99999999 0.413063
hs3 100000000 101315788 0.637233
hs3 101315789 102631577 0.688399
hs3 102631578 103947367 0.282389
hs3 103947368 105263156 0.000000
hs3 105263157 106578946 0.008014
hs3 106578947 107894735 0.311804
hs3 107894736 109210525 0.447477
hs3 109210526 110526314 0.569346
hs3 110526315 111842104 0.073425
hs3 111842105 113157893 0.433632
hs3 113157894 114473683 0.465273
hs3 114473684 115789472 0.795855
hs3 115789473 117105262 0.576759
hs3 117105263 118421051 0.417289
hs3 118421052 119736841 0.000000
hs3 119736842 121052630 0.574576
hs3 121052631 122368420 0.622523
hs3 122368421 123684209 0.797647
hs3 123684210 124999999 0.806639
hs3 125000000 126315788 0.818553
hs3 126315789 127631577 0.491101
hs3 127631578 128947367 0.493609
hs3 128947368 130263156 0.532915
hs3 130263157 131578946 0.526170
hs3 131578947 132894735 0.730027
hs3 132894736 134210525 0.637404
hs3 134210526 135526314 0.643946
hs3 135526315 136842104 0.481178
hs3 136842105 138157893 0.644456
hs3 138157894 139473683 0.198098
hs3 139473684 140789472 0.433355
hs3 140789473 142105262 0.567007
hs3 142105263 143421051 0.617548
hs3 143421052 144736841 0.671619
hs3 144736842 146052630 0.253683
hs3 146052631 147368420 0.069963
hs3 147368421 148684209 0.151567
hs3 148684210 149999999 0.034302
hs3 150000000 151315788 0.522935
hs3 151315789 152631577 0.631850
hs3 152631578 153947367 0.224575
hs3 153947368 155263156 0.020937
hs3 155263157 156578946 0.289889
hs3 156578947 157894735 0.621178
hs3 157894736 159210525 0.422996
hs3 159210526 160526314 0.643032
hs3 160526315 161842104 0.637944
hs3 161842105 163157893 0.306073
hs3 163157894 164473683 0.000000
hs3 164473684 165789472 0.000000
hs3 165789473 167105262 0.132335
hs3 167105263 168421051 0.000000
hs3 168421052 169736841 0.653904
hs3 169736842 171052630 0.716525
hs3 171052631 172368420 0.504864
hs3 172368421 173684209 0.672096
hs3 173684210 174999999 0.621925
hs3 175000000 176315788 0.562245
hs3 176315789 177631577 0.524654
hs3 177631578 178947367 0.134146
hs3 178947368 180263156 0.268617
hs3 180263157 181578946 0.508889
hs3 181578947 182894735 0.173974
hs3 182894736 184210525 0.163680
hs3 184210526 185526314 0.717438
hs3 185526315 186842104 0.514034
hs3 186842105 188157893 0.501470
hs3 188157894 189473683 0.284623
hs3 189473684 190789472 0.584424
hs3 190789473 192105262 0.491798
hs3 192105263 193421051 0.189641
hs3 193421052 194736841 0.682682
hs3 194736842 196052630 0.239158
hs3 196052631 197368420 0.483800
hs3 197368421 198684209 0.608936
hs3 198684210 199999999 0.366901
hs9 0 1315788 0.551353
hs9 1315789 2631577 0.216440
hs9 2631578 3947367 0.381748
hs9 3947368 5263156 0.610803
hs9 5263157 6578946 0.493115
hs9 6578947 7894735 0.391280
hs9 7894736 9210525 0.688773
hs9 9210526 10526314 1.000000
hs9 10526315 11842104 0.058071
hs9 11842105 13157893 0.096613
hs9 13157894 14473683 0.239075
hs9 14473684 15789472 0.575174
hs9 15789473 17105262 0.481621
hs9 17105263 18421051 0.446158
hs9 18421052 19736841 0.735161
hs9 19736842 21052630 0.517284
hs9 21052631 22368420 0.264934
hs9 22368421 23684209 0.007402
hs9 23684210 24999999 0.100209
hs9 25000000 26315788 0.001878
hs9 26315789 27631577 0.478376
hs9 27631578 28947367 0.585910
hs9 28947368 30263156 0.000000
hs9 30263157 31578946 0.000000
hs9 31578947 32894735 0.137499
hs9 32894736 34210525 0.720106
hs9 34210526 35526314 0.629044
hs9 35526315 36842104 0.440062
hs9 36842105 38157893 0.700516
hs9 38157894 39473683 0.246807
hs9 39473684 40789472 0.040759
hs9 40789473 42105262 0.085541
hs9 42105263 43421051 0.175422
hs9 43421052 44736841 0.051039
hs9 44736842 46052630 0.001909
hs9 46052631 47368420 0.046206
hs9 47368421 48684209 0.000000
hs9 48684210 49999999 0.000000
hs9 50000000 51315788 0.000000
hs9 51315789 52631577 0.000000
hs9 52631578 53947367 0.000000
hs9 53947368 55263156 0.000000
hs9 55263157 56578946 0.000000
hs9 56578947 57894735 0.000000
hs9 57894736 59210525 0.000000
hs9 59210526 60526314 0.000000
hs9 60526315 61842104 0.000000
hs9 61842105 63157893 0.000000
hs9 63157894 64473683 0.000000
hs9 64473684 65789472 0.020311
hs9 65789473 67105262 0.036995
hs9 67105263 68421051 0.105537
hs9 68421052 69736841 0.202641
hs9 69736842 71052630 0.564312
hs9 71052631 72368420 0.603356
hs9 72368421 73684209 0.502032
hs9 73684210 74999999 0.459855
hs9 75000000 76315788 0.010426
hs9 76315789 77631577 0.364216
hs9 77631578 78947367 0.530565
hs9 78947368 80263156 0.639456
hs9 80263157 81578946 0.117633
hs9 81578947 82894735 0.000000
hs9 82894736 84210525 0.099667
hs9 84210526 85526314 0.335264
hs9 85526315 86842104 0.503868
hs9 86842105 88157893 0.382538
hs9 88157894 89473683 0.167221
hs9 89473684 90789472 0.169864
hs9 90789473 92105262 0.327990
hs9 92105263 93421051 0.222495
hs9 93421052 94736841 0.764956
hs9 94736842 96052630 0.468484
hs9 96052631 97368420 0.658296
hs9 97368421 98684209 0.428166
hs9 98684210 99999999 0.565115
hs9 100000000 101315788 0.588691
hs9 101315789 102631577 0.473892
hs9 102631578 103947367 0.433682
hs9 103947368 105263156 0.017616
hs9 105263157 106578946 0.060631
hs9 106578947 107894735 0.425721
hs9 107894736 109210525 0.149984
hs9 109210526 110526314 0.003736
hs9 110526315 111842104 0.854081
hs9 111842105 113157893 0.626049
hs9 113157894 114473683 0.718967
hs9 114473684 115789472 0.533230
hs9 115789473 117105262 0.585220
hs9 117105263 118421051 0.439718
hs9 118421052 119736841 0.625883
hs9 119736842 121052630 0.063766
hs9 121052631 122368420 0.225307
hs9 122368421 123684209 0.876009
hs9 123684210 124999999 0.655500
hs9 125000000 126315788 0.668838
hs9 126315789 127631577 0.840524
hs9 127631578 128947367 0.554048
hs9 128947368 130263156 0.716691
hs9 130263157 131578946 0.517857
hs9 131578947 132894735 0.577163
hs9 132894736 134210525 0.669151
hs9 134210526 135526314 0.681452
hs9 135526315 136842104 0.493718
hs9 136842105 138157893 0.348176
hs9 138157894 139473683 0.599410
hs9 139473684 140789472 0.499806
hs15 0 1315788 0.000000
hs15 1315789 2631577 0.000000
hs15 2631578 3947367 0.000000
hs15 3947368 5263156 0.000000
hs15 5263157 6578946 0.000000
hs15 6578947 7894735 0.000000
hs15 7894736 9210525 0.000000
hs15 9210526 10526314 0.000000
hs15 10526315 11842104 0.000000
hs15 11842105 13157893 0.000000
hs15 13157894 14473683 0.000000
hs15 14473684 15789472 0.000000
hs15 15789473 17105262 0.000000
hs15 17105263 18421051 0.000000
hs15 18421052 19736841 0.125246
hs15 19736842 21052630 0.365896
hs15 21052631 22368420 0.021328
hs15 22368421 23684209 0.409333
hs15 23684210 24999999 0.414357
hs15 25000000 26315788 0.785487
hs15 26315789 27631577 0.514496
hs15 27631578 28947367 0.261982
hs15 28947368 30263156 0.421156
hs15 30263157 31578946 0.489401
hs15 31578947 32894735 0.749686
hs15 32894736 34210525 0.227492
hs15 34210526 35526314 0.366630
hs15 35526315 36842104 0.175905
hs15 36842105 38157893 0.325645
hs15 38157894 39473683 0.626954
hs15 39473684 40789472 0.784507
hs15 40789473 42105262 0.818402
hs15 42105263 43421051 0.590893
hs15 43421052 44736841 0.272092
hs15 44736842 46052630 0.271154
hs15 46052631 47368420 0.650176
hs15 47368421 48684209 0.774691
hs15 48684210 49999999 0.665755
hs15 50000000 51315788 0.480041
hs15 51315789 52631577 0.596683
hs15 52631578 53947367 0.436308
hs15 53947368 55263156 0.605060
hs15 55263157 56578946 0.494328
hs15 56578947 57894735 0.663714
hs15 57894736 59210525 0.573684
hs15 59210526 60526314 0.237133
hs15 60526315 61842104 0.511614
hs15 61842105 63157893 0.736110
hs15 63157894 64473683 0.735329
hs15 64473684 65789472 0.650185
hs15 65789473 67105262 0.552624
hs15 67105263 68421051 0.281653
hs15 68421052 69736841 0.624229
hs15 69736842 71052630 0.648936
hs15 71052631 72368420 0.567139
hs15 72368421 73684209 0.537482
hs15 73684210 74999999 0.778089
hs15 75000000 76315788 0.433196
hs15 76315789 77631577 0.392451
hs15 77631578 78947367 0.413502
hs15 78947368 80263156 0.260351
hs15 80263157 81578946 0.691920
hs15 81578947 82894735 0.562870
hs15 82894736 84210525 0.648450
hs15 84210526 85526314 0.674153
hs15 85526315 86842104 0.304891
hs15 86842105 88157893 0.484682
hs15 88157894 89473683 0.569311
hs15 89473684 90789472 0.411858
hs15 90789473 92105262 0.204614
hs15 92105263 93421051 0.141172
hs15 93421052 94736841 0.067744
hs15 94736842 96052630 0.001648
hs15 96052631 97368420 0.438227
hs15 97368421 98684209 0.613404
hs15 98684210 99999999 0.546302
hs15 100000000 101315788 0.079162
hs5 0 1315788 0.526608
hs5 1315789 2631577 0.193835
hs5 2631578 3947367 0.010710
hs5 3947368 5263156 0.080069
hs5 5263157 6578946 0.193963
hs5 6578947 7894735 0.427755
hs5 7894736 9210525 0.132075
hs5 9210526 10526314 0.629068
hs5 10526315 11842104 0.754448
hs5 11842105 13157893 0.262454
hs5 13157894 14473683 0.403568
hs5 14473684 15789472 0.426650
hs5 15789473 17105262 0.568833
hs5 17105263 18421051 0.111409
hs5 18421052 19736841 0.173226
hs5 19736842 21052630 0.218324
hs5 21052631 22368420 0.548342
hs5 22368421 23684209 0.411960
hs5 23684210 24999999 0.119854
hs5 25000000 26315788 0.000000
hs5 26315789 27631577 0.120066
hs5 27631578 28947367 0.000000
hs5 28947368 30263156 0.000000
hs5 30263157 31578946 0.208197
hs5 31578947 32894735 0.491744
hs5 32894736 34210525 0.365726
hs5 34210526 35526314 0.388642
hs5 35526315 36842104 0.453040
hs5 36842105 38157893 0.614777
hs5 38157894 39473683 0.609449
hs5 39473684 40789472 0.042443
hs5 40789473 42105262 0.534437
hs5 42105263 43421051 0.403240
hs5 43421052 44736841 0.237830
hs5 44736842 46052630 0.337030
hs5 46052631 47368420 0.000000
hs5 47368421 48684209 0.000000
hs5 48684210 49999999 0.036263
hs5 50000000 51315788 0.144187
hs5 51315789 52631577 0.225865
hs5 52631578 53947367 0.443460
hs5 53947368 55263156 0.464965
hs5 55263157 56578946 0.297197
hs5 56578947 57894735 0.023615
hs5 57894736 59210525 0.895563
hs5 59210526 60526314 0.873066
hs5 60526315 61842104 0.361765
hs5 61842105 63157893 0.093295
hs5 63157894 64473683 0.488079
hs5 64473684 65789472 0.633848
hs5 65789473 67105262 0.446700
hs5 67105263 68421051 0.057144
hs5 68421052 69736841 1.332849
hs5 69736842 71052630 0.727818
hs5 71052631 72368420 0.368438
hs5 72368421 73684209 0.320514
hs5 73684210 74999999 0.471844
hs5 75000000 76315788 0.549453
hs5 76315789 77631577 0.586224
hs5 77631578 78947367 0.638737
hs5 78947368 80263156 0.595918
hs5 80263157 81578946 0.745433
hs5 81578947 82894735 0.318131
hs5 82894736 84210525 0.413828
hs5 84210526 85526314 0.000000
hs5 85526315 86842104 0.121785
hs5 86842105 88157893 0.247635
hs5 88157894 89473683 0.059076
hs5 89473684 90789472 0.567482
hs5 90789473 92105262 0.000000
hs5 92105263 93421051 0.475714
hs5 93421052 94736841 0.893081
hs5 94736842 96052630 0.354993
hs5 96052631 97368420 0.259775
hs5 97368421 98684209 0.074884
hs5 98684210 99999999 0.045652
hs5 100000000 101315788 0.073225
hs5 101315789 102631577 0.358679
hs5 102631578 103947367 0.018710
hs5 103947368 105263156 0.000475
hs5 105263157 106578946 0.000000
hs5 106578947 107894735 0.620972
hs5 107894736 109210525 0.633793
hs5 109210526 110526314 0.314132
hs5 110526315 111842104 0.594803
hs5 111842105 113157893 0.597609
hs5 113157894 114473683 0.101979
hs5 114473684 115789472 0.468819
hs5 115789473 117105262 0.099790
hs5 117105263 118421051 0.115267
hs5 118421052 119736841 0.303820
hs5 119736842 121052630 0.169440
hs5 121052631 122368420 0.359578
hs5 122368421 123684209 0.228011
hs5 123684210 124999999 0.082230
hs5 125000000 126315788 0.273299
hs5 126315789 127631577 0.383440
hs5 127631578 128947367 0.365431
hs5 128947368 130263156 0.331903
hs5 130263157 131578946 0.474134
hs5 131578947 132894735 0.661132
hs5 132894736 134210525 0.430165
hs5 134210526 135526314 0.291515
hs5 135526315 136842104 0.514588
hs5 136842105 138157893 0.531561
hs5 138157894 139473683 0.691260
hs5 139473684 140789472 3.018818
hs5 140789473 142105262 1.591617
hs5 142105263 143421051 0.474569
hs5 143421052 144736841 0.242487
hs5 144736842 146052630 0.427150
hs5 146052631 147368420 0.620662
hs5 147368421 148684209 0.481178
hs5 148684210 149999999 0.641299
hs5 150000000 151315788 0.509316
hs5 151315789 152631577 0.010442
hs5 152631578 153947367 0.484664
hs5 153947368 155263156 0.181329
hs5 155263157 156578946 0.446506
hs5 156578947 157894735 0.313277
hs5 157894736 159210525 0.458110
hs5 159210526 160526314 0.470212
hs5 160526315 161842104 0.317153
hs5 161842105 163157893 0.046770
hs5 163157894 164473683 0.000000
hs5 164473684 165789472 0.000000
hs5 165789473 167105262 0.350241
hs5 167105263 168421051 0.875704
hs5 168421052 169736841 0.697644
hs5 169736842 171052630 0.686076
hs5 171052631 172368420 0.537977
hs5 172368421 173684209 0.239053
hs5 173684210 174999999 0.045545
hs5 175000000 176315788 0.482535
hs5 176315789 177631577 0.553227
hs5 177631578 178947367 0.590167
hs5 178947368 180263156 0.562339
hs5 180263157 181578946 0.106348
hsY 0 1315788 0.100144
hsY 1315789 2631577 0.492621
hsY 2631578 3947367 0.102709
hsY 3947368 5263156 0.254517
hsY 5263157 6578946 0.401513
hsY 6578947 7894735 0.231296
hsY 7894736 9210525 0.026893
hsY 9210526 10526314 0.691579
hsY 10526315 11842104 0.000000
hsY 11842105 13157893 0.011761
hsY 13157894 14473683 0.334845
hsY 14473684 15789472 0.246485
hsY 15789473 17105262 0.000000
hsY 17105263 18421051 0.032921
hsY 18421052 19736841 0.311750
hsY 19736842 21052630 0.094055
hsY 21052631 22368420 0.151018
hsY 22368421 23684209 0.329875
hsY 23684210 24999999 0.294562
hsY 25000000 26315788 0.415624
hsY 26315789 27631577 0.000000
hsY 27631578 28947367 0.000000
hsY 28947368 30263156 0.000000
hsY 30263157 31578946 0.000000
hsY 31578947 32894735 0.000000
hsY 32894736 34210525 0.000000
hsY 34210526 35526314 0.000000
hsY 35526315 36842104 0.000000
hsY 36842105 38157893 0.000000
hsY 38157894 39473683 0.000000
hsY 39473684 40789472 0.000000
hsY 40789473 42105262 0.000000
hsY 42105263 43421051 0.000000
hsY 43421052 44736841 0.000000
hsY 44736842 46052630 0.000000
hsY 46052631 47368420 0.000000
hsY 47368421 48684209 0.000000
hsY 48684210 49999999 0.000000
hsY 50000000 51315788 0.000000
hsY 51315789 52631577 0.000000
hsY 52631578 53947367 0.000000
hsY 53947368 55263156 0.000000
hsY 55263157 56578946 0.000000
hsY 56578947 57894735 0.068702
hs1 0 1315788 0.277427
hs1 1315789 2631577 0.722917
hs1 2631578 3947367 0.596295
hs1 3947368 5263156 0.107451
hs1 5263157 6578946 0.489146
hs1 6578947 7894735 0.878519
hs1 7894736 9210525 0.524908
hs1 9210526 10526314 0.713137
hs1 10526315 11842104 0.560914
hs1 11842105 13157893 0.503042
hs1 13157894 14473683 0.220630
hs1 14473684 15789472 0.704861
hs1 15789473 17105262 0.530262
hs1 17105263 18421051 0.539974
hs1 18421052 19736841 0.567747
hs1 19736842 21052630 0.435234
hs1 21052631 22368420 0.734763
hs1 22368421 23684209 0.485615
hs1 23684210 24999999 0.471391
hs1 25000000 26315788 0.533927
hs1 26315789 27631577 0.511048
hs1 27631578 28947367 0.669277
hs1 28947368 30263156 0.359659
hs1 30263157 31578946 0.262927
hs1 31578947 32894735 0.510376
hs1 32894736 34210525 0.691928
hs1 34210526 35526314 0.320201
hs1 35526315 36842104 0.637350
hs1 36842105 38157893 0.417971
hs1 38157894 39473683 0.270397
hs1 39473684 40789472 0.617151
hs1 40789473 42105262 0.609190
hs1 42105263 43421051 0.446884
hs1 43421052 44736841 0.642456
hs1 44736842 46052630 0.775777
hs1 46052631 47368420 0.601092
hs1 47368421 48684209 0.306779
hs1 48684210 49999999 0.991130
hs1 50000000 51315788 0.719670
hs1 51315789 52631577 0.729230
hs1 52631578 53947367 0.691454
hs1 53947368 55263156 0.635119
hs1 55263157 56578946 0.132478
hs1 56578947 57894735 0.771073
hs1 57894736 59210525 0.536315
hs1 59210526 60526314 0.500822
hs1 60526315 61842104 0.292991
hs1 61842105 63157893 0.686976
hs1 63157894 64473683 0.539619
hs1 64473684 65789472 0.630681
hs1 65789473 67105262 0.732274
hs1 67105263 68421051 0.488662
hs1 68421052 69736841 0.071440
hs1 69736842 71052630 0.462656
hs1 71052631 72368420 0.714800
hs1 72368421 73684209 0.115858
hs1 73684210 74999999 0.524139
hs1 75000000 76315788 0.477378
hs1 76315789 77631577 0.753721
hs1 77631578 78947367 0.659276
hs1 78947368 80263156 0.088956
hs1 80263157 81578946 0.000000
hs1 81578947 82894735 0.145941
hs1 82894736 84210525 0.078190
hs1 84210526 85526314 0.583877
hs1 85526315 86842104 0.681278
hs1 86842105 88157893 0.282669
hs1 88157894 89473683 0.282362
hs1 89473684 90789472 0.277753
hs1 90789473 92105262 0.362214
hs1 92105263 93421051 0.677320
hs1 93421052 94736841 0.492814
hs1 94736842 96052630 0.244227
hs1 96052631 97368420 0.110930
hs1 97368421 98684209 0.601073
hs1 98684210 99999999 0.274042
hs1 100000000 101315788 0.530130
hs1 101315789 102631577 0.168851
hs1 102631578 103947367 0.240966
hs1 103947368 105263156 0.168501
hs1 105263157 106578946 0.162371
hs1 106578947 107894735 0.261812
hs1 107894736 109210525 0.559340
hs1 109210526 110526314 0.569096
hs1 110526315 111842104 0.269251
hs1 111842105 113157893 0.555039
hs1 113157894 114473683 0.519874
hs1 114473684 115789472 0.432057
hs1 115789473 117105262 0.350216
hs1 117105263 118421051 0.489939
hs1 118421052 119736841 0.264640
hs1 119736842 121052630 0.285363
hs1 121052631 122368420 0.000000
hs1 122368421 123684209 0.000000
hs1 123684210 124999999 0.000000
hs1 125000000 126315788 0.000000
hs1 126315789 127631577 0.000000
hs1 127631578 128947367 0.000000
hs1 128947368 130263156 0.000000
hs1 130263157 131578946 0.000000
hs1 131578947 132894735 0.000000
hs1 132894736 134210525 0.000000
hs1 134210526 135526314 0.000000
hs1 135526315 136842104 0.000000
hs1 136842105 138157893 0.000000
hs1 138157894 139473683 0.000000
hs1 139473684 140789472 0.000000
hs1 140789473 142105262 0.000000
hs1 142105263 143421051 0.229075
hs1 143421052 144736841 0.690558
hs1 144736842 146052630 0.368724
hs1 146052631 147368420 0.173129
hs1 147368421 148684209 0.354735
hs1 148684210 149999999 0.656030
hs1 150000000 151315788 0.185386
hs1 151315789 152631577 0.507048
hs1 152631578 153947367 0.703384
hs1 153947368 155263156 0.713923
hs1 155263157 156578946 0.240801
hs1 156578947 157894735 0.206395
hs1 157894736 159210525 0.499284
hs1 159210526 160526314 0.616151
hs1 160526315 161842104 0.354535
hs1 161842105 163157893 0.222106
hs1 163157894 164473683 0.461004
hs1 164473684 165789472 0.390315
hs1 165789473 167105262 0.444228
hs1 167105263 168421051 0.584786
hs1 168421052 169736841 0.304378
hs1 169736842 171052630 0.666222
hs1 171052631 172368420 0.333018
hs1 172368421 173684209 0.808768
hs1 173684210 174999999 0.652678
hs1 175000000 176315788 0.406021
hs1 176315789 177631577 0.689942
hs1 177631578 178947367 0.739824
hs1 178947368 180263156 0.458515
hs1 180263157 181578946 0.449639
hs1 181578947 182894735 0.659819
hs1 182894736 184210525 0.562333
hs1 184210526 185526314 0.403457
hs1 185526315 186842104 0.000000
hs1 186842105 188157893 0.000000
hs1 188157894 189473683 0.288773
hs1 189473684 190789472 0.059012
hs1 190789473 192105262 0.196154
hs1 192105263 193421051 0.000000
hs1 193421052 194736841 0.209233
hs1 194736842 196052630 0.703426
hs1 196052631 197368420 0.246431
hs1 197368421 198684209 0.117434
hs1 198684210 199999999 0.513610
hs1 200000000 201315788 0.753111
hs1 201315789 202631577 0.438886
hs1 202631578 203947367 0.570763
hs1 203947368 205263156 0.484289
hs1 205263157 206578946 0.524722
hs1 206578947 207894735 0.054478
hs1 207894736 209210525 0.764112
hs1 209210526 210526314 0.458459
hs1 210526315 211842104 0.491047
hs1 211842105 213157893 0.288808
hs1 213157894 214473683 0.815422
hs1 214473684 215789472 0.716837
hs1 215789473 217105262 0.356150
hs1 217105263 218421051 0.190591
hs1 218421052 219736841 0.238579
hs1 219736842 221052630 0.171913
hs1 221052631 222368420 0.407282
hs1 222368421 223684209 0.646331
hs1 223684210 224999999 0.481151
hs1 225000000 226315788 0.507531
hs1 226315789 227631577 0.255229
hs1 227631578 228947367 0.390208
hs1 228947368 230263156 1.039056
hs1 230263157 231578946 0.388535
hs1 231578947 232894735 0.448461
hs1 232894736 234210525 0.516656
hs1 234210526 235526314 0.633813
hs1 235526315 236842104 0.469377
hs1 236842105 238157893 0.213063
hs1 238157894 239473683 0.740348
hs1 239473684 240789472 0.671900
hs1 240789473 242105262 0.589385
hs1 242105263 243421051 0.412701
hs1 243421052 244736841 0.964879
hs1 244736842 246052630 0.353192
hs1 246052631 247368420 0.201751
hs19 0 1315788 0.538779
hs19 1315789 2631577 0.681427
hs19 2631578 3947367 0.680430
hs19 3947368 5263156 0.695331
hs19 5263157 6578946 0.534823
hs19 6578947 7894735 0.583797
hs19 7894736 9210525 0.475844
hs19 9210526 10526314 0.553704
hs19 10526315 11842104 0.691819
hs19 11842105 13157893 0.570872
hs19 13157894 14473683 0.554307
hs19 14473684 15789472 0.445128
hs19 15789473 17105262 0.666029
hs19 17105263 18421051 0.656927
hs19 18421052 19736841 0.808165
hs19 19736842 21052630 0.291407
hs19 21052631 22368420 0.303489
hs19 22368421 23684209 0.112312
hs19 23684210 24999999 0.097842
hs19 25000000 26315788 0.000000
hs19 26315789 27631577 0.000000
hs19 27631578 28947367 0.000000
hs19 28947368 30263156 0.000000
hs19 30263157 31578946 0.000000
hs19 31578947 32894735 0.000000
hs19 32894736 34210525 0.005673
hs19 34210526 35526314 0.126868
hs19 35526315 36842104 0.197986
hs19 36842105 38157893 0.332527
hs19 38157894 39473683 0.475369
hs19 39473684 40789472 0.408300
hs19 40789473 42105262 0.557901
hs19 42105263 43421051 0.653312
hs19 43421052 44736841 0.629976
hs19 44736842 46052630 0.545789
hs19 46052631 47368420 0.451055
hs19 47368421 48684209 0.344329
hs19 48684210 49999999 0.526603
hs19 50000000 51315788 0.598253
hs19 51315789 52631577 0.464512
hs19 52631578 53947367 0.706162
hs19 53947368 55263156 0.729866
hs19 55263157 56578946 0.490766
hs19 56578947 57894735 0.551391
hs19 57894736 59210525 0.483526
hs19 59210526 60526314 0.610148
hs19 60526315 61842104 0.525905
hs19 61842105 63157893 0.393456
hs19 63157894 64473683 0.283407
hs2 0 1315788 0.353075
hs2 1315789 2631577 0.628172
hs2 2631578 3947367 0.321682
hs2 3947368 5263156 0.000000
hs2 5263157 6578946 0.047507
hs2 6578947 7894735 0.125281
hs2 7894736 9210525 0.237734
hs2 9210526 10526314 0.594344
hs2 10526315 11842104 0.452173
hs2 11842105 13157893 0.052244
hs2 13157894 14473683 0.000000
hs2 14473684 15789472 0.335342
hs2 15789473 17105262 0.094756
hs2 17105263 18421051 0.227973
hs2 18421052 19736841 0.030250
hs2 19736842 21052630 0.309284
hs2 21052631 22368420 0.032411
hs2 22368421 23684209 0.169030
hs2 23684210 24999999 0.719096
hs2 25000000 26315788 0.701697
hs2 26315789 27631577 0.723364
hs2 27631578 28947367 0.732632
hs2 28947368 30263156 0.720509
hs2 30263157 31578946 0.530240
hs2 31578947 32894735 0.672621
hs2 32894736 34210525 0.557867
hs2 34210526 35526314 0.000000
hs2 35526315 36842104 0.232245
hs2 36842105 38157893 0.516770
hs2 38157894 39473683 0.554218
hs2 39473684 40789472 0.410411
hs2 40789473 42105262 0.000000
hs2 42105263 43421051 0.395123
hs2 43421052 44736841 0.797059
hs2 44736842 46052630 0.507293
hs2 46052631 47368420 0.577188
hs2 47368421 48684209 0.351381
hs2 48684210 49999999 0.344714
hs2 50000000 51315788 0.846016
hs2 51315789 52631577 0.000000
hs2 52631578 53947367 0.270717
hs2 53947368 55263156 0.668055
hs2 55263157 56578946 0.483073
hs2 56578947 57894735 0.000000
hs2 57894736 59210525 0.148555
hs2 59210526 60526314 0.000000
hs2 60526315 61842104 0.565726
hs2 61842105 63157893 0.530953
hs2 63157894 64473683 0.543761
hs2 64473684 65789472 0.283409
hs2 65789473 67105262 0.104394
hs2 67105263 68421051 0.143589
hs2 68421052 69736841 0.610196
hs2 69736842 71052630 0.461170
hs2 71052631 72368420 0.441330
hs2 72368421 73684209 0.768663
hs2 73684210 74999999 0.575198
hs2 75000000 76315788 0.231994
hs2 76315789 77631577 0.588731
hs2 77631578 78947367 0.000092
hs2 78947368 80263156 0.519868
hs2 80263157 81578946 0.356309
hs2 81578947 82894735 0.000000
hs2 82894736 84210525 0.000736
hs2 84210526 85526314 0.565654
hs2 85526315 86842104 0.504822
hs2 86842105 88157893 0.589685
hs2 88157894 89473683 0.180556
hs2 89473684 90789472 0.000000
hs2 90789473 92105262 0.023858
hs2 92105263 93421051 0.000000
hs2 93421052 94736841 0.000000
hs2 94736842 96052630 0.258862
hs2 96052631 97368420 0.515329
hs2 97368421 98684209 0.674118
hs2 98684210 99999999 0.794463
hs2 100000000 101315788 0.468340
hs2 101315789 102631577 0.477385
hs2 102631578 103947367 0.104870
hs2 103947368 105263156 0.119139
hs2 105263157 106578946 0.354801
hs2 106578947 107894735 0.117181
hs2 107894736 109210525 0.444519
hs2 109210526 110526314 0.700973
hs2 110526315 111842104 0.651441
hs2 111842105 113157893 0.580630
hs2 113157894 114473683 0.357183
hs2 114473684 115789472 0.663560
hs2 115789473 117105262 0.402285
hs2 117105263 118421051 0.037343
hs2 118421052 119736841 0.143499
hs2 119736842 121052630 0.543218
hs2 121052631 122368420 0.454557
hs2 122368421 123684209 0.000000
hs2 123684210 124999999 0.380507
hs2 125000000 126315788 0.295894
hs2 126315789 127631577 0.075865
hs2 127631578 128947367 0.527910
hs2 128947368 130263156 0.000000
hs2 130263157 131578946 0.323074
hs2 131578947 132894735 0.254215
hs2 132894736 134210525 0.873468
hs2 134210526 135526314 0.474783
hs2 135526315 136842104 0.650473
hs2 136842105 138157893 0.521989
hs2 138157894 139473683 0.179755
hs2 139473684 140789472 0.063846
hs2 140789473 142105262 1.000000
hs2 142105263 143421051 0.433098
hs2 143421052 144736841 0.798850
hs2 144736842 146052630 0.227679
hs2 146052631 147368420 0.032078
hs2 147368421 148684209 0.275418
hs2 148684210 149999999 0.736897
hs2 150000000 151315788 0.057790
hs2 151315789 152631577 0.481656
hs2 152631578 153947367 0.391606
hs2 153947368 155263156 0.443488
hs2 155263157 156578946 0.120021
hs2 156578947 157894735 0.168639
hs2 157894736 159210525 0.673506
hs2 159210526 160526314 0.665771
hs2 160526315 161842104 0.395418
hs2 161842105 163157893 0.706621
hs2 163157894 164473683 0.284232
hs2 164473684 165789472 0.349312
hs2 165789473 167105262 0.643171
hs2 167105263 168421051 0.299374
hs2 168421052 169736841 0.697916
hs2 169736842 171052630 0.787460
hs2 171052631 172368420 0.592897
hs2 172368421 173684209 0.559412
hs2 173684210 174999999 0.370632
hs2 175000000 176315788 0.382452
hs2 176315789 177631577 0.134116
hs2 177631578 178947367 0.756755
hs2 178947368 180263156 0.856538
hs2 180263157 181578946 0.196964
hs2 181578947 182894735 0.465952
hs2 182894736 184210525 0.356527
hs2 184210526 185526314 0.259253
hs2 185526315 186842104 0.071944
hs2 186842105 188157893 0.304682
hs2 188157894 189473683 0.273395
hs2 189473684 190789472 0.402539
hs2 190789473 192105262 0.553492
hs2 192105263 193421051 0.224490
hs2 193421052 194736841 0.000000
hs2 194736842 196052630 0.000000
hs2 196052631 197368420 0.735414
hs2 197368421 198684209 0.683622
hs2 198684210 199999999 0.149092
hs2 200000000 201315788 0.372082
hs2 201315789 202631577 0.746489
hs2 202631578 203947367 0.697251
hs2 203947368 205263156 0.278200
hs2 205263157 206578946 0.800674
hs2 206578947 207894735 0.474990
hs2 207894736 209210525 0.442595
hs2 209210526 210526314 0.373478
hs2 210526315 211842104 0.400750
hs2 211842105 213157893 0.883888
hs2 213157894 214473683 0.583868
hs2 214473684 215789472 0.731137
hs2 215789473 217105262 0.405297
hs2 217105263 218421051 0.437720
hs2 218421052 219736841 0.635723
hs2 219736842 221052630 0.227973
hs2 221052631 222368420 0.117241
hs2 222368421 223684209 0.341399
hs2 223684210 224999999 0.194264
hs2 225000000 226315788 0.490886
hs2 226315789 227631577 0.217843
hs2 227631578 228947367 0.537218
hs2 228947368 230263156 0.440754
hs2 230263157 231578946 0.611328
hs2 231578947 232894735 0.577731
hs2 232894736 234210525 0.701469
hs2 234210526 235526314 0.664413
hs2 235526315 236842104 0.612553
hs2 236842105 238157893 0.287583
hs2 238157894 239473683 0.465364
hs2 239473684 240789472 0.332472
hs2 240789473 242105262 0.614177
hs2 242105263 243421051 0.237456
hs8 0 1315788 0.170117
hs8 1315789 2631577 0.378459
hs8 2631578 3947367 0.886985
hs8 3947368 5263156 0.678200
hs8 5263157 6578946 0.247991
hs8 6578947 7894735 0.302217
hs8 7894736 9210525 0.186563
hs8 9210526 10526314 0.488475
hs8 10526315 11842104 0.633667
hs8 11842105 13157893 0.379268
hs8 13157894 14473683 0.564143
hs8 14473684 15789472 0.677024
hs8 15789473 17105262 0.179905
hs8 17105263 18421051 0.555795
hs8 18421052 19736841 0.657605
hs8 19736842 21052630 0.089072
hs8 21052631 22368420 0.399552
hs8 22368421 23684209 0.600314
hs8 23684210 24999999 0.132601
hs8 25000000 26315788 0.467361
hs8 26315789 27631577 0.416473
hs8 27631578 28947367 0.682195
hs8 28947368 30263156 0.296940
hs8 30263157 31578946 0.427469
hs8 31578947 32894735 0.855222
hs8 32894736 34210525 0.122244
hs8 34210526 35526314 0.238487
hs8 35526315 36842104 0.248151
hs8 36842105 38157893 0.232802
hs8 38157894 39473683 0.693595
hs8 39473684 40789472 0.490892
hs8 40789473 42105262 0.442917
hs8 42105263 43421051 0.556982
hs8 43421052 44736841 0.000000
hs8 44736842 46052630 0.000000
hs8 46052631 47368420 0.000000
hs8 47368421 48684209 0.275893
hs8 48684210 49999999 0.311092
hs8 50000000 51315788 0.252610
hs8 51315789 52631577 0.599702
hs8 52631578 53947367 0.575367
hs8 53947368 55263156 0.294097
hs8 55263157 56578946 0.323177
hs8 56578947 57894735 0.252217
hs8 57894736 59210525 0.138312
hs8 59210526 60526314 0.368110
hs8 60526315 61842104 0.216462
hs8 61842105 63157893 0.401038
hs8 63157894 64473683 0.641387
hs8 64473684 65789472 0.094870
hs8 65789473 67105262 0.239304
hs8 67105263 68421051 0.622744
hs8 68421052 69736841 0.629017
hs8 69736842 71052630 0.390633
hs8 71052631 72368420 0.411360
hs8 72368421 73684209 0.312446
hs8 73684210 74999999 0.642511
hs8 75000000 76315788 0.192974
hs8 76315789 77631577 0.020414
hs8 77631578 78947367 0.212186
hs8 78947368 80263156 0.162352
hs8 80263157 81578946 0.246083
hs8 81578947 82894735 0.397042
hs8 82894736 84210525 0.016979
hs8 84210526 85526314 0.203914
hs8 85526315 86842104 0.515487
hs8 86842105 88157893 0.518632
hs8 88157894 89473683 0.455819
hs8 89473684 90789472 0.000000
hs8 90789473 92105262 0.309165
hs8 92105263 93421051 0.331203
hs8 93421052 94736841 0.062787
hs8 94736842 96052630 0.470491
hs8 96052631 97368420 0.117149
hs8 97368421 98684209 0.507966
hs8 98684210 99999999 0.682678
hs8 100000000 101315788 0.854956
hs8 101315789 102631577 0.226088
hs8 102631578 103947367 0.612336
hs8 103947368 105263156 0.700907
hs8 105263157 106578946 0.345328
hs8 106578947 107894735 0.608158
hs8 107894736 109210525 0.329016
hs8 109210526 110526314 0.236931
hs8 110526315 111842104 0.180250
hs8 111842105 113157893 0.000000
hs8 113157894 114473683 0.888777
hs8 114473684 115789472 0.033999
hs8 115789473 117105262 0.197983
hs8 117105263 118421051 0.289058
hs8 118421052 119736841 0.581009
hs8 119736842 121052630 0.317063
hs8 121052631 122368420 0.555357
hs8 122368421 123684209 0.025620
hs8 123684210 124999999 0.528268
hs8 125000000 126315788 0.583375
hs8 126315789 127631577 0.107041
hs8 127631578 128947367 0.093478
hs8 128947368 130263156 0.179056
hs8 130263157 131578946 0.370900
hs8 131578947 132894735 0.197820
hs8 132894736 134210525 0.833803
hs8 134210526 135526314 0.168180
hs8 135526315 136842104 0.375259
hs8 136842105 138157893 0.000000
hs8 138157894 139473683 0.199300
hs8 139473684 140789472 0.395824
hs8 140789473 142105262 0.896165
hs8 142105263 143421051 0.245639
hs8 143421052 144736841 0.378279
hs8 144736842 146052630 0.564017
hs8 146052631 147368420 0.064766
hs6 0 1315788 0.327253
hs6 1315789 2631577 0.506211
hs6 2631578 3947367 0.353263
hs6 3947368 5263156 0.452291
hs6 5263157 6578946 0.730400
hs6 6578947 7894735 0.410602
hs6 7894736 9210525 0.082211
hs6 9210526 10526314 0.016275
hs6 10526315 11842104 0.546157
hs6 11842105 13157893 0.407852
hs6 13157894 14473683 0.483612
hs6 14473684 15789472 0.316131
hs6 15789473 17105262 0.409271
hs6 17105263 18421051 0.489906
hs6 18421052 19736841 0.061831
hs6 19736842 21052630 0.468777
hs6 21052631 22368420 0.623809
hs6 22368421 23684209 0.012677
hs6 23684210 24999999 0.460039
hs6 25000000 26315788 0.491204
hs6 26315789 27631577 0.272038
hs6 27631578 28947367 0.172031
hs6 28947368 30263156 0.210500
hs6 30263157 31578946 0.321126
hs6 31578947 32894735 0.567682
hs6 32894736 34210525 0.425342
hs6 34210526 35526314 0.640471
hs6 35526315 36842104 0.659852
hs6 36842105 38157893 0.569210
hs6 38157894 39473683 0.802634
hs6 39473684 40789472 0.506774
hs6 40789473 42105262 0.410648
hs6 42105263 43421051 0.687971
hs6 43421052 44736841 0.427775
hs6 44736842 46052630 0.646405
hs6 46052631 47368420 0.514439
hs6 47368421 48684209 0.354428
hs6 48684210 49999999 0.143921
hs6 50000000 51315788 0.086953
hs6 51315789 52631577 0.536737
hs6 52631578 53947367 0.369129
hs6 53947368 55263156 0.404863
hs6 55263157 56578946 0.516196
hs6 56578947 57894735 0.437267
hs6 57894736 59210525 0.031591
hs6 59210526 60526314 0.000000
hs6 60526315 61842104 0.000000
hs6 61842105 63157893 0.460740
hs6 63157894 64473683 0.087319
hs6 64473684 65789472 0.995843
hs6 65789473 67105262 0.521339
hs6 67105263 68421051 0.000000
hs6 68421052 69736841 0.254212
hs6 69736842 71052630 0.726993
hs6 71052631 72368420 0.377366
hs6 72368421 73684209 0.617208
hs6 73684210 74999999 0.481357
hs6 75000000 76315788 0.262604
hs6 76315789 77631577 0.332877
hs6 77631578 78947367 0.000892
hs6 78947368 80263156 0.167378
hs6 80263157 81578946 0.321813
hs6 81578947 82894735 0.005307
hs6 82894736 84210525 0.459170
hs6 84210526 85526314 0.350194
hs6 85526315 86842104 0.134015
hs6 86842105 88157893 0.215659
hs6 88157894 89473683 0.320744
hs6 89473684 90789472 0.760266
hs6 90789473 92105262 0.262528
hs6 92105263 93421051 0.000000
hs6 93421052 94736841 0.189213
hs6 94736842 96052630 0.000000
hs6 96052631 97368420 0.254534
hs6 97368421 98684209 0.296002
hs6 98684210 99999999 0.165891
hs6 100000000 101315788 0.385170
hs6 101315789 102631577 0.601333
hs6 102631578 103947367 0.000000
hs6 103947368 105263156 0.000000
hs6 105263157 106578946 0.338581
hs6 106578947 107894735 0.585414
hs6 107894736 109210525 0.654473
hs6 109210526 110526314 0.572347
hs6 110526315 111842104 0.654010
hs6 111842105 113157893 0.400494
hs6 113157894 114473683 0.044401
hs6 114473684 115789472 0.005543
hs6 115789473 117105262 0.455898
hs6 117105263 118421051 0.427098
hs6 118421052 119736841 0.746670
hs6 119736842 121052630 0.000000
hs6 121052631 122368420 0.204553
hs6 122368421 123684209 0.390997
hs6 123684210 124999999 0.872985
hs6 125000000 126315788 0.480265
hs6 126315789 127631577 0.125310
hs6 127631578 128947367 0.724646
hs6 128947368 130263156 0.605406
hs6 130263157 131578946 0.387842
hs6 131578947 132894735 0.378401
hs6 132894736 134210525 0.339408
hs6 134210526 135526314 0.295007
hs6 135526315 136842104 1.210632
hs6 136842105 138157893 0.388998
hs6 138157894 139473683 0.447621
hs6 139473684 140789472 0.076074
hs6 140789473 142105262 0.000000
hs6 142105263 143421051 0.407657
hs6 143421052 144736841 0.722523
hs6 144736842 146052630 0.413076
hs6 146052631 147368420 0.594189
hs6 147368421 148684209 0.185844
hs6 148684210 149999999 0.591978
hs6 150000000 151315788 0.535976
hs6 151315789 152631577 0.795762
hs6 152631578 153947367 0.420488
hs6 153947368 155263156 0.489939
hs6 155263157 156578946 0.225982
hs6 156578947 157894735 0.459831
hs6 157894736 159210525 0.714890
hs6 159210526 160526314 0.315257
hs6 160526315 161842104 0.611878
hs6 161842105 163157893 1.000510
hs6 163157894 164473683 0.514569
hs6 164473684 165789472 0.120586
hs6 165789473 167105262 0.523616
hs6 167105263 168421051 0.353431
hs6 168421052 169736841 0.315107
hs6 169736842 171052630 0.269608
hs14 0 1315788 0.000000
hs14 1315789 2631577 0.000000
hs14 2631578 3947367 0.000000
hs14 3947368 5263156 0.000000
hs14 5263157 6578946 0.000000
hs14 6578947 7894735 0.000000
hs14 7894736 9210525 0.000000
hs14 9210526 10526314 0.000000
hs14 10526315 11842104 0.000000
hs14 11842105 13157893 0.000000
hs14 13157894 14473683 0.000000
hs14 14473684 15789472 0.000000
hs14 15789473 17105262 0.000000
hs14 17105263 18421051 0.000000
hs14 18421052 19736841 0.061960
hs14 19736842 21052630 0.388430
hs14 21052631 22368420 0.083021
hs14 22368421 23684209 0.380913
hs14 23684210 24999999 0.340361
hs14 25000000 26315788 0.115423
hs14 26315789 27631577 0.000000
hs14 27631578 28947367 0.018755
hs14 28947368 30263156 0.390502
hs14 30263157 31578946 0.565584
hs14 31578947 32894735 0.763070
hs14 32894736 34210525 0.453833
hs14 34210526 35526314 0.569423
hs14 35526315 36842104 0.525163
hs14 36842105 38157893 0.195424
hs14 38157894 39473683 0.201300
hs14 39473684 40789472 0.000000
hs14 40789473 42105262 0.225714
hs14 42105263 43421051 0.000000
hs14 43421052 44736841 0.209357
hs14 44736842 46052630 0.040444
hs14 46052631 47368420 0.635339
hs14 47368421 48684209 0.000000
hs14 48684210 49999999 0.443762
hs14 50000000 51315788 0.582757
hs14 51315789 52631577 0.537402
hs14 52631578 53947367 0.060242
hs14 53947368 55263156 0.610516
hs14 55263157 56578946 0.301786
hs14 56578947 57894735 0.357205
hs14 57894736 59210525 0.413109
hs14 59210526 60526314 0.484916
hs14 60526315 61842104 0.403862
hs14 61842105 63157893 0.516869
hs14 63157894 64473683 0.650660
hs14 64473684 65789472 0.407631
hs14 65789473 67105262 0.740304
hs14 67105263 68421051 0.762035
hs14 68421052 69736841 0.669042
hs14 69736842 71052630 0.336900
hs14 71052631 72368420 0.764213
hs14 72368421 73684209 0.800750
hs14 73684210 74999999 0.500424
hs14 75000000 76315788 0.745153
hs14 76315789 77631577 0.557173
hs14 77631578 78947367 0.765717
hs14 78947368 80263156 0.530775
hs14 80263157 81578946 0.481513
hs14 81578947 82894735 0.000000
hs14 82894736 84210525 0.000000
hs14 84210526 85526314 0.074316
hs14 85526315 86842104 0.000000
hs14 86842105 88157893 0.316488
hs14 88157894 89473683 0.630054
hs14 89473684 90789472 0.691097
hs14 90789473 92105262 0.696662
hs14 92105263 93421051 0.743556
hs14 93421052 94736841 0.385579
hs14 94736842 96052630 0.401291
hs14 96052631 97368420 0.102478
hs14 97368421 98684209 0.044585
hs14 98684210 99999999 0.620265
hs14 100000000 101315788 0.157222
hs14 101315789 102631577 0.785445
hs14 102631578 103947367 0.471841
hs14 103947368 105263156 0.391470
hs14 105263157 106578946 0.023544
hs17 0 1315788 0.676940
hs17 1315789 2631577 0.798970
hs17 2631578 3947367 0.603576
hs17 3947368 5263156 0.693944
hs17 5263157 6578946 0.326484
hs17 6578947 7894735 0.581409
hs17 7894736 9210525 0.655809
hs17 9210526 10526314 0.724928
hs17 10526315 11842104 0.589586
hs17 11842105 13157893 0.344317
hs17 13157894 14473683 0.223891
hs17 14473684 15789472 0.220682
hs17 15789473 17105262 0.661681
hs17 17105263 18421051 0.639507
hs17 18421052 19736841 0.566104
hs17 19736842 21052630 0.420541
hs17 21052631 22368420 0.097162
hs17 22368421 23684209 0.342196
hs17 23684210 24999999 0.691627
hs17 25000000 26315788 0.770559
hs17 26315789 27631577 0.548104
hs17 27631578 28947367 0.838519
hs17 28947368 30263156 0.485047
hs17 30263157 31578946 0.547405
hs17 31578947 32894735 0.568516
hs17 32894736 34210525 0.467788
hs17 34210526 35526314 0.669736
hs17 35526315 36842104 0.345178
hs17 36842105 38157893 0.611335
hs17 38157894 39473683 0.545039
hs17 39473684 40789472 0.602276
hs17 40789473 42105262 0.632880
hs17 42105263 43421051 0.535990
hs17 43421052 44736841 0.546439
hs17 44736842 46052630 0.476677
hs17 46052631 47368420 0.568580
hs17 47368421 48684209 0.170207
hs17 48684210 49999999 0.001775
hs17 50000000 51315788 0.305350
hs17 51315789 52631577 0.384231
hs17 52631578 53947367 0.583992
hs17 53947368 55263156 0.778408
hs17 55263157 56578946 0.796247
hs17 56578947 57894735 0.558820
hs17 57894736 59210525 0.753288
hs17 59210526 60526314 0.615426
hs17 60526315 61842104 0.615510
hs17 61842105 63157893 0.770570
hs17 63157894 64473683 0.476888
hs17 64473684 65789472 0.400945
hs17 65789473 67105262 0.000000
hs17 67105263 68421051 0.207308
hs17 68421052 69736841 0.531261
hs17 69736842 71052630 0.655517
hs17 71052631 72368420 0.715269
hs17 72368421 73684209 0.419268
hs17 73684210 74999999 0.721593
hs17 75000000 76315788 0.538489
hs17 76315789 77631577 0.683064
hs17 77631578 78947367 0.604457
hs21 0 1315788 0.000000
hs21 1315789 2631577 0.000000
hs21 2631578 3947367 0.000000
hs21 3947368 5263156 0.000000
hs21 5263157 6578946 0.000000
hs21 6578947 7894735 0.000000
hs21 7894736 9210525 0.000000
hs21 9210526 10526314 0.332623
hs21 10526315 11842104 0.000000
hs21 11842105 13157893 0.000000
hs21 13157894 14473683 0.170298
hs21 14473684 15789472 0.185446
hs21 15789473 17105262 0.523939
hs21 17105263 18421051 0.116734
hs21 18421052 19736841 0.119379
hs21 19736842 21052630 0.012044
hs21 21052631 22368420 0.444790
hs21 22368421 23684209 0.000000
hs21 23684210 24999999 0.000000
hs21 25000000 26315788 0.263397
hs21 26315789 27631577 0.239103
hs21 27631578 28947367 0.030204
hs21 28947368 30263156 0.642550
hs21 30263157 31578946 0.139721
hs21 31578947 32894735 0.594314
hs21 32894736 34210525 0.587000
hs21 34210526 35526314 0.471731
hs21 35526315 36842104 0.262806
hs21 36842105 38157893 0.693379
hs21 38157894 39473683 0.412064
hs21 39473684 40789472 0.674391
hs21 40789473 42105262 0.541065
hs21 42105263 43421051 0.605192
hs21 43421052 44736841 0.528775
hs21 44736842 46052630 0.548424
hs21 46052631 47368420 0.462736
