hsX 0 3124999 0.347761
hsX 3125000 6249999 0.155519
hsX 6250000 9374999 0.157418
hsX 9375000 12499999 0.657908
hsX 12500000 15624999 0.410566
hsX 15625000 18749999 0.517452
hsX 18750000 21874999 0.466525
hsX 21875000 24999999 0.368373
hsX 25000000 28124999 0.010223
hsX 28125000 31249999 0.562330
hsX 31250000 34374999 0.646473
hsX 34375000 37499999 0.198148
hsX 37500000 40624999 0.242193
hsX 40625000 43749999 0.272224
hsX 43750000 46874999 0.311075
hsX 46875000 49999999 0.621850
hsX 50000000 53124999 0.263699
hsX 53125000 56249999 0.342615
hsX 56250000 59374999 0.123007
hsX 59375000 62499999 0.001316
hsX 62500000 65624999 0.253389
hsX 65625000 68749999 0.239543
hsX 68750000 71874999 0.700346
hsX 71875000 74999999 0.414263
hsX 75000000 78124999 0.200348
hsX 78125000 81249999 0.147355
hsX 81250000 84374999 0.143364
hsX 84375000 87499999 0.369472
hsX 87500000 90624999 0.003997
hsX 90625000 93749999 0.283169
hsX 93750000 96874999 0.293855
hsX 96875000 99999999 0.236916
hsX 100000000 103124999 0.374676
hsX 103125000 106249999 0.600856
hsX 106250000 109374999 0.448254
hsX 109375000 112499999 0.536818
hsX 112500000 115624999 0.193794
hsX 115625000 118749999 0.288311
hsX 118750000 121874999 0.242865
hsX 121875000 124999999 0.399960
hsX 125000000 128124999 0.003052
hsX 128125000 131249999 0.354336
hsX 131250000 134374999 0.445972
hsX 134375000 137499999 0.208164
hsX 137500000 140624999 0.280816
hsX 140625000 143749999 0.034913
hsX 143750000 146874999 0.025161
hsX 146875000 149999999 0.398234
hsX 150000000 153124999 0.355820
hsX 153125000 156249999 0.313554
hs12 0 3124999 0.804539
hs12 3125000 6249999 0.470163
hs12 6250000 9374999 0.479954
hs12 9375000 12499999 0.529188
hs12 12500000 15624999 0.510996
hs12 15625000 18749999 0.293854
hs12 18750000 21874999 0.442133
hs12 21875000 24999999 0.517004
hs12 25000000 28124999 0.518094
hs12 28125000 31249999 0.323346
hs12 31250000 34374999 0.332173
hs12 34375000 37499999 0.057826
hs12 37500000 40624999 0.531013
hs12 40625000 43749999 0.538130
hs12 43750000 46874999 0.339638
hs12 46875000 49999999 0.585761
hs12 50000000 53124999 0.486559
hs12 53125000 56249999 0.415844
hs12 56250000 59374999 0.112704
hs12 59375000 62499999 0.383666
hs12 62500000 65624999 0.545166
hs12 65625000 68749999 0.235761
hs12 68750000 71874999 0.472234
hs12 71875000 74999999 0.120837
hs12 75000000 78124999 0.349137
hs12 78125000 81249999 0.554959
hs12 81250000 84374999 0.281596
hs12 84375000 87499999 0.385490
hs12 87500000 90624999 0.091315
hs12 90625000 93749999 0.292508
hs12 93750000 96874999 0.356901
hs12 96875000 99999999 0.687147
hs12 100000000 103124999 0.491728
hs12 103125000 106249999 0.572362
hs12 106250000 109374999 0.597479
hs12 109375000 112499999 0.660137
hs12 112500000 115624999 0.178271
hs12 115625000 118749999 0.651136
hs12 118750000 121874999 0.682745
hs12 121875000 124999999 0.558457
hs12 125000000 128124999 0.203960
hs12 128125000 131249999 0.522668
hs12 131250000 134374999 0.214562
hs11 0 3124999 0.654827
hs11 3125000 6249999 0.284859
hs11 6250000 9374999 0.547746
hs11 9375000 12499999 0.605813
hs11 12500000 15624999 0.478124
hs11 15625000 18749999 0.575012
hs11 18750000 21874999 0.641892
hs11 21875000 24999999 0.260456
hs11 25000000 28124999 0.345196
hs11 28125000 31249999 0.135451
hs11 31250000 34374999 0.543243
hs11 34375000 37499999 0.418162
hs11 37500000 40624999 0.057572
hs11 40625000 43749999 0.083232
hs11 43750000 46874999 0.520240
hs11 46875000 49999999 0.413889
hs11 50000000 53124999 0.010279
hs11 53125000 56249999 0.133583
hs11 56250000 59374999 0.304742
hs11 59375000 62499999 0.486382
hs11 62500000 65624999 0.577813
hs11 65625000 68749999 0.569247
hs11 68750000 71874999 0.463846
hs11 71875000 74999999 0.668445
hs11 75000000 78124999 0.669969
hs11 78125000 81249999 0.225390
hs11 81250000 84374999 0.589157
hs11 84375000 87499999 0.526061
hs11 87500000 90624999 0.390954
hs11 90625000 93749999 0.347111
hs11 93750000 96874999 0.313386
hs11 96875000 99999999 0.427393
hs11 100000000 103124999 0.469172
hs11 103125000 106249999 0.311032
hs11 106250000 109374999 0.429785
hs11 109375000 112499999 0.372156
hs11 112500000 115624999 0.364036
hs11 115625000 118749999 0.585388
hs11 118750000 121874999 0.378986
hs11 121875000 124999999 0.409868
hs11 125000000 128124999 0.377620
hs11 128125000 131249999 0.457121
hs11 131250000 134374999 0.626212
hs22 0 3124999 0.000000
hs22 3125000 6249999 0.000000
hs22 6250000 9374999 0.000000
hs22 9375000 12499999 0.000000
hs22 12500000 15624999 0.026100
hs22 15625000 18749999 0.532337
hs22 18750000 21874999 0.385296
hs22 21875000 24999999 0.785047
hs22 25000000 28124999 0.594154
hs22 28125000 31249999 0.619862
hs22 31250000 34374999 0.454303
hs22 34375000 37499999 0.608204
hs22 37500000 40624999 0.668673
hs22 40625000 43749999 0.650812
hs22 43750000 46874999 0.482849
hs22 46875000 49999999 0.336007
hs10 0 3124999 0.442993
hs10 3125000 6249999 0.232465
hs10 6250000 9374999 0.286610
hs10 9375000 12499999 0.304033
hs10 12500000 15624999 0.692120
hs10 15625000 18749999 0.657480
hs10 18750000 21874999 0.368428
hs10 21875000 24999999 0.585509
hs10 25000000 28124999 0.538269
hs10 28125000 31249999 0.334164
hs10 31250000 34374999 0.394042
hs10 34375000 37499999 0.399732
hs10 37500000 40624999 0.095928
hs10 40625000 43749999 0.154004
hs10 43750000 46874999 0.292653
hs10 46875000 49999999 0.364897
hs10 50000000 53124999 0.702136
hs10 53125000 56249999 0.516035
hs10 56250000 59374999 0.001228
hs10 59375000 62499999 0.427231
hs10 62500000 65624999 0.369871
hs10 65625000 68749999 0.504543
hs10 68750000 71874999 0.673026
hs10 71875000 74999999 0.696687
hs10 75000000 78124999 0.657463
hs10 78125000 81249999 0.461307
hs10 81250000 84374999 0.365460
hs10 84375000 87499999 0.250304
hs10 87500000 90624999 0.662679
hs10 90625000 93749999 0.398967
hs10 93750000 96874999 0.615198
hs10 96875000 99999999 0.703344
hs10 100000000 103124999 0.611492
hs10 103125000 106249999 0.764340
hs10 106250000 109374999 0.388803
hs10 109375000 112499999 0.139693
hs10 112500000 115624999 0.397357
hs10 115625000 118749999 0.674880
hs10 118750000 121874999 0.393984
hs10 121875000 124999999 0.405219
hs10 125000000 128124999 0.482763
hs10 128125000 131249999 0.325687
hs10 131250000 134374999 0.345397
hs10 134375000 137499999 0.138520
hs7 0 3124999 0.545144
hs7 3125000 6249999 0.653329
hs7 6250000 9374999 0.426901
hs7 9375000 12499999 0.244944
hs7 12500000 15624999 0.400973
hs7 15625000 18749999 0.327918
hs7 18750000 21874999 0.335822
hs7 21875000 24999999 0.435444
hs7 25000000 28124999 0.346083
hs7 28125000 31249999 0.569512
hs7 31250000 34374999 0.465344
hs7 34375000 37499999 0.677930
hs7 37500000 40624999 0.598471
hs7 40625000 43749999 0.392467
hs7 43750000 46874999 0.355823
hs7 46875000 49999999 0.389059
hs7 50000000 53124999 0.291524
hs7 53125000 56249999 0.205723
hs7 56250000 59374999 0.026834
hs7 59375000 62499999 0.006681
hs7 62500000 65624999 0.287181
hs7 65625000 68749999 0.163112
hs7 68750000 71874999 0.823309
hs7 71875000 74999999 0.555071
hs7 75000000 78124999 0.664777
hs7 78125000 81249999 0.401788
hs7 81250000 84374999 0.455780
hs7 84375000 87499999 0.425939
hs7 87500000 90624999 0.449936
hs7 90625000 93749999 0.378695
hs7 93750000 96874999 0.442915
hs7 96875000 99999999 0.463744
hs7 100000000 103124999 0.728663
hs7 103125000 106249999 0.603528
hs7 106250000 109374999 0.425393
hs7 109375000 112499999 0.563456
hs7 112500000 115624999 0.271842
hs7 115625000 118749999 0.359095
hs7 118750000 121874999 0.427667
hs7 121875000 124999999 0.302823
hs7 125000000 128124999 0.461985
hs7 128125000 131249999 0.587602
hs7 131250000 134374999 0.684393
hs7 134375000 137499999 0.475312
hs7 137500000 140624999 0.583577
hs7 140625000 143749999 0.265500
hs7 143750000 146874999 0.580747
hs7 146875000 149999999 0.541160
hs7 150000000 153124999 0.448337
hs7 153125000 156249999 0.486447
hs7 156250000 159374999 0.580519
hs4 0 3124999 0.673265
hs4 3125000 6249999 0.494272
hs4 6250000 9374999 0.544992
hs4 9375000 12499999 0.160557
hs4 12500000 15624999 0.224871
hs4 15625000 18749999 0.324806
hs4 18750000 21874999 0.519551
hs4 21875000 24999999 0.248227
hs4 25000000 28124999 0.204942
hs4 28125000 31249999 0.136444
hs4 31250000 34374999 0.000000
hs4 34375000 37499999 0.218257
hs4 37500000 40624999 0.583987
hs4 40625000 43749999 0.429809
hs4 43750000 46874999 0.312229
hs4 46875000 49999999 0.475388
hs4 50000000 53124999 0.051566
hs4 53125000 56249999 0.411497
hs4 56250000 59374999 0.224403
hs4 59375000 62499999 0.145461
hs4 62500000 65624999 0.080563
hs4 65625000 68749999 0.264134
hs4 68750000 71874999 0.277956
hs4 71875000 74999999 0.419504
hs4 75000000 78124999 0.458497
hs4 78125000 81249999 0.419824
hs4 81250000 84374999 0.453944
hs4 84375000 87499999 0.477287
hs4 87500000 90624999 0.534603
hs4 90625000 93749999 0.625495
hs4 93750000 96874999 0.732492
hs4 96875000 99999999 0.306092
hs4 100000000 103124999 0.358323
hs4 103125000 106249999 0.311522
hs4 106250000 109374999 0.439517
hs4 109375000 112499999 0.433179
hs4 112500000 115624999 0.420779
hs4 115625000 118749999 0.117398
hs4 118750000 121874999 0.312142
hs4 121875000 124999999 0.488001
hs4 125000000 128124999 0.094776
hs4 128125000 131249999 0.247973
hs4 131250000 134374999 0.013524
hs4 134375000 137499999 0.001733
hs4 137500000 140624999 0.109404
hs4 140625000 143749999 0.584008
hs4 143750000 146874999 0.355329
hs4 146875000 149999999 0.491099
hs4 150000000 153124999 0.448949
hs4 153125000 156249999 0.419006
hs4 156250000 159374999 0.247143
hs4 159375000 162499999 0.185296
hs4 162500000 165624999 0.552151
hs4 165625000 168749999 0.338071
hs4 168750000 171874999 0.438452
hs4 171875000 174999999 0.454078
hs4 175000000 178124999 0.379684
hs4 178125000 181249999 0.104584
hs4 181250000 184374999 0.202947
hs4 184375000 187499999 0.487038
hs4 187500000 190624999 0.060510
hs4 190625000 193749999 0.028450
hs16 0 3124999 0.698630
hs16 3125000 6249999 0.510688
hs16 6250000 9374999 0.563226
hs16 9375000 12499999 0.556357
hs16 12500000 15624999 0.457872
hs16 15625000 18749999 0.367366
hs16 18750000 21874999 0.594982
hs16 21875000 24999999 0.586660
hs16 25000000 28124999 0.452155
hs16 28125000 31249999 0.460377
hs16 31250000 34374999 0.078230
hs16 34375000 37499999 0.010075
hs16 37500000 40624999 0.000000
hs16 40625000 43749999 0.000000
hs16 43750000 46874999 0.351704
hs16 46875000 49999999 0.306664
hs16 50000000 53124999 0.310108
hs16 53125000 56249999 0.427045
hs16 56250000 59374999 0.194480
hs16 59375000 62499999 0.122497
hs16 62500000 65624999 0.294412
hs16 65625000 68749999 0.780876
hs16 68750000 71874999 0.563551
hs16 71875000 74999999 0.337708
hs16 75000000 78124999 0.531136
hs16 78125000 81249999 0.423583
hs16 81250000 84374999 0.650449
hs16 84375000 87499999 0.326936
hs16 87500000 90624999 0.275477
hs20 0 3124999 0.439733
hs20 3125000 6249999 0.441045
hs20 6250000 9374999 0.396116
hs20 9375000 12499999 0.240500
hs20 12500000 15624999 0.782680
hs20 15625000 18749999 0.531583
hs20 18750000 21874999 0.498199
hs20 21875000 24999999 0.150400
hs20 25000000 28124999 0.157428
hs20 28125000 31249999 0.327569
hs20 31250000 34374999 0.681965
hs20 34375000 37499999 0.570142
hs20 37500000 40624999 0.317683
hs20 40625000 43749999 0.589486
hs20 43750000 46874999 0.488688
hs20 46875000 49999999 0.479897
hs20 50000000 53124999 0.312160
hs20 53125000 56249999 0.156659
hs20 56250000 59374999 0.333549
hs20 59375000 62499999 0.648653
hs13 0 3124999 0.000000
hs13 3125000 6249999 0.000000
hs13 6250000 9374999 0.000000
hs13 9375000 12499999 0.000000
hs13 12500000 15624999 0.000000
hs13 15625000 18749999 0.043890
hs13 18750000 21874999 0.423562
hs13 21875000 24999999 0.404071
hs13 25000000 28124999 0.491670
hs13 28125000 31249999 0.373367
hs13 31250000 34374999 0.386021
hs13 34375000 37499999 0.720054
hs13 37500000 40624999 0.391826
hs13 40625000 43749999 0.525517
hs13 43750000 46874999 0.406625
hs13 46875000 49999999 0.409986
hs13 50000000 53124999 0.390907
hs13 53125000 56249999 0.000025
hs13 56250000 59374999 0.131242
hs13 59375000 62499999 0.142202
hs13 62500000 65624999 0.001643
hs13 65625000 68749999 0.369935
hs13 68750000 71874999 0.278297
hs13 71875000 74999999 0.328588
hs13 75000000 78124999 0.296309
hs13 78125000 81249999 0.184043
hs13 81250000 84374999 0.134509
hs13 84375000 87499999 0.004341
hs13 87500000 90624999 0.011437
hs13 90625000 93749999 0.815587
hs13 93750000 96874999 0.638109
hs13 96875000 99999999 0.612452
hs13 100000000 103124999 0.522580
hs13 103125000 106249999 0.030485
hs13 106250000 109374999 0.450345
hs13 109375000 112499999 0.341535
hs13 112500000 115624999 0.315784
hs18 0 3124999 0.339360
hs18 3125000 6249999 0.342408
hs18 6250000 9374999 0.523036
hs18 9375000 12499999 0.428574
hs18 12500000 15624999 0.407593
hs18 15625000 18749999 0.240881
hs18 18750000 21874999 0.501018
hs18 21875000 24999999 0.338040
hs18 25000000 28124999 0.196553
hs18 28125000 31249999 0.637227
hs18 31250000 34374999 0.496871
hs18 34375000 37499999 0.187328
hs18 37500000 40624999 0.198189
hs18 40625000 43749999 0.480880
hs18 43750000 46874999 0.529470
hs18 46875000 49999999 0.410973
hs18 50000000 53124999 0.319619
hs18 53125000 56249999 0.441467
hs18 56250000 59374999 0.346906
hs18 59375000 62499999 0.152029
hs18 62500000 65624999 0.255121
hs18 65625000 68749999 0.162368
hs18 68750000 71874999 0.261119
hs18 71875000 74999999 0.184595
hs18 75000000 78124999 0.231437
hs3 0 3124999 0.486112
hs3 3125000 6249999 0.216398
hs3 6250000 9374999 0.527756
hs3 9375000 12499999 0.657222
hs3 12500000 15624999 0.587402
hs3 15625000 18749999 0.458369
hs3 18750000 21874999 0.314728
hs3 21875000 24999999 0.293713
hs3 25000000 28124999 0.205843
hs3 28125000 31249999 0.391920
hs3 31250000 34374999 0.508424
hs3 34375000 37499999 0.270360
hs3 37500000 40624999 0.609292
hs3 40625000 43749999 0.538984
hs3 43750000 46874999 0.409785
hs3 46875000 49999999 0.786418
hs3 50000000 53124999 0.766259
hs3 53125000 56249999 0.751093
hs3 56250000 59374999 0.670648
hs3 59375000 62499999 0.766520
hs3 62500000 65624999 0.491049
hs3 65625000 68749999 0.563926
hs3 68750000 71874999 0.470977
hs3 71875000 74999999 0.273996
hs3 75000000 78124999 0.215085
hs3 78125000 81249999 0.374615
hs3 81250000 84374999 0.087073
hs3 84375000 87499999 0.388424
hs3 87500000 90624999 0.130122
hs3 90625000 93749999 0.000000
hs3 93750000 96874999 0.100023
hs3 96875000 99999999 0.387712
hs3 100000000 103124999 0.644454
hs3 103125000 106249999 0.032607
hs3 106250000 109374999 0.342479
hs3 109375000 112499999 0.271137
hs3 112500000 115624999 0.641048
hs3 115625000 118749999 0.471178
hs3 118750000 121874999 0.387559
hs3 121875000 124999999 0.791972
hs3 125000000 128124999 0.683813
hs3 128125000 131249999 0.481994
hs3 131250000 134374999 0.658397
hs3 134375000 137499999 0.519209
hs3 137500000 140624999 0.424899
hs3 140625000 143749999 0.601321
hs3 143750000 146874999 0.310648
hs3 146875000 149999999 0.107718
hs3 150000000 153124999 0.514851
hs3 153125000 156249999 0.163500
hs3 156250000 159374999 0.496821
hs3 159375000 162499999 0.633352
hs3 162500000 165624999 0.011017
hs3 165625000 168749999 0.133457
hs3 168750000 171874999 0.660093
hs3 171875000 174999999 0.596618
hs3 175000000 178124999 0.457642
hs3 178125000 181249999 0.383854
hs3 181250000 184374999 0.182179
hs3 184375000 187499999 0.614474
hs3 187500000 190624999 0.441092
hs3 190625000 193749999 0.392185
hs3 193750000 196874999 0.417490
hs3 196875000 199999999 0.479975
hs9 0 3124999 0.344119
hs9 3125000 6249999 0.555445
hs9 6250000 9374999 0.556651
hs9 9375000 12499999 0.392872
hs9 12500000 15624999 0.330890
hs9 15625000 18749999 0.534762
hs9 18750000 21874999 0.496187
hs9 21875000 24999999 0.096533
hs9 25000000 28124999 0.261884
hs9 28125000 31249999 0.187028
hs9 31250000 34374999 0.404932
hs9 34375000 37499999 0.559719
hs9 37500000 40624999 0.251713
hs9 40625000 43749999 0.122789
hs9 43750000 46874999 0.039756
hs9 46875000 49999999 0.000000
hs9 50000000 53124999 0.000000
hs9 53125000 56249999 0.000000
hs9 56250000 59374999 0.000000
hs9 59375000 62499999 0.000000
hs9 62500000 65624999 0.008552
hs9 65625000 68749999 0.100771
hs9 68750000 71874999 0.436593
hs9 71875000 74999999 0.504627
hs9 75000000 78124999 0.254633
hs9 78125000 81249999 0.395751
hs9 81250000 84374999 0.091495
hs9 84375000 87499999 0.400911
hs9 87500000 90624999 0.255406
hs9 90625000 93749999 0.303878
hs9 93750000 96874999 0.626131
hs9 96875000 99999999 0.516518
hs9 100000000 103124999 0.541531
hs9 103125000 106249999 0.110984
hs9 106250000 109374999 0.254412
hs9 109375000 112499999 0.537336
hs9 112500000 115624999 0.577568
hs9 115625000 118749999 0.576845
hs9 118750000 121874999 0.218693
hs9 121875000 124999999 0.701655
hs9 125000000 128124999 0.679648
hs9 128125000 131249999 0.677822
hs9 131250000 134374999 0.600875
hs9 134375000 137499999 0.480379
hs9 137500000 140624999 0.578891
hs15 0 3124999 0.000000
hs15 3125000 6249999 0.000000
hs15 6250000 9374999 0.000000
hs15 9375000 12499999 0.000000
hs15 12500000 15624999 0.000000
hs15 15625000 18749999 0.000000
hs15 18750000 21874999 0.209647
hs15 21875000 24999999 0.352946
hs15 25000000 28124999 0.592479
hs15 28125000 31249999 0.388269
hs15 31250000 34374999 0.471757
hs15 34375000 37499999 0.229769
hs15 37500000 40624999 0.679264
hs15 40625000 43749999 0.703410
hs15 43750000 46874999 0.322174
hs15 46875000 49999999 0.727618
hs15 50000000 53124999 0.477844
hs15 53125000 56249999 0.595599
hs15 56250000 59374999 0.578979
hs15 59375000 62499999 0.454487
hs15 62500000 65624999 0.670013
hs15 65625000 68749999 0.409043
hs15 68750000 71874999 0.701912
hs15 71875000 74999999 0.621740
hs15 75000000 78124999 0.376265
hs15 78125000 81249999 0.471290
hs15 81250000 84374999 0.585179
hs15 84375000 87499999 0.487354
hs15 87500000 90624999 0.525650
hs15 90625000 93749999 0.162020
hs15 93750000 96874999 0.100270
hs15 96875000 99999999 0.601761
hs15 100000000 103124999 0.033332
hs5 0 3124999 0.306141
hs5 3125000 6249999 0.092318
hs5 6250000 9374999 0.313126
hs5 9375000 12499999 0.566703
hs5 12500000 15624999 0.370639
hs5 15625000 18749999 0.339049
hs5 18750000 21874999 0.234675
hs5 21875000 24999999 0.384991
hs5 25000000 28124999 0.050554
hs5 28125000 31249999 0.006543
hs5 31250000 34374999 0.442159
hs5 34375000 37499999 0.513226
hs5 37500000 40624999 0.356630
hs5 40625000 43749999 0.486041
hs5 43750000 46874999 0.168688
hs5 46875000 49999999 0.015268
hs5 50000000 53124999 0.196778
hs5 53125000 56249999 0.430485
hs5 56250000 59374999 0.475834
hs5 59375000 62499999 0.506579
hs5 62500000 65624999 0.472390
hs5 65625000 68749999 0.297469
hs5 68750000 71874999 0.880286
hs5 71875000 74999999 0.390795
hs5 75000000 78124999 0.574194
hs5 78125000 81249999 0.649595
hs5 81250000 84374999 0.396305
hs5 84375000 87499999 0.051278
hs5 87500000 90624999 0.350489
hs5 90625000 93749999 0.310629
hs5 93750000 96874999 0.542149
hs5 96875000 99999999 0.050752
hs5 100000000 103124999 0.189732
hs5 103125000 106249999 0.000200
hs5 106250000 109374999 0.540379
hs5 109375000 112499999 0.482597
hs5 112500000 115624999 0.369815
hs5 115625000 118749999 0.195287
hs5 118750000 121874999 0.187519
hs5 121875000 124999999 0.199241
hs5 125000000 128124999 0.362940
hs5 128125000 131249999 0.379352
hs5 131250000 134374999 0.532315
hs5 134375000 137499999 0.405067
hs5 137500000 140624999 1.377694
hs5 140625000 143749999 1.241450
hs5 143750000 146874999 0.399954
hs5 146875000 149999999 0.541736
hs5 150000000 153124999 0.306757
hs5 153125000 156249999 0.334275
hs5 156250000 159374999 0.391036
hs5 159375000 162499999 0.311515
hs5 162500000 165624999 0.019692
hs5 165625000 168749999 0.592908
hs5 168750000 171874999 0.664634
hs5 171875000 174999999 0.187612
hs5 175000000 178124999 0.552171
hs5 178125000 181249999 0.413983
hsY 0 3124999 0.292524
hsY 3125000 6249999 0.239386
hsY 6250000 9374999 0.192868
hsY 9375000 12499999 0.244179
hsY 12500000 15624999 0.249723
hsY 15625000 18749999 0.016372
hsY 18750000 21874999 0.194042
hsY 21875000 24999999 0.300821
hsY 25000000 28124999 0.175000
hsY 28125000 31249999 0.000000
hsY 31250000 34374999 0.000000
hsY 34375000 37499999 0.000000
hsY 37500000 40624999 0.000000
hsY 40625000 43749999 0.000000
hsY 43750000 46874999 0.000000
hsY 46875000 49999999 0.000000
hsY 50000000 53124999 0.000000
hsY 53125000 56249999 0.000000
hsY 56250000 59374999 0.028927
hs1 0 3124999 0.472055
hs1 3125000 6249999 0.355794
hs1 6250000 9374999 0.722753
hs1 9375000 12499999 0.659740
hs1 12500000 15624999 0.399528
hs1 15625000 18749999 0.544774
hs1 18750000 21874999 0.574941
hs1 21875000 24999999 0.507986
hs1 25000000 28124999 0.536867
hs1 28125000 31249999 0.384650
hs1 31250000 34374999 0.621279
hs1 34375000 37499999 0.426937
hs1 37500000 40624999 0.443625
hs1 40625000 43749999 0.518737
hs1 43750000 46874999 0.732158
hs1 46875000 49999999 0.620175
hs1 50000000 53124999 0.719569
hs1 53125000 56249999 0.504831
hs1 56250000 59374999 0.552016
hs1 59375000 62499999 0.495556
hs1 62500000 65624999 0.563084
hs1 65625000 68749999 0.600229
hs1 68750000 71874999 0.337876
hs1 71875000 74999999 0.427367
hs1 75000000 78124999 0.661544
hs1 78125000 81249999 0.171859
hs1 81250000 84374999 0.121751
hs1 84375000 87499999 0.617789
hs1 87500000 90624999 0.242383
hs1 90625000 93749999 0.494083
hs1 93750000 96874999 0.253948
hs1 96875000 99999999 0.415176
hs1 100000000 103124999 0.297633
hs1 103125000 106249999 0.237449
hs1 106250000 109374999 0.393130
hs1 109375000 112499999 0.439617
hs1 112500000 115624999 0.483760
hs1 115625000 118749999 0.405155
hs1 118750000 121874999 0.196918
hs1 121875000 124999999 0.000000
hs1 125000000 128124999 0.000000
hs1 128125000 131249999 0.000000
hs1 131250000 134374999 0.000000
hs1 134375000 137499999 0.000000
hs1 137500000 140624999 0.000000
hs1 140625000 143749999 0.194479
hs1 143750000 146874999 0.406667
hs1 146875000 149999999 0.439801
hs1 150000000 153124999 0.407372
hs1 153125000 156249999 0.549796
hs1 156250000 159374999 0.366282
hs1 159375000 162499999 0.372090
hs1 162500000 165624999 0.411162
hs1 165625000 168749999 0.478174
hs1 168750000 171874999 0.461646
hs1 171875000 174999999 0.698494
hs1 175000000 178124999 0.588681
hs1 178125000 181249999 0.478288
hs1 181250000 184374999 0.655596
hs1 184375000 187499999 0.117245
hs1 187500000 190624999 0.146436
hs1 190625000 193749999 0.082591
hs1 193750000 196874999 0.450153
hs1 196875000 199999999 0.303588
hs1 200000000 203124999 0.580870
hs1 203125000 206249999 0.515126
hs1 206250000 209374999 0.468072
hs1 209375000 212499999 0.362784
hs1 212500000 215624999 0.713350
hs1 215625000 218749999 0.298104
hs1 218750000 221874999 0.255131
hs1 221875000 224999999 0.534114
hs1 225000000 228124999 0.378414
hs1 228125000 231249999 0.613131
hs1 231250000 234374999 0.529251
hs1 234375000 237499999 0.436621
hs1 237500000 240624999 0.642862
hs1 240625000 243749999 0.568674
hs1 243750000 246874999 0.518344
hs1 246875000 249999999 0.016317
hs19 0 3124999 0.610417
hs19 3125000 6249999 0.667330
hs19 6250000 9374999 0.515029
hs19 9375000 12499999 0.588110
hs19 12500000 15624999 0.557688
hs19 15625000 18749999 0.650218
hs19 18750000 21874999 0.475723
hs19 21875000 24999999 0.121773
hs19 25000000 28124999 0.000000
hs19 28125000 31249999 0.000000
hs19 31250000 34374999 0.002389
hs19 34375000 37499999 0.136780
hs19 37500000 40624999 0.494845
hs19 40625000 43749999 0.612641
hs19 43750000 46874999 0.514882
hs19 46875000 49999999 0.451385
hs19 50000000 53124999 0.541011
hs19 53125000 56249999 0.675114
hs19 56250000 59374999 0.513989
hs19 59375000 62499999 0.514826
hs19 62500000 65624999 0.212909
hs2 0 3124999 0.413156
hs2 3125000 6249999 0.155448
hs2 6250000 9374999 0.188259
hs2 9375000 12499999 0.418950
hs2 12500000 15624999 0.136846
hs2 15625000 18749999 0.158968
hs2 18750000 21874999 0.146152
hs2 21875000 24999999 0.373948
hs2 25000000 28124999 0.725724
hs2 28125000 31249999 0.658618
hs2 31250000 34374999 0.568891
hs2 34375000 37499999 0.258098
hs2 37500000 40624999 0.463436
hs2 40625000 43749999 0.258430
hs2 43750000 46874999 0.607048
hs2 46875000 49999999 0.386209
hs2 50000000 53124999 0.356217
hs2 53125000 56249999 0.534015
hs2 56250000 59374999 0.127206
hs2 59375000 62499999 0.337028
hs2 62500000 65624999 0.473013
hs2 65625000 68749999 0.155458
hs2 68750000 71874999 0.545219
hs2 71875000 74999999 0.606498
hs2 75000000 78124999 0.345607
hs2 78125000 81249999 0.368916
hs2 81250000 84374999 0.000796
hs2 84375000 87499999 0.562479
hs2 87500000 90624999 0.212073
hs2 90625000 93749999 0.010045
hs2 93750000 96874999 0.236722
hs2 96875000 99999999 0.707603
hs2 100000000 103124999 0.442356
hs2 103125000 106249999 0.177554
hs2 106250000 109374999 0.311137
hs2 109375000 112499999 0.635046
hs2 112500000 115624999 0.503391
hs2 115625000 118749999 0.266111
hs2 118750000 121874999 0.365461
hs2 121875000 124999999 0.246916
hs2 125000000 128124999 0.244063
hs2 128125000 131249999 0.214383
hs2 131250000 134374999 0.531207
hs2 134375000 137499999 0.485014
hs2 137500000 140624999 0.284249
hs2 140625000 143749999 0.707712
hs2 143750000 146874999 0.367051
hs2 146875000 149999999 0.427497
hs2 150000000 153124999 0.328402
hs2 153125000 156249999 0.300887
hs2 156250000 159374999 0.370775
hs2 159375000 162499999 0.566087
hs2 162500000 165624999 0.391526
hs2 165625000 168749999 0.512808
hs2 168750000 171874999 0.705152
hs2 171875000 174999999 0.482856
hs2 175000000 178124999 0.316141
hs2 178125000 181249999 0.655385
hs2 181250000 184374999 0.354496
hs2 184375000 187499999 0.205199
hs2 187500000 190624999 0.320063
hs2 190625000 193749999 0.354652
hs2 193750000 196874999 0.176901
hs2 196875000 199999999 0.483364
hs2 200000000 203124999 0.549788
hs2 203125000 206249999 0.628105
hs2 206250000 209374999 0.427277
hs2 209375000 212499999 0.502411
hs2 212500000 215624999 0.721783
hs2 215625000 218749999 0.426060
hs2 218750000 221874999 0.320203
hs2 221875000 224999999 0.274907
hs2 225000000 228124999 0.421136
hs2 228125000 231249999 0.498345
hs2 231250000 234374999 0.817125
hs2 234375000 237499999 0.369958
hs2 237500000 240624999 0.389979
hs2 240625000 243749999 0.362929
hs8 0 3124999 0.341289
hs8 3125000 6249999 0.548716
hs8 6250000 9374999 0.310219
hs8 9375000 12499999 0.524754
hs8 12500000 15624999 0.616778
hs8 15625000 18749999 0.425696
hs8 18750000 21874999 0.261358
hs8 21875000 24999999 0.427170
hs8 25000000 28124999 0.493858
hs8 28125000 31249999 0.470537
hs8 31250000 34374999 0.411564
hs8 34375000 37499999 0.227523
hs8 37500000 40624999 0.521499
hs8 40625000 43749999 0.473642
hs8 43750000 46874999 0.000000
hs8 46875000 49999999 0.247151
hs8 50000000 53124999 0.465933
hs8 53125000 56249999 0.287877
hs8 56250000 59374999 0.276234
hs8 59375000 62499999 0.317346
hs8 62500000 65624999 0.363162
hs8 65625000 68749999 0.483852
hs8 68750000 71874999 0.490773
hs8 71875000 74999999 0.432871
hs8 75000000 78124999 0.179189
hs8 78125000 81249999 0.166230
hs8 81250000 84374999 0.180067
hs8 84375000 87499999 0.357231
hs8 87500000 90624999 0.355970
hs8 90625000 93749999 0.269629
hs8 93750000 96874999 0.250102
hs8 96875000 99999999 0.525086
hs8 100000000 103124999 0.607690
hs8 103125000 106249999 0.488672
hs8 106250000 109374999 0.466796
hs8 109375000 112499999 0.160619
hs8 112500000 115624999 0.388537
hs8 115625000 118749999 0.211321
hs8 118750000 121874999 0.599801
hs8 121875000 124999999 0.239133
hs8 125000000 128124999 0.292552
hs8 128125000 131249999 0.194004
hs8 131250000 134374999 0.541582
hs8 134375000 137499999 0.196668
hs8 137500000 140624999 0.221620
hs8 140625000 143749999 0.560796
hs8 143750000 146874999 0.372948
hs6 0 3124999 0.425584
hs6 3125000 6249999 0.464130
hs6 6250000 9374999 0.315437
hs6 9375000 12499999 0.302276
hs6 12500000 15624999 0.396449
hs6 15625000 18749999 0.451184
hs6 18750000 21874999 0.323206
hs6 21875000 24999999 0.335868
hs6 25000000 28124999 0.324438
hs6 28125000 31249999 0.281306
hs6 31250000 34374999 0.437439
hs6 34375000 37499999 0.653832
hs6 37500000 40624999 0.665049
hs6 40625000 43749999 0.553459
hs6 43750000 46874999 0.511363
hs6 46875000 49999999 0.288672
hs6 50000000 53124999 0.329583
hs6 53125000 56249999 0.428835
hs6 56250000 59374999 0.244839
hs6 59375000 62499999 0.016697
hs6 62500000 65624999 0.580736
hs6 65625000 68749999 0.272142
hs6 68750000 71874999 0.565648
hs6 71875000 74999999 0.468936
hs6 75000000 78124999 0.250729
hs6 78125000 81249999 0.206351
hs6 81250000 84374999 0.217618
hs6 84375000 87499999 0.181829
hs6 87500000 90624999 0.509481
hs6 90625000 93749999 0.147023
hs6 93750000 96874999 0.153768
hs6 96875000 99999999 0.227554
hs6 100000000 103124999 0.415370
hs6 103125000 106249999 0.142560
hs6 106250000 109374999 0.553638
hs6 109375000 112499999 0.595352
hs6 112500000 115624999 0.079087
hs6 115625000 118749999 0.475622
hs6 118750000 121874999 0.296681
hs6 121875000 124999999 0.532203
hs6 125000000 128124999 0.333400
hs6 128125000 131249999 0.565879
hs6 131250000 134374999 0.404182
hs6 134375000 137499999 0.757547
hs6 137500000 140624999 0.237775
hs6 140625000 143749999 0.261060
hs6 143750000 146874999 0.565356
hs6 146875000 149999999 0.401066
hs6 150000000 153124999 0.690110
hs6 153125000 156249999 0.349110
hs6 156250000 159374999 0.501958
hs6 159375000 162499999 0.593560
hs6 162500000 165624999 0.431196
hs6 165625000 168749999 0.473267
hs6 168750000 171874999 0.189191
hs14 0 3124999 0.000000
hs14 3125000 6249999 0.000000
hs14 6250000 9374999 0.000000
hs14 9375000 12499999 0.000000
hs14 12500000 15624999 0.000000
hs14 15625000 18749999 0.010420
hs14 18750000 21874999 0.185275
hs14 21875000 24999999 0.332594
hs14 25000000 28124999 0.048599
hs14 28125000 31249999 0.362402
hs14 31250000 34374999 0.588520
hs14 34375000 37499999 0.512737
hs14 37500000 40624999 0.087101
hs14 40625000 43749999 0.095037
hs14 43750000 46874999 0.264294
hs14 46875000 49999999 0.295244
hs14 50000000 53124999 0.490276
hs14 53125000 56249999 0.350091
hs14 56250000 59374999 0.417746
hs14 59375000 62499999 0.403608
hs14 62500000 65624999 0.581208
hs14 65625000 68749999 0.696830
hs14 68750000 71874999 0.556261
hs14 71875000 74999999 0.672663
hs14 75000000 78124999 0.607597
hs14 78125000 81249999 0.689384
hs14 81250000 84374999 0.000000
hs14 84375000 87499999 0.041176
hs14 87500000 90624999 0.637305
hs14 90625000 93749999 0.710087
hs14 93750000 96874999 0.313125
hs14 96875000 99999999 0.279937
hs14 100000000 103124999 0.459084
hs14 103125000 106249999 0.311241
hs17 0 3124999 0.700470
hs17 3125000 6249999 0.531740
hs17 6250000 9374999 0.646583
hs17 9375000 12499999 0.540213
hs17 12500000 15624999 0.291719
hs17 15625000 18749999 0.614457
hs17 18750000 21874999 0.390832
hs17 21875000 24999999 0.435294
hs17 25000000 28124999 0.682393
hs17 28125000 31249999 0.634140
hs17 31250000 34374999 0.499615
hs17 34375000 37499999 0.491876
hs17 37500000 40624999 0.604659
hs17 40625000 43749999 0.608512
hs17 43750000 46874999 0.490468
hs17 46875000 49999999 0.170253
hs17 50000000 53124999 0.425828
hs17 53125000 56249999 0.668163
hs17 56250000 59374999 0.685993
hs17 59375000 62499999 0.645842
hs17 62500000 65624999 0.529016
hs17 65625000 68749999 0.172183
hs17 68750000 71874999 0.634493
hs17 71875000 74999999 0.571068
hs17 75000000 78124999 0.622203
hs17 78125000 81249999 0.146644
hs21 0 3124999 0.000000
hs21 3125000 6249999 0.000000
hs21 6250000 9374999 0.000000
hs21 9375000 12499999 0.140052
hs21 12500000 15624999 0.149787
hs21 15625000 18749999 0.320021
hs21 18750000 21874999 0.192351
hs21 21875000 24999999 0.000000
hs21 25000000 28124999 0.220813
hs21 28125000 31249999 0.279530
hs21 31250000 34374999 0.555388
hs21 34375000 37499999 0.454772
hs21 37500000 40624999 0.546618
hs21 40625000 43749999 0.546907
hs21 43750000 46874999 0.627364
hs21 46875000 49999999 0.009388
