hsX 0 1351350 0.100216
hsX 1351351 2702701 0.538184
hsX 2702702 4054053 0.274852
hsX 4054054 5405404 0.000000
hsX 5405405 6756755 0.251693
hsX 6756756 8108107 0.197408
hsX 8108108 9459458 0.215922
hsX 9459459 10810809 0.732184
hsX 10810810 12162161 0.488815
hsX 12162162 13513512 0.469648
hsX 13513513 14864863 0.449611
hsX 14864864 16216215 0.391036
hsX 16216216 17567566 0.538049
hsX 17567567 18918917 0.624860
hsX 18918918 20270269 0.712986
hsX 20270270 21621620 0.209508
hsX 21621621 22972971 0.276819
hsX 22972972 24324323 0.272802
hsX 24324324 25675674 0.381426
hsX 25675675 27027026 0.006155
hsX 27027027 28378377 0.017485
hsX 28378378 29729728 0.898455
hsX 29729729 31081080 0.276933
hsX 31081081 32432431 1.000000
hsX 32432432 33783782 0.618060
hsX 33783783 35135134 0.025847
hsX 35135135 36486485 0.239267
hsX 36486486 37837836 0.291071
hsX 37837837 39189188 0.271320
hsX 39189189 40540539 0.191228
hsX 40540540 41891890 0.459083
hsX 41891891 43243242 0.000645
hsX 43243243 44594593 0.331109
hsX 44594594 45945944 0.216210
hsX 45945945 47297296 0.474432
hsX 47297297 48648647 0.353009
hsX 48648648 49999998 0.953883
hsX 49999999 51351350 0.303302
hsX 51351351 52702701 0.216482
hsX 52702702 54054053 0.400219
hsX 54054054 55405404 0.445148
hsX 55405405 56756755 0.080550
hsX 56756756 58108107 0.240854
hsX 58108108 59459458 0.000000
hsX 59459459 60810809 0.000000
hsX 60810810 62162161 0.000000
hsX 62162162 63513512 0.310875
hsX 63513513 64864863 0.176785
hsX 64864864 66216215 0.116437
hsX 66216216 67567566 0.420989
hsX 67567567 68918917 0.240914
hsX 68918918 70270269 0.726073
hsX 70270270 71621620 0.605093
hsX 71621621 72972971 0.354019
hsX 72972972 74324323 0.628170
hsX 74324324 75675674 0.147762
hsX 75675675 77027026 0.253323
hsX 77027027 78378377 0.204280
hsX 78378378 79729728 0.099156
hsX 79729729 81081080 0.240672
hsX 81081081 82432431 0.000000
hsX 82432432 83783782 0.252461
hsX 83783783 85135134 0.274448
hsX 85135135 86486485 0.546298
hsX 86486486 87837836 0.112729
hsX 87837837 89189188 0.006292
hsX 89189189 90540539 0.000000
hsX 90540540 91891890 0.627484
hsX 91891891 93243242 0.030296
hsX 93243243 94594593 0.000000
hsX 94594594 95945944 0.089130
hsX 95945945 97297296 0.590409
hsX 97297297 98648647 0.033591
hsX 98648648 99999998 0.514276
hsX 99999999 101351350 0.384641
hsX 101351351 102702701 0.426093
hsX 102702702 104054053 0.392164
hsX 104054054 105405404 0.761034
hsX 105405405 106756755 0.381249
hsX 106756756 108108107 0.623397
hsX 108108108 109459458 0.386427
hsX 109459459 110810809 0.513083
hsX 110810810 112162161 0.665808
hsX 112162162 113513512 0.000000
hsX 113513513 114864863 0.425628
hsX 114864864 116216215 0.022521
hsX 116216216 117567566 0.279100
hsX 117567567 118918917 0.414992
hsX 118918918 120270269 0.534253
hsX 120270270 121621620 0.000000
hsX 121621621 122972971 0.402464
hsX 122972972 124324323 0.522444
hsX 124324324 125675674 0.004496
hsX 125675675 127027026 0.002563
hsX 127027027 128378377 0.000000
hsX 128378378 129729728 0.500799
hsX 129729729 131081080 0.300998
hsX 131081081 132432431 0.442843
hsX 132432432 133783782 0.521614
hsX 133783783 135135134 0.315202
hsX 135135135 136486485 0.250634
hsX 136486486 137837836 0.221577
hsX 137837837 139189188 0.410087
hsX 139189189 140540539 0.016153
hsX 140540540 141891890 0.051898
hsX 141891891 143243242 0.030407
hsX 143243243 144594593 0.006381
hsX 144594594 145945944 0.009006
hsX 145945945 147297296 0.073050
hsX 147297297 148648647 0.466150
hsX 148648648 149999999 0.424516
hsX 150000000 151351350 0.341853
hsX 151351351 152702701 0.290298
hsX 152702702 154054053 0.684007
hsX 154054054 155405404 0.231770
hs12 0 1351350 0.828585
hs12 1351351 2702701 0.836406
hs12 2702702 4054053 0.525666
hs12 4054054 5405404 0.268365
hs12 5405405 6756755 0.716605
hs12 6756756 8108107 0.503765
hs12 8108108 9459458 0.378251
hs12 9459459 10810809 0.336666
hs12 10810810 12162161 0.687101
hs12 12162162 13513512 0.498323
hs12 13513513 14864863 0.553186
hs12 14864864 16216215 0.576788
hs12 16216216 17567566 0.122981
hs12 17567567 18918917 0.334536
hs12 18918918 20270269 0.243646
hs12 20270270 21621620 0.685193
hs12 21621621 22972971 0.385799
hs12 22972972 24324323 0.553448
hs12 24324324 25675674 0.590063
hs12 25675675 27027026 0.557182
hs12 27027027 28378377 0.433115
hs12 28378378 29729728 0.460134
hs12 29729729 31081080 0.207737
hs12 31081081 32432431 0.497774
hs12 32432432 33783782 0.288823
hs12 33783783 35135134 0.004456
hs12 35135135 36486485 0.000000
hs12 36486486 37837836 0.197131
hs12 37837837 39189188 0.599287
hs12 39189189 40540539 0.565273
hs12 40540540 41891890 0.304975
hs12 41891891 43243242 0.650945
hs12 43243243 44594593 0.619854
hs12 44594594 45945944 0.197161
hs12 45945945 47297296 0.281130
hs12 47297297 48648647 0.570578
hs12 48648648 49999998 0.759769
hs12 49999999 51351350 0.475050
hs12 51351351 52702701 0.444482
hs12 52702702 54054053 0.329682
hs12 54054054 55405404 0.518110
hs12 55405405 56756755 0.476059
hs12 56756756 58108107 0.035762
hs12 58108108 59459458 0.068290
hs12 59459459 60810809 0.312652
hs12 60810810 62162161 0.471778
hs12 62162162 63513512 0.607041
hs12 63513513 64864863 0.436229
hs12 64864864 66216215 0.353767
hs12 66216216 67567566 0.211300
hs12 67567567 68918917 0.300353
hs12 68918918 70270269 0.560878
hs12 70270270 71621620 0.531164
hs12 71621621 72972971 0.000000
hs12 72972972 74324323 0.245101
hs12 74324324 75675674 0.191194
hs12 75675675 77027026 0.319747
hs12 77027027 78378377 0.512063
hs12 78378378 79729728 0.507226
hs12 79729729 81081080 0.594829
hs12 81081081 82432431 0.425037
hs12 82432432 83783782 0.004724
hs12 83783783 85135134 0.427631
hs12 85135135 86486485 0.460042
hs12 86486486 87837836 0.225203
hs12 87837837 89189188 0.138455
hs12 89189189 90540539 0.072710
hs12 90540540 91891890 0.163658
hs12 91891891 93243242 0.349491
hs12 93243243 94594593 0.464292
hs12 94594594 95945944 0.473319
hs12 95945945 97297296 0.050999
hs12 97297297 98648647 0.862820
hs12 98648648 99999998 0.726207
hs12 99999999 101351350 0.522854
hs12 101351351 102702701 0.381267
hs12 102702702 104054053 0.727212
hs12 104054054 105405404 0.294222
hs12 105405405 106756755 0.819871
hs12 106756756 108108107 0.473588
hs12 108108108 109459458 0.683445
hs12 109459459 110810809 0.696663
hs12 110810810 112162161 0.649538
hs12 112162162 113513512 0.271357
hs12 113513513 114864863 0.010295
hs12 114864864 116216215 0.595792
hs12 116216216 117567566 0.696722
hs12 117567567 118918917 0.505835
hs12 118918918 120270269 0.643211
hs12 120270270 121621620 0.796972
hs12 121621621 122972971 0.719152
hs12 122972972 124324323 0.423239
hs12 124324324 125675674 0.268423
hs12 125675675 127027026 0.000000
hs12 127027027 128378377 0.636732
hs12 128378378 129729728 0.550505
hs12 129729729 131081080 0.388569
hs12 131081081 132432431 0.578272
hs11 0 1351350 0.523187
hs11 1351351 2702701 0.742439
hs11 2702702 4054053 0.620860
hs11 4054054 5405404 0.117820
hs11 5405405 6756755 0.328192
hs11 6756756 8108107 0.465229
hs11 8108108 9459458 0.695099
hs11 9459459 10810809 0.687651
hs11 10810810 12162161 0.440910
hs11 12162162 13513512 0.566298
hs11 13513513 14864863 0.646936
hs11 14864864 16216215 0.312684
hs11 16216216 17567566 0.584810
hs11 17567567 18918917 0.559543
hs11 18918918 20270269 0.651994
hs11 20270270 21621620 0.816724
hs11 21621621 22972971 0.213901
hs11 22972972 24324323 0.000000
hs11 24324324 25675674 0.433368
hs11 25675675 27027026 0.303663
hs11 27027027 28378377 0.587744
hs11 28378378 29729728 0.000000
hs11 29729729 31081080 0.168275
hs11 31081081 32432431 0.459897
hs11 32432432 33783782 0.557326
hs11 33783783 35135134 0.425406
hs11 35135135 36486485 0.724772
hs11 36486486 37837836 0.062696
hs11 37837837 39189188 0.000000
hs11 39189189 40540539 0.133136
hs11 40540540 41891890 0.000000
hs11 41891891 43243242 0.000000
hs11 43243243 44594593 0.494509
hs11 44594594 45945944 0.377572
hs11 45945945 47297296 0.800630
hs11 47297297 48648647 0.446081
hs11 48648648 49999998 0.233855
hs11 49999999 51351350 0.023082
hs11 51351351 52702701 0.000689
hs11 52702702 54054053 0.000000
hs11 54054054 55405404 0.016612
hs11 55405405 56756755 0.312295
hs11 56756756 58108107 0.421431
hs11 58108108 59459458 0.273473
hs11 59459459 60810809 0.410006
hs11 60810810 62162161 0.555431
hs11 62162162 63513512 0.570933
hs11 63513513 64864863 0.641120
hs11 64864864 66216215 0.541332
hs11 66216216 67567566 0.549452
hs11 67567567 68918917 0.501196
hs11 68918918 70270269 0.434323
hs11 70270270 71621620 0.522475
hs11 71621621 72972971 0.733343
hs11 72972972 74324323 0.670157
hs11 74324324 75675674 0.590737
hs11 75675675 77027026 0.583811
hs11 77027027 78378377 0.818061
hs11 78378378 79729728 0.333715
hs11 79729729 81081080 0.000000
hs11 81081081 82432431 0.128330
hs11 82432432 83783782 0.796595
hs11 83783783 85135134 0.970079
hs11 85135135 86486485 0.502668
hs11 86486486 87837836 0.249669
hs11 87837837 89189188 0.740103
hs11 89189189 90540539 0.095580
hs11 90540540 91891890 0.123567
hs11 91891891 93243242 0.569534
hs11 93243243 94594593 0.412998
hs11 94594594 95945944 0.421301
hs11 95945945 97297296 0.000000
hs11 97297297 98648647 0.186160
hs11 98648648 99999998 0.802187
hs11 99999999 101351350 0.461720
hs11 101351351 102702701 0.509945
hs11 102702702 104054053 0.305495
hs11 104054054 105405404 0.353418
hs11 105405405 106756755 0.320796
hs11 106756756 108108107 0.687031
hs11 108108108 109459458 0.159692
hs11 109459459 110810809 0.288341
hs11 110810810 112162161 0.451800
hs11 112162162 113513512 0.532669
hs11 113513513 114864863 0.418099
hs11 114864864 116216215 0.044817
hs11 116216216 117567566 0.773420
hs11 117567567 118918917 0.556806
hs11 118918918 120270269 0.450050
hs11 120270270 121621620 0.416557
hs11 121621621 122972971 0.351331
hs11 122972972 124324323 0.237880
hs11 124324324 125675674 0.592486
hs11 125675675 127027026 0.501579
hs11 127027027 128378377 0.264528
hs11 128378378 129729728 0.488992
hs11 129729729 131081080 0.316360
hs11 131081081 132432431 0.942164
hs11 132432432 133783782 0.628555
hs11 133783783 135135134 0.002398
hs22 0 1351350 0.000000
hs22 1351351 2702701 0.000000
hs22 2702702 4054053 0.000000
hs22 4054054 5405404 0.000000
hs22 5405405 6756755 0.000000
hs22 6756756 8108107 0.000000
hs22 8108108 9459458 0.000000
hs22 9459459 10810809 0.000000
hs22 10810810 12162161 0.000000
hs22 12162162 13513512 0.000000
hs22 13513513 14864863 0.024116
hs22 14864864 16216215 0.186965
hs22 16216216 17567566 0.581199
hs22 17567567 18918917 0.514469
hs22 18918918 20270269 0.460318
hs22 20270270 21621620 0.283097
hs22 21621621 22972971 0.586705
hs22 22972972 24324323 0.612878
hs22 24324324 25675674 1.060812
hs22 25675675 27027026 0.390091
hs22 27027027 28378377 0.775360
hs22 28378378 29729728 0.657155
hs22 29729729 31081080 0.582458
hs22 31081081 32432431 0.851774
hs22 32432432 33783782 0.158349
hs22 33783783 35135134 0.498067
hs22 35135135 36486485 0.515591
hs22 36486486 37837836 0.607839
hs22 37837837 39189188 0.709367
hs22 39189189 40540539 0.694491
hs22 40540540 41891890 0.547687
hs22 41891891 43243242 0.687379
hs22 43243243 44594593 0.686830
hs22 44594594 45945944 0.747564
hs22 45945945 47297296 0.034275
hs22 47297297 48648647 0.254148
hs22 48648648 49999998 0.498192
hs10 0 1351350 0.673681
hs10 1351351 2702701 0.332055
hs10 2702702 4054053 0.084077
hs10 4054054 5405404 0.161250
hs10 5405405 6756755 0.474211
hs10 6756756 8108107 0.482092
hs10 8108108 9459458 0.017416
hs10 9459459 10810809 0.000000
hs10 10810810 12162161 0.529178
hs10 12162162 13513512 0.671237
hs10 13513513 14864863 0.778490
hs10 14864864 16216215 0.516450
hs10 16216216 17567566 0.606602
hs10 17567567 18918917 0.844425
hs10 18918918 20270269 0.151819
hs10 20270270 21621620 0.557858
hs10 21621621 22972971 0.493878
hs10 22972972 24324323 0.399859
hs10 24324324 25675674 0.769086
hs10 25675675 27027026 0.567513
hs10 27027027 28378377 0.526650
hs10 28378378 29729728 0.256971
hs10 29729729 31081080 0.320934
hs10 31081081 32432431 0.422165
hs10 32432432 33783782 0.545615
hs10 33783783 35135134 0.515515
hs10 35135135 36486485 0.375411
hs10 36486486 37837836 0.078967
hs10 37837837 39189188 0.176323
hs10 39189189 40540539 0.000000
hs10 40540540 41891890 0.000000
hs10 41891891 43243242 0.294540
hs10 43243243 44594593 0.072650
hs10 44594594 45945944 0.363847
hs10 45945945 47297296 0.345766
hs10 47297297 48648647 0.245487
hs10 48648648 49999998 0.554428
hs10 49999999 51351350 0.646130
hs10 51351351 52702701 0.664998
hs10 52702702 54054053 0.762312
hs10 54054054 55405404 0.132598
hs10 55405405 56756755 0.610983
hs10 56756756 58108107 0.002839
hs10 58108108 59459458 0.000000
hs10 59459459 60810809 0.477391
hs10 60810810 62162161 0.400677
hs10 62162162 63513512 0.356083
hs10 63513513 64864863 0.508537
hs10 64864864 66216215 0.100609
hs10 66216216 67567566 0.162199
hs10 67567567 68918917 1.129557
hs10 68918918 70270269 0.729644
hs10 70270270 71621620 0.570543
hs10 71621621 72972971 0.536886
hs10 72972972 74324323 0.783024
hs10 74324324 75675674 0.769909
hs10 75675675 77027026 0.599627
hs10 77027027 78378377 0.631681
hs10 78378378 79729728 0.670046
hs10 79729729 81081080 0.333875
hs10 81081081 82432431 0.294541
hs10 82432432 83783782 0.117463
hs10 83783783 85135134 0.705318
hs10 85135135 86486485 0.199486
hs10 86486486 87837836 0.361524
hs10 87837837 89189188 0.706693
hs10 89189189 90540539 0.538832
hs10 90540540 91891890 0.376802
hs10 91891891 93243242 0.368014
hs10 93243243 94594593 0.611323
hs10 94594594 95945944 0.597987
hs10 95945945 97297296 0.667783
hs10 97297297 98648647 0.679426
hs10 98648648 99999998 0.707325
hs10 99999999 101351350 0.711897
hs10 101351351 102702701 0.582703
hs10 102702702 104054053 0.626716
hs10 104054054 105405404 0.795484
hs10 105405405 106756755 0.735584
hs10 106756756 108108107 0.191089
hs10 108108108 109459458 0.437246
hs10 109459459 110810809 0.000000
hs10 110810810 112162161 0.207245
hs10 112162162 113513512 0.292427
hs10 113513513 114864863 0.528222
hs10 114864864 116216215 0.464034
hs10 116216216 117567566 0.784560
hs10 117567567 118918917 0.537099
hs10 118918918 120270269 0.332755
hs10 120270270 121621620 0.530493
hs10 121621621 122972971 0.178373
hs10 122972972 124324323 0.579638
hs10 124324324 125675674 0.347172
hs10 125675675 127027026 0.464107
hs10 127027027 128378377 0.576513
hs10 128378378 129729728 0.572941
hs10 129729729 131081080 0.054738
hs10 131081081 132432431 0.349344
hs10 132432432 133783782 0.200642
hs10 133783783 135135134 0.568953
hs10 135135135 136486485 0.070091
hs7 0 1351350 0.437679
hs7 1351351 2702701 0.621002
hs7 2702702 4054053 0.754338
hs7 4054054 5405404 0.499200
hs7 5405405 6756755 0.656587
hs7 6756756 8108107 0.443270
hs7 8108108 9459458 0.346603
hs7 9459459 10810809 0.001146
hs7 10810810 12162161 0.491740
hs7 12162162 13513512 0.138006
hs7 13513513 14864863 0.589482
hs7 14864864 16216215 0.414187
hs7 16216216 17567566 0.322217
hs7 17567567 18918917 0.420216
hs7 18918918 20270269 0.175548
hs7 20270270 21621620 0.288540
hs7 21621621 22972971 0.511728
hs7 22972972 24324323 0.418055
hs7 24324324 25675674 0.306198
hs7 25675675 27027026 0.329913
hs7 27027027 28378377 0.529051
hs7 28378378 29729728 0.719392
hs7 29729729 31081080 0.473942
hs7 31081081 32432431 0.351174
hs7 32432432 33783782 0.547634
hs7 33783783 35135134 0.802103
hs7 35135135 36486485 0.369794
hs7 36486486 37837836 0.597295
hs7 37837837 39189188 0.592220
hs7 39189189 40540539 0.728565
hs7 40540540 41891890 0.315175
hs7 41891891 43243242 0.313961
hs7 43243243 44594593 0.784643
hs7 44594594 45945944 0.379142
hs7 45945945 47297296 0.011856
hs7 47297297 48648647 0.737479
hs7 48648648 49999998 0.150364
hs7 49999999 51351350 0.672724
hs7 51351351 52702701 0.000488
hs7 52702702 54054053 0.000940
hs7 54054054 55405404 0.168875
hs7 55405405 56756755 0.325903
hs7 56756756 58108107 0.043008
hs7 58108108 59459458 0.000000
hs7 59459459 60810809 0.000000
hs7 60810810 62162161 0.000000
hs7 62162162 63513512 0.105342
hs7 63513513 64864863 0.321685
hs7 64864864 66216215 0.479683
hs7 66216216 67567566 0.114405
hs7 67567567 68918917 0.160638
hs7 68918918 70270269 0.748473
hs7 70270270 71621620 0.872561
hs7 71621621 72972971 0.621402
hs7 72972972 74324323 0.661975
hs7 74324324 75675674 0.449212
hs7 75675675 77027026 0.520978
hs7 77027027 78378377 0.912698
hs7 78378378 79729728 0.464007
hs7 79729729 81081080 0.227301
hs7 81081081 82432431 0.571873
hs7 82432432 83783782 0.532446
hs7 83783783 85135134 0.093519
hs7 85135135 86486485 0.268835
hs7 86486486 87837836 0.783011
hs7 87837837 89189188 0.428614
hs7 89189189 90540539 0.388981
hs7 90540540 91891890 0.417897
hs7 91891891 93243242 0.500732
hs7 93243243 94594593 0.306652
hs7 94594594 95945944 0.632591
hs7 95945945 97297296 0.110904
hs7 97297297 98648647 0.453367
hs7 98648648 99999998 0.612740
hs7 99999999 101351350 0.527011
hs7 101351351 102702701 0.865975
hs7 102702702 104054053 0.789027
hs7 104054054 105405404 0.809757
hs7 105405405 106756755 0.325427
hs7 106756756 108108107 0.746775
hs7 108108108 109459458 0.001176
hs7 109459459 110810809 0.558636
hs7 110810810 112162161 0.636010
hs7 112162162 113513512 0.145675
hs7 113513513 114864863 0.519832
hs7 114864864 116216215 0.226390
hs7 116216216 117567566 0.646582
hs7 117567567 118918917 0.028178
hs7 118918918 120270269 0.393923
hs7 120270270 121621620 0.497077
hs7 121621621 122972971 0.554093
hs7 122972972 124324323 0.219783
hs7 124324324 125675674 0.024383
hs7 125675675 127027026 0.629448
hs7 127027027 128378377 0.557097
hs7 128378378 129729728 0.633944
hs7 129729729 131081080 0.606681
hs7 131081081 132432431 0.608698
hs7 132432432 133783782 0.727713
hs7 133783783 135135134 0.610908
hs7 135135135 136486485 0.184932
hs7 136486486 137837836 0.580809
hs7 137837837 139189188 0.768591
hs7 139189189 140540539 0.549688
hs7 140540540 141891890 0.335185
hs7 141891891 143243242 0.232379
hs7 143243243 144594593 0.330651
hs7 144594594 145945944 0.371154
hs7 145945945 147297296 1.000079
hs7 147297297 148648647 0.614091
hs7 148648648 149999999 0.324841
hs7 150000000 151351350 0.644169
hs7 151351351 152702701 0.392611
hs7 152702702 154054053 0.620640
hs7 154054054 155405404 0.413256
hs7 155405405 156756755 0.304385
hs7 156756756 158108107 0.835715
hs7 158108108 159459458 0.293363
hs4 0 1351350 0.694129
hs4 1351351 2702701 0.602614
hs4 2702702 4054053 0.480603
hs4 4054054 5405404 0.422418
hs4 5405405 6756755 0.680164
hs4 6756756 8108107 0.821833
hs4 8108108 9459458 0.276881
hs4 9459459 10810809 0.330191
hs4 10810810 12162161 0.022678
hs4 12162162 13513512 0.137573
hs4 13513513 14864863 0.049935
hs4 14864864 16216215 0.533222
hs4 16216216 17567566 0.502287
hs4 17567567 18918917 0.048111
hs4 18918918 20270269 0.270592
hs4 20270270 21621620 0.930869
hs4 21621621 22972971 0.188938
hs4 22972972 24324323 0.114889
hs4 24324324 25675674 0.405918
hs4 25675675 27027026 0.338209
hs4 27027027 28378377 0.000000
hs4 28378378 29729728 0.000000
hs4 29729729 31081080 0.315527
hs4 31081081 32432431 0.000000
hs4 32432432 33783782 0.000000
hs4 33783783 35135134 0.000000
hs4 35135135 36486485 0.179446
hs4 36486486 37837836 0.536123
hs4 37837837 39189188 0.466848
hs4 39189189 40540539 0.610271
hs4 40540540 41891890 0.663090
hs4 41891891 43243242 0.393344
hs4 43243243 44594593 0.259682
hs4 44594594 45945944 0.065340
hs4 45945945 47297296 0.675018
hs4 47297297 48648647 0.765209
hs4 48648648 49999998 0.056116
hs4 49999999 51351350 0.000000
hs4 51351351 52702701 0.119247
hs4 52702702 54054053 0.505369
hs4 54054054 55405404 0.228554
hs4 55405405 56756755 0.349943
hs4 56756756 58108107 0.386652
hs4 58108108 59459458 0.000000
hs4 59459459 60810809 0.000000
hs4 60810810 62162161 0.086379
hs4 62162162 63513512 0.339365
hs4 63513513 64864863 0.028183
hs4 64864864 66216215 0.326525
hs4 66216216 67567566 0.001504
hs4 67567567 68918917 0.415130
hs4 68918918 70270269 0.195800
hs4 70270270 71621620 0.296999
hs4 71621621 72972971 0.525053
hs4 72972972 74324323 0.432343
hs4 74324324 75675674 0.243461
hs4 75675675 77027026 0.319762
hs4 77027027 78378377 0.666142
hs4 78378378 79729728 0.607463
hs4 79729729 81081080 0.195383
hs4 81081081 82432431 0.700699
hs4 82432432 83783782 0.150220
hs4 83783783 85135134 0.451362
hs4 85135135 86486485 0.303723
hs4 86486486 87837836 0.790983
hs4 87837837 89189188 0.518506
hs4 89189189 90540539 0.572239
hs4 90540540 91891890 0.590604
hs4 91891891 93243242 0.629837
hs4 93243243 94594593 0.851016
hs4 94594594 95945944 0.526353
hs4 95945945 97297296 0.543562
hs4 97297297 98648647 0.000000
hs4 98648648 99999998 0.706810
hs4 99999999 101351350 0.354275
hs4 101351351 102702701 0.330628
hs4 102702702 104054053 0.551747
hs4 104054054 105405404 0.298212
hs4 105405405 106756755 0.238513
hs4 106756756 108108107 0.448994
hs4 108108108 109459458 0.343030
hs4 109459459 110810809 0.618599
hs4 110810810 112162161 0.383128
hs4 112162162 113513512 0.124208
hs4 113513513 114864863 0.762182
hs4 114864864 116216215 0.328294
hs4 116216216 117567566 0.028349
hs4 117567567 118918917 0.001501
hs4 118918918 120270269 0.478126
hs4 120270270 121621620 0.214382
hs4 121621621 122972971 0.348556
hs4 122972972 124324323 0.550788
hs4 124324324 125675674 0.310997
hs4 125675675 127027026 0.166652
hs4 127027027 128378377 0.000000
hs4 128378378 129729728 0.355706
hs4 129729729 131081080 0.217732
hs4 131081081 132432431 0.000000
hs4 132432432 133783782 0.000000
hs4 133783783 135135134 0.031275
hs4 135135135 136486485 0.004008
hs4 136486486 137837836 0.000000
hs4 137837837 139189188 0.010034
hs4 139189189 140540539 0.226602
hs4 140540540 141891890 0.652813
hs4 141891891 143243242 0.339067
hs4 143243243 144594593 0.664554
hs4 144594594 145945944 0.272233
hs4 145945945 147297296 0.391426
hs4 147297297 148648647 0.408432
hs4 148648648 149999999 0.595720
hs4 150000000 151351350 0.097548
hs4 151351351 152702701 0.798641
hs4 152702702 154054053 0.445414
hs4 154054054 155405404 0.426145
hs4 155405405 156756755 0.271040
hs4 156756756 158108107 0.301873
hs4 158108108 159459458 0.253460
hs4 159459459 160810809 0.413040
hs4 160810810 162162161 0.000000
hs4 162162162 163513512 0.577303
hs4 163513513 164864863 0.211368
hs4 164864864 166216215 0.514183
hs4 166216216 167567566 0.384891
hs4 167567567 168918917 0.370893
hs4 168918918 170270269 0.587429
hs4 170270270 171621620 0.426491
hs4 171621621 172972971 0.001349
hs4 172972972 174324323 0.906620
hs4 174324324 175675674 0.234639
hs4 175675675 177027026 0.361107
hs4 177027027 178378377 0.424357
hs4 178378378 179729728 0.241851
hs4 179729729 181081080 0.000000
hs4 181081081 182432431 0.000000
hs4 182432432 183783782 0.227366
hs4 183783783 185135134 0.435878
hs4 185135135 186486485 0.449030
hs4 186486486 187837836 0.567408
hs4 187837837 189189188 0.039532
hs4 189189189 190540539 0.016307
hs4 190540540 191891890 0.065790
hs16 0 1351350 0.655967
hs16 1351351 2702701 0.811178
hs16 2702702 4054053 0.569145
hs16 4054054 5405404 0.582015
hs16 5405405 6756755 0.553242
hs16 6756756 8108107 0.700474
hs16 8108108 9459458 0.226987
hs16 9459459 10810809 0.497362
hs16 10810810 12162161 0.539214
hs16 12162162 13513512 0.663316
hs16 13513513 14864863 0.379553
hs16 14864864 16216215 0.664266
hs16 16216216 17567566 0.339038
hs16 17567567 18918917 0.194619
hs16 18918918 20270269 0.548722
hs16 20270270 21621620 0.681251
hs16 21621621 22972971 0.481508
hs16 22972972 24324323 0.723198
hs16 24324324 25675674 0.337422
hs16 25675675 27027026 0.283498
hs16 27027027 28378377 0.703437
hs16 28378378 29729728 0.358765
hs16 29729729 31081080 0.568768
hs16 31081081 32432431 0.232162
hs16 32432432 33783782 0.021749
hs16 33783783 35135134 0.024073
hs16 35135135 36486485 0.000000
hs16 36486486 37837836 0.000000
hs16 37837837 39189188 0.000000
hs16 39189189 40540539 0.000000
hs16 40540540 41891890 0.000000
hs16 41891891 43243242 0.000000
hs16 43243243 44594593 0.000000
hs16 44594594 45945944 0.429882
hs16 45945945 47297296 0.506406
hs16 47297297 48648647 0.279451
hs16 48648648 49999998 0.306736
hs16 49999999 51351350 0.081251
hs16 51351351 52702701 0.631179
hs16 52702702 54054053 0.011718
hs16 54054054 55405404 0.555821
hs16 55405405 56756755 0.647207
hs16 56756756 58108107 0.226449
hs16 58108108 59459458 0.000777
hs16 59459459 60810809 0.283274
hs16 60810810 62162161 0.000000
hs16 62162162 63513512 0.000000
hs16 63513513 64864863 0.345610
hs16 64864864 66216215 0.693621
hs16 66216216 67567566 0.779628
hs16 67567567 68918917 0.728961
hs16 68918918 70270269 0.739387
hs16 70270270 71621620 0.480530
hs16 71621621 72972971 0.055646
hs16 72972972 74324323 0.650204
hs16 74324324 75675674 0.208651
hs16 75675675 77027026 0.541772
hs16 77027027 78378377 0.580099
hs16 78378378 79729728 0.400124
hs16 79729729 81081080 0.550699
hs16 81081081 82432431 0.869223
hs16 82432432 83783782 0.566059
hs16 83783783 85135134 0.150316
hs16 85135135 86486485 0.286258
hs16 86486486 87837836 0.539450
hs16 87837837 89189188 0.509560
hs20 0 1351350 0.369197
hs20 1351351 2702701 0.426347
hs20 2702702 4054053 0.677629
hs20 4054054 5405404 0.301887
hs20 5405405 6756755 0.270742
hs20 6756756 8108107 0.105787
hs20 8108108 9459458 0.838496
hs20 9459459 10810809 0.492419
hs20 10810810 12162161 0.026468
hs20 12162162 13513512 0.319787
hs20 13513513 14864863 0.927659
hs20 14864864 16216215 0.838010
hs20 16216216 17567566 0.508402
hs20 17567567 18918917 0.445373
hs20 18918918 20270269 0.734500
hs20 20270270 21621620 0.409944
hs20 21621621 22972971 0.040289
hs20 22972972 24324323 0.100090
hs20 24324324 25675674 0.510405
hs20 25675675 27027026 0.068708
hs20 27027027 28378377 0.016376
hs20 28378378 29729728 0.109466
hs20 29729729 31081080 0.573171
hs20 31081081 32432431 0.514582
hs20 32432432 33783782 0.826952
hs20 33783783 35135134 0.728327
hs20 35135135 36486485 0.558996
hs20 36486486 37837836 0.325129
hs20 37837837 39189188 0.074141
hs20 39189189 40540539 0.598000
hs20 40540540 41891890 0.649563
hs20 41891891 43243242 0.602307
hs20 43243243 44594593 0.484286
hs20 44594594 45945944 0.663090
hs20 45945945 47297296 0.356109
hs20 47297297 48648647 0.473326
hs20 48648648 49999998 0.436858
hs20 49999999 51351350 0.323413
hs20 51351351 52702701 0.398457
hs20 52702702 54054053 0.005563
hs20 54054054 55405404 0.249792
hs20 55405405 56756755 0.321695
hs20 56756756 58108107 0.472091
hs20 58108108 59459458 0.146965
hs20 59459459 60810809 0.661529
hs20 60810810 62162161 0.672692
hs20 62162162 63513512 0.103291
hs13 0 1351350 0.000000
hs13 1351351 2702701 0.000000
hs13 2702702 4054053 0.000000
hs13 4054054 5405404 0.000000
hs13 5405405 6756755 0.000000
hs13 6756756 8108107 0.000000
hs13 8108108 9459458 0.000000
hs13 9459459 10810809 0.000000
hs13 10810810 12162161 0.000000
hs13 12162162 13513512 0.000000
hs13 13513513 14864863 0.000000
hs13 14864864 16216215 0.000000
hs13 16216216 17567566 0.000000
hs13 17567567 18918917 0.168845
hs13 18918918 20270269 0.575077
hs13 20270270 21621620 0.337060
hs13 21621621 22972971 0.184352
hs13 22972972 24324323 0.489733
hs13 24324324 25675674 0.630244
hs13 25675675 27027026 0.331914
hs13 27027027 28378377 0.463857
hs13 28378378 29729728 0.524550
hs13 29729729 31081080 0.281802
hs13 31081081 32432431 0.639215
hs13 32432432 33783782 0.281816
hs13 33783783 35135134 0.675138
hs13 35135135 36486485 0.755260
hs13 36486486 37837836 0.244497
hs13 37837837 39189188 0.434255
hs13 39189189 40540539 0.446659
hs13 40540540 41891890 0.575742
hs13 41891891 43243242 0.594264
hs13 43243243 44594593 0.251465
hs13 44594594 45945944 0.535280
hs13 45945945 47297296 0.214241
hs13 47297297 48648647 0.425896
hs13 48648648 49999998 0.522196
hs13 49999999 51351350 0.507014
hs13 51351351 52702701 0.396958
hs13 52702702 54054053 0.000058
hs13 54054054 55405404 0.000000
hs13 55405405 56756755 0.055926
hs13 56756756 58108107 0.071986
hs13 58108108 59459458 0.238085
hs13 59459459 60810809 0.262023
hs13 60810810 62162161 0.004320
hs13 62162162 63513512 0.003800
hs13 63513513 64864863 0.000000
hs13 64864864 66216215 0.326524
hs13 66216216 67567566 0.359828
hs13 67567567 68918917 0.169123
hs13 68918918 70270269 0.325928
hs13 70270270 71621620 0.317633
hs13 71621621 72972971 0.278386
hs13 72972972 74324323 0.331460
hs13 74324324 75675674 0.376138
hs13 75675675 77027026 0.252354
hs13 77027027 78378377 0.239626
hs13 78378378 79729728 0.389030
hs13 79729729 81081080 0.003682
hs13 81081081 82432431 0.000000
hs13 82432432 83783782 0.272212
hs13 83783783 85135134 0.038841
hs13 85135135 86486485 0.004857
hs13 86486486 87837836 0.005181
hs13 87837837 89189188 0.000000
hs13 89189189 90540539 0.026449
hs13 90540540 91891890 0.777141
hs13 91891891 93243242 0.733903
hs13 93243243 94594593 0.615824
hs13 94594594 95945944 0.846819
hs13 95945945 97297296 0.412981
hs13 97297297 98648647 0.641903
hs13 98648648 99999998 0.749398
hs13 99999999 101351350 0.649480
hs13 101351351 102702701 0.558987
hs13 102702702 104054053 0.000000
hs13 104054054 105405404 0.018625
hs13 105405405 106756755 0.153900
hs13 106756756 108108107 0.507989
hs13 108108108 109459458 0.431406
hs13 109459459 110810809 0.560096
hs13 110810810 112162161 0.046208
hs13 112162162 113513512 0.665169
hs13 113513513 114864863 0.248577
hs18 0 1351350 0.443004
hs18 1351351 2702701 0.100573
hs18 2702702 4054053 0.641451
hs18 4054054 5405404 0.069069
hs18 5405405 6756755 0.437125
hs18 6756756 8108107 0.598557
hs18 8108108 9459458 0.509220
hs18 9459459 10810809 0.403114
hs18 10810810 12162161 0.443717
hs18 12162162 13513512 0.706702
hs18 13513513 14864863 0.358063
hs18 14864864 16216215 0.009150
hs18 16216216 17567566 0.433700
hs18 17567567 18918917 0.192273
hs18 18918918 20270269 0.829436
hs18 20270270 21621620 0.241891
hs18 21621621 22972971 0.598162
hs18 22972972 24324323 0.201896
hs18 24324324 25675674 0.000000
hs18 25675675 27027026 0.090898
hs18 27027027 28378377 0.498622
hs18 28378378 29729728 0.604721
hs18 29729729 31081080 0.664408
hs18 31081081 32432431 0.527385
hs18 32432432 33783782 0.691097
hs18 33783783 35135134 0.069745
hs18 35135135 36486485 0.333609
hs18 36486486 37837836 0.065836
hs18 37837837 39189188 0.340278
hs18 39189189 40540539 0.019540
hs18 40540540 41891890 0.495598
hs18 41891891 43243242 0.606379
hs18 43243243 44594593 0.286359
hs18 44594594 45945944 0.674261
hs18 45945945 47297296 0.353454
hs18 47297297 48648647 0.390801
hs18 48648648 49999998 0.542458
hs18 49999999 51351350 0.388991
hs18 51351351 52702701 0.240105
hs18 52702702 54054053 0.467700
hs18 54054054 55405404 0.577371
hs18 55405405 56756755 0.085845
hs18 56756756 58108107 0.287144
hs18 58108108 59459458 0.534399
hs18 59459459 60810809 0.161610
hs18 60810810 62162161 0.096710
hs18 62162162 63513512 0.081435
hs18 63513513 64864863 0.275890
hs18 64864864 66216215 0.587445
hs18 66216216 67567566 0.000000
hs18 67567567 68918917 0.094598
hs18 68918918 70270269 0.135650
hs18 70270270 71621620 0.468188
hs18 71621621 72972971 0.346646
hs18 72972972 74324323 0.015452
hs18 74324324 75675674 0.395950
hs18 75675675 77027026 0.204025
hs3 0 1351350 0.336087
hs3 1351351 2702701 0.484244
hs3 2702702 4054053 0.379667
hs3 4054054 5405404 0.424557
hs3 5405405 6756755 0.000000
hs3 6756756 8108107 0.651509
hs3 8108108 9459458 0.626244
hs3 9459459 10810809 0.617866
hs3 10810810 12162161 0.697412
hs3 12162162 13513512 0.534416
hs3 13513513 14864863 0.557190
hs3 14864864 16216215 0.602507
hs3 16216216 17567566 0.662291
hs3 17567567 18918917 0.209173
hs3 18918918 20270269 0.482655
hs3 20270270 21621620 0.136964
hs3 21621621 22972971 0.108188
hs3 22972972 24324323 0.540835
hs3 24324324 25675674 0.309216
hs3 25675675 27027026 0.124797
hs3 27027027 28378377 0.258011
hs3 28378378 29729728 0.419262
hs3 29729729 31081080 0.409417
hs3 31081081 32432431 0.482527
hs3 32432432 33783782 0.640566
hs3 33783783 35135134 0.052636
hs3 35135135 36486485 0.178793
hs3 36486486 37837836 0.695267
hs3 37837837 39189188 0.679331
hs3 39189189 40540539 0.469950
hs3 40540540 41891890 0.506505
hs3 41891891 43243242 0.490108
hs3 43243243 44594593 0.425237
hs3 44594594 45945944 0.578981
hs3 45945945 47297296 0.498665
hs3 47297297 48648647 0.722685
hs3 48648648 49999998 0.801293
hs3 49999999 51351350 0.850834
hs3 51351351 52702701 0.662175
hs3 52702702 54054053 0.718783
hs3 54054054 55405404 0.717296
hs3 55405405 56756755 0.837545
hs3 56756756 58108107 0.819163
hs3 58108108 59459458 0.453957
hs3 59459459 60810809 0.814544
hs3 60810810 62162161 0.771433
hs3 62162162 63513512 0.655048
hs3 63513513 64864863 0.437663
hs3 64864864 66216215 0.596808
hs3 66216216 67567566 0.373217
hs3 67567567 68918917 0.604427
hs3 68918918 70270269 0.535830
hs3 70270270 71621620 0.395305
hs3 71621621 72972971 0.257800
hs3 72972972 74324323 0.301502
hs3 74324324 75675674 0.201418
hs3 75675675 77027026 0.037893
hs3 77027027 78378377 0.449455
hs3 78378378 79729728 0.740482
hs3 79729729 81081080 0.125816
hs3 81081081 82432431 0.201355
hs3 82432432 83783782 0.000000
hs3 83783783 85135134 0.032792
hs3 85135135 86486485 0.792638
hs3 86486486 87837836 0.072800
hs3 87837837 89189188 0.023694
hs3 89189189 90540539 0.277213
hs3 90540540 91891890 0.000000
hs3 91891891 93243242 0.000000
hs3 93243243 94594593 0.000000
hs3 94594594 95945944 0.192036
hs3 95945945 97297296 0.039267
hs3 97297297 98648647 0.468075
hs3 98648648 99999998 0.428508
hs3 99999999 101351350 0.646966
hs3 101351351 102702701 0.696413
hs3 102702702 104054053 0.222326
hs3 104054054 105405404 0.000000
hs3 105405405 106756755 0.139382
hs3 106756756 108108107 0.172020
hs3 108108108 109459458 0.516920
hs3 109459459 110810809 0.544637
hs3 110810810 112162161 0.000000
hs3 112162162 113513512 0.636151
hs3 113513513 114864863 0.501442
hs3 114864864 116216215 0.828358
hs3 116216216 117567566 0.587896
hs3 117567567 118918917 0.064203
hs3 118918918 120270269 0.124395
hs3 120270270 121621620 0.710847
hs3 121621621 122972971 0.737280
hs3 122972972 124324323 0.746474
hs3 124324324 125675674 0.804992
hs3 125675675 127027026 0.688244
hs3 127027027 128378377 0.560195
hs3 128378378 129729728 0.466822
hs3 129729729 131081080 0.571253
hs3 131081081 132432431 0.571247
hs3 132432432 133783782 0.642002
hs3 133783783 135135134 0.708721
hs3 135135135 136486485 0.609179
hs3 136486486 137837836 0.449992
hs3 137837837 139189188 0.217490
hs3 139189189 140540539 0.486868
hs3 140540540 141891890 0.632083
hs3 141891891 143243242 0.483609
hs3 143243243 144594593 0.674354
hs3 144594594 145945944 0.352270
hs3 145945945 147297296 0.020261
hs3 147297297 148648647 0.195438
hs3 148648648 149999999 0.033399
hs3 150000000 151351350 0.509174
hs3 151351351 152702701 0.636162
hs3 152702702 154054053 0.200026
hs3 154054054 155405404 0.079925
hs3 155405405 156756755 0.276951
hs3 156756756 158108107 0.619774
hs3 158108108 159459458 0.458072
hs3 159459459 160810809 0.718957
hs3 160810810 162162161 0.563632
hs3 162162162 163513512 0.145016
hs3 163513513 164864863 0.000000
hs3 164864864 166216215 0.027259
hs3 166216216 167567566 0.101593
hs3 167567567 168918917 0.282266
hs3 168918918 170270269 0.572226
hs3 170270270 171621620 0.748084
hs3 171621621 172972971 0.566824
hs3 172972972 174324323 0.606827
hs3 174324324 175675674 0.667704
hs3 175675675 177027026 0.700276
hs3 177027027 178378377 0.116286
hs3 178378378 179729728 0.014330
hs3 179729729 181081080 0.641509
hs3 181081081 182432431 0.222852
hs3 182432432 183783782 0.098686
hs3 183783783 185135134 0.645990
hs3 185135135 186486485 0.513948
hs3 186486486 187837836 0.562541
hs3 187837837 189189188 0.274779
hs3 189189189 190540539 0.659025
hs3 190540540 191891890 0.471409
hs3 191891891 193243242 0.133878
hs3 193243243 194594593 0.623567
hs3 194594594 195945944 0.332234
hs3 195945945 197297296 0.471068
hs3 197297297 198648647 0.592912
hs3 198648648 199999998 0.357246
hs9 0 1351350 0.536844
hs9 1351351 2702701 0.220296
hs9 2702702 4054053 0.441098
hs9 4054054 5405404 0.565402
hs9 5405405 6756755 0.506471
hs9 6756756 8108107 0.305029
hs9 8108108 9459458 0.854858
hs9 9459459 10810809 0.846016
hs9 10810810 12162161 0.000000
hs9 12162162 13513512 0.155100
hs9 13513513 14864863 0.338697
hs9 14864864 16216215 0.520690
hs9 16216216 17567566 0.614324
hs9 17567567 18918917 0.485470
hs9 18918918 20270269 0.421453
hs9 20270270 21621620 0.566649
hs9 21621621 22972971 0.169491
hs9 22972972 24324323 0.100610
hs9 24324324 25675674 0.001829
hs9 25675675 27027026 0.147102
hs9 27027027 28378377 0.644175
hs9 28378378 29729728 0.245001
hs9 29729729 31081080 0.000000
hs9 31081081 32432431 0.042796
hs9 32432432 33783782 0.556900
hs9 33783783 35135134 0.577042
hs9 35135135 36486485 0.611690
hs9 36486486 37837836 0.621716
hs9 37837837 39189188 0.295227
hs9 39189189 40540539 0.107470
hs9 40540540 41891890 0.061574
hs9 41891891 43243242 0.217768
hs9 43243243 44594593 0.049695
hs9 44594594 45945944 0.001859
hs9 45945945 47297296 0.044991
hs9 47297297 48648647 0.000000
hs9 48648648 49999998 0.000000
hs9 49999999 51351350 0.000000
hs9 51351351 52702701 0.000000
hs9 52702702 54054053 0.000000
hs9 54054054 55405404 0.000000
hs9 55405405 56756755 0.000000
hs9 56756756 58108107 0.000000
hs9 58108108 59459458 0.000000
hs9 59459459 60810809 0.000000
hs9 60810810 62162161 0.000000
hs9 62162162 63513512 0.000000
hs9 63513513 64864863 0.000000
hs9 64864864 66216215 0.019777
hs9 66216216 67567566 0.101050
hs9 67567567 68918917 0.131982
hs9 68918918 70270269 0.230921
hs9 70270270 71621620 0.695744
hs9 71621621 72972971 0.726272
hs9 72972972 74324323 0.238392
hs9 74324324 75675674 0.285243
hs9 75675675 77027026 0.364782
hs9 77027027 78378377 0.280450
hs9 78378378 79729728 0.732812
hs9 79729729 81081080 0.125970
hs9 81081081 82432431 0.114537
hs9 82432432 83783782 0.092245
hs9 83783783 85135134 0.125964
hs9 85135135 86486485 0.442923
hs9 86486486 87837836 0.490125
hs9 87837837 89189188 0.171508
hs9 89189189 90540539 0.292014
hs9 90540540 91891890 0.319359
hs9 91891891 93243242 0.216640
hs9 93243243 94594593 0.699842
hs9 94594594 95945944 0.500950
hs9 95945945 97297296 0.625050
hs9 97297297 98648647 0.427413
hs9 98648648 99999998 0.555840
hs9 99999999 101351350 0.573199
hs9 101351351 102702701 0.461421
hs9 102702702 104054053 0.422269
hs9 104054054 105405404 0.017152
hs9 105405405 106756755 0.168610
hs9 106756756 108108107 0.304943
hs9 108108108 109459458 0.149675
hs9 109459459 110810809 0.105341
hs9 110810810 112162161 0.956864
hs9 112162162 113513512 0.617381
hs9 113513513 114864863 0.607882
hs9 114864864 116216215 0.616451
hs9 116216216 117567566 0.399940
hs9 117567567 118918917 0.733310
hs9 118918918 120270269 0.230631
hs9 120270270 121621620 0.150096
hs9 121621621 122972971 0.452520
hs9 122972972 124324323 0.916559
hs9 124324324 125675674 0.688073
hs9 125675675 127027026 0.686577
hs9 127027027 128378377 0.583876
hs9 128378378 129729728 0.758371
hs9 129729729 131081080 0.674574
hs9 131081081 132432431 0.396980
hs9 132432432 133783782 0.648449
hs9 133783783 135135134 0.730864
hs9 135135135 136486485 0.529876
hs9 136486486 137837836 0.304463
hs9 137837837 139189188 0.572448
hs9 139189189 140540539 0.657181
hs15 0 1351350 0.000000
hs15 1351351 2702701 0.000000
hs15 2702702 4054053 0.000000
hs15 4054054 5405404 0.000000
hs15 5405405 6756755 0.000000
hs15 6756756 8108107 0.000000
hs15 8108108 9459458 0.000000
hs15 9459459 10810809 0.000000
hs15 10810810 12162161 0.000000
hs15 12162162 13513512 0.000000
hs15 13513513 14864863 0.000000
hs15 14864864 16216215 0.000000
hs15 16216216 17567566 0.000000
hs15 17567567 18918917 0.000000
hs15 18918918 20270269 0.202958
hs15 20270270 21621620 0.281851
hs15 21621621 22972971 0.176852
hs15 22972972 24324323 0.235883
hs15 24324324 25675674 0.739433
hs15 25675675 27027026 0.482628
hs15 27027027 28378377 0.627624
hs15 28378378 29729728 0.378423
hs15 29729729 31081080 0.394265
hs15 31081081 32432431 0.815315
hs15 32432432 33783782 0.324682
hs15 33783783 35135134 0.323195
hs15 35135135 36486485 0.123007
hs15 36486486 37837836 0.214419
hs15 37837837 39189188 0.647779
hs15 39189189 40540539 0.763833
hs15 40540540 41891890 0.790031
hs15 41891891 43243242 0.685571
hs15 43243243 44594593 0.203693
hs15 44594594 45945944 0.369282
hs15 45945945 47297296 0.580435
hs15 47297297 48648647 0.780620
hs15 48648648 49999998 0.674551
hs15 49999999 51351350 0.467408
hs15 51351351 52702701 0.633612
hs15 52702702 54054053 0.451142
hs15 54054054 55405404 0.593256
hs15 55405405 56756755 0.509529
hs15 56756756 58108107 0.536246
hs15 58108108 59459458 0.630032
hs15 59459459 60810809 0.226267
hs15 60810810 62162161 0.593399
hs15 62162162 63513512 0.703337
hs15 63513513 64864863 0.752470
hs15 64864864 66216215 0.585659
hs15 66216216 67567566 0.623527
hs15 67567567 68918917 0.136311
hs15 68918918 70270269 0.879049
hs15 70270270 71621620 0.570968
hs15 71621621 72972971 0.516745
hs15 72972972 74324323 0.569044
hs15 74324324 75675674 0.695519
hs15 75675675 77027026 0.412420
hs15 77027027 78378377 0.295567
hs15 78378378 79729728 0.464267
hs15 79729729 81081080 0.462501
hs15 81081081 82432431 0.702763
hs15 82432432 83783782 0.474959
hs15 83783783 85135134 0.735866
hs15 85135135 86486485 0.374741
hs15 86486486 87837836 0.414769
hs15 87837837 89189188 0.591132
hs15 89189189 90540539 0.481751
hs15 90540540 91891890 0.237214
hs15 91891891 93243242 0.137456
hs15 93243243 94594593 0.055318
hs15 94594594 95945944 0.012248
hs15 95945945 97297296 0.376799
hs15 97297297 98648647 0.620841
hs15 98648648 99999998 0.558240
hs15 99999999 101351350 0.077080
hs5 0 1351350 0.536706
hs5 1351351 2702701 0.164777
hs5 2702702 4054053 0.010428
hs5 4054054 5405404 0.159551
hs5 5405405 6756755 0.163740
hs5 6756756 8108107 0.398059
hs5 8108108 9459458 0.274778
hs5 9459459 10810809 0.555556
hs5 10810810 12162161 0.692446
hs5 12162162 13513512 0.170443
hs5 13513513 14864863 0.589187
hs5 14864864 16216215 0.440569
hs5 16216216 17567566 0.440955
hs5 17567567 18918917 0.000000
hs5 18918918 20270269 0.381247
hs5 20270270 21621620 0.093444
hs5 21621621 22972971 0.826058
hs5 22972972 24324323 0.015528
hs5 24324324 25675674 0.116700
hs5 25675675 27027026 0.081816
hs5 27027027 28378377 0.035091
hs5 28378378 29729728 0.000000
hs5 29729729 31081080 0.000000
hs5 31081081 32432431 0.574059
hs5 32432432 33783782 0.291012
hs5 33783783 35135134 0.453718
hs5 35135135 36486485 0.477700
hs5 36486486 37837836 0.641482
hs5 37837837 39189188 0.463140
hs5 39189189 40540539 0.148053
hs5 40540540 41891890 0.525997
hs5 41891891 43243242 0.353393
hs5 43243243 44594593 0.306509
hs5 44594594 45945944 0.328161
hs5 45945945 47297296 0.000000
hs5 47297297 48648647 0.000000
hs5 48648648 49999998 0.035308
hs5 49999999 51351350 0.140394
hs5 51351351 52702701 0.219921
hs5 52702702 54054053 0.431790
hs5 54054054 55405404 0.492742
hs5 55405405 56756755 0.262178
hs5 56756756 58108107 0.153306
hs5 58108108 59459458 0.913081
hs5 59459459 60810809 0.774626
hs5 60810810 62162161 0.334338
hs5 62162162 63513512 0.012844
hs5 63513513 64864863 0.720398
hs5 64864864 66216215 0.572491
hs5 66216216 67567566 0.228533
hs5 67567567 68918917 0.528626
hs5 68918918 70270269 1.171670
hs5 70270270 71621620 0.482818
hs5 71621621 72972971 0.320422
hs5 72972972 74324323 0.366765
hs5 74324324 75675674 0.526306
hs5 75675675 77027026 0.618354
hs5 77027027 78378377 0.677580
hs5 78378378 79729728 0.511557
hs5 79729729 81081080 0.810031
hs5 81081081 82432431 0.259962
hs5 82432432 83783782 0.657787
hs5 83783783 85135134 0.000000
hs5 85135135 86486485 0.013248
hs5 86486486 87837836 0.159828
hs5 87837837 89189188 0.244144
hs5 89189189 90540539 0.511865
hs5 90540540 91891890 0.040684
hs5 91891891 93243242 0.331617
hs5 93243243 94594593 0.963091
hs5 94594594 95945944 0.362306
hs5 95945945 97297296 0.274351
hs5 97297297 98648647 0.072913
hs5 98648648 99999998 0.044450
hs5 99999999 101351350 0.071298
hs5 101351351 102702701 0.357145
hs5 102702702 104054053 0.010313
hs5 104054054 105405404 0.000463
hs5 105405405 106756755 0.012038
hs5 106756756 108108107 0.592593
hs5 108108108 109459458 0.644996
hs5 109459459 110810809 0.442877
hs5 110810810 112162161 0.481630
hs5 112162162 113513512 0.514509
hs5 113513513 114864863 0.200975
hs5 114864864 116216215 0.451965
hs5 116216216 117567566 0.000000
hs5 117567567 118918917 0.403423
hs5 118918918 120270269 0.169616
hs5 120270270 121621620 0.078985
hs5 121621621 122972971 0.487672
hs5 122972972 124324323 0.085536
hs5 124324324 125675674 0.000000
hs5 125675675 127027026 0.508105
hs5 127027027 128378377 0.367653
hs5 128378378 129729728 0.442681
hs5 129729729 131081080 0.339226
hs5 131081081 132432431 0.491643
hs5 132432432 133783782 0.504525
hs5 133783783 135135134 0.363655
hs5 135135135 136486485 0.346918
hs5 136486486 137837836 0.707578
hs5 137837837 139189188 0.589663
hs5 139189189 140540539 2.382101
hs5 140540540 141891890 2.185204
hs5 141891891 143243242 0.540442
hs5 143243243 144594593 0.236106
hs5 144594594 145945944 0.339414
hs5 145945945 147297296 0.680824
hs5 147297297 148648647 0.442200
hs5 148648648 149999999 0.650738
hs5 150000000 151351350 0.495913
hs5 151351351 152702701 0.010168
hs5 152702702 154054053 0.471910
hs5 154054054 155405404 0.176557
hs5 155405405 156756755 0.560099
hs5 156756756 158108107 0.218620
hs5 158108108 159459458 0.508237
hs5 159459459 160810809 0.477195
hs5 160810810 162162161 0.188337
hs5 162162162 163513512 0.045539
hs5 163513513 164864863 0.000000
hs5 164864864 166216215 0.000000
hs5 166216216 167567566 0.683129
hs5 167567567 168918917 0.687971
hs5 168918918 170270269 0.834752
hs5 170270270 171621620 0.596539
hs5 171621621 172972971 0.379942
hs5 172972972 174324323 0.119921
hs5 174324324 175675674 0.212737
hs5 175675675 177027026 0.675065
hs5 177027027 178378377 0.513468
hs5 178378378 179729728 0.637435
hs5 179729729 181081080 0.235190
hsY 0 1351350 0.100216
hsY 1351351 2702701 0.521453
hsY 2702702 4054053 0.055503
hsY 4054054 5405404 0.353083
hsY 5405405 6756755 0.285684
hsY 6756756 8108107 0.225209
hsY 8108108 9459458 0.197401
hsY 9459459 10810809 0.502163
hsY 10810810 12162161 0.000000
hsY 12162162 13513512 0.151657
hsY 13513513 14864863 0.188018
hsY 14864864 16216215 0.237808
hsY 16216216 17567566 0.000000
hsY 17567567 18918917 0.040201
hsY 18918918 20270269 0.346122
hsY 20270270 21621620 0.100257
hsY 21621621 22972971 0.319970
hsY 22972972 24324323 0.351484
hsY 24324324 25675674 0.402171
hsY 25675675 27027026 0.026711
hsY 27027027 28378377 0.000000
hsY 28378378 29729728 0.000000
hsY 29729729 31081080 0.000000
hsY 31081081 32432431 0.000000
hsY 32432432 33783782 0.000000
hsY 33783783 35135134 0.000000
hsY 35135135 36486485 0.000000
hsY 36486486 37837836 0.000000
hsY 37837837 39189188 0.000000
hsY 39189189 40540539 0.000000
hsY 40540540 41891890 0.000000
hsY 41891891 43243242 0.000000
hsY 43243243 44594593 0.000000
hsY 44594594 45945944 0.000000
hsY 45945945 47297296 0.000000
hsY 47297297 48648647 0.000000
hsY 48648648 49999998 0.000000
hsY 49999999 51351350 0.000000
hsY 51351351 52702701 0.000000
hsY 52702702 54054053 0.000000
hsY 54054054 55405404 0.000000
hsY 55405405 56756755 0.000000
hsY 56756756 58108107 0.066894
hs1 0 1351350 0.284614
hs1 1351351 2702701 0.689404
hs1 2702702 4054053 0.580603
hs1 4054054 5405404 0.104623
hs1 5405405 6756755 0.546605
hs1 6756756 8108107 0.828896
hs1 8108108 9459458 0.551021
hs1 9459459 10810809 0.793495
hs1 10810810 12162161 0.501276
hs1 12162162 13513512 0.411614
hs1 13513513 14864863 0.204641
hs1 14864864 16216215 0.844132
hs1 16216216 17567566 0.533855
hs1 17567567 18918917 0.486068
hs1 18918918 20270269 0.530320
hs1 20270270 21621620 0.595145
hs1 21621621 22972971 0.528022
hs1 22972972 24324323 0.509634
hs1 24324324 25675674 0.505350
hs1 25675675 27027026 0.557221
hs1 27027027 28378377 0.587781
hs1 28378378 29729728 0.644394
hs1 29729729 31081080 0.027882
hs1 31081081 32432431 0.517025
hs1 32432432 33783782 0.562781
hs1 33783783 35135134 0.542382
hs1 35135135 36486485 0.573540
hs1 36486486 37837836 0.377873
hs1 37837837 39189188 0.296709
hs1 39189189 40540539 0.642889
hs1 40540540 41891890 0.524371
hs1 41891891 43243242 0.572790
hs1 43243243 44594593 0.576740
hs1 44594594 45945944 0.784524
hs1 45945945 47297296 0.587533
hs1 47297297 48648647 0.310007
hs1 48648648 49999998 0.991363
hs1 49999999 51351350 0.708767
hs1 51351351 52702701 0.750907
hs1 52702702 54054053 0.680173
hs1 54054054 55405404 0.655895
hs1 55405405 56756755 0.053250
hs1 56756756 58108107 0.891112
hs1 58108108 59459458 0.375310
hs1 59459459 60810809 0.476638
hs1 60810810 62162161 0.452376
hs1 62162162 63513512 0.501803
hs1 63513513 64864863 0.647321
hs1 64864864 66216215 0.693260
hs1 66216216 67567566 0.754991
hs1 67567567 68918917 0.302297
hs1 68918918 70270269 0.201888
hs1 70270270 71621620 0.406447
hs1 71621621 72972971 0.650944
hs1 72972972 74324323 0.044426
hs1 74324324 75675674 0.668177
hs1 75675675 77027026 0.672126
hs1 77027027 78378377 0.796375
hs1 78378378 79729728 0.256487
hs1 79729729 81081080 0.000000
hs1 81081081 82432431 0.142100
hs1 82432432 83783782 0.000000
hs1 83783783 85135134 0.469275
hs1 85135135 86486485 0.729852
hs1 86486486 87837836 0.384097
hs1 87837837 89189188 0.152548
hs1 89189189 90540539 0.392828
hs1 90540540 91891890 0.214470
hs1 91891891 93243242 0.728635
hs1 93243243 94594593 0.489480
hs1 94594594 95945944 0.297238
hs1 95945945 97297296 0.069135
hs1 97297297 98648647 0.624130
hs1 98648648 99999998 0.266829
hs1 99999999 101351350 0.516180
hs1 101351351 102702701 0.164407
hs1 102702702 104054053 0.280441
hs1 104054054 105405404 0.223514
hs1 105405405 106756755 0.052835
hs1 106756756 108108107 0.397598
hs1 108108108 109459458 0.540254
hs1 109459459 110810809 0.483143
hs1 110810810 112162161 0.378090
hs1 112162162 113513512 0.429211
hs1 113513513 114864863 0.539753
hs1 114864864 116216215 0.411163
hs1 116216216 117567566 0.425410
hs1 117567567 118918917 0.376721
hs1 118918918 120270269 0.284557
hs1 120270270 121621620 0.170816
hs1 121621621 122972971 0.000000
hs1 122972972 124324323 0.000000
hs1 124324324 125675674 0.000000
hs1 125675675 127027026 0.000000
hs1 127027027 128378377 0.000000
hs1 128378378 129729728 0.000000
hs1 129729729 131081080 0.000000
hs1 131081081 132432431 0.000000
hs1 132432432 133783782 0.000000
hs1 133783783 135135134 0.000000
hs1 135135135 136486485 0.000000
hs1 136486486 137837836 0.000000
hs1 137837837 139189188 0.000000
hs1 139189189 140540539 0.000000
hs1 140540540 141891890 0.000000
hs1 141891891 143243242 0.151525
hs1 143243243 144594593 0.700679
hs1 144594594 145945944 0.382340
hs1 145945945 147297296 0.188482
hs1 147297297 148648647 0.319084
hs1 148648648 149999999 0.665082
hs1 150000000 151351350 0.181623
hs1 151351351 152702701 0.535813
hs1 152702702 154054053 0.716577
hs1 154054054 155405404 0.650279
hs1 155405405 156756755 0.210090
hs1 156756756 158108107 0.238022
hs1 158108108 159459458 0.566199
hs1 159459459 160810809 0.590706
hs1 160810810 162162161 0.231627
hs1 162162162 163513512 0.272342
hs1 163513513 164864863 0.408570
hs1 164864864 166216215 0.596386
hs1 166216216 167567566 0.367059
hs1 167567567 168918917 0.442346
hs1 168918918 170270269 0.523812
hs1 170270270 171621620 0.406333
hs1 171621621 172972971 0.728178
hs1 172972972 174324323 0.683779
hs1 174324324 175675674 0.675745
hs1 175675675 177027026 0.378661
hs1 177027027 178378377 0.758826
hs1 178378378 179729728 0.503671
hs1 179729729 181081080 0.389874
hs1 181081081 182432431 0.738934
hs1 182432432 183783782 0.548857
hs1 183783783 185135134 0.504297
hs1 185135135 186486485 0.066305
hs1 186486486 187837836 0.000000
hs1 187837837 189189188 0.281173
hs1 189189189 190540539 0.020243
hs1 190540540 191891890 0.228208
hs1 191891891 193243242 0.000000
hs1 193243243 194594593 0.098464
hs1 194594594 195945944 0.741855
hs1 195945945 197297296 0.288269
hs1 197297297 198648647 0.114344
hs1 198648648 199999998 0.500093
hs1 199999999 201351350 0.735603
hs1 201351351 202702701 0.464080
hs1 202702702 204054053 0.567641
hs1 204054054 205405404 0.491919
hs1 205405405 206756755 0.439587
hs1 206756756 208108107 0.146368
hs1 208108108 209459458 0.771710
hs1 209459459 210810809 0.432726
hs1 210810810 212162161 0.370762
hs1 212162162 213513512 0.582893
hs1 213513513 214864863 0.722665
hs1 214864864 216216215 0.702427
hs1 216216216 217567566 0.140811
hs1 217567567 218918917 0.326454
hs1 218918918 220270269 0.092666
hs1 220270270 221621620 0.325838
hs1 221621621 222972971 0.453366
hs1 222972972 224324323 0.602161
hs1 224324324 225675674 0.547102
hs1 225675675 227027026 0.403910
hs1 227027027 228378377 0.254866
hs1 228378378 229729728 0.461802
hs1 229729729 231081080 0.807955
hs1 231081081 232432431 0.577535
hs1 232432432 233783782 0.421854
hs1 233783783 235135134 0.656808
hs1 235135135 236486485 0.640810
hs1 236486486 237837836 0.004168
hs1 237837837 239189188 0.717795
hs1 239189189 240540539 0.706324
hs1 240540540 241891890 0.598144
hs1 241891891 243243242 0.426432
hs1 243243243 244594593 0.943784
hs1 244594594 245945944 0.447772
hs1 245945945 247297296 0.197831
hs19 0 1351350 0.545774
hs19 1351351 2702701 0.669367
hs19 2702702 4054053 0.683323
hs19 4054054 5405404 0.650393
hs19 5405405 6756755 0.587002
hs19 6756756 8108107 0.589968
hs19 8108108 9459458 0.452817
hs19 9459459 10810809 0.618716
hs19 10810810 12162161 0.630974
hs19 12162162 13513512 0.642431
hs19 13513513 14864863 0.474502
hs19 14864864 16216215 0.431767
hs19 16216216 17567566 0.729448
hs19 17567567 18918917 0.699922
hs19 18918918 20270269 0.648766
hs19 20270270 21621620 0.286665
hs19 21621621 22972971 0.190344
hs19 22972972 24324323 0.148609
hs19 24324324 25675674 0.000000
hs19 25675675 27027026 0.000000
hs19 27027027 28378377 0.000000
hs19 28378378 29729728 0.000000
hs19 29729729 31081080 0.000000
hs19 31081081 32432431 0.000000
hs19 32432432 33783782 0.002552
hs19 33783783 35135134 0.079645
hs19 35135135 36486485 0.205929
hs19 36486486 37837836 0.171729
hs19 37837837 39189188 0.579451
hs19 39189189 40540539 0.425446
hs19 40540540 41891890 0.512935
hs19 41891891 43243242 0.584629
hs19 43243243 44594593 0.678661
hs19 44594594 45945944 0.549810
hs19 45945945 47297296 0.455513
hs19 47297297 48648647 0.345015
hs19 48648648 49999998 0.526067
hs19 49999999 51351350 0.591727
hs19 51351351 52702701 0.490923
hs19 52702702 54054053 0.689222
hs19 54054054 55405404 0.682645
hs19 55405405 56756755 0.493647
hs19 56756756 58108107 0.582521
hs19 58108108 59459458 0.500977
hs19 59459459 60810809 0.576445
hs19 60810810 62162161 0.501782
hs19 62162162 63513512 0.456960
hs19 63513513 64864863 0.116928
hs2 0 1351350 0.369388
hs2 1351351 2702701 0.586036
hs2 2702702 4054053 0.313217
hs2 4054054 5405404 0.000000
hs2 5405405 6756755 0.046257
hs2 6756756 8108107 0.162232
hs2 8108108 9459458 0.335615
hs2 9459459 10810809 0.545914
hs2 10810810 12162161 0.360409
hs2 12162162 13513512 0.019138
hs2 13513513 14864863 0.005445
hs2 14864864 16216215 0.327195
hs2 16216216 17567566 0.091853
hs2 17567567 18918917 0.240439
hs2 18918918 20270269 0.102469
hs2 20270270 21621620 0.235508
hs2 21621621 22972971 0.000000
hs2 22972972 24324323 0.547744
hs2 24324324 25675674 0.675875
hs2 25675675 27027026 0.723304
hs2 27027027 28378377 0.783568
hs2 28378378 29729728 0.728147
hs2 29729729 31081080 0.507827
hs2 31081081 32432431 0.538904
hs2 32432432 33783782 0.874644
hs2 33783783 35135134 0.001594
hs2 35135135 36486485 0.036694
hs2 36486486 37837836 0.581311
hs2 37837837 39189188 0.497999
hs2 39189189 40540539 0.513664
hs2 40540540 41891890 0.038880
hs2 41891891 43243242 0.299310
hs2 43243243 44594593 0.756236
hs2 44594594 45945944 0.520259
hs2 45945945 47297296 0.640947
hs2 47297297 48648647 0.303046
hs2 48648648 49999998 0.374730
hs2 49999999 51351350 0.823753
hs2 51351351 52702701 0.000000
hs2 52702702 54054053 0.340638
hs2 54054054 55405404 0.666449
hs2 55405405 56756755 0.377342
hs2 56756756 58108107 0.000000
hs2 58108108 59459458 0.144646
hs2 59459459 60810809 0.075726
hs2 60810810 62162161 0.642118
hs2 62162162 63513512 0.580466
hs2 63513513 64864863 0.371598
hs2 64864864 66216215 0.203314
hs2 66216216 67567566 0.111336
hs2 67567567 68918917 0.316275
hs2 68918918 70270269 0.569655
hs2 70270270 71621620 0.515171
hs2 71621621 72972971 0.603761
hs2 72972972 74324323 0.599727
hs2 74324324 75675674 0.485663
hs2 75675675 77027026 0.194152
hs2 77027027 78378377 0.426318
hs2 78378378 79729728 0.111451
hs2 79729729 81081080 0.741669
hs2 81081081 82432431 0.000000
hs2 82432432 83783782 0.000716
hs2 83783783 85135134 0.358520
hs2 85135135 86486485 0.555570
hs2 86486486 87837836 0.451060
hs2 87837837 89189188 0.427126
hs2 89189189 90540539 0.000000
hs2 90540540 91891890 0.023230
hs2 91891891 93243242 0.000000
hs2 93243243 94594593 0.000000
hs2 94594594 95945944 0.241839
hs2 95945945 97297296 0.511979
hs2 97297297 98648647 0.630062
hs2 98648648 99999998 0.799871
hs2 99999999 101351350 0.470893
hs2 101351351 102702701 0.498244
hs2 102702702 104054053 0.053811
hs2 104054054 105405404 0.204129
hs2 105405405 106756755 0.257339
hs2 106756756 108108107 0.134410
hs2 108108108 109459458 0.596719
hs2 109459459 110810809 0.721319
hs2 110810810 112162161 0.505319
hs2 112162162 113513512 0.529341
hs2 113513513 114864863 0.289769
hs2 114864864 116216215 0.961888
hs2 116216216 117567566 0.075908
hs2 117567567 118918917 0.101973
hs2 118918918 120270269 0.307758
hs2 120270270 121621620 0.439845
hs2 121621621 122972971 0.298025
hs2 122972972 124324323 0.000000
hs2 124324324 125675674 0.658601
hs2 125675675 127027026 0.000000
hs2 127027027 128378377 0.407554
hs2 128378378 129729728 0.180334
hs2 129729729 131081080 0.169574
hs2 131081081 132432431 0.307710
hs2 132432432 133783782 0.743842
hs2 133783783 135135134 0.491306
hs2 135135135 136486485 0.792972
hs2 136486486 137837836 0.278768
hs2 137837837 139189188 0.357787
hs2 139189189 140540539 0.049539
hs2 140540540 141891890 0.877955
hs2 141891891 143243242 0.528249
hs2 143243243 144594593 0.723912
hs2 144594594 145945944 0.257504
hs2 145945945 147297296 0.100681
hs2 147297297 148648647 0.241854
hs2 148648648 149999999 0.743821
hs2 150000000 151351350 0.056270
hs2 151351351 152702701 0.508500
hs2 152702702 154054053 0.342871
hs2 154054054 155405404 0.535858
hs2 155405405 156756755 0.011733
hs2 156756756 158108107 0.198284
hs2 158108108 159459458 0.663382
hs2 159459459 160810809 0.754133
hs2 160810810 162162161 0.320621
hs2 162162162 163513512 0.786591
hs2 163513513 164864863 0.095014
hs2 164864864 166216215 0.587815
hs2 166216216 167567566 0.452066
hs2 167567567 168918917 0.446001
hs2 168918918 170270269 0.746852
hs2 170270270 171621620 0.708580
hs2 171621621 172972971 0.524090
hs2 172972972 174324323 0.487218
hs2 174324324 175675674 0.554196
hs2 175675675 177027026 0.183112
hs2 177027027 178378377 0.366979
hs2 178378378 179729728 0.940422
hs2 179729729 181081080 0.436334
hs2 181081081 182432431 0.213500
hs2 182432432 183783782 0.606272
hs2 183783783 185135134 0.000000
hs2 185135135 186486485 0.322482
hs2 186486486 187837836 0.152040
hs2 187837837 189189188 0.369111
hs2 189189189 190540539 0.371035
hs2 190540540 191891890 0.522760
hs2 191891891 193243242 0.277351
hs2 193243243 194594593 0.020021
hs2 194594594 195945944 0.000000
hs2 195945945 197297296 0.686790
hs2 197297297 198648647 0.668588
hs2 198648648 199999998 0.171484
hs2 199999999 201351350 0.388607
hs2 201351351 202702701 0.700528
hs2 202702702 204054053 0.756632
hs2 204054054 205405404 0.298412
hs2 205405405 206756755 0.770248
hs2 206756756 208108107 0.370466
hs2 208108108 209459458 0.427064
hs2 209459459 210810809 0.550881
hs2 210810810 212162161 0.360945
hs2 212162162 213513512 0.702656
hs2 213513513 214864863 0.857977
hs2 214864864 216216215 0.506364
hs2 216216216 217567566 0.351451
hs2 217567567 218918917 0.589548
hs2 218918918 220270269 0.636860
hs2 220270270 221621620 0.000000
hs2 221621621 222972971 0.192720
hs2 222972972 224324323 0.257895
hs2 224324324 225675674 0.475756
hs2 225675675 227027026 0.187319
hs2 227027027 228378377 0.544183
hs2 228378378 229729728 0.289277
hs2 229729729 231081080 0.787136
hs2 231081081 232432431 0.434316
hs2 232432432 233783782 0.722659
hs2 233783783 235135134 0.873778
hs2 235135135 236486485 0.386831
hs2 236486486 237837836 0.365204
hs2 237837837 239189188 0.578234
hs2 239189189 240540539 0.262633
hs2 240540540 241891890 0.508919
hs2 241891891 243243242 0.381393
hs8 0 1351350 0.165640
hs8 1351351 2702701 0.368499
hs8 2702702 4054053 0.942591
hs8 4054054 5405404 0.581405
hs8 5405405 6756755 0.287377
hs8 6756756 8108107 0.255087
hs8 8108108 9459458 0.181286
hs8 9459459 10810809 0.582214
hs8 10810810 12162161 0.570041
hs8 12162162 13513512 0.495938
hs8 13513513 14864863 0.646164
hs8 14864864 16216215 0.432517
hs8 16216216 17567566 0.383281
hs8 17567567 18918917 0.630146
hs8 18918918 20270269 0.367103
hs8 20270270 21621620 0.020581
hs8 21621621 22972971 0.732616
hs8 22972972 24324323 0.291224
hs8 24324324 25675674 0.290301
hs8 25675675 27027026 0.384024
hs8 27027027 28378377 0.602651
hs8 28378378 29729728 0.495548
hs8 29729729 31081080 0.464276
hs8 31081081 32432431 0.655168
hs8 32432432 33783782 0.348182
hs8 33783783 35135134 0.000000
hs8 35135135 36486485 0.413813
hs8 36486486 37837836 0.184482
hs8 37837837 39189188 0.624698
hs8 39189189 40540539 0.446620
hs8 40540540 41891890 0.524815
hs8 41891891 43243242 0.580631
hs8 43243243 44594593 0.052351
hs8 44594594 45945944 0.000000
hs8 45945945 47297296 0.000000
hs8 47297297 48648647 0.242317
hs8 48648648 49999998 0.329221
hs8 49999999 51351350 0.272278
hs8 51351351 52702701 0.610236
hs8 52702702 54054053 0.508325
hs8 54054054 55405404 0.285627
hs8 55405405 56756755 0.331188
hs8 56756756 58108107 0.255660
hs8 58108108 59459458 0.118662
hs8 59459459 60810809 0.347836
hs8 60810810 62162161 0.284704
hs8 62162162 63513512 0.456745
hs8 63513513 64864863 0.484309
hs8 64864864 66216215 0.154852
hs8 66216216 67567566 0.288011
hs8 67567567 68918917 0.728794
hs8 68918918 70270269 0.488701
hs8 70270270 71621620 0.494555
hs8 71621621 72972971 0.263873
hs8 72972972 74324323 0.503973
hs8 74324324 75675674 0.460483
hs8 75675675 77027026 0.079445
hs8 77027027 78378377 0.206602
hs8 78378378 79729728 0.064492
hs8 79729729 81081080 0.200988
hs8 81081081 82432431 0.430392
hs8 82432432 83783782 0.104942
hs8 83783783 85135134 0.000000
hs8 85135135 86486485 0.673094
hs8 86486486 87837836 0.376883
hs8 87837837 89189188 0.436763
hs8 89189189 90540539 0.162537
hs8 90540540 91891890 0.168936
hs8 91891891 93243242 0.454581
hs8 93243243 94594593 0.061134
hs8 94594594 95945944 0.417854
hs8 95945945 97297296 0.113036
hs8 97297297 98648647 0.535884
hs8 98648648 99999998 0.664713
hs8 99999999 101351350 0.847558
hs8 101351351 102702701 0.257669
hs8 102702702 104054053 0.543590
hs8 104054054 105405404 0.735351
hs8 105405405 106756755 0.414931
hs8 106756756 108108107 0.460575
hs8 108108108 109459458 0.355130
hs8 109459459 110810809 0.365712
hs8 110810810 112162161 0.005719
hs8 112162162 113513512 0.154794
hs8 113513513 114864863 0.743699
hs8 114864864 116216215 0.000000
hs8 116216216 117567566 0.192773
hs8 117567567 118918917 0.324128
hs8 118918918 120270269 0.573630
hs8 120270270 121621620 0.597690
hs8 121621621 122972971 0.226129
hs8 122972972 124324323 0.260435
hs8 124324324 125675674 0.538306
hs8 125675675 127027026 0.387874
hs8 127027027 128378377 0.004278
hs8 128378378 129729728 0.261084
hs8 129729729 131081080 0.101365
hs8 131081081 132432431 0.452389
hs8 132432432 133783782 0.476899
hs8 133783783 135135134 0.498716
hs8 135135135 136486485 0.224685
hs8 136486486 137837836 0.140699
hs8 137837837 139189188 0.000000
hs8 139189189 140540539 0.512495
hs8 140540540 141891890 0.799967
hs8 141891891 143243242 0.274897
hs8 143243243 144594593 0.380592
hs8 144594594 145945944 0.602236
hs8 145945945 147297296 0.101592
hs6 0 1351350 0.322907
hs6 1351351 2702701 0.536410
hs6 2702702 4054053 0.358383
hs6 4054054 5405404 0.483449
hs6 5405405 6756755 0.621655
hs6 6756756 8108107 0.446247
hs6 8108108 9459458 0.017859
hs6 9459459 10810809 0.125040
hs6 10810810 12162161 0.486685
hs6 12162162 13513512 0.557182
hs6 13513513 14864863 0.246727
hs6 14864864 16216215 0.307812
hs6 16216216 17567566 0.456326
hs6 17567567 18918917 0.479391
hs6 18918918 20270269 0.047846
hs6 20270270 21621620 0.621701
hs6 21621621 22972971 0.406630
hs6 22972972 24324323 0.048624
hs6 24324324 25675674 0.669071
hs6 25675675 27027026 0.362827
hs6 27027027 28378377 0.188260
hs6 28378378 29729728 0.154192
hs6 29729729 31081080 0.375586
hs6 31081081 32432431 0.560265
hs6 32432432 33783782 0.359844
hs6 33783783 35135134 0.572220
hs6 35135135 36486485 0.686696
hs6 36486486 37837836 0.491540
hs6 37837837 39189188 0.880894
hs6 39189189 40540539 0.497690
hs6 40540540 41891890 0.341497
hs6 41891891 43243242 0.729205
hs6 43243243 44594593 0.506222
hs6 44594594 45945944 0.571330
hs6 45945945 47297296 0.513682
hs6 47297297 48648647 0.390385
hs6 48648648 49999998 0.140134
hs6 49999999 51351350 0.084665
hs6 51351351 52702701 0.537603
hs6 52702702 54054053 0.390588
hs6 54054054 55405404 0.403565
hs6 55405405 56756755 0.474256
hs6 56756756 58108107 0.398597
hs6 58108108 59459458 0.030760
hs6 59459459 60810809 0.000000
hs6 60810810 62162161 0.000000
hs6 62162162 63513512 0.448615
hs6 63513513 64864863 0.370447
hs6 64864864 66216215 1.000000
hs6 66216216 67567566 0.191829
hs6 67567567 68918917 0.000000
hs6 68918918 70270269 0.557792
hs6 70270270 71621620 0.674391
hs6 71621621 72972971 0.327142
hs6 72972972 74324323 0.690204
hs6 74324324 75675674 0.142946
hs6 75675675 77027026 0.579810
hs6 77027027 78378377 0.000869
hs6 78378378 79729728 0.044405
hs6 79729729 81081080 0.408509
hs6 81081081 82432431 0.023403
hs6 82432432 83783782 0.158038
hs6 83783783 85135134 0.616369
hs6 85135135 86486485 0.149314
hs6 86486486 87837836 0.058732
hs6 87837837 89189188 0.391792
hs6 89189189 90540539 0.672681
hs6 90540540 91891890 0.394961
hs6 91891891 93243242 0.000000
hs6 93243243 94594593 0.184233
hs6 94594594 95945944 0.000000
hs6 95945945 97297296 0.236135
hs6 97297297 98648647 0.299913
hs6 98648648 99999998 0.161524
hs6 99999999 101351350 0.401351
hs6 101351351 102702701 0.559192
hs6 102702702 104054053 0.000000
hs6 104054054 105405404 0.090831
hs6 105405405 106756755 0.269426
hs6 106756756 108108107 0.666108
hs6 108108108 109459458 0.636998
hs6 109459459 110810809 0.611644
hs6 110810810 112162161 0.596103
hs6 112162162 113513512 0.249859
hs6 113513513 114864863 0.048630
hs6 114864864 116216215 0.000000
hs6 116216216 117567566 0.566799
hs6 117567567 118918917 0.555487
hs6 118918918 120270269 0.464494
hs6 120270270 121621620 0.132679
hs6 121621621 122972971 0.214671
hs6 122972972 124324323 0.582540
hs6 124324324 125675674 0.855182
hs6 125675675 127027026 0.175254
hs6 127027027 128378377 0.390942
hs6 128378378 129729728 0.731813
hs6 129729729 131081080 0.385006
hs6 131081081 132432431 0.473322
hs6 132432432 133783782 0.347814
hs6 133783783 135135134 0.295001
hs6 135135135 136486485 1.079986
hs6 136486486 137837836 0.570076
hs6 137837837 139189188 0.307143
hs6 139189189 140540539 0.204397
hs6 140540540 141891890 0.000000
hs6 141891891 143243242 0.348985
hs6 143243243 144594593 0.690568
hs6 144594594 145945944 0.415361
hs6 145945945 147297296 0.626281
hs6 147297297 148648647 0.180954
hs6 148648648 149999999 0.576399
hs6 150000000 151351350 0.548188
hs6 151351351 152702701 0.801137
hs6 152702702 154054053 0.356791
hs6 154054054 155405404 0.477045
hs6 155405405 156756755 0.220035
hs6 156756756 158108107 0.536701
hs6 158108108 159459458 0.631595
hs6 159459459 160810809 0.394948
hs6 160810810 162162161 0.720142
hs6 162162162 163513512 1.000497
hs6 163513513 164864863 0.237870
hs6 164864864 166216215 0.269928
hs6 166216216 167567566 0.504906
hs6 167567567 168918917 0.373213
hs6 168918918 170270269 0.274935
hs6 170270270 171621620 0.117726
hs14 0 1351350 0.000000
hs14 1351351 2702701 0.000000
hs14 2702702 4054053 0.000000
hs14 4054054 5405404 0.000000
hs14 5405405 6756755 0.000000
hs14 6756756 8108107 0.000000
hs14 8108108 9459458 0.000000
hs14 9459459 10810809 0.000000
hs14 10810810 12162161 0.000000
hs14 12162162 13513512 0.000000
hs14 13513513 14864863 0.000000
hs14 14864864 16216215 0.000000
hs14 16216216 17567566 0.000000
hs14 17567567 18918917 0.024095
hs14 18918918 20270269 0.165013
hs14 20270270 21621620 0.263435
hs14 21621621 22972971 0.306843
hs14 22972972 24324323 0.286313
hs14 24324324 25675674 0.175967
hs14 25675675 27027026 0.112386
hs14 27027027 28378377 0.018261
hs14 28378378 29729728 0.259898
hs14 29729729 31081080 0.449147
hs14 31081081 32432431 0.656641
hs14 32432432 33783782 0.659925
hs14 33783783 35135134 0.453253
hs14 35135135 36486485 0.456944
hs14 36486486 37837836 0.436061
hs14 37837837 39189188 0.196003
hs14 39189189 40540539 0.000000
hs14 40540540 41891890 0.219774
hs14 41891891 43243242 0.000000
hs14 43243243 44594593 0.106698
hs14 44594594 45945944 0.136529
hs14 45945945 47297296 0.618619
hs14 47297297 48648647 0.000000
hs14 48648648 49999998 0.432083
hs14 49999999 51351350 0.567422
hs14 51351351 52702701 0.566342
hs14 52702702 54054053 0.049669
hs14 54054054 55405404 0.572946
hs14 55405405 56756755 0.294433
hs14 56756756 58108107 0.458910
hs14 58108108 59459458 0.423575
hs14 59459459 60810809 0.396012
hs14 60810810 62162161 0.323756
hs14 62162162 63513512 0.642648
hs14 63513513 64864863 0.643791
hs14 64864864 66216215 0.383802
hs14 66216216 67567566 0.895295
hs14 67567567 68918917 0.672584
hs14 68918918 70270269 0.526766
hs14 70270270 71621620 0.479097
hs14 71621621 72972971 0.847359
hs14 72972972 74324323 0.670965
hs14 74324324 75675674 0.802868
hs14 75675675 77027026 0.431452
hs14 77027027 78378377 0.582959
hs14 78378378 79729728 0.756381
hs14 79729729 81081080 0.650321
hs14 81081081 82432431 0.000000
hs14 82432432 83783782 0.000000
hs14 83783783 85135134 0.050982
hs14 85135135 86486485 0.021378
hs14 86486486 87837836 0.141984
hs14 87837837 89189188 0.675707
hs14 89189189 90540539 0.637342
hs14 90540540 91891890 0.672914
hs14 91891891 93243242 0.816874
hs14 93243243 94594593 0.344402
hs14 94594594 95945944 0.404921
hs14 95945945 97297296 0.168661
hs14 97297297 98648647 0.043412
hs14 98648648 99999998 0.603941
hs14 99999999 101351350 0.179401
hs14 101351351 102702701 0.754391
hs14 102702702 104054053 0.443492
hs14 104054054 105405404 0.381168
hs14 105405405 106756755 0.022924
hs17 0 1351350 0.684059
hs17 1351351 2702701 0.794615
hs17 2702702 4054053 0.620686
hs17 4054054 5405404 0.693170
hs17 5405405 6756755 0.307030
hs17 6756756 8108107 0.566314
hs17 8108108 9459458 0.740840
hs17 9459459 10810809 0.567928
hs17 10810810 12162161 0.619310
hs17 12162162 13513512 0.322841
hs17 13513513 14864863 0.139382
hs17 14864864 16216215 0.500965
hs17 16216216 17567566 0.514111
hs17 17567567 18918917 0.732090
hs17 18918918 20270269 0.567900
hs17 20270270 21621620 0.214537
hs17 21621621 22972971 0.132823
hs17 22972972 24324323 0.560561
hs17 24324324 25675674 0.780354
hs17 25675675 27027026 0.644070
hs17 27027027 28378377 0.575675
hs17 28378378 29729728 0.846109
hs17 29729729 31081080 0.434100
hs17 31081081 32432431 0.365826
hs17 32432432 33783782 0.604671
hs17 33783783 35135134 0.649821
hs17 35135135 36486485 0.494042
hs17 36486486 37837836 0.469927
hs17 37837837 39189188 0.559665
hs17 39189189 40540539 0.596524
hs17 40540540 41891890 0.575852
hs17 41891891 43243242 0.605763
hs17 43243243 44594593 0.569344
hs17 44594594 45945944 0.426956
hs17 45945945 47297296 0.572631
hs17 47297297 48648647 0.218359
hs17 48648648 49999998 0.001729
hs17 49999999 51351350 0.297314
hs17 51351351 52702701 0.384312
hs17 52702702 54054053 0.619433
hs17 54054054 55405404 0.780423
hs17 55405405 56756755 0.823371
hs17 56756756 58108107 0.550229
hs17 58108108 59459458 0.700339
hs17 59459459 60810809 0.561533
hs17 60810810 62162161 0.769285
hs17 62162162 63513512 0.650615
hs17 63513513 64864863 0.570703
hs17 64864864 66216215 0.146864
hs17 66216216 67567566 0.000000
hs17 67567567 68918917 0.469551
hs17 68918918 70270269 0.475096
hs17 70270270 71621620 0.761866
hs17 71621621 72972971 0.605051
hs17 72972972 74324323 0.441747
hs17 74324324 75675674 0.541679
hs17 75675675 77027026 0.810641
hs17 77027027 78378377 0.652176
hs17 78378378 79729728 0.184834
hs21 0 1351350 0.000000
hs21 1351351 2702701 0.000000
hs21 2702702 4054053 0.000000
hs21 4054054 5405404 0.000000
hs21 5405405 6756755 0.000000
hs21 6756756 8108107 0.000000
hs21 8108108 9459458 0.000000
hs21 9459459 10810809 0.323870
hs21 10810810 12162161 0.000000
hs21 12162162 13513512 0.059262
hs21 13513513 14864863 0.210477
hs21 14864864 16216215 0.187557
hs21 16216216 17567566 0.399237
hs21 17567567 18918917 0.229899
hs21 18918918 20270269 0.000000
hs21 20270270 21621620 0.288328
hs21 21621621 22972971 0.156484
hs21 22972972 24324323 0.000000
hs21 24324324 25675674 0.000000
hs21 25675675 27027026 0.446110
hs21 27027027 28378377 0.071807
hs21 28378378 29729728 0.290767
hs21 29729729 31081080 0.346757
hs21 31081081 32432431 0.519592
hs21 32432432 33783782 0.460980
hs21 33783783 35135134 0.598633
hs21 35135135 36486485 0.206053
hs21 36486486 37837836 0.703201
hs21 37837837 39189188 0.574977
hs21 39189189 40540539 0.475712
hs21 40540540 41891890 0.662958
hs21 41891891 43243242 0.565682
hs21 43243243 44594593 0.517828
hs21 44594594 45945944 0.602686
hs21 45945945 47297296 0.450559
