hsX 0 1666665 0.219038
hsX 1666666 3333332 0.455861
hsX 3333333 4999999 0.065576
hsX 5000000 6666665 0.204076
hsX 6666666 8333332 0.160061
hsX 8333333 9999999 0.443912
hsX 10000000 11666665 0.653207
hsX 11666666 13333332 0.439208
hsX 13333333 14999999 0.374089
hsX 15000000 16666665 0.406150
hsX 16666666 18333332 0.556357
hsX 18333333 19999999 0.767881
hsX 20000000 21666665 0.297128
hsX 21666666 23333332 0.242016
hsX 23333333 24999999 0.493295
hsX 25000000 26666665 0.004991
hsX 26666666 28333332 0.014177
hsX 28333333 29999999 0.821003
hsX 30000000 31666665 0.483365
hsX 31666666 33333332 0.960589
hsX 33333333 34999999 0.020957
hsX 35000000 36666665 0.194000
hsX 36666666 38333332 0.393062
hsX 38333333 39999999 0.138581
hsX 40000000 41666665 0.451289
hsX 41666666 43333332 0.000862
hsX 43333333 44999999 0.443639
hsX 45000000 46666665 0.186166
hsX 46666666 48333332 0.431435
hsX 48333333 49999999 0.826849
hsX 50000000 51666665 0.307205
hsX 51666666 53333332 0.245047
hsX 53333333 54999999 0.493161
hsX 55000000 56666665 0.126777
hsX 56666666 58333332 0.195287
hsX 58333333 59999999 0.000000
hsX 60000000 61666665 0.000000
hsX 61666666 63333332 0.180497
hsX 63333333 64999999 0.223096
hsX 65000000 66666665 0.086215
hsX 66666666 68333332 0.420543
hsX 68333333 69999999 0.652081
hsX 70000000 71666665 0.570405
hsX 71666666 73333332 0.446636
hsX 73333333 74999999 0.437135
hsX 75000000 76666665 0.018646
hsX 76666666 78333332 0.357763
hsX 78333333 79999999 0.164545
hsX 80000000 81666665 0.110990
hsX 81666666 83333332 0.093934
hsX 83333333 84999999 0.253912
hsX 85000000 86666665 0.526699
hsX 86666666 88333332 0.091560
hsX 88333333 89999999 0.000566
hsX 90000000 91666665 0.449843
hsX 91666666 93333332 0.083492
hsX 93333333 94999999 0.000000
hsX 95000000 96666665 0.505625
hsX 96666666 98333332 0.045353
hsX 98333333 99999999 0.444217
hsX 100000000 101666665 0.581050
hsX 101666666 103333332 0.177502
hsX 103333333 104999999 0.752560
hsX 105000000 106666665 0.390385
hsX 106666666 108333332 0.505457
hsX 108333333 109999999 0.477025
hsX 110000000 111666665 0.722888
hsX 111666666 113333332 0.069263
hsX 113333333 114999999 0.345104
hsX 115000000 116666665 0.018260
hsX 116666666 118333332 0.424341
hsX 118333333 119999999 0.570212
hsX 120000000 121666665 0.001402
hsX 121666666 123333332 0.396364
hsX 123333333 124999999 0.353561
hsX 125000000 126666665 0.004859
hsX 126666666 128333332 0.000865
hsX 128333333 129999999 0.487150
hsX 130000000 131666665 0.296990
hsX 131666666 133333332 0.500489
hsX 133333333 134999999 0.356990
hsX 135000000 136666665 0.249266
hsX 136666666 138333332 0.345866
hsX 138333333 139999999 0.175413
hsX 140000000 141666665 0.046057
hsX 141666666 143333332 0.024654
hsX 143333333 144999999 0.011727
hsX 145000000 146666665 0.001629
hsX 146666666 148333332 0.358391
hsX 148333333 149999999 0.422120
hsX 150000000 151666665 0.310638
hsX 151666666 153333332 0.453517
hsX 153333333 154999999 0.490921
hs12 0 1666665 0.783591
hs12 1666666 3333332 0.809514
hs12 3333333 4999999 0.398977
hs12 5000000 6666665 0.563608
hs12 6666666 8333332 0.475123
hs12 8333333 9999999 0.353111
hs12 10000000 11666665 0.570403
hs12 11666666 13333332 0.566406
hs12 13333333 14999999 0.487687
hs12 15000000 16666665 0.531596
hs12 16666666 18333332 0.022144
hs12 18333333 19999999 0.446653
hs12 20000000 21666665 0.572018
hs12 21666666 23333332 0.296353
hs12 23333333 24999999 0.712501
hs12 25000000 26666665 0.496394
hs12 26666666 28333332 0.494192
hs12 28333333 29999999 0.459647
hs12 30000000 31666665 0.281103
hs12 31666666 33333332 0.426930
hs12 33333333 34999999 0.042258
hs12 35000000 36666665 0.000000
hs12 36666666 38333332 0.307484
hs12 38333333 39999999 0.643793
hs12 40000000 41666665 0.400073
hs12 41666666 43333332 0.581847
hs12 43333333 44999999 0.543245
hs12 45000000 46666665 0.193372
hs12 46666666 48333332 0.450215
hs12 48333333 49999999 0.728162
hs12 50000000 51666665 0.431942
hs12 51666666 53333332 0.547808
hs12 53333333 54999999 0.299781
hs12 55000000 56666665 0.539426
hs12 56666666 58333332 0.028996
hs12 58333333 59999999 0.055370
hs12 60000000 61666665 0.632199
hs12 61666666 63333332 0.443141
hs12 63333333 64999999 0.456255
hs12 65000000 66666665 0.245522
hs12 66666666 68333332 0.328396
hs12 68333333 69999999 0.445978
hs12 70000000 71666665 0.517559
hs12 71666666 73333332 0.002204
hs12 73333333 74999999 0.224365
hs12 75000000 76666665 0.219740
hs12 76666666 78333332 0.559892
hs12 78333333 79999999 0.511468
hs12 80000000 81666665 0.517387
hs12 81666666 83333332 0.231319
hs12 83333333 84999999 0.269477
hs12 85000000 86666665 0.454088
hs12 86666666 88333332 0.185273
hs12 88333333 89999999 0.140888
hs12 90000000 91666665 0.052252
hs12 91666666 93333332 0.445520
hs12 93333333 94999999 0.490516
hs12 95000000 96666665 0.257006
hs12 96666666 98333332 0.509019
hs12 98333333 99999999 0.779382
hs12 100000000 101666665 0.452230
hs12 101666666 103333332 0.551324
hs12 103333333 104999999 0.412476
hs12 105000000 106666665 0.801207
hs12 106666666 108333332 0.474360
hs12 108333333 109999999 0.628237
hs12 110000000 111666665 0.723735
hs12 111666666 113333332 0.432119
hs12 113333333 114999999 0.079888
hs12 115000000 116666665 0.627064
hs12 116666666 118333332 0.525427
hs12 118333333 119999999 0.648881
hs12 120000000 121666665 0.779951
hs12 121666666 123333332 0.611124
hs12 123333333 124999999 0.487569
hs12 125000000 126666665 0.018183
hs12 126666666 128333332 0.489242
hs12 128333333 129999999 0.505707
hs12 130000000 131666665 0.505853
hs12 131666666 133333332 0.245747
hs11 0 1666665 0.631694
hs11 1666666 3333332 0.613150
hs11 3333333 4999999 0.367180
hs11 5000000 6666665 0.273380
hs11 6666666 8333332 0.430190
hs11 8333333 9999999 0.753647
hs11 10000000 11666665 0.535193
hs11 11666666 13333332 0.535013
hs11 13333333 14999999 0.597977
hs11 15000000 16666665 0.389856
hs11 16666666 18333332 0.596990
hs11 18333333 19999999 0.654229
hs11 20000000 21666665 0.724510
hs11 21666666 23333332 0.173434
hs11 23333333 24999999 0.314921
hs11 25000000 26666665 0.256011
hs11 26666666 28333332 0.503210
hs11 28333333 29999999 0.004035
hs11 30000000 31666665 0.388109
hs11 31666666 33333332 0.448195
hs11 33333333 34999999 0.454913
hs11 35000000 36666665 0.649373
hs11 36666666 38333332 0.000000
hs11 38333333 39999999 0.000000
hs11 40000000 41666665 0.107948
hs11 41666666 43333332 0.019547
hs11 43333333 44999999 0.497887
hs11 45000000 46666665 0.505759
hs11 46666666 48333332 0.694187
hs11 48333333 49999999 0.190171
hs11 50000000 51666665 0.019274
hs11 51666666 53333332 0.000000
hs11 53333333 54999999 0.006577
hs11 55000000 56666665 0.254123
hs11 56666666 58333332 0.410642
hs11 58333333 59999999 0.249070
hs11 60000000 61666665 0.528344
hs11 61666666 63333332 0.557740
hs11 63333333 64999999 0.621095
hs11 65000000 66666665 0.594464
hs11 66666666 68333332 0.582328
hs11 68333333 69999999 0.272053
hs11 70000000 71666665 0.592579
hs11 71666666 73333332 0.736455
hs11 73333333 74999999 0.602140
hs11 75000000 76666665 0.623025
hs11 76666666 78333332 0.758166
hs11 78333333 79999999 0.297607
hs11 80000000 81666665 0.000000
hs11 81666666 83333332 0.479669
hs11 83333333 84999999 1.000000
hs11 85000000 86666665 0.572497
hs11 86666666 88333332 0.367891
hs11 88333333 89999999 0.404016
hs11 90000000 91666665 0.000000
hs11 91666666 93333332 0.561973
hs11 93333333 94999999 0.340444
hs11 95000000 96666665 0.336014
hs11 96666666 98333332 0.000000
hs11 98333333 99999999 0.801362
hs11 100000000 101666665 0.485096
hs11 101666666 103333332 0.424726
hs11 103333333 104999999 0.188854
hs11 105000000 106666665 0.450834
hs11 106666666 108333332 0.714988
hs11 108333333 109999999 0.140905
hs11 110000000 111666665 0.463439
hs11 111666666 113333332 0.376028
hs11 113333333 114999999 0.404218
hs11 115000000 116666665 0.264724
hs11 116666666 118333332 0.654988
hs11 118333333 119999999 0.410320
hs11 120000000 121666665 0.478169
hs11 121666666 123333332 0.330472
hs11 123333333 124999999 0.438029
hs11 125000000 126666665 0.596317
hs11 126666666 128333332 0.191554
hs11 128333333 129999999 0.450245
hs11 130000000 131666665 0.577022
hs11 131666666 133333332 0.728803
hs11 133333333 134999999 0.195345
hs22 0 1666665 0.000000
hs22 1666666 3333332 0.000000
hs22 3333333 4999999 0.000000
hs22 5000000 6666665 0.000000
hs22 6666666 8333332 0.000000
hs22 8333333 9999999 0.000000
hs22 10000000 11666665 0.000000
hs22 11666666 13333332 0.000000
hs22 13333333 14999999 0.019553
hs22 15000000 16666665 0.326482
hs22 16666666 18333332 0.584752
hs22 18333333 19999999 0.430396
hs22 20000000 21666665 0.301112
hs22 21666666 23333332 0.676923
hs22 23333333 24999999 0.902243
hs22 25000000 26666665 0.338863
hs22 26666666 28333332 0.832658
hs22 28333333 29999999 0.651125
hs22 30000000 31666665 0.740971
hs22 31666666 33333332 0.459041
hs22 33333333 34999999 0.339793
hs22 35000000 36666665 0.552310
hs22 36666666 38333332 0.552460
hs22 38333333 39999999 0.749486
hs22 40000000 41666665 0.603265
hs22 41666666 43333332 0.660415
hs22 43333333 44999999 0.675014
hs22 45000000 46666665 0.492457
hs22 46666666 48333332 0.161880
hs22 48333333 49999999 0.468133
hs10 0 1666665 0.753630
hs10 1666666 3333332 0.124430
hs10 3333333 4999999 0.068660
hs10 5000000 6666665 0.452150
hs10 6666666 8333332 0.405006
hs10 8333333 9999999 0.000000
hs10 10000000 11666665 0.289961
hs10 11666666 13333332 0.651826
hs10 13333333 14999999 0.715978
hs10 15000000 16666665 0.416517
hs10 16666666 18333332 0.834710
hs10 18333333 19999999 0.338938
hs10 20000000 21666665 0.527253
hs10 21666666 23333332 0.488589
hs10 23333333 24999999 0.625423
hs10 25000000 26666665 0.607550
hs10 26666666 28333332 0.513833
hs10 28333333 29999999 0.344372
hs10 30000000 31666665 0.249256
hs10 31666666 33333332 0.565179
hs10 33333333 34999999 0.431354
hs10 35000000 36666665 0.385468
hs10 36666666 38333332 0.097177
hs10 38333333 39999999 0.109815
hs10 40000000 41666665 0.000000
hs10 41666666 43333332 0.266077
hs10 43333333 44999999 0.106286
hs10 45000000 46666665 0.440208
hs10 46666666 48333332 0.150495
hs10 48333333 49999999 0.558597
hs10 50000000 51666665 0.639577
hs10 51666666 53333332 0.804395
hs10 53333333 54999999 0.240989
hs10 55000000 56666665 0.599111
hs10 56666666 58333332 0.002302
hs10 58333333 59999999 0.117476
hs10 60000000 61666665 0.502774
hs10 61666666 63333332 0.272305
hs10 63333333 64999999 0.569077
hs10 65000000 66666665 0.033743
hs10 66666666 68333332 0.590162
hs10 68333333 69999999 0.923426
hs10 70000000 71666665 0.605541
hs10 71666666 73333332 0.632899
hs10 73333333 74999999 0.761392
hs10 75000000 76666665 0.761159
hs10 76666666 78333332 0.491966
hs10 78333333 79999999 0.570307
hs10 80000000 81666665 0.284268
hs10 81666666 83333332 0.225259
hs10 83333333 84999999 0.667120
hs10 85000000 86666665 0.161745
hs10 86666666 88333332 0.512140
hs10 88333333 89999999 0.557348
hs10 90000000 91666665 0.539041
hs10 91666666 93333332 0.365198
hs10 93333333 94999999 0.564754
hs10 95000000 96666665 0.645950
hs10 96666666 98333332 0.676947
hs10 98333333 99999999 0.691900
hs10 100000000 101666665 0.709268
hs10 101666666 103333332 0.549338
hs10 103333333 104999999 0.753664
hs10 105000000 106666665 0.732906
hs10 106666666 108333332 0.214945
hs10 108333333 109999999 0.348570
hs10 110000000 111666665 0.031292
hs10 111666666 113333332 0.373848
hs10 113333333 114999999 0.459824
hs10 115000000 116666665 0.522471
hs10 116666666 118333332 0.743482
hs10 118333333 119999999 0.400209
hs10 120000000 121666665 0.465222
hs10 121666666 123333332 0.192796
hs10 123333333 124999999 0.581732
hs10 125000000 126666665 0.378968
hs10 126666666 128333332 0.571213
hs10 128333333 129999999 0.508929
hs10 130000000 131666665 0.257326
hs10 131666666 133333332 0.157524
hs10 133333333 134999999 0.446139
hs10 135000000 136666665 0.103089
hs7 0 1666665 0.421001
hs7 1666666 3333332 0.616582
hs7 3333333 4999999 0.725429
hs7 5000000 6666665 0.623849
hs7 6666666 8333332 0.469311
hs7 8333333 9999999 0.192335
hs7 10000000 11666665 0.295698
hs7 11666666 13333332 0.214907
hs7 13333333 14999999 0.477958
hs7 15000000 16666665 0.501457
hs7 16666666 18333332 0.186129
hs7 18333333 19999999 0.342910
hs7 20000000 21666665 0.310620
hs7 21666666 23333332 0.502988
hs7 23333333 24999999 0.438471
hs7 25000000 26666665 0.182565
hs7 26666666 28333332 0.520526
hs7 28333333 29999999 0.695302
hs7 30000000 31666665 0.402220
hs7 31666666 33333332 0.458514
hs7 33333333 34999999 0.780435
hs7 35000000 36666665 0.425632
hs7 36666666 38333332 0.492050
hs7 38333333 39999999 0.671829
hs7 40000000 41666665 0.498571
hs7 41666666 43333332 0.368358
hs7 43333333 44999999 0.690443
hs7 45000000 46666665 0.199112
hs7 46666666 48333332 0.418379
hs7 48333333 49999999 0.311107
hs7 50000000 51666665 0.545846
hs7 51666666 53333332 0.000762
hs7 53333333 54999999 0.021079
hs7 55000000 56666665 0.380093
hs7 56666666 58333332 0.034871
hs7 58333333 59999999 0.000000
hs7 60000000 61666665 0.000000
hs7 61666666 63333332 0.044471
hs7 63333333 64999999 0.317093
hs7 65000000 66666665 0.466367
hs7 66666666 68333332 0.000000
hs7 68333333 69999999 0.716389
hs7 70000000 71666665 0.731211
hs7 71666666 73333332 0.588631
hs7 73333333 74999999 0.577127
hs7 75000000 76666665 0.523948
hs7 76666666 78333332 0.847508
hs7 78333333 79999999 0.435203
hs7 80000000 81666665 0.342737
hs7 81666666 83333332 0.563063
hs7 83333333 84999999 0.217762
hs7 85000000 86666665 0.270587
hs7 86666666 88333332 0.647215
hs7 88333333 89999999 0.379624
hs7 90000000 91666665 0.436069
hs7 91666666 93333332 0.527101
hs7 93333333 94999999 0.433906
hs7 95000000 96666665 0.412455
hs7 96666666 98333332 0.213089
hs7 98333333 99999999 0.656432
hs7 100000000 101666665 0.616495
hs7 101666666 103333332 0.874749
hs7 103333333 104999999 0.757192
hs7 105000000 106666665 0.387128
hs7 106666666 108333332 0.659908
hs7 108333333 109999999 0.000593
hs7 110000000 111666665 0.868066
hs7 111666666 113333332 0.210890
hs7 113333333 114999999 0.429277
hs7 115000000 116666665 0.430303
hs7 116666666 118333332 0.300359
hs7 118333333 119999999 0.179426
hs7 120000000 121666665 0.543007
hs7 121666666 123333332 0.541699
hs7 123333333 124999999 0.105538
hs7 125000000 126666665 0.480526
hs7 126666666 128333332 0.471473
hs7 128333333 129999999 0.637228
hs7 130000000 131666665 0.503570
hs7 131666666 133333332 0.815700
hs7 133333333 134999999 0.591647
hs7 135000000 136666665 0.259102
hs7 136666666 138333332 0.659110
hs7 138333333 139999999 0.678327
hs7 140000000 141666665 0.411717
hs7 141666666 143333332 0.190204
hs7 143333333 144999999 0.266306
hs7 145000000 146666665 0.733369
hs7 146666666 148333332 0.773530
hs7 148333333 149999999 0.366209
hs7 150000000 151666665 0.702524
hs7 151666666 153333332 0.208897
hs7 153333333 154999999 0.668091
hs7 155000000 156666665 0.293315
hs7 156666666 158333332 0.833794
hs7 158333333 159999999 0.134572
hs4 0 1666665 0.605680
hs4 1666666 3333332 0.744128
hs4 3333333 4999999 0.250267
hs4 5000000 6666665 0.725572
hs4 6666666 8333332 0.769421
hs4 8333333 9999999 0.271333
hs4 10000000 11666665 0.145636
hs4 11666666 13333332 0.111546
hs4 13333333 14999999 0.070094
hs4 15000000 16666665 0.578720
hs4 16666666 18333332 0.270284
hs4 18333333 19999999 0.081401
hs4 20000000 21666665 0.892757
hs4 21666666 23333332 0.153193
hs4 23333333 24999999 0.312233
hs4 25000000 26666665 0.384266
hs4 26666666 28333332 0.000000
hs4 28333333 29999999 0.000000
hs4 30000000 31666665 0.255833
hs4 31666666 33333332 0.000000
hs4 33333333 34999999 0.000000
hs4 35000000 36666665 0.145496
hs4 36666666 38333332 0.460265
hs4 38333333 39999999 0.655801
hs4 40000000 41666665 0.643313
hs4 41666666 43333332 0.405224
hs4 43333333 44999999 0.210553
hs4 45000000 46666665 0.272504
hs4 46666666 48333332 0.830669
hs4 48333333 49999999 0.163056
hs4 50000000 51666665 0.000000
hs4 51666666 53333332 0.138797
hs4 53333333 54999999 0.503290
hs4 55000000 56666665 0.318027
hs4 56666666 58333332 0.328885
hs4 58333333 59999999 0.000000
hs4 60000000 61666665 0.000000
hs4 61666666 63333332 0.345199
hs4 63333333 64999999 0.078597
hs4 65000000 66666665 0.210224
hs4 66666666 68333332 0.148072
hs4 68333333 69999999 0.321926
hs4 70000000 71666665 0.266161
hs4 71666666 73333332 0.495558
hs4 73333333 74999999 0.361048
hs4 75000000 76666665 0.248218
hs4 76666666 78333332 0.668226
hs4 78333333 79999999 0.555145
hs4 80000000 81666665 0.315820
hs4 81666666 83333332 0.375032
hs4 83333333 84999999 0.460862
hs4 85000000 86666665 0.277078
hs4 86666666 88333332 0.849131
hs4 88333333 89999999 0.487879
hs4 90000000 91666665 0.501633
hs4 91666666 93333332 0.645814
hs4 93333333 94999999 0.881500
hs4 95000000 96666665 0.661667
hs4 96666666 98333332 0.014345
hs4 98333333 99999999 0.573089
hs4 100000000 101666665 0.360901
hs4 101666666 103333332 0.364949
hs4 103333333 104999999 0.518633
hs4 105000000 106666665 0.155270
hs4 106666666 108333332 0.443445
hs4 108333333 109999999 0.342481
hs4 110000000 111666665 0.672262
hs4 111666666 113333332 0.060536
hs4 113333333 114999999 0.715085
hs4 115000000 116666665 0.266542
hs4 116666666 118333332 0.001243
hs4 118333333 119999999 0.284225
hs4 120000000 121666665 0.277268
hs4 121666666 123333332 0.362398
hs4 123333333 124999999 0.576378
hs4 125000000 126666665 0.177704
hs4 126666666 128333332 0.000000
hs4 128333333 129999999 0.318274
hs4 130000000 131666665 0.146676
hs4 131666666 133333332 0.000000
hs4 133333333 134999999 0.025358
hs4 135000000 136666665 0.003250
hs4 136666666 138333332 0.000000
hs4 138333333 139999999 0.055090
hs4 140000000 141666665 0.565810
hs4 141666666 143333332 0.429248
hs4 143333333 144999999 0.596243
hs4 145000000 146666665 0.244187
hs4 146666666 148333332 0.497327
hs4 148333333 149999999 0.499294
hs4 150000000 151666665 0.264091
hs4 151666666 153333332 0.577689
hs4 153333333 154999999 0.573273
hs4 155000000 156666665 0.238019
hs4 156666666 158333332 0.304675
hs4 158333333 159999999 0.311675
hs4 160000000 161666665 0.168817
hs4 161666666 163333332 0.468083
hs4 163333333 164999999 0.252461
hs4 165000000 166666665 0.509546
hs4 166666666 168333332 0.403685
hs4 168333333 169999999 0.435391
hs4 170000000 171666665 0.422096
hs4 171666666 173333332 0.217310
hs4 173333333 174999999 0.634085
hs4 175000000 176666665 0.226265
hs4 176666666 178333332 0.485641
hs4 178333333 179999999 0.196095
hs4 180000000 181666665 0.000000
hs4 181666666 183333332 0.003359
hs4 183333333 184999999 0.491426
hs4 185000000 186666665 0.487715
hs4 186666666 188333332 0.405891
hs4 188333333 189999999 0.018787
hs4 190000000 191666665 0.053344
hs16 0 1666665 0.705200
hs16 1666666 3333332 0.641387
hs16 3333333 4999999 0.734782
hs16 5000000 6666665 0.436100
hs16 6666666 8333332 0.622006
hs16 8333333 9999999 0.331183
hs16 10000000 11666665 0.471667
hs16 11666666 13333332 0.759484
hs16 13333333 14999999 0.350317
hs16 15000000 16666665 0.549784
hs16 16666666 18333332 0.221135
hs16 18333333 19999999 0.581455
hs16 20000000 21666665 0.600646
hs16 21666666 23333332 0.499630
hs16 23333333 24999999 0.624813
hs16 25000000 26666665 0.327405
hs16 26666666 28333332 0.571716
hs16 28333333 29999999 0.397807
hs16 30000000 31666665 0.507364
hs16 31666666 33333332 0.052757
hs16 33333333 34999999 0.019519
hs16 35000000 36666665 0.000000
hs16 36666666 38333332 0.000000
hs16 38333333 39999999 0.000000
hs16 40000000 41666665 0.000000
hs16 41666666 43333332 0.000000
hs16 43333333 44999999 0.000000
hs16 45000000 46666665 0.556632
hs16 46666666 48333332 0.370964
hs16 48333333 49999999 0.306844
hs16 50000000 51666665 0.078011
hs16 51666666 53333332 0.503441
hs16 53333333 54999999 0.332008
hs16 55000000 56666665 0.635167
hs16 56666666 58333332 0.197554
hs16 58333333 59999999 0.000630
hs16 60000000 61666665 0.229682
hs16 61666666 63333332 0.000000
hs16 63333333 64999999 0.303124
hs16 65000000 66666665 0.772022
hs16 66666666 68333332 0.736808
hs16 68333333 69999999 0.791951
hs16 70000000 71666665 0.468066
hs16 71666666 73333332 0.193702
hs16 73333333 74999999 0.440354
hs16 75000000 76666665 0.328071
hs16 76666666 78333332 0.671936
hs16 78333333 79999999 0.444085
hs16 80000000 81666665 0.596006
hs16 81666666 83333332 0.747665
hs16 83333333 84999999 0.258127
hs16 85000000 86666665 0.341930
hs16 86666666 88333332 0.576858
hs16 88333333 89999999 0.174537
hs20 0 1666665 0.389555
hs20 1666666 3333332 0.548921
hs20 3333333 4999999 0.436136
hs20 5000000 6666665 0.276847
hs20 6666666 8333332 0.228209
hs20 8333333 9999999 0.738745
hs20 10000000 11666665 0.205240
hs20 11666666 13333332 0.172640
hs20 13333333 14999999 0.941345
hs20 15000000 16666665 0.774727
hs20 16666666 18333332 0.397935
hs20 18333333 19999999 0.632435
hs20 20000000 21666665 0.500744
hs20 21666666 23333332 0.058810
hs20 23333333 24999999 0.223190
hs20 25000000 26666665 0.295177
hs20 26666666 28333332 0.013278
hs20 28333333 29999999 0.214445
hs20 30000000 31666665 0.542544
hs20 31666666 33333332 0.659170
hs20 33333333 34999999 0.762074
hs20 35000000 36666665 0.585968
hs20 36666666 38333332 0.184414
hs20 38333333 39999999 0.301538
hs20 40000000 41666665 0.714392
hs20 41666666 43333332 0.548998
hs20 43333333 44999999 0.514699
hs20 45000000 46666665 0.417125
hs20 46666666 48333332 0.613945
hs20 48333333 49999999 0.406342
hs20 50000000 51666665 0.383456
hs20 51666666 53333332 0.201843
hs20 53333333 54999999 0.120026
hs20 55000000 56666665 0.321235
hs20 56666666 58333332 0.409452
hs20 58333333 59999999 0.420967
hs20 60000000 61666665 0.552149
hs20 61666666 63333332 0.311537
hs13 0 1666665 0.000000
hs13 1666666 3333332 0.000000
hs13 3333333 4999999 0.000000
hs13 5000000 6666665 0.000000
hs13 6666666 8333332 0.000000
hs13 8333333 9999999 0.000000
hs13 10000000 11666665 0.000000
hs13 11666666 13333332 0.000000
hs13 13333333 14999999 0.000000
hs13 15000000 16666665 0.000000
hs13 16666666 18333332 0.016075
hs13 18333333 19999999 0.461156
hs13 20000000 21666665 0.399242
hs13 21666666 23333332 0.291385
hs13 23333333 24999999 0.466248
hs13 25000000 26666665 0.539834
hs13 26666666 28333332 0.405317
hs13 28333333 29999999 0.479725
hs13 30000000 31666665 0.377693
hs13 31666666 33333332 0.479946
hs13 33333333 34999999 0.448465
hs13 35000000 36666665 0.803197
hs13 36666666 38333332 0.274075
hs13 38333333 39999999 0.372694
hs13 40000000 41666665 0.652079
hs13 41666666 43333332 0.558064
hs13 43333333 44999999 0.366719
hs13 45000000 46666665 0.420466
hs13 46666666 48333332 0.224961
hs13 48333333 49999999 0.543762
hs13 50000000 51666665 0.545048
hs13 51666666 53333332 0.187902
hs13 53333333 54999999 0.000047
hs13 55000000 56666665 0.045345
hs13 56666666 58333332 0.058367
hs13 58333333 59999999 0.377884
hs13 60000000 61666665 0.031111
hs13 61666666 63333332 0.003081
hs13 63333333 64999999 0.000000
hs13 65000000 66666665 0.535019
hs13 66666666 68333332 0.076676
hs13 68333333 69999999 0.346199
hs13 70000000 71666665 0.257540
hs13 71666666 73333332 0.330829
hs13 73333333 74999999 0.285275
hs13 75000000 76666665 0.296916
hs13 76666666 78333332 0.262454
hs13 78333333 79999999 0.341291
hs13 80000000 81666665 0.000000
hs13 81666666 83333332 0.000000
hs13 83333333 84999999 0.252205
hs13 85000000 86666665 0.003938
hs13 86666666 88333332 0.004201
hs13 88333333 89999999 0.000058
hs13 90000000 91666665 0.516367
hs13 91666666 93333332 0.784246
hs13 93333333 94999999 0.609208
hs13 95000000 96666665 0.734166
hs13 96666666 98333332 0.521812
hs13 98333333 99999999 0.729617
hs13 100000000 101666665 0.715795
hs13 101666666 103333332 0.264044
hs13 103333333 104999999 0.015101
hs13 105000000 106666665 0.070730
hs13 106666666 108333332 0.601072
hs13 108333333 109999999 0.448965
hs13 110000000 111666665 0.219821
hs13 111666666 113333332 0.546625
hs13 113333333 114999999 0.231716
hs18 0 1666665 0.359192
hs18 1666666 3333332 0.343099
hs18 3333333 4999999 0.258541
hs18 5000000 6666665 0.410428
hs18 6666666 8333332 0.620452
hs18 8333333 9999999 0.477675
hs18 10000000 11666665 0.323691
hs18 11666666 13333332 0.627893
hs18 13333333 14999999 0.398429
hs18 15000000 16666665 0.007419
hs18 16666666 18333332 0.451652
hs18 18333333 19999999 0.583507
hs18 20000000 21666665 0.341030
hs18 21666666 23333332 0.512786
hs18 23333333 24999999 0.135910
hs18 25000000 26666665 0.000031
hs18 26666666 28333332 0.476174
hs18 28333333 29999999 0.654261
hs18 30000000 31666665 0.485032
hs18 31666666 33333332 0.839474
hs18 33333333 34999999 0.040000
hs18 35000000 36666665 0.327044
hs18 36666666 38333332 0.099946
hs18 38333333 39999999 0.229336
hs18 40000000 41666665 0.295292
hs18 41666666 43333332 0.614046
hs18 43333333 44999999 0.385588
hs18 45000000 46666665 0.582944
hs18 46666666 48333332 0.224611
hs18 48333333 49999999 0.629020
hs18 50000000 51666665 0.348702
hs18 51666666 53333332 0.293818
hs18 53333333 54999999 0.578162
hs18 55000000 56666665 0.206354
hs18 56666666 58333332 0.279731
hs18 58333333 59999999 0.517420
hs18 60000000 61666665 0.058919
hs18 61666666 63333332 0.084553
hs18 63333333 64999999 0.229789
hs18 65000000 66666665 0.471181
hs18 66666666 68333332 0.000000
hs18 68333333 69999999 0.127685
hs18 70000000 71666665 0.438614
hs18 71666666 73333332 0.293593
hs18 73333333 74999999 0.052522
hs18 75000000 76666665 0.433945
hs3 0 1666665 0.313860
hs3 1666666 3333332 0.630151
hs3 3333333 4999999 0.317498
hs3 5000000 6666665 0.055697
hs3 6666666 8333332 0.585550
hs3 8333333 9999999 0.666086
hs3 10000000 11666665 0.689846
hs3 11666666 13333332 0.522119
hs3 13333333 14999999 0.597125
hs3 15000000 16666665 0.592594
hs3 16666666 18333332 0.474740
hs3 18333333 19999999 0.343691
hs3 20000000 21666665 0.240323
hs3 21666666 23333332 0.128821
hs3 23333333 24999999 0.482584
hs3 25000000 26666665 0.203343
hs3 26666666 28333332 0.227736
hs3 28333333 29999999 0.519929
hs3 30000000 31666665 0.231637
hs3 31666666 33333332 0.642010
hs3 33333333 34999999 0.249445
hs3 35000000 36666665 0.191776
hs3 36666666 38333332 0.741380
hs3 38333333 39999999 0.496879
hs3 40000000 41666665 0.486056
hs3 41666666 43333332 0.550715
hs3 43333333 44999999 0.498865
hs3 45000000 46666665 0.434505
hs3 46666666 48333332 0.721671
hs3 48333333 49999999 0.780975
hs3 50000000 51666665 0.853548
hs3 51666666 53333332 0.663071
hs3 53333333 54999999 0.824357
hs3 55000000 56666665 0.701797
hs3 56666666 58333332 0.786330
hs3 58333333 59999999 0.447353
hs3 60000000 61666665 0.813935
hs3 61666666 63333332 0.721049
hs3 63333333 64999999 0.462970
hs3 65000000 66666665 0.734368
hs3 66666666 68333332 0.302550
hs3 68333333 69999999 0.614014
hs3 70000000 71666665 0.407652
hs3 71666666 73333332 0.281008
hs3 73333333 74999999 0.300627
hs3 75000000 76666665 0.038862
hs3 76666666 78333332 0.364423
hs3 78333333 79999999 0.702404
hs3 80000000 81666665 0.027076
hs3 81666666 83333332 0.136185
hs3 83333333 84999999 0.000000
hs3 85000000 86666665 0.669268
hs3 86666666 88333332 0.078239
hs3 88333333 89999999 0.224767
hs3 90000000 91666665 0.000000
hs3 91666666 93333332 0.000000
hs3 93333333 94999999 0.000000
hs3 95000000 96666665 0.187543
hs3 96666666 98333332 0.190331
hs3 98333333 99999999 0.536629
hs3 100000000 101666665 0.653894
hs3 101666666 103333332 0.588699
hs3 103333333 104999999 0.026897
hs3 105000000 106666665 0.058958
hs3 106666666 108333332 0.206730
hs3 108333333 109999999 0.628841
hs3 110000000 111666665 0.218680
hs3 111666666 113333332 0.422918
hs3 113333333 114999999 0.566642
hs3 115000000 116666665 0.684015
hs3 116666666 118333332 0.449168
hs3 118333333 119999999 0.000000
hs3 120000000 121666665 0.695816
hs3 121666666 123333332 0.738488
hs3 123333333 124999999 0.777316
hs3 125000000 126666665 0.806235
hs3 126666666 128333332 0.527356
hs3 128333333 129999999 0.442901
hs3 130000000 131666665 0.535888
hs3 131666666 133333332 0.728785
hs3 133333333 134999999 0.634134
hs3 135000000 136666665 0.552257
hs3 136666666 138333332 0.540710
hs3 138333333 139999999 0.372343
hs3 140000000 141666665 0.466249
hs3 141666666 143333332 0.515327
hs3 143333333 144999999 0.735963
hs3 145000000 146666665 0.042381
hs3 146666666 148333332 0.158151
hs3 148333333 149999999 0.043821
hs3 150000000 151666665 0.443341
hs3 151666666 153333332 0.522004
hs3 153333333 154999999 0.140153
hs3 155000000 156666665 0.228860
hs3 156666666 158333332 0.631458
hs3 158333333 159999999 0.534798
hs3 160000000 161666665 0.629941
hs3 161666666 163333332 0.281085
hs3 163333333 164999999 0.000000
hs3 165000000 166666665 0.065737
hs3 166666666 168333332 0.038738
hs3 168333333 169999999 0.674192
hs3 170000000 171666665 0.637304
hs3 171666666 173333332 0.535791
hs3 173333333 174999999 0.654803
hs3 175000000 176666665 0.654404
hs3 176666666 178333332 0.270933
hs3 178333333 179999999 0.196496
hs3 180000000 181666665 0.455971
hs3 181666666 183333332 0.167028
hs3 183333333 184999999 0.467929
hs3 185000000 186666665 0.534364
hs3 186666666 188333332 0.545185
hs3 188333333 189999999 0.460667
hs3 190000000 191666665 0.441933
hs3 191666666 193333332 0.194438
hs3 193333333 194999999 0.660095
hs3 195000000 196666665 0.337621
hs3 196666666 198333332 0.534037
hs3 198333333 199999999 0.395566
hs9 0 1666665 0.435279
hs9 1666666 3333332 0.281156
hs9 3333333 4999999 0.587816
hs9 5000000 6666665 0.508843
hs9 6666666 8333332 0.292310
hs9 8333333 9999999 1.000000
hs9 10000000 11666665 0.361634
hs9 11666666 13333332 0.125757
hs9 13333333 14999999 0.306302
hs9 15000000 16666665 0.550797
hs9 16666666 18333332 0.468703
hs9 18333333 19999999 0.604441
hs9 20000000 21666665 0.459445
hs9 21666666 23333332 0.137425
hs9 23333333 24999999 0.081576
hs9 25000000 26666665 0.001483
hs9 26666666 28333332 0.614549
hs9 28333333 29999999 0.225677
hs9 30000000 31666665 0.000000
hs9 31666666 33333332 0.317861
hs9 33333333 34999999 0.605842
hs9 35000000 36666665 0.588631
hs9 36666666 38333332 0.561793
hs9 38333333 39999999 0.206555
hs9 40000000 41666665 0.049925
hs9 41666666 43333332 0.176569
hs9 43333333 44999999 0.041048
hs9 45000000 46666665 0.026701
hs9 46666666 48333332 0.010531
hs9 48333333 49999999 0.000000
hs9 50000000 51666665 0.000000
hs9 51666666 53333332 0.000000
hs9 53333333 54999999 0.000000
hs9 55000000 56666665 0.000000
hs9 56666666 58333332 0.000000
hs9 58333333 59999999 0.000000
hs9 60000000 61666665 0.000000
hs9 61666666 63333332 0.000000
hs9 63333333 64999999 0.000000
hs9 65000000 66666665 0.022900
hs9 66666666 68333332 0.075068
hs9 68333333 69999999 0.190573
hs9 70000000 71666665 0.692459
hs9 71666666 73333332 0.564199
hs9 73333333 74999999 0.424569
hs9 75000000 76666665 0.197582
hs9 76666666 78333332 0.325579
hs9 78333333 79999999 0.657942
hs9 80000000 81666665 0.131236
hs9 81666666 83333332 0.000000
hs9 83333333 84999999 0.127121
hs9 85000000 86666665 0.517040
hs9 86666666 88333332 0.399797
hs9 88333333 89999999 0.183722
hs9 90000000 91666665 0.340539
hs9 91666666 93333332 0.175654
hs9 93333333 94999999 0.698852
hs9 95000000 96666665 0.485321
hs9 96666666 98333332 0.549157
hs9 98333333 99999999 0.544314
hs9 100000000 101666665 0.490381
hs9 101666666 103333332 0.569613
hs9 103333333 104999999 0.135175
hs9 105000000 106666665 0.098555
hs9 106666666 108333332 0.285406
hs9 108333333 109999999 0.121358
hs9 110000000 111666665 0.516865
hs9 111666666 113333332 0.729731
hs9 113333333 114999999 0.643790
hs9 115000000 116666665 0.556724
hs9 116666666 118333332 0.466520
hs9 118333333 119999999 0.546749
hs9 120000000 121666665 0.121700
hs9 121666666 123333332 0.469876
hs9 123333333 124999999 0.845727
hs9 125000000 126666665 0.705203
hs9 126666666 128333332 0.677252
hs9 128333333 129999999 0.705238
hs9 130000000 131666665 0.549865
hs9 131666666 133333332 0.586370
hs9 133333333 134999999 0.734158
hs9 135000000 136666665 0.456082
hs9 136666666 138333332 0.405076
hs9 138333333 139999999 0.722529
hs9 140000000 141666665 0.116253
hs15 0 1666665 0.000000
hs15 1666666 3333332 0.000000
hs15 3333333 4999999 0.000000
hs15 5000000 6666665 0.000000
hs15 6666666 8333332 0.000000
hs15 8333333 9999999 0.000000
hs15 10000000 11666665 0.000000
hs15 11666666 13333332 0.000000
hs15 13333333 14999999 0.000000
hs15 15000000 16666665 0.000000
hs15 16666666 18333332 0.000000
hs15 18333333 19999999 0.156494
hs15 20000000 21666665 0.236595
hs15 21666666 23333332 0.223955
hs15 23333333 24999999 0.437818
hs15 25000000 26666665 0.635731
hs15 26666666 28333332 0.536890
hs15 28333333 29999999 0.309893
hs15 30000000 31666665 0.522107
hs15 31666666 33333332 0.613684
hs15 33333333 34999999 0.286111
hs15 35000000 36666665 0.245283
hs15 36666666 38333332 0.331016
hs15 38333333 39999999 0.669670
hs15 40000000 41666665 0.825682
hs15 41666666 43333332 0.646444
hs15 43333333 44999999 0.385960
hs15 45000000 46666665 0.272799
hs15 46666666 48333332 0.745915
hs15 48333333 49999999 0.687952
hs15 50000000 51666665 0.423042
hs15 51666666 53333332 0.512494
hs15 53333333 54999999 0.578747
hs15 55000000 56666665 0.589804
hs15 56666666 58333332 0.483367
hs15 58333333 59999999 0.551708
hs15 60000000 61666665 0.393295
hs15 61666666 63333332 0.728050
hs15 63333333 64999999 0.682762
hs15 65000000 66666665 0.619694
hs15 66666666 68333332 0.401088
hs15 68333333 69999999 0.629748
hs15 70000000 71666665 0.643135
hs15 71666666 73333332 0.449185
hs15 73333333 74999999 0.769412
hs15 75000000 76666665 0.441562
hs15 76666666 78333332 0.331154
hs15 78333333 79999999 0.376433
hs15 80000000 81666665 0.633128
hs15 81666666 83333332 0.571411
hs15 83333333 84999999 0.640939
hs15 85000000 86666665 0.453433
hs15 86666666 88333332 0.440305
hs15 88333333 89999999 0.506153
hs15 90000000 91666665 0.383573
hs15 91666666 93333332 0.111451
hs15 93333333 94999999 0.053482
hs15 95000000 96666665 0.088272
hs15 96666666 98333332 0.532737
hs15 98333333 99999999 0.641817
hs15 100000000 101666665 0.062497
hs5 0 1666665 0.543616
hs5 1666666 3333332 0.030399
hs5 3333333 4999999 0.003211
hs5 5000000 6666665 0.228727
hs5 6666666 8333332 0.356152
hs5 8333333 9999999 0.465031
hs5 10000000 11666665 0.595388
hs5 11666666 13333332 0.312464
hs5 13333333 14999999 0.513733
hs5 15000000 16666665 0.424086
hs5 16666666 18333332 0.254649
hs5 18333333 19999999 0.294652
hs5 20000000 21666665 0.092402
hs5 21666666 23333332 0.667607
hs5 23333333 24999999 0.107212
hs5 25000000 26666665 0.000000
hs5 26666666 28333332 0.094789
hs5 28333333 29999999 0.000000
hs5 30000000 31666665 0.171551
hs5 31666666 33333332 0.381034
hs5 33333333 34999999 0.460536
hs5 35000000 36666665 0.458164
hs5 36666666 38333332 0.543293
hs5 38333333 39999999 0.457717
hs5 40000000 41666665 0.350903
hs5 41666666 43333332 0.411046
hs5 43333333 44999999 0.203545
hs5 45000000 46666665 0.262122
hs5 46666666 48333332 0.000000
hs5 48333333 49999999 0.028628
hs5 50000000 51666665 0.113832
hs5 51666666 53333332 0.325362
hs5 53333333 54999999 0.456910
hs5 55000000 56666665 0.358239
hs5 56666666 58333332 0.188962
hs5 58333333 59999999 0.970680
hs5 60000000 61666665 0.431828
hs5 61666666 63333332 0.173090
hs5 63333333 64999999 0.673378
hs5 65000000 66666665 0.564250
hs5 66666666 68333332 0.045113
hs5 68333333 69999999 1.220508
hs5 70000000 71666665 0.537040
hs5 71666666 73333332 0.413204
hs5 73333333 74999999 0.372508
hs5 75000000 76666665 0.572501
hs5 76666666 78333332 0.622471
hs5 78333333 79999999 0.551308
hs5 80000000 81666665 0.729195
hs5 81666666 83333332 0.332381
hs5 83333333 84999999 0.229821
hs5 85000000 86666665 0.050798
hs5 86666666 88333332 0.287489
hs5 88333333 89999999 0.117551
hs5 90000000 91666665 0.330461
hs5 91666666 93333332 0.322933
hs5 93333333 94999999 0.878265
hs5 95000000 96666665 0.364774
hs5 96666666 98333332 0.059119
hs5 98333333 99999999 0.036041
hs5 100000000 101666665 0.095347
hs5 101666666 103333332 0.260401
hs5 103333333 104999999 0.000375
hs5 105000000 106666665 0.000000
hs5 106666666 108333332 0.623389
hs5 108333333 109999999 0.519964
hs5 110000000 111666665 0.494248
hs5 111666666 113333332 0.542380
hs5 113333333 114999999 0.227913
hs5 115000000 116666665 0.301498
hs5 116666666 118333332 0.079716
hs5 118333333 119999999 0.354392
hs5 120000000 121666665 0.094560
hs5 121666666 123333332 0.399845
hs5 123333333 124999999 0.064918
hs5 125000000 126666665 0.288841
hs5 126666666 128333332 0.394206
hs5 128333333 129999999 0.385957
hs5 130000000 131666665 0.396473
hs5 131666666 133333332 0.556547
hs5 133333333 134999999 0.421436
hs5 135000000 136666665 0.392544
hs5 136666666 138333332 0.626758
hs5 138333333 139999999 0.725914
hs5 140000000 141666665 3.285479
hs5 141666666 143333332 0.446974
hs5 143333333 144999999 0.191437
hs5 145000000 146666665 0.613518
hs5 146666666 148333332 0.442025
hs5 148333333 149999999 0.657842
hs5 150000000 151666665 0.402092
hs5 151666666 153333332 0.202252
hs5 153333333 154999999 0.331776
hs5 155000000 156666665 0.398548
hs5 156666666 158333332 0.367980
hs5 158333333 159999999 0.434999
hs5 160000000 161666665 0.381571
hs5 161666666 163333332 0.036923
hs5 163333333 164999999 0.000000
hs5 165000000 166666665 0.013348
hs5 166666666 168333332 0.901872
hs5 168333333 169999999 0.768181
hs5 170000000 171666665 0.601876
hs5 171666666 173333332 0.340164
hs5 173333333 174999999 0.084222
hs5 175000000 176666665 0.548876
hs5 176666666 178333332 0.545051
hs5 178333333 179999999 0.601444
hs5 180000000 181666665 0.116168
hsY 0 1666665 0.219038
hsY 1666666 3333332 0.329446
hsY 3333333 4999999 0.043615
hsY 5000000 6666665 0.474878
hsY 6666666 8333332 0.182602
hsY 8333333 9999999 0.486265
hsY 10000000 11666665 0.080950
hsY 11666666 13333332 0.033667
hsY 13333333 14999999 0.241745
hsY 15000000 16666665 0.192817
hsY 16666666 18333332 0.024092
hsY 18333333 19999999 0.248017
hsY 20000000 21666665 0.122416
hsY 21666666 23333332 0.291288
hsY 23333333 24999999 0.272752
hsY 25000000 26666665 0.328124
hsY 26666666 28333332 0.000000
hsY 28333333 29999999 0.000000
hsY 30000000 31666665 0.000000
hsY 31666666 33333332 0.000000
hsY 33333333 34999999 0.000000
hsY 35000000 36666665 0.000000
hsY 36666666 38333332 0.000000
hsY 38333333 39999999 0.000000
hsY 40000000 41666665 0.000000
hsY 41666666 43333332 0.000000
hsY 43333333 44999999 0.000000
hsY 45000000 46666665 0.000000
hsY 46666666 48333332 0.000000
hsY 48333333 49999999 0.000000
hsY 50000000 51666665 0.000000
hsY 51666666 53333332 0.000000
hsY 53333333 54999999 0.000000
hsY 55000000 56666665 0.000000
hsY 56666666 58333332 0.054238
hs1 0 1666665 0.403201
hs1 1666666 3333332 0.606902
hs1 3333333 4999999 0.335230
hs1 5000000 6666665 0.432461
hs1 6666666 8333332 0.694714
hs1 8333333 9999999 0.662916
hs1 10000000 11666665 0.642818
hs1 11666666 13333332 0.493044
hs1 13333333 14999999 0.266654
hs1 15000000 16666665 0.775355
hs1 16666666 18333332 0.452086
hs1 18333333 19999999 0.608200
hs1 20000000 21666665 0.523683
hs1 21666666 23333332 0.565205
hs1 23333333 24999999 0.482976
hs1 25000000 26666665 0.547636
hs1 26666666 28333332 0.547910
hs1 28333333 29999999 0.541751
hs1 30000000 31666665 0.235991
hs1 31666666 33333332 0.534098
hs1 33333333 34999999 0.537319
hs1 35000000 36666665 0.576781
hs1 36666666 38333332 0.409133
hs1 38333333 39999999 0.413948
hs1 40000000 41666665 0.499330
hs1 41666666 43333332 0.554135
hs1 43333333 44999999 0.671527
hs1 45000000 46666665 0.757205
hs1 46666666 48333332 0.271655
hs1 48333333 49999999 0.934885
hs1 50000000 51666665 0.697175
hs1 51666666 53333332 0.765356
hs1 53333333 54999999 0.657721
hs1 55000000 56666665 0.175499
hs1 56666666 58333332 0.871900
hs1 58333333 59999999 0.448043
hs1 60000000 61666665 0.318270
hs1 61666666 63333332 0.562979
hs1 63333333 64999999 0.574715
hs1 65000000 66666665 0.750223
hs1 66666666 68333332 0.512286
hs1 68333333 69999999 0.107926
hs1 70000000 71666665 0.507584
hs1 71666666 73333332 0.512520
hs1 73333333 74999999 0.413794
hs1 75000000 76666665 0.587404
hs1 76666666 78333332 0.741844
hs1 78333333 79999999 0.233383
hs1 80000000 81666665 0.000000
hs1 81666666 83333332 0.115216
hs1 83333333 84999999 0.332606
hs1 85000000 86666665 0.671957
hs1 86666666 88333332 0.279133
hs1 88333333 89999999 0.351874
hs1 90000000 91666665 0.244005
hs1 91666666 93333332 0.620569
hs1 93333333 94999999 0.455086
hs1 95000000 96666665 0.173221
hs1 96666666 98333332 0.562107
hs1 98333333 99999999 0.216349
hs1 100000000 101666665 0.421388
hs1 101666666 103333332 0.261673
hs1 103333333 104999999 0.112203
hs1 105000000 106666665 0.208014
hs1 106666666 108333332 0.442953
hs1 108333333 109999999 0.546579
hs1 110000000 111666665 0.280703
hs1 111666666 113333332 0.505584
hs1 113333333 114999999 0.519766
hs1 115000000 116666665 0.352381
hs1 116666666 118333332 0.462526
hs1 118333333 119999999 0.289032
hs1 120000000 121666665 0.197813
hs1 121666666 123333332 0.000000
hs1 123333333 124999999 0.000000
hs1 125000000 126666665 0.000000
hs1 126666666 128333332 0.000000
hs1 128333333 129999999 0.000000
hs1 130000000 131666665 0.000000
hs1 131666666 133333332 0.000000
hs1 133333333 134999999 0.000000
hs1 135000000 136666665 0.000000
hs1 136666666 138333332 0.000000
hs1 138333333 139999999 0.000000
hs1 140000000 141666665 0.000000
hs1 141666666 143333332 0.128218
hs1 143333333 144999999 0.653992
hs1 145000000 146666665 0.310744
hs1 146666666 148333332 0.203749
hs1 148333333 149999999 0.655074
hs1 150000000 151666665 0.178588
hs1 151666666 153333332 0.663610
hs1 153333333 154999999 0.670252
hs1 155000000 156666665 0.346688
hs1 156666666 158333332 0.257849
hs1 158333333 159999999 0.510127
hs1 160000000 161666665 0.552023
hs1 161666666 163333332 0.175347
hs1 163333333 164999999 0.376744
hs1 165000000 166666665 0.617040
hs1 166666666 168333332 0.477648
hs1 168333333 169999999 0.344380
hs1 170000000 171666665 0.454933
hs1 171666666 173333332 0.754049
hs1 173333333 174999999 0.642625
hs1 175000000 176666665 0.524343
hs1 176666666 178333332 0.683617
hs1 178333333 179999999 0.580928
hs1 180000000 181666665 0.422630
hs1 181666666 183333332 0.655719
hs1 183333333 184999999 0.486358
hs1 185000000 186666665 0.096050
hs1 186666666 188333332 0.000000
hs1 188333333 189999999 0.227978
hs1 190000000 191666665 0.201446
hs1 191666666 193333332 0.000000
hs1 193333333 194999999 0.286930
hs1 195000000 196666665 0.546328
hs1 196666666 198333332 0.123778
hs1 198333333 199999999 0.456229
hs1 200000000 201666665 0.646732
hs1 201666666 203333332 0.550661
hs1 203333333 204999999 0.507979
hs1 205000000 206666665 0.482867
hs1 206666666 208333332 0.211781
hs1 208333333 209999999 0.655410
hs1 210000000 211666665 0.528674
hs1 211666666 213333332 0.385966
hs1 213333333 214999999 0.753676
hs1 215000000 216666665 0.568464
hs1 216666666 218333332 0.109051
hs1 218333333 219999999 0.264936
hs1 220000000 221666665 0.265452
hs1 221666666 223333332 0.469088
hs1 223333333 224999999 0.588418
hs1 225000000 226666665 0.547852
hs1 226666666 228333332 0.199927
hs1 228333333 229999999 0.688062
hs1 230000000 231666665 0.606585
hs1 231666666 233333332 0.348905
hs1 233333333 234999999 0.690649
hs1 235000000 236666665 0.584797
hs1 236666666 238333332 0.178503
hs1 238333333 239999999 0.800141
hs1 240000000 241666665 0.522158
hs1 241666666 243333332 0.542061
hs1 243333333 244999999 0.899986
hs1 245000000 246666665 0.298904
hs1 246666666 248333332 0.035749
hs19 0 1666665 0.548473
hs19 1666666 3333332 0.668291
hs19 3333333 4999999 0.705934
hs19 5000000 6666665 0.576142
hs19 6666666 8333332 0.582835
hs19 8333333 9999999 0.462406
hs19 10000000 11666665 0.706030
hs19 11666666 13333332 0.585167
hs19 13333333 14999999 0.493445
hs19 15000000 16666665 0.506795
hs19 16666666 18333332 0.714043
hs19 18333333 19999999 0.740025
hs19 20000000 21666665 0.284875
hs19 21666666 23333332 0.154930
hs19 23333333 24999999 0.119896
hs19 25000000 26666665 0.000000
hs19 26666666 28333332 0.000000
hs19 28333333 29999999 0.000000
hs19 30000000 31666665 0.000000
hs19 31666666 33333332 0.002069
hs19 33333333 34999999 0.054419
hs19 35000000 36666665 0.204455
hs19 36666666 38333332 0.356280
hs19 38333333 39999999 0.413000
hs19 40000000 41666665 0.478839
hs19 41666666 43333332 0.622546
hs19 43333333 44999999 0.564945
hs19 45000000 46666665 0.591514
hs19 46666666 48333332 0.381738
hs19 48333333 49999999 0.479425
hs19 50000000 51666665 0.545626
hs19 51666666 53333332 0.562144
hs19 53333333 54999999 0.722708
hs19 55000000 56666665 0.542204
hs19 56666666 58333332 0.559690
hs19 58333333 59999999 0.495392
hs19 60000000 61666665 0.588086
hs19 61666666 63333332 0.435988
hs19 63333333 64999999 0.156630
hs2 0 1666665 0.408265
hs2 1666666 3333332 0.463355
hs2 3333333 4999999 0.157009
hs2 5000000 6666665 0.037505
hs2 6666666 8333332 0.131540
hs2 8333333 9999999 0.445765
hs2 10000000 11666665 0.485300
hs2 11666666 13333332 0.091429
hs2 13333333 14999999 0.004415
hs2 15000000 16666665 0.308766
hs2 16666666 18333332 0.206348
hs2 18333333 19999999 0.042916
hs2 20000000 21666665 0.250725
hs2 21666666 23333332 0.000000
hs2 23333333 24999999 0.701152
hs2 25000000 26666665 0.747040
hs2 26666666 28333332 0.738692
hs2 28333333 29999999 0.778342
hs2 30000000 31666665 0.460633
hs2 31666666 33333332 0.763056
hs2 33333333 34999999 0.174550
hs2 35000000 36666665 0.137187
hs2 36666666 38333332 0.484588
hs2 38333333 39999999 0.490927
hs2 40000000 41666665 0.240175
hs2 41666666 43333332 0.259308
hs2 43333333 44999999 0.751724
hs2 45000000 46666665 0.549654
hs2 46666666 48333332 0.398837
hs2 48333333 49999999 0.387391
hs2 50000000 51666665 0.667907
hs2 51666666 53333332 0.000000
hs2 53333333 54999999 0.656513
hs2 55000000 56666665 0.465997
hs2 56666666 58333332 0.117280
hs2 58333333 59999999 0.000000
hs2 60000000 61666665 0.446626
hs2 61666666 63333332 0.497951
hs2 63333333 64999999 0.409403
hs2 65000000 66666665 0.247265
hs2 66666666 68333332 0.091831
hs2 68333333 69999999 0.593225
hs2 70000000 71666665 0.485855
hs2 71666666 73333332 0.602003
hs2 73333333 74999999 0.595622
hs2 75000000 76666665 0.183153
hs2 76666666 78333332 0.464860
hs2 78333333 79999999 0.252528
hs2 80000000 81666665 0.439190
hs2 81666666 83333332 0.000581
hs2 83333333 84999999 0.240656
hs2 85000000 86666665 0.567469
hs2 86666666 88333332 0.537032
hs2 88333333 89999999 0.108040
hs2 90000000 91666665 0.018835
hs2 91666666 93333332 0.000000
hs2 93333333 94999999 0.060892
hs2 95000000 96666665 0.278797
hs2 96666666 98333332 0.626365
hs2 98333333 99999999 0.804555
hs2 100000000 101666665 0.439639
hs2 101666666 103333332 0.389778
hs2 103333333 104999999 0.047949
hs2 105000000 106666665 0.326215
hs2 106666666 108333332 0.132643
hs2 108333333 109999999 0.717808
hs2 110000000 111666665 0.660067
hs2 111666666 113333332 0.486206
hs2 113333333 114999999 0.304978
hs2 115000000 116666665 0.791277
hs2 116666666 118333332 0.010620
hs2 118333333 119999999 0.230538
hs2 120000000 121666665 0.447687
hs2 121666666 123333332 0.241642
hs2 123333333 124999999 0.300400
hs2 125000000 126666665 0.233600
hs2 126666666 128333332 0.316511
hs2 128333333 129999999 0.160154
hs2 130000000 131666665 0.282028
hs2 131666666 133333332 0.437805
hs2 133333333 134999999 0.587545
hs2 135000000 136666665 0.726316
hs2 136666666 138333332 0.412096
hs2 138333333 139999999 0.141912
hs2 140000000 141666665 0.576721
hs2 141666666 143333332 0.563445
hs2 143333333 144999999 0.795742
hs2 145000000 146666665 0.079273
hs2 146666666 148333332 0.010937
hs2 148333333 149999999 0.790619
hs2 150000000 151666665 0.045624
hs2 151666666 153333332 0.689417
hs2 153333333 154999999 0.338881
hs2 155000000 156666665 0.105995
hs2 156666666 158333332 0.231371
hs2 158333333 159999999 0.726011
hs2 160000000 161666665 0.485719
hs2 161666666 163333332 0.722653
hs2 163333333 164999999 0.119131
hs2 165000000 166666665 0.625897
hs2 166666666 168333332 0.371414
hs2 168333333 169999999 0.687877
hs2 170000000 171666665 0.726687
hs2 171666666 173333332 0.493633
hs2 173333333 174999999 0.489365
hs2 175000000 176666665 0.350749
hs2 176666666 178333332 0.327547
hs2 178333333 179999999 0.854252
hs2 180000000 181666665 0.338888
hs2 181666666 183333332 0.480427
hs2 183333333 184999999 0.134429
hs2 185000000 186666665 0.261472
hs2 186666666 188333332 0.240538
hs2 188333333 189999999 0.327683
hs2 190000000 191666665 0.500405
hs2 191666666 193333332 0.309817
hs2 193333333 194999999 0.009923
hs2 195000000 196666665 0.247204
hs2 196666666 198333332 0.673653
hs2 198333333 199999999 0.317139
hs2 200000000 201666665 0.461756
hs2 201666666 203333332 0.653642
hs2 203333333 204999999 0.451138
hs2 205000000 206666665 0.766873
hs2 206666666 208333332 0.408731
hs2 208333333 209999999 0.269347
hs2 210000000 211666665 0.609442
hs2 211666666 213333332 0.697807
hs2 213333333 214999999 0.775998
hs2 215000000 216666665 0.406002
hs2 216666666 218333332 0.492725
hs2 218333333 219999999 0.614822
hs2 220000000 221666665 0.096020
hs2 221666666 223333332 0.310554
hs2 223333333 224999999 0.204897
hs2 225000000 226666665 0.387541
hs2 226666666 228333332 0.441230
hs2 228333333 229999999 0.344940
hs2 230000000 231666665 0.670663
hs2 231666666 233333332 0.554032
hs2 233333333 234999999 0.947282
hs2 235000000 236666665 0.424160
hs2 236666666 238333332 0.372841
hs2 238333333 239999999 0.496946
hs2 240000000 241666665 0.280515
hs2 241666666 243333332 0.441359
hs8 0 1666665 0.258548
hs8 1666666 3333332 0.506369
hs8 3333333 4999999 0.903842
hs8 5000000 6666665 0.220202
hs8 6666666 8333332 0.267811
hs8 8333333 9999999 0.262022
hs8 10000000 11666665 0.670821
hs8 11666666 13333332 0.451391
hs8 13333333 14999999 0.655947
hs8 15000000 16666665 0.269608
hs8 16666666 18333332 0.529867
hs8 18333333 19999999 0.546291
hs8 20000000 21666665 0.086905
hs8 21666666 23333332 0.699106
hs8 23333333 24999999 0.151233
hs8 25000000 26666665 0.432221
hs8 26666666 28333332 0.534022
hs8 28333333 29999999 0.442971
hs8 30000000 31666665 0.428941
hs8 31666666 33333332 0.645261
hs8 33333333 34999999 0.096508
hs8 35000000 36666665 0.335524
hs8 36666666 38333332 0.321726
hs8 38333333 39999999 0.675429
hs8 40000000 41666665 0.322523
hs8 41666666 43333332 0.634800
hs8 43333333 44999999 0.002492
hs8 45000000 46666665 0.000000
hs8 46666666 48333332 0.008941
hs8 48333333 49999999 0.454468
hs8 50000000 51666665 0.409955
hs8 51666666 53333332 0.552103
hs8 53333333 54999999 0.301692
hs8 55000000 56666665 0.364078
hs8 56666666 58333332 0.207292
hs8 58333333 59999999 0.261649
hs8 60000000 61666665 0.216845
hs8 61666666 63333332 0.392815
hs8 63333333 64999999 0.500791
hs8 65000000 66666665 0.125555
hs8 66666666 68333332 0.578826
hs8 68333333 69999999 0.641855
hs8 70000000 71666665 0.412185
hs8 71666666 73333332 0.330235
hs8 73333333 74999999 0.550464
hs8 75000000 76666665 0.168464
hs8 76666666 78333332 0.167515
hs8 78333333 79999999 0.128173
hs8 80000000 81666665 0.205208
hs8 81666666 83333332 0.315928
hs8 83333333 84999999 0.000000
hs8 85000000 86666665 0.562433
hs8 86666666 88333332 0.520225
hs8 88333333 89999999 0.254594
hs8 90000000 91666665 0.111351
hs8 91666666 93333332 0.394203
hs8 93333333 94999999 0.112111
hs8 95000000 96666665 0.356830
hs8 96666666 98333332 0.442901
hs8 98333333 99999999 0.541635
hs8 100000000 101666665 0.742136
hs8 101666666 103333332 0.466841
hs8 103333333 104999999 0.523354
hs8 105000000 106666665 0.483153
hs8 106666666 108333332 0.428962
hs8 108333333 109999999 0.315101
hs8 110000000 111666665 0.272533
hs8 111666666 113333332 0.017401
hs8 113333333 114999999 0.711107
hs8 115000000 116666665 0.106060
hs8 116666666 118333332 0.278446
hs8 118333333 119999999 0.458691
hs8 120000000 121666665 0.552658
hs8 121666666 123333332 0.156321
hs8 123333333 124999999 0.417054
hs8 125000000 126666665 0.545066
hs8 126666666 128333332 0.003469
hs8 128333333 129999999 0.211690
hs8 130000000 131666665 0.292816
hs8 131666666 133333332 0.342926
hs8 133333333 134999999 0.604288
hs8 135000000 136666665 0.258838
hs8 136666666 138333332 0.037419
hs8 138333333 139999999 0.415537
hs8 140000000 141666665 0.527199
hs8 141666666 143333332 0.375892
hs8 143333333 144999999 0.422817
hs8 145000000 146666665 0.424863
hs6 0 1666665 0.322463
hs6 1666666 3333332 0.554551
hs6 3333333 4999999 0.290449
hs6 5000000 6666665 0.715892
hs6 6666666 8333332 0.361822
hs6 8333333 9999999 0.014480
hs6 10000000 11666665 0.416840
hs6 11666666 13333332 0.454436
hs6 13333333 14999999 0.276535
hs6 15000000 16666665 0.450865
hs6 16666666 18333332 0.484921
hs6 18333333 19999999 0.074461
hs6 20000000 21666665 0.540896
hs6 21666666 23333332 0.329700
hs6 23333333 24999999 0.363189
hs6 25000000 26666665 0.447968
hs6 26666666 28333332 0.197276
hs6 28333333 29999999 0.182576
hs6 30000000 31666665 0.358802
hs6 31666666 33333332 0.515078
hs6 33333333 34999999 0.522316
hs6 35000000 36666665 0.717969
hs6 36666666 38333332 0.572971
hs6 38333333 39999999 0.812281
hs6 40000000 41666665 0.251339
hs6 41666666 43333332 0.710182
hs6 43333333 44999999 0.425356
hs6 45000000 46666665 0.619449
hs6 46666666 48333332 0.519487
hs6 48333333 49999999 0.113622
hs6 50000000 51666665 0.115785
hs6 51666666 53333332 0.551233
hs6 53333333 54999999 0.371407
hs6 55000000 56666665 0.494555
hs6 56666666 58333332 0.323186
hs6 58333333 59999999 0.024940
hs6 60000000 61666665 0.000000
hs6 61666666 63333332 0.363742
hs6 63333333 64999999 0.381444
hs6 65000000 66666665 0.885267
hs6 66666666 68333332 0.000000
hs6 68333333 69999999 0.358589
hs6 70000000 71666665 0.667895
hs6 71666666 73333332 0.355791
hs6 73333333 74999999 0.557570
hs6 75000000 76666665 0.367766
hs6 76666666 78333332 0.103055
hs6 78333333 79999999 0.124397
hs6 80000000 81666665 0.261806
hs6 81666666 83333332 0.053212
hs6 83333333 84999999 0.574685
hs6 85000000 86666665 0.121066
hs6 86666666 88333332 0.260891
hs6 88333333 89999999 0.368236
hs6 90000000 91666665 0.601818
hs6 91666666 93333332 0.000000
hs6 93333333 94999999 0.149378
hs6 95000000 96666665 0.076810
hs6 96666666 98333332 0.357771
hs6 98333333 99999999 0.131019
hs6 100000000 101666665 0.376176
hs6 101666666 103333332 0.402642
hs6 103333333 104999999 0.000000
hs6 105000000 106666665 0.281473
hs6 106666666 108333332 0.646619
hs6 108333333 109999999 0.616951
hs6 110000000 111666665 0.594317
hs6 111666666 113333332 0.391156
hs6 113333333 114999999 0.039430
hs6 115000000 116666665 0.159379
hs6 116666666 118333332 0.486320
hs6 118333333 119999999 0.640879
hs6 120000000 121666665 0.134605
hs6 121666666 123333332 0.232060
hs6 123333333 124999999 0.792706
hs6 125000000 126666665 0.424982
hs6 126666666 128333332 0.295054
hs6 128333333 129999999 0.746235
hs6 130000000 131666665 0.408499
hs6 131666666 133333332 0.324755
hs6 133333333 134999999 0.358043
hs6 135000000 136666665 0.950179
hs6 136666666 138333332 0.398550
hs6 138333333 139999999 0.403922
hs6 140000000 141666665 0.000000
hs6 141666666 143333332 0.321835
hs6 143333333 144999999 0.728308
hs6 145000000 146666665 0.419131
hs6 146666666 148333332 0.364903
hs6 148333333 149999999 0.467351
hs6 150000000 151666665 0.550800
hs6 151666666 153333332 0.743156
hs6 153333333 154999999 0.415764
hs6 155000000 156666665 0.238817
hs6 156666666 158333332 0.514528
hs6 158333333 159999999 0.494368
hs6 160000000 161666665 0.558349
hs6 161666666 163333332 0.987256
hs6 163333333 164999999 0.300976
hs6 165000000 166666665 0.274644
hs6 166666666 168333332 0.512962
hs6 168333333 169999999 0.366164
hs6 170000000 171666665 0.095453
hs14 0 1666665 0.000000
hs14 1666666 3333332 0.000000
hs14 3333333 4999999 0.000000
hs14 5000000 6666665 0.000000
hs14 6666666 8333332 0.000000
hs14 8333333 9999999 0.000000
hs14 10000000 11666665 0.000000
hs14 11666666 13333332 0.000000
hs14 13333333 14999999 0.000000
hs14 15000000 16666665 0.000000
hs14 16666666 18333332 0.000000
hs14 18333333 19999999 0.123560
hs14 20000000 21666665 0.243367
hs14 21666666 23333332 0.274222
hs14 23333333 24999999 0.349391
hs14 25000000 26666665 0.091124
hs14 26666666 28333332 0.014555
hs14 28333333 29999999 0.210979
hs14 30000000 31666665 0.575098
hs14 31666666 33333332 0.834561
hs14 33333333 34999999 0.352997
hs14 35000000 36666665 0.515108
hs14 36666666 38333332 0.245455
hs14 38333333 39999999 0.158921
hs14 40000000 41666665 0.178195
hs14 41666666 43333332 0.000000
hs14 43333333 44999999 0.197212
hs14 45000000 46666665 0.173339
hs14 46666666 48333332 0.328244
hs14 48333333 49999999 0.350338
hs14 50000000 51666665 0.573527
hs14 51666666 53333332 0.345741
hs14 53333333 54999999 0.429625
hs14 55000000 56666665 0.303241
hs14 56666666 58333332 0.388945
hs14 58333333 59999999 0.423988
hs14 60000000 61666665 0.496877
hs14 61666666 63333332 0.446619
hs14 63333333 64999999 0.629099
hs14 65000000 66666665 0.548801
hs14 66666666 68333332 0.798809
hs14 68333333 69999999 0.588287
hs14 70000000 71666665 0.456478
hs14 71666666 73333332 0.814252
hs14 73333333 74999999 0.571993
hs14 75000000 76666665 0.645970
hs14 76666666 78333332 0.618275
hs14 78333333 79999999 0.649103
hs14 80000000 81666665 0.518492
hs14 81666666 83333332 0.000000
hs14 83333333 84999999 0.000000
hs14 85000000 86666665 0.058670
hs14 86666666 88333332 0.352433
hs14 88333333 89999999 0.581654
hs14 90000000 91666665 0.751168
hs14 91666666 93333332 0.744632
hs14 93333333 94999999 0.405443
hs14 95000000 96666665 0.296674
hs14 96666666 98333332 0.035199
hs14 98333333 99999999 0.489683
hs14 100000000 101666665 0.294764
hs14 101666666 103333332 0.670163
hs14 103333333 104999999 0.444047
hs14 105000000 106666665 0.035386
hs17 0 1666665 0.714100
hs17 1666666 3333332 0.627565
hs17 3333333 4999999 0.732583
hs17 5000000 6666665 0.405374
hs17 6666666 8333332 0.551887
hs17 8333333 9999999 0.810662
hs17 10000000 11666665 0.519424
hs17 11666666 13333332 0.372062
hs17 13333333 14999999 0.177346
hs17 15000000 16666665 0.562309
hs17 16666666 18333332 0.627822
hs17 18333333 19999999 0.542553
hs17 20000000 21666665 0.317756
hs17 21666666 23333332 0.155168
hs17 23333333 24999999 0.667092
hs17 25000000 26666665 0.766312
hs17 26666666 28333332 0.583230
hs17 28333333 29999999 0.736429
hs17 30000000 31666665 0.449732
hs17 31666666 33333332 0.591076
hs17 33333333 34999999 0.527506
hs17 35000000 36666665 0.468608
hs17 36666666 38333332 0.570376
hs17 38333333 39999999 0.553159
hs17 40000000 41666665 0.590051
hs17 41666666 43333332 0.580873
hs17 43333333 44999999 0.515891
hs17 45000000 46666665 0.550732
hs17 46666666 48333332 0.355718
hs17 48333333 49999999 0.001402
hs17 50000000 51666665 0.289565
hs17 51666666 53333332 0.537997
hs17 53333333 54999999 0.641542
hs17 55000000 56666665 0.832128
hs17 56666666 58333332 0.574351
hs17 58333333 59999999 0.718056
hs17 60000000 61666665 0.594997
hs17 61666666 63333332 0.732412
hs17 63333333 64999999 0.564052
hs17 65000000 66666665 0.072538
hs17 66666666 68333332 0.111033
hs17 68333333 69999999 0.560833
hs17 70000000 71666665 0.724696
hs17 71666666 73333332 0.498861
hs17 73333333 74999999 0.670538
hs17 75000000 76666665 0.602715
hs17 76666666 78333332 0.661980
hs17 78333333 79999999 0.176892
hs21 0 1666665 0.000000
hs21 1666666 3333332 0.000000
hs21 3333333 4999999 0.000000
hs21 5000000 6666665 0.000000
hs21 6666666 8333332 0.000000
hs21 8333333 9999999 0.042832
hs21 10000000 11666665 0.219765
hs21 11666666 13333332 0.000586
hs21 13333333 14999999 0.218122
hs21 15000000 16666665 0.333245
hs21 16666666 18333332 0.234692
hs21 18333333 19999999 0.094246
hs21 20000000 21666665 0.260806
hs21 21666666 23333332 0.099852
hs21 23333333 24999999 0.000000
hs21 25000000 26666665 0.297478
hs21 26666666 28333332 0.122455
hs21 28333333 29999999 0.357908
hs21 30000000 31666665 0.312928
hs21 31666666 33333332 0.536409
hs21 33333333 34999999 0.542742
hs21 35000000 36666665 0.306991
hs21 36666666 38333332 0.652750
hs21 38333333 39999999 0.464966
hs21 40000000 41666665 0.678349
hs21 41666666 43333332 0.565071
hs21 43333333 44999999 0.578718
hs21 45000000 46666665 0.557483
hs21 46666666 48333332 0.102213
