hsX 0 1388887 0.124492
hsX 1388888 2777776 0.542079
hsX 2777777 4166665 0.221999
hsX 4166666 5555554 0.000000
hsX 5555555 6944443 0.244891
hsX 6944444 8333332 0.192073
hsX 8333333 9722221 0.380439
hsX 9722222 11111110 0.583317
hsX 11111111 12499998 0.677572
hsX 12499999 13888887 0.432797
hsX 13888888 15277776 0.275113
hsX 15277777 16666665 0.430641
hsX 16666666 18055554 0.542789
hsX 18055555 19444443 0.701217
hsX 19444444 20833332 0.474276
hsX 20833333 22222221 0.471656
hsX 22222222 23611110 0.057313
hsX 23611111 24999998 0.580761
hsX 24999999 26388887 0.004033
hsX 26388888 27777776 0.016479
hsX 27777777 29166665 0.471257
hsX 29166666 30555554 0.549693
hsX 30555555 31944443 0.746783
hsX 31944444 33333332 0.952707
hsX 33333333 34722221 0.023620
hsX 34722222 36111110 0.126773
hsX 36111111 37499999 0.297299
hsX 37500000 38888887 0.357448
hsX 38888888 40277776 0.090781
hsX 40277777 41666665 0.541547
hsX 41666666 43055554 0.001035
hsX 43055555 44444443 0.321523
hsX 44444444 45833332 0.211004
hsX 45833333 47222221 0.457960
hsX 47222222 48611110 0.337634
hsX 48611111 49999998 0.937585
hsX 49999999 51388887 0.295104
hsX 51388888 52777776 0.225470
hsX 52777777 54166665 0.438949
hsX 54166666 55555554 0.373083
hsX 55555555 56944443 0.138163
hsX 56944444 58333332 0.170203
hsX 58333333 59722221 0.000000
hsX 59722222 61111110 0.000000
hsX 61111111 62499998 0.002961
hsX 62499999 63888887 0.312864
hsX 63888888 65277776 0.181805
hsX 65277777 66666665 0.090138
hsX 66666666 68055554 0.501206
hsX 68055555 69444443 0.412596
hsX 69444444 70833332 0.626910
hsX 70833333 72222221 0.579170
hsX 72222222 73611110 0.496580
hsX 73611111 74999999 0.415697
hsX 75000000 76388887 0.006518
hsX 76388888 77777776 0.423210
hsX 77777777 79166665 0.034149
hsX 79166666 80555554 0.318456
hsX 80555555 81944443 0.000000
hsX 81944444 83333332 0.112721
hsX 83333333 84722221 0.304694
hsX 84722222 86111110 0.626785
hsX 86111111 87499998 0.109683
hsX 87499999 88888887 0.005442
hsX 88888888 90277776 0.000680
hsX 90277777 91666665 0.539811
hsX 91666666 93055554 0.100190
hsX 93055555 94444443 0.000000
hsX 94444444 95833332 0.005640
hsX 95833333 97222221 0.655533
hsX 97222222 98611110 0.005656
hsX 98611111 99999998 0.527403
hsX 99999999 101388887 0.420258
hsX 101388888 102777776 0.373239
hsX 102777777 104166665 0.457972
hsX 104166666 105555554 0.659385
hsX 105555555 106944443 0.432268
hsX 106944444 108333332 0.545225
hsX 108333333 109722221 0.484444
hsX 109722222 111111110 0.612896
hsX 111111111 112499998 0.425671
hsX 112499999 113888887 0.118483
hsX 113888888 115277776 0.298715
hsX 115277777 116666665 0.018839
hsX 116666666 118055554 0.451490
hsX 118055555 119444443 0.337720
hsX 119444444 120833332 0.405936
hsX 120833333 122222221 0.055041
hsX 122222222 123611110 0.618618
hsX 123611111 124999998 0.226251
hsX 124999999 126388887 0.005831
hsX 126388888 127777776 0.001038
hsX 127777777 129166665 0.304032
hsX 129166666 130555554 0.315464
hsX 130555555 131944443 0.506101
hsX 131944444 133333332 0.415958
hsX 133333333 134722221 0.343712
hsX 134722222 136111110 0.379536
hsX 136111111 137499999 0.004259
hsX 137500000 138888887 0.614592
hsX 138888888 140277776 0.012695
hsX 140277777 141666665 0.053517
hsX 141666666 143055554 0.029585
hsX 143055555 144444443 0.006209
hsX 144444444 145833332 0.008762
hsX 145833333 147222221 0.071076
hsX 147222222 148611110 0.453551
hsX 148611111 149999999 0.413042
hsX 150000000 151388887 0.346392
hsX 151388888 152777776 0.299396
hsX 152777777 154166665 0.661940
hsX 154166666 155555554 0.198364
hs12 0 1388887 0.833217
hs12 1388888 2777776 0.789228
hs12 2777777 4166665 0.509005
hs12 4166666 5555554 0.316310
hs12 5555555 6944443 0.738348
hs12 6944444 8333332 0.450868
hs12 8333333 9722221 0.355731
hs12 9722222 11111110 0.589331
hs12 11111111 12499998 0.556611
hs12 12499999 13888887 0.494193
hs12 13888888 15277776 0.469611
hs12 15277777 16666665 0.545566
hs12 16666666 18055554 0.000000
hs12 18055555 19444443 0.503108
hs12 19444444 20833332 0.325644
hs12 20833333 22222221 0.557837
hs12 22222222 23611110 0.242934
hs12 23611111 24999998 0.830079
hs12 24999999 26388887 0.395673
hs12 26388888 27777776 0.721063
hs12 27777777 29166665 0.259911
hs12 29166666 30555554 0.363632
hs12 30555555 31944443 0.395657
hs12 31944444 33333332 0.453982
hs12 33333333 34722221 0.050710
hs12 34722222 36111110 0.000000
hs12 36111111 37499999 0.130108
hs12 37500000 38888887 0.540907
hs12 38888888 40277776 0.653873
hs12 40277777 41666665 0.296732
hs12 41666666 43055554 0.583547
hs12 43055555 44444443 0.549483
hs12 44444444 45833332 0.274794
hs12 45833333 47222221 0.292291
hs12 47222222 48611110 0.547986
hs12 48611111 49999998 0.748108
hs12 49999999 51388887 0.476259
hs12 51388888 52777776 0.488130
hs12 52777777 54166665 0.253770
hs12 54166666 55555554 0.534117
hs12 55555555 56944443 0.430475
hs12 56944444 58333332 0.034795
hs12 58333333 59722221 0.066444
hs12 59722222 61111110 0.453762
hs12 61111111 62499998 0.409486
hs12 62499999 63888887 0.569970
hs12 63888888 65277776 0.598033
hs12 65277777 66666665 0.101289
hs12 66666666 68055554 0.290773
hs12 68055555 69444443 0.502170
hs12 69444444 70833332 0.460089
hs12 70833333 72222221 0.297287
hs12 72222222 73611110 0.002645
hs12 73611111 74999999 0.269238
hs12 75000000 76388887 0.263688
hs12 76388888 77777776 0.274841
hs12 77777777 79166665 0.639594
hs12 79166666 80555554 0.768480
hs12 80555555 81944443 0.423581
hs12 81944444 83333332 0.077582
hs12 83333333 84722221 0.220043
hs12 84722222 86111110 0.648235
hs12 86111111 87499998 0.219116
hs12 87499999 88888887 0.134713
hs12 88888888 90277776 0.070745
hs12 90277777 91666665 0.029521
hs12 91666666 93055554 0.344634
hs12 93055555 94444443 0.545310
hs12 94444444 95833332 0.464538
hs12 95833333 97222221 0.077168
hs12 97222222 98611110 0.812474
hs12 98611111 99999998 0.733607
hs12 99999999 101388887 0.535750
hs12 101388888 102777776 0.396153
hs12 102777777 104166665 0.724401
hs12 104166666 105555554 0.308000
hs12 105555555 106944443 0.706921
hs12 106944444 108333332 0.558692
hs12 108333333 109722221 0.671732
hs12 109722222 111111110 0.742697
hs12 111111111 112499998 0.579494
hs12 112499999 113888887 0.157004
hs12 113888888 115277776 0.229467
hs12 115277777 116666665 0.608859
hs12 116666666 118055554 0.528535
hs12 118055555 119444443 0.649306
hs12 119444444 120833332 0.653849
hs12 120833333 122222221 0.760717
hs12 122222222 123611110 0.657449
hs12 123611111 124999998 0.413687
hs12 124999999 126388887 0.021820
hs12 126388888 127777776 0.317169
hs12 127777777 129166665 0.723322
hs12 129166666 130555554 0.322993
hs12 130555555 131944443 0.592446
hs12 131944444 133333332 0.139928
hs11 0 1388887 0.524300
hs11 1388888 2777776 0.761175
hs11 2777777 4166665 0.594052
hs11 4166666 5555554 0.077140
hs11 5555555 6944443 0.340723
hs11 6944444 8333332 0.481323
hs11 8333333 9722221 0.722884
hs11 9722222 11111110 0.569760
hs11 11111111 12499998 0.638443
hs11 12499999 13888887 0.383533
hs11 13888888 15277776 0.692245
hs11 15277777 16666665 0.367158
hs11 16666666 18055554 0.609813
hs11 18055555 19444443 0.489008
hs11 19444444 20833332 0.753314
hs11 20833333 22222221 0.555405
hs11 22222222 23611110 0.171454
hs11 23611111 24999998 0.377905
hs11 24999999 26388887 0.100367
hs11 26388888 27777776 0.585382
hs11 27777777 29166665 0.225317
hs11 29166666 30555554 0.157281
hs11 30555555 31944443 0.405747
hs11 31944444 33333332 0.445378
hs11 33333333 34722221 0.463746
hs11 34722222 36111110 0.581743
hs11 36111111 37499999 0.279654
hs11 37500000 38888887 0.000000
hs11 38888888 40277776 0.129537
hs11 40277777 41666665 0.000000
hs11 41666666 43055554 0.000000
hs11 43055555 44444443 0.444512
hs11 44444444 45833332 0.329108
hs11 45833333 47222221 0.800199
hs11 47222222 48611110 0.487709
hs11 48611111 49999998 0.227534
hs11 49999999 51388887 0.023129
hs11 51388888 52777776 0.000000
hs11 52777777 54166665 0.000000
hs11 54166666 55555554 0.031229
hs11 55555555 56944443 0.354889
hs11 56944444 58333332 0.419494
hs11 58333333 59722221 0.222018
hs11 59722222 61111110 0.516431
hs11 61111111 62499998 0.536532
hs11 62499999 63888887 0.653128
hs11 63888888 65277776 0.517011
hs11 65277777 66666665 0.615735
hs11 66666666 68055554 0.562544
hs11 68055555 69444443 0.264169
hs11 69444444 70833332 0.647598
hs11 70833333 72222221 0.522688
hs11 72222222 73611110 0.784943
hs11 73611111 74999999 0.560724
hs11 75000000 76388887 0.575350
hs11 76388888 77777776 0.751605
hs11 77777777 79166665 0.687602
hs11 79166666 80555554 0.000000
hs11 80555555 81944443 0.000000
hs11 81944444 83333332 0.575603
hs11 83333333 84722221 1.000000
hs11 84722222 86111110 0.699342
hs11 86111111 87499998 0.234295
hs11 87499999 88888887 0.692001
hs11 88888888 90277776 0.187646
hs11 90277777 91666665 0.000000
hs11 91666666 93055554 0.577108
hs11 93055555 94444443 0.433103
hs11 94444444 95833332 0.475907
hs11 95833333 97222221 0.000000
hs11 97222222 98611110 0.154102
hs11 98611111 99999998 0.807533
hs11 99999999 101388887 0.467711
hs11 101388888 102777776 0.531747
hs11 102777777 104166665 0.243184
hs11 104166666 105555554 0.378261
hs11 105555555 106944443 0.378558
hs11 106944444 108333332 0.717936
hs11 108333333 109722221 0.110018
hs11 109722222 111111110 0.334374
hs11 111111111 112499998 0.398033
hs11 112499999 113888887 0.514760
hs11 113888888 115277776 0.304322
hs11 115277777 116666665 0.317669
hs11 116666666 118055554 0.734254
hs11 118055555 119444443 0.339985
hs11 119444444 120833332 0.568115
hs11 120833333 122222221 0.329733
hs11 122222222 123611110 0.303414
hs11 123611111 124999998 0.498873
hs11 124999999 126388887 0.715580
hs11 126388888 127777776 0.000000
hs11 127777777 129166665 0.448338
hs11 129166666 130555554 0.351066
hs11 130555555 131944443 0.806909
hs11 131944444 133333332 0.730837
hs11 133333333 134722221 0.234414
hs22 0 1388887 0.000000
hs22 1388888 2777776 0.000000
hs22 2777777 4166665 0.000000
hs22 4166666 5555554 0.000000
hs22 5555555 6944443 0.000000
hs22 6944444 8333332 0.000000
hs22 8333333 9722221 0.000000
hs22 9722222 11111110 0.000000
hs22 11111111 12499998 0.000000
hs22 12499999 13888887 0.000000
hs22 13888888 15277776 0.023464
hs22 15277777 16666665 0.391779
hs22 16666666 18055554 0.554774
hs22 18055555 19444443 0.459833
hs22 19444444 20833332 0.494035
hs22 20833333 22222221 0.292723
hs22 22222222 23611110 0.728874
hs22 23611111 24999998 0.944271
hs22 24999999 26388887 0.304306
hs22 26388888 27777776 0.839555
hs22 27777777 29166665 0.672998
hs22 29166666 30555554 0.659408
hs22 30555555 31944443 0.684826
hs22 31944444 33333332 0.466096
hs22 33333333 34722221 0.334256
hs22 34722222 36111110 0.485113
hs22 36111111 37499999 0.675619
hs22 37500000 38888887 0.567251
hs22 38888888 40277776 0.717323
hs22 40277777 41666665 0.577215
hs22 41666666 43055554 0.788497
hs22 43055555 44444443 0.561525
hs22 44444444 45833332 0.753021
hs22 45833333 47222221 0.090420
hs22 47222222 48611110 0.260382
hs22 48611111 49999998 0.495634
hs10 0 1388887 0.682500
hs10 1388888 2777776 0.296054
hs10 2777777 4166665 0.081804
hs10 4166666 5555554 0.199578
hs10 5555555 6944443 0.418710
hs10 6944444 8333332 0.486007
hs10 8333333 9722221 0.000000
hs10 9722222 11111110 0.037115
hs10 11111111 12499998 0.646960
hs10 12499999 13888887 0.679450
hs10 13888888 15277776 0.744387
hs10 15277777 16666665 0.381226
hs10 16666666 18055554 0.782156
hs10 18055555 19444443 0.626221
hs10 19444444 20833332 0.333896
hs10 20833333 22222221 0.558923
hs10 22222222 23611110 0.370419
hs10 23611111 24999998 0.706278
hs10 24999999 26388887 0.555656
hs10 26388888 27777776 0.577093
hs10 27777777 29166665 0.446975
hs10 29166666 30555554 0.259462
hs10 30555555 31944443 0.357128
hs10 31944444 33333332 0.539916
hs10 33333333 34722221 0.317624
hs10 34722222 36111110 0.662562
hs10 36111111 37499999 0.032551
hs10 37500000 38888887 0.215839
hs10 38888888 40277776 0.000000
hs10 40277777 41666665 0.000000
hs10 41666666 43055554 0.246875
hs10 43055555 44444443 0.110391
hs10 44444444 45833332 0.354013
hs10 45833333 47222221 0.328627
hs10 47222222 48611110 0.246646
hs10 48611111 49999998 0.539443
hs10 49999999 51388887 0.628667
hs10 51388888 52777776 0.701140
hs10 52777777 54166665 0.687595
hs10 54166666 55555554 0.237123
hs10 55555555 56944443 0.486362
hs10 56944444 58333332 0.002763
hs10 58333333 59722221 0.066390
hs10 59722222 61111110 0.420119
hs10 61111111 62499998 0.474761
hs10 62499999 63888887 0.364578
hs10 63888888 65277776 0.467631
hs10 65277777 66666665 0.000973
hs10 66666666 68055554 0.508194
hs10 68055555 69444443 1.017716
hs10 69444444 70833332 0.749932
hs10 70833333 72222221 0.515906
hs10 72222222 73611110 0.628788
hs10 73611111 74999999 0.795568
hs10 75000000 76388887 0.767198
hs10 76388888 77777776 0.561358
hs10 77777777 79166665 0.703855
hs10 79166666 80555554 0.285942
hs10 80555555 81944443 0.292439
hs10 81944444 83333332 0.188760
hs10 83333333 84722221 0.789965
hs10 84722222 86111110 0.091529
hs10 86111111 87499998 0.221655
hs10 87499999 88888887 0.801325
hs10 88888888 90277776 0.556557
hs10 90277777 91666665 0.463842
hs10 91666666 93055554 0.163875
hs10 93055555 94444443 0.781008
hs10 94444444 95833332 0.508729
hs10 95833333 97222221 0.676762
hs10 97222222 98611110 0.688090
hs10 98611111 99999998 0.715235
hs10 99999999 101388887 0.699819
hs10 101388888 102777776 0.605334
hs10 102777777 104166665 0.636913
hs10 104166666 105555554 0.809415
hs10 105555555 106944443 0.742730
hs10 106944444 108333332 0.057933
hs10 108333333 109722221 0.418284
hs10 109722222 111111110 0.000000
hs10 111111111 112499998 0.314309
hs10 112499999 113888887 0.171859
hs10 113888888 115277776 0.551789
hs10 115277777 116666665 0.626965
hs10 116666666 118055554 0.800314
hs10 118055555 119444443 0.424504
hs10 119444444 120833332 0.263050
hs10 120833333 122222221 0.471871
hs10 122222222 123611110 0.298164
hs10 123611111 124999998 0.602227
hs10 124999999 126388887 0.348541
hs10 126388888 127777776 0.513915
hs10 127777777 129166665 0.722356
hs10 129166666 130555554 0.166120
hs10 130555555 131944443 0.339902
hs10 131944444 133333332 0.157918
hs10 133333333 134722221 0.409751
hs10 134722222 136111110 0.249322
hs7 0 1388887 0.425850
hs7 1388888 2777776 0.649150
hs7 2777777 4166665 0.770099
hs7 4166666 5555554 0.452023
hs7 5555555 6944443 0.676125
hs7 6944444 8333332 0.454159
hs7 8333333 9722221 0.230802
hs7 9722222 11111110 0.099423
hs7 11111111 12499998 0.450586
hs7 12499999 13888887 0.062716
hs7 13888888 15277776 0.624893
hs7 15277777 16666665 0.550405
hs7 16666666 18055554 0.223355
hs7 18055555 19444443 0.363220
hs7 19444444 20833332 0.273922
hs7 20833333 22222221 0.423670
hs7 22222222 23611110 0.457237
hs7 23611111 24999998 0.395938
hs7 24999999 26388887 0.141302
hs7 26388888 27777776 0.387963
hs7 27777777 29166665 0.785806
hs7 29166666 30555554 0.544433
hs7 30555555 31944443 0.423590
hs7 31944444 33333332 0.427857
hs7 33333333 34722221 0.687778
hs7 34722222 36111110 0.452884
hs7 36111111 37499999 0.780841
hs7 37500000 38888887 0.410200
hs7 38888888 40277776 0.686360
hs7 40277777 41666665 0.424156
hs7 41666666 43055554 0.287510
hs7 43055555 44444443 0.786095
hs7 44444444 45833332 0.425568
hs7 45833333 47222221 0.010324
hs7 47222222 48611110 0.702055
hs7 48611111 49999998 0.173327
hs7 49999999 51388887 0.655016
hs7 51388888 52777776 0.000000
hs7 52777777 54166665 0.000914
hs7 54166666 55555554 0.245874
hs7 55555555 56944443 0.235532
hs7 56944444 58333332 0.041846
hs7 58333333 59722221 0.000000
hs7 59722222 61111110 0.000000
hs7 61111111 62499998 0.015032
hs7 62499999 63888887 0.153061
hs7 63888888 65277776 0.363825
hs7 65277777 66666665 0.461599
hs7 66666666 68055554 0.000000
hs7 68055555 69444443 0.534675
hs7 69444444 70833332 0.743166
hs7 70833333 72222221 0.787680
hs7 72222222 73611110 0.537455
hs7 73611111 74999999 0.533054
hs7 75000000 76388887 0.528413
hs7 76388888 77777776 0.708540
hs7 77777777 79166665 0.831789
hs7 79166666 80555554 0.282060
hs7 80555555 81944443 0.404370
hs7 81944444 83333332 0.499779
hs7 83333333 84722221 0.261315
hs7 84722222 86111110 0.000000
hs7 86111111 87499998 0.867370
hs7 87499999 88888887 0.573077
hs7 88888888 90277776 0.189279
hs7 90277777 91666665 0.450469
hs7 91666666 93055554 0.632521
hs7 93055555 94444443 0.190256
hs7 94444444 95833332 0.723602
hs7 95833333 97222221 0.107906
hs7 97222222 98611110 0.418135
hs7 98611111 99999998 0.619158
hs7 99999999 101388887 0.539794
hs7 101388888 102777776 0.856989
hs7 102777777 104166665 0.807337
hs7 104166666 105555554 0.764978
hs7 105555555 106944443 0.397629
hs7 106944444 108333332 0.587839
hs7 108333333 109722221 0.000711
hs7 109722222 111111110 0.672255
hs7 111111111 112499998 0.594809
hs7 112499999 113888887 0.307227
hs7 113888888 115277776 0.235587
hs7 115277777 116666665 0.516364
hs7 116666666 118055554 0.360431
hs7 118055555 119444443 0.000000
hs7 119444444 120833332 0.679950
hs7 120833333 122222221 0.534278
hs7 122222222 123611110 0.337814
hs7 123611111 124999998 0.091561
hs7 124999999 126388887 0.376561
hs7 126388888 127777776 0.599198
hs7 127777777 129166665 0.567892
hs7 129166666 130555554 0.578347
hs7 130555555 131944443 0.589359
hs7 131944444 133333332 0.778840
hs7 133333333 134722221 0.554285
hs7 134722222 136111110 0.284790
hs7 136111111 137499999 0.641635
hs7 137500000 138888887 0.567989
hs7 138888888 140277776 0.738706
hs7 140277777 141666665 0.332478
hs7 141666666 143055554 0.169152
hs7 143055555 144444443 0.378660
hs7 144444444 145833332 0.280043
hs7 145833333 147222221 1.000076
hs7 147222222 148611110 0.651548
hs7 148611111 149999999 0.316061
hs7 150000000 151388887 0.652087
hs7 151388888 152777776 0.356671
hs7 152777777 154166665 0.684947
hs7 154166666 155555554 0.321006
hs7 155555555 156944443 0.354064
hs7 156944444 158333332 0.879170
hs7 158333333 159722221 0.161486
hs4 0 1388887 0.693319
hs4 1388888 2777776 0.589506
hs4 2777777 4166665 0.446484
hs4 4166666 5555554 0.517721
hs4 5555555 6944443 0.630778
hs4 6944444 8333332 0.836272
hs4 8333333 9722221 0.321676
hs4 9722222 11111110 0.178687
hs4 11111111 12499998 0.000000
hs4 12499999 13888887 0.133855
hs4 13888888 15277776 0.256512
hs4 15277777 16666665 0.522066
hs4 16666666 18055554 0.324341
hs4 18055555 19444443 0.000000
hs4 19444444 20833332 0.639077
hs4 20833333 22222221 0.622558
hs4 22222222 23611110 0.161787
hs4 23611111 24999998 0.304078
hs4 24999999 26388887 0.342542
hs4 26388888 27777776 0.118578
hs4 27777777 29166665 0.000000
hs4 29166666 30555554 0.161583
hs4 30555555 31944443 0.145416
hs4 31944444 33333332 0.000000
hs4 33333333 34722221 0.000000
hs4 34722222 36111110 0.174596
hs4 36111111 37499999 0.316482
hs4 37500000 38888887 0.489434
hs4 38888888 40277776 0.660986
hs4 40277777 41666665 0.644352
hs4 41666666 43055554 0.486269
hs4 43055555 44444443 0.252664
hs4 44444444 45833332 0.063574
hs4 45833333 47222221 0.603090
hs4 47222222 48611110 0.798212
hs4 48611111 49999998 0.054599
hs4 49999999 51388887 0.000000
hs4 51388888 52777776 0.116024
hs4 52777777 54166665 0.562578
hs4 54166666 55555554 0.151509
hs4 55555555 56944443 0.470174
hs4 56944444 58333332 0.246514
hs4 58333333 59722221 0.000000
hs4 59722222 61111110 0.000000
hs4 61111111 62499998 0.327288
hs4 62499999 63888887 0.086951
hs4 63888888 65277776 0.094316
hs4 65277777 66666665 0.252269
hs4 66666666 68055554 0.025180
hs4 68055555 69444443 0.454734
hs4 69444444 70833332 0.244038
hs4 70833333 72222221 0.362659
hs4 72222222 73611110 0.568254
hs4 73611111 74999999 0.256453
hs4 75000000 76388887 0.266706
hs4 76388888 77777776 0.632681
hs4 77777777 79166665 0.413632
hs4 79166666 80555554 0.513817
hs4 80555555 81944443 0.518054
hs4 81944444 83333332 0.250038
hs4 83333333 84722221 0.535878
hs4 84722222 86111110 0.286692
hs4 86111111 87499998 0.653993
hs4 87499999 88888887 0.583145
hs4 88888888 90277776 0.573823
hs4 90277777 91666665 0.458368
hs4 91666666 93055554 0.774976
hs4 93055555 94444443 0.719908
hs4 94444444 95833332 0.585823
hs4 95833333 97222221 0.563283
hs4 97222222 98611110 0.000000
hs4 98611111 99999998 0.687707
hs4 99999999 101388887 0.344700
hs4 101388888 102777776 0.321692
hs4 102777777 104166665 0.613757
hs4 104166666 105555554 0.213230
hs4 105555555 106944443 0.330479
hs4 106944444 108333332 0.387979
hs4 108333333 109722221 0.315495
hs4 109722222 111111110 0.727929
hs4 111111111 112499998 0.215456
hs4 112499999 113888887 0.258369
hs4 113888888 115277776 0.688383
hs4 115277777 116666665 0.262654
hs4 116666666 118055554 0.000032
hs4 118055555 119444443 0.180065
hs4 119444444 120833332 0.489831
hs4 120833333 122222221 0.196140
hs4 122222222 123611110 0.406729
hs4 123611111 124999998 0.529016
hs4 124999999 126388887 0.086150
hs4 126388888 127777776 0.127096
hs4 127777777 129166665 0.220365
hs4 129166666 130555554 0.337575
hs4 130555555 131944443 0.000000
hs4 131944444 133333332 0.000000
hs4 133333333 134722221 0.030430
hs4 134722222 136111110 0.003900
hs4 136111111 137499999 0.000000
hs4 137500000 138888887 0.009762
hs4 138888888 140277776 0.135264
hs4 140277777 141666665 0.600053
hs4 141666666 143055554 0.396513
hs4 143055555 144444443 0.615957
hs4 144444444 145833332 0.316112
hs4 145833333 147222221 0.413966
hs4 147222222 148611110 0.377860
hs4 148611111 149999999 0.599153
hs4 150000000 151388887 0.121938
hs4 151388888 152777776 0.804084
hs4 152777777 154166665 0.405757
hs4 154166666 155555554 0.496301
hs4 155555555 156944443 0.238566
hs4 156944444 158333332 0.282651
hs4 158333333 159722221 0.217716
hs4 159722222 161111110 0.358874
hs4 161111111 162499998 0.000000
hs4 162499999 163888887 0.561700
hs4 163888888 165277776 0.502952
hs4 165277777 166666665 0.411456
hs4 166666666 168055554 0.284422
hs4 168055555 169444443 0.361711
hs4 169444444 170833332 0.763911
hs4 170833333 172222221 0.103363
hs4 172222222 173611110 0.460773
hs4 173611111 174999998 0.560902
hs4 174999999 176388887 0.271518
hs4 176388888 177777776 0.504141
hs4 177777777 179166665 0.313942
hs4 179166666 180555554 0.000000
hs4 180555555 181944443 0.000000
hs4 181944444 183333332 0.004031
hs4 183333333 184722221 0.536543
hs4 184722222 186111110 0.418128
hs4 186111111 187499998 0.593764
hs4 187499999 188888887 0.113603
hs4 188888888 190277776 0.022545
hs4 190277777 191666665 0.064012
hs16 0 1388887 0.651962
hs16 1388888 2777776 0.812324
hs16 2777777 4166665 0.554505
hs16 4166666 5555554 0.528749
hs16 5555555 6944443 0.673425
hs16 6944444 8333332 0.546407
hs16 8333333 9722221 0.220852
hs16 9722222 11111110 0.653751
hs16 11111111 12499998 0.598052
hs16 12499999 13888887 0.402146
hs16 13888888 15277776 0.486228
hs16 15277777 16666665 0.593893
hs16 16666666 18055554 0.265362
hs16 18055555 19444443 0.414056
hs16 19444444 20833332 0.589515
hs16 20833333 22222221 0.641437
hs16 22222222 23611110 0.540975
hs16 23611111 24999998 0.581870
hs16 24999999 26388887 0.392886
hs16 26388888 27777776 0.399290
hs16 27777777 29166665 0.498445
hs16 29166666 30555554 0.500270
hs16 30555555 31944443 0.415495
hs16 31944444 33333332 0.022074
hs16 33333333 34722221 0.023422
hs16 34722222 36111110 0.000000
hs16 36111111 37499999 0.000000
hs16 37500000 38888887 0.000000
hs16 38888888 40277776 0.000000
hs16 40277777 41666665 0.000000
hs16 41666666 43055554 0.000000
hs16 43055555 44444443 0.000000
hs16 44444444 45833332 0.337183
hs16 45833333 47222221 0.573800
hs16 47222222 48611110 0.263394
hs16 48611111 49999998 0.306950
hs16 49999999 51388887 0.079055
hs16 51388888 52777776 0.616408
hs16 52777777 54166665 0.077347
hs16 54166666 55555554 0.541518
hs16 55555555 56944443 0.619422
hs16 56944444 58333332 0.161667
hs16 58333333 59722221 0.000756
hs16 59722222 61111110 0.275618
hs16 61111111 62499998 0.000000
hs16 62499999 63888887 0.135521
hs16 63888888 65277776 0.382900
hs16 65277777 66666665 0.771754
hs16 66666666 68055554 0.769672
hs16 68055555 69444443 0.764844
hs16 69444444 70833332 0.663134
hs16 70833333 72222221 0.199565
hs16 72222222 73611110 0.350319
hs16 73611111 74999999 0.409523
hs16 75000000 76388887 0.255321
hs16 76388888 77777776 0.920807
hs16 77777777 79166665 0.089424
hs16 79166666 80555554 0.788165
hs16 80555555 81944443 0.594400
hs16 81944444 83333332 0.697198
hs16 83333333 84722221 0.299794
hs16 84722222 86111110 0.151660
hs16 86111111 87499998 0.550464
hs16 87499999 88888887 0.619824
hs20 0 1388887 0.372235
hs20 1388888 2777776 0.417645
hs20 2777777 4166665 0.684021
hs20 4166666 5555554 0.305742
hs20 5555555 6944443 0.210868
hs20 6944444 8333332 0.265090
hs20 8333333 9722221 0.838126
hs20 9722222 11111110 0.294656
hs20 11111111 12499998 0.025753
hs20 12499999 13888887 0.504731
hs20 13888888 15277776 1.006298
hs20 15277777 16666665 0.729672
hs20 16666666 18055554 0.404572
hs20 18055555 19444443 0.560542
hs20 19444444 20833332 0.711994
hs20 20833333 22222221 0.160229
hs20 22222222 23611110 0.116753
hs20 23611111 24999998 0.221647
hs20 24999999 26388887 0.354213
hs20 26388888 27777776 0.000000
hs20 27777777 29166665 0.015934
hs20 29166666 30555554 0.537514
hs20 30555555 31944443 0.506002
hs20 31944444 33333332 0.655875
hs20 33333333 34722221 0.728456
hs20 34722222 36111110 0.651491
hs20 36111111 37499999 0.459000
hs20 37500000 38888887 0.002420
hs20 38888888 40277776 0.462365
hs20 40277777 41666665 0.754331
hs20 41666666 43055554 0.578262
hs20 43055555 44444443 0.518214
hs20 44444444 45833332 0.661672
hs20 45833333 47222221 0.327125
hs20 47222222 48611110 0.465034
hs20 48611111 49999998 0.451024
hs20 49999999 51388887 0.341698
hs20 51388888 52777776 0.360661
hs20 52777777 54166665 0.005413
hs20 54166666 55555554 0.272071
hs20 55555555 56944443 0.358572
hs20 56944444 58333332 0.384798
hs20 58333333 59722221 0.332114
hs20 59722222 61111110 0.598805
hs20 61111111 62499998 0.610666
hs13 0 1388887 0.000000
hs13 1388888 2777776 0.000000
hs13 2777777 4166665 0.000000
hs13 4166666 5555554 0.000000
hs13 5555555 6944443 0.000000
hs13 6944444 8333332 0.000000
hs13 8333333 9722221 0.000000
hs13 9722222 11111110 0.000000
hs13 11111111 12499998 0.000000
hs13 12499999 13888887 0.000000
hs13 13888888 15277776 0.000000
hs13 15277777 16666665 0.000000
hs13 16666666 18055554 0.000000
hs13 18055555 19444443 0.374360
hs13 19444444 20833332 0.513343
hs13 20833333 22222221 0.164063
hs13 22222222 23611110 0.376404
hs13 23611111 24999998 0.532755
hs13 24999999 26388887 0.573215
hs13 26388888 27777776 0.396611
hs13 27777777 29166665 0.573038
hs13 29166666 30555554 0.262364
hs13 30555555 31944443 0.546108
hs13 31944444 33333332 0.387683
hs13 33333333 34722221 0.297477
hs13 34722222 36111110 1.045220
hs13 36111111 37499999 0.353287
hs13 37500000 38888887 0.253539
hs13 38888888 40277776 0.456598
hs13 40277777 41666665 0.654492
hs13 41666666 43055554 0.505230
hs13 43055555 44444443 0.338150
hs13 44444444 45833332 0.543529
hs13 45833333 47222221 0.227390
hs13 47222222 48611110 0.387359
hs13 48611111 49999998 0.535109
hs13 49999999 51388887 0.493311
hs13 51388888 52777776 0.386230
hs13 52777777 54166665 0.000056
hs13 54166666 55555554 0.000000
hs13 55555555 56944443 0.054414
hs13 56944444 58333332 0.070040
hs13 58333333 59722221 0.358847
hs13 59722222 61111110 0.131948
hs13 61111111 62499998 0.000000
hs13 62499999 63888887 0.003697
hs13 63888888 65277776 0.000000
hs13 65277777 66666665 0.642023
hs13 66666666 68055554 0.025779
hs13 68055555 69444443 0.360189
hs13 69444444 70833332 0.121482
hs13 70833333 72222221 0.374125
hs13 72222222 73611110 0.528287
hs13 73611111 74999999 0.145961
hs13 75000000 76388887 0.224503
hs13 76388888 77777776 0.411200
hs13 77777777 79166665 0.441508
hs13 79166666 80555554 0.003583
hs13 80555555 81944443 0.000000
hs13 81944444 83333332 0.000000
hs13 83333333 84722221 0.302646
hs13 84722222 86111110 0.004725
hs13 86111111 87499998 0.005041
hs13 87499999 88888887 0.000000
hs13 88888888 90277776 0.000070
hs13 90277777 91666665 0.619640
hs13 91666666 93055554 0.741095
hs13 93055555 94444443 0.644668
hs13 94444444 95833332 0.832499
hs13 95833333 97222221 0.482900
hs13 97222222 98611110 0.624554
hs13 98611111 99999998 0.729144
hs13 99999999 101388887 0.658953
hs13 101388888 102777776 0.516853
hs13 102777777 104166665 0.000000
hs13 104166666 105555554 0.018122
hs13 105555555 106944443 0.284876
hs13 106944444 108333332 0.521286
hs13 108333333 109722221 0.346081
hs13 109722222 111111110 0.456462
hs13 111111111 112499998 0.223494
hs13 112499999 113888887 0.636970
hs13 113888888 115277776 0.073545
hs18 0 1388887 0.431031
hs18 1388888 2777776 0.151908
hs18 2777777 4166665 0.570060
hs18 4166666 5555554 0.159782
hs18 5555555 6944443 0.400260
hs18 6944444 8333332 0.677014
hs18 8333333 9722221 0.444451
hs18 9722222 11111110 0.497280
hs18 11111111 12499998 0.343314
hs18 12499999 13888887 0.738719
hs18 13888888 15277776 0.169462
hs18 15277777 16666665 0.008903
hs18 16666666 18055554 0.538875
hs18 18055555 19444443 0.352449
hs18 19444444 20833332 0.551066
hs18 20833333 22222221 0.421952
hs18 22222222 23611110 0.402427
hs18 23611111 24999998 0.163092
hs18 24999999 26388887 0.000037
hs18 26388888 27777776 0.335427
hs18 27777777 29166665 0.594987
hs18 29166666 30555554 0.631848
hs18 30555555 31944443 0.438435
hs18 31944444 33333332 0.945233
hs18 33333333 34722221 0.048000
hs18 34722222 36111110 0.392453
hs18 36111111 37499999 0.029035
hs18 37500000 38888887 0.315323
hs18 38888888 40277776 0.050780
hs18 40277777 41666665 0.354350
hs18 41666666 43055554 0.736855
hs18 43055555 44444443 0.170512
hs18 44444444 45833332 0.683065
hs18 45833333 47222221 0.424982
hs18 47222222 48611110 0.353212
hs18 48611111 49999998 0.554823
hs18 49999999 51388887 0.405504
hs18 51388888 52777776 0.260643
hs18 52777777 54166665 0.482086
hs18 54166666 55555554 0.560044
hs18 55555555 56944443 0.004167
hs18 56944444 58333332 0.335677
hs18 58333333 59722221 0.535110
hs18 59722222 61111110 0.085794
hs18 61111111 62499998 0.166022
hs18 62499999 63888887 0.007308
hs18 63888888 65277776 0.316714
hs18 65277777 66666665 0.523287
hs18 66666666 68055554 0.000000
hs18 68055555 69444443 0.092041
hs18 69444444 70833332 0.456317
hs18 70833333 72222221 0.148187
hs18 72222222 73611110 0.335326
hs18 73611111 74999999 0.063026
hs18 75000000 76388887 0.520734
hs3 0 1388887 0.354030
hs3 1388888 2777776 0.498184
hs3 2777777 4166665 0.315352
hs3 4166666 5555554 0.413082
hs3 5555555 6944443 0.047983
hs3 6944444 8333332 0.654677
hs3 8333333 9722221 0.645318
hs3 9722222 11111110 0.617906
hs3 11111111 12499998 0.700315
hs3 12499999 13888887 0.555591
hs3 13888888 15277776 0.598946
hs3 15277777 16666665 0.563248
hs3 16666666 18055554 0.569688
hs3 18055555 19444443 0.266697
hs3 19444444 20833332 0.268425
hs3 20833333 22222221 0.238527
hs3 22222222 23611110 0.279010
hs3 23611111 24999998 0.381843
hs3 24999999 26388887 0.224310
hs3 26388888 27777776 0.238836
hs3 27777777 29166665 0.172484
hs3 29166666 30555554 0.524941
hs3 30555555 31944443 0.450932
hs3 31944444 33333332 0.578083
hs3 33333333 34722221 0.299334
hs3 34722222 36111110 0.109603
hs3 36111111 37499999 0.498708
hs3 37500000 38888887 0.775952
hs3 38888888 40277776 0.531087
hs3 40277777 41666665 0.383960
hs3 41666666 43055554 0.606269
hs3 43055555 44444443 0.402737
hs3 44444444 45833332 0.573705
hs3 45833333 47222221 0.452938
hs3 47222222 48611110 0.753415
hs3 48611111 49999998 0.795012
hs3 49999999 51388887 0.854865
hs3 51388888 52777776 0.669577
hs3 52777777 54166665 0.672183
hs3 54166666 55555554 0.715792
hs3 55555555 56944443 0.907010
hs3 56944444 58333332 0.775498
hs3 58333333 59722221 0.336823
hs3 59722222 61111110 1.000000
hs3 61111111 62499998 0.715923
hs3 62499999 63888887 0.599510
hs3 63888888 65277776 0.282112
hs3 65277777 66666665 0.881241
hs3 66666666 68055554 0.221083
hs3 68055555 69444443 0.733064
hs3 69444444 70833332 0.217858
hs3 70833333 72222221 0.517459
hs3 72222222 73611110 0.306479
hs3 73611111 74999999 0.291078
hs3 75000000 76388887 0.046634
hs3 76388888 77777776 0.436172
hs3 77777777 79166665 0.316200
hs3 79166666 80555554 0.527820
hs3 80555555 81944443 0.195913
hs3 81944444 83333332 0.000000
hs3 83333333 84722221 0.000000
hs3 84722222 86111110 0.734608
hs3 86111111 87499998 0.139346
hs3 87499999 88888887 0.023054
hs3 88888888 90277776 0.269721
hs3 90277777 91666665 0.000000
hs3 91666666 93055554 0.000000
hs3 93055555 94444443 0.000000
hs3 94444444 95833332 0.186846
hs3 95833333 97222221 0.038205
hs3 97222222 98611110 0.428398
hs3 98611111 99999998 0.443953
hs3 99999999 101388887 0.651330
hs3 101388888 102777776 0.669061
hs3 102777777 104166665 0.202998
hs3 104166666 105555554 0.000000
hs3 105555555 106944443 0.212169
hs3 106944444 108333332 0.106657
hs3 108333333 109722221 0.642710
hs3 109722222 111111110 0.374316
hs3 111111111 112499998 0.044783
hs3 112499999 113888887 0.684441
hs3 113888888 115277776 0.637507
hs3 115277777 116666665 0.641558
hs3 116666666 118055554 0.539001
hs3 118055555 119444443 0.000000
hs3 119444444 120833332 0.430867
hs3 120833333 122222221 0.597963
hs3 122222222 123611110 0.813771
hs3 123611111 124999998 0.811342
hs3 124999999 126388887 0.828104
hs3 126388888 127777776 0.494780
hs3 127777777 129166665 0.471475
hs3 129166666 130555554 0.524966
hs3 130555555 131944443 0.599821
hs3 131944444 133333332 0.730253
hs3 133333333 134722221 0.670758
hs3 134722222 136111110 0.500274
hs3 136111111 137499999 0.452251
hs3 137500000 138888887 0.449238
hs3 138888888 140277776 0.458813
hs3 140277777 141666665 0.547497
hs3 141666666 143055554 0.447548
hs3 143055555 144444443 0.670064
hs3 144444444 145833332 0.434794
hs3 145833333 147222221 0.000000
hs3 147222222 148611110 0.205488
hs3 148611111 149999999 0.036878
hs3 150000000 151388887 0.495413
hs3 151388888 152777776 0.618969
hs3 152777777 154166665 0.194620
hs3 154166666 155555554 0.163544
hs3 155555555 156944443 0.290200
hs3 156944444 158333332 0.596233
hs3 158333333 159722221 0.535157
hs3 159722222 161111110 0.716993
hs3 161111111 162499998 0.458050
hs3 162499999 163888887 0.024789
hs3 163888888 165277776 0.000000
hs3 165277777 166666665 0.078885
hs3 166666666 168055554 0.046485
hs3 168055555 169444443 0.412964
hs3 169444444 170833332 0.813969
hs3 170833333 172222221 0.469904
hs3 172222222 173611110 0.712762
hs3 173611111 174999998 0.592910
hs3 174999999 176388887 0.585285
hs3 176388888 177777776 0.444409
hs3 177777777 179166665 0.127086
hs3 179166666 180555554 0.356603
hs3 180555555 181944443 0.433615
hs3 181944444 183333332 0.146801
hs3 183333333 184722221 0.428625
hs3 184722222 186111110 0.498056
hs3 186111111 187499998 0.665352
hs3 187499999 188888887 0.330643
hs3 188888888 190277776 0.552727
hs3 190277777 191666665 0.464689
hs3 191666666 193055554 0.233325
hs3 193055555 194444443 0.512688
hs3 194444444 195833332 0.390681
hs3 195833333 197222221 0.461263
hs3 197222222 198611110 0.600560
hs3 198611111 199999998 0.347591
hs9 0 1388887 0.522335
hs9 1388888 2777776 0.223150
hs9 2777777 4166665 0.501449
hs9 4166666 5555554 0.539263
hs9 5555555 6944443 0.557695
hs9 6944444 8333332 0.182593
hs9 8333333 9722221 1.000000
hs9 9722222 11111110 0.633961
hs9 11111111 12499998 0.000000
hs9 12499999 13888887 0.150908
hs9 13888888 15277776 0.458757
hs9 15277777 16666665 0.569763
hs9 16666666 18055554 0.562443
hs9 18055555 19444443 0.530245
hs9 19444444 20833332 0.528198
hs9 20833333 22222221 0.379074
hs9 22222222 23611110 0.004056
hs9 23611111 24999998 0.097891
hs9 24999999 26388887 0.001779
hs9 26388888 27777776 0.453198
hs9 27777777 29166665 0.555072
hs9 29166666 30555554 0.000000
hs9 30555555 31944443 0.000000
hs9 31944444 33333332 0.381434
hs9 33333333 34722221 0.697220
hs9 34722222 36111110 0.531078
hs9 36111111 37499999 0.560733
hs9 37500000 38888887 0.370762
hs9 38888888 40277776 0.195592
hs9 40277777 41666665 0.059910
hs9 41666666 43055554 0.145900
hs9 43055555 44444443 0.114335
hs9 44444444 45833332 0.001809
hs9 45833333 47222221 0.043775
hs9 47222222 48611110 0.000000
hs9 48611111 49999998 0.000000
hs9 49999999 51388887 0.000000
hs9 51388888 52777776 0.000000
hs9 52777777 54166665 0.000000
hs9 54166666 55555554 0.000000
hs9 55555555 56944443 0.000000
hs9 56944444 58333332 0.000000
hs9 58333333 59722221 0.000000
hs9 59722222 61111110 0.000000
hs9 61111111 62499998 0.000000
hs9 62499999 63888887 0.000000
hs9 63888888 65277776 0.019242
hs9 65277777 66666665 0.008238
hs9 66666666 68055554 0.090081
hs9 68055555 69444443 0.138200
hs9 69444444 70833332 0.487432
hs9 70833333 72222221 0.688650
hs9 72222222 73611110 0.483970
hs9 73611111 74999999 0.447908
hs9 75000000 76388887 0.062508
hs9 76388888 77777776 0.351742
hs9 77777777 79166665 0.576981
hs9 79166666 80555554 0.472134
hs9 80555555 81944443 0.111442
hs9 81944444 83333332 0.000000
hs9 83333333 84722221 0.094422
hs9 84722222 86111110 0.494609
hs9 86111111 87499998 0.407441
hs9 87499999 88888887 0.282563
hs9 88888888 90277776 0.255139
hs9 90277777 91666665 0.347691
hs9 91666666 93055554 0.122015
hs9 93055555 94444443 0.711114
hs9 94444444 95833332 0.489384
hs9 95833333 97222221 0.627173
hs9 97222222 98611110 0.432175
hs9 98611111 99999998 0.562097
hs9 99999999 101388887 0.557707
hs9 101388888 102777776 0.448950
hs9 102777777 104166665 0.410856
hs9 104166666 105555554 0.016689
hs9 105555555 106944443 0.164053
hs9 106944444 108333332 0.296701
hs9 108333333 109722221 0.145630
hs9 109722222 111111110 0.301710
hs9 111111111 112499998 0.907296
hs9 112499999 113888887 0.536301
hs9 113888888 115277776 0.675343
hs9 115277777 116666665 0.515882
hs9 116666666 118055554 0.376314
hs9 118055555 119444443 0.830030
hs9 119444444 120833332 0.009580
hs9 120833333 122222221 0.168596
hs9 122222222 123611110 0.839202
hs9 123611111 124999998 0.716964
hs9 124999999 126388887 0.679980
hs9 126388888 127777776 0.849229
hs9 127777777 129166665 0.553752
hs9 129166666 130555554 0.723514
hs9 130555555 131944443 0.545607
hs9 131944444 133333332 0.516634
hs9 133333333 134722221 0.752440
hs9 134722222 136111110 0.593684
hs9 136111111 137499999 0.272290
hs9 137500000 138888887 0.532727
hs9 138888888 140277776 0.769776
hs15 0 1388887 0.000000
hs15 1388888 2777776 0.000000
hs15 2777777 4166665 0.000000
hs15 4166666 5555554 0.000000
hs15 5555555 6944443 0.000000
hs15 6944444 8333332 0.000000
hs15 8333333 9722221 0.000000
hs15 9722222 11111110 0.000000
hs15 11111111 12499998 0.000000
hs15 12499999 13888887 0.000000
hs15 13888888 15277776 0.000000
hs15 15277777 16666665 0.000000
hs15 16666666 18055554 0.000000
hs15 18055555 19444443 0.118654
hs15 19444444 20833332 0.267906
hs15 20833333 22222221 0.088840
hs15 22222222 23611110 0.363088
hs15 23611111 24999998 0.427347
hs15 24999999 26388887 0.744146
hs15 26388888 27777776 0.500839
hs15 27777777 29166665 0.362826
hs15 29166666 30555554 0.311872
hs15 30555555 31944443 0.685863
hs15 31944444 33333332 0.536420
hs15 33333333 34722221 0.171616
hs15 34722222 36111110 0.313529
hs15 36111111 37499999 0.158005
hs15 37500000 38888887 0.621228
hs15 38888888 40277776 0.689687
hs15 40277777 41666665 0.875249
hs15 41666666 43055554 0.657883
hs15 43055555 44444443 0.281925
hs15 44444444 45833332 0.351812
hs15 45833333 47222221 0.525453
hs15 47222222 48611110 0.793986
hs15 48611111 49999998 0.675824
hs15 49999999 51388887 0.454776
hs15 51388888 52777776 0.620374
hs15 52777777 54166665 0.448796
hs15 54166666 55555554 0.635171
hs15 55555555 56944443 0.540054
hs15 56944444 58333332 0.405775
hs15 58333333 59722221 0.613004
hs15 59722222 61111110 0.301626
hs15 61111111 62499998 0.720968
hs15 62499999 63888887 0.688397
hs15 63888888 65277776 0.596107
hs15 65277777 66666665 0.650508
hs15 66666666 68055554 0.445440
hs15 68055555 69444443 0.416714
hs15 69444444 70833332 0.803818
hs15 70833333 72222221 0.497298
hs15 72222222 73611110 0.531578
hs15 73611111 74999999 0.776234
hs15 75000000 76388887 0.435177
hs15 76388888 77777776 0.347016
hs15 77777777 79166665 0.464351
hs15 79166666 80555554 0.350419
hs15 80555555 81944443 0.589884
hs15 81944444 83333332 0.637579
hs15 83333333 84722221 0.569127
hs15 84722222 86111110 0.470754
hs15 86111111 87499998 0.455887
hs15 87499999 88888887 0.570845
hs15 88888888 90277776 0.439866
hs15 90277777 91666665 0.402805
hs15 91666666 93055554 0.133741
hs15 93055555 94444443 0.053823
hs15 94444444 95833332 0.011917
hs15 95833333 97222221 0.312561
hs15 97222222 98611110 0.631089
hs15 98611111 99999998 0.570180
hs15 99999999 101388887 0.074997
hs5 0 1388887 0.535081
hs5 1388888 2777776 0.147444
hs5 2777777 4166665 0.010146
hs5 4166666 5555554 0.203863
hs5 5555555 6944443 0.141251
hs5 6944444 8333332 0.356741
hs5 8333333 9722221 0.389043
hs5 9722222 11111110 0.483461
hs5 11111111 12499998 0.609120
hs5 12499999 13888887 0.270562
hs5 13888888 15277776 0.511754
hs5 15277777 16666665 0.508903
hs5 16666666 18055554 0.305579
hs5 18055555 19444443 0.000000
hs5 19444444 20833332 0.370943
hs5 20833333 22222221 0.414219
hs5 22222222 23611110 0.495541
hs5 23611111 24999998 0.113546
hs5 24999999 26388887 0.000000
hs5 26388888 27777776 0.113747
hs5 27777777 29166665 0.000000
hs5 29166666 30555554 0.000000
hs5 30555555 31944443 0.284815
hs5 31944444 33333332 0.378287
hs5 33333333 34722221 0.368101
hs5 34722222 36111110 0.584875
hs5 36111111 37499999 0.548258
hs5 37500000 38888887 0.466005
hs5 38888888 40277776 0.336413
hs5 40277777 41666665 0.421084
hs5 41666666 43055554 0.381442
hs5 43055555 44444443 0.351321
hs5 44444444 45833332 0.319292
hs5 45833333 47222221 0.000000
hs5 47222222 48611110 0.000000
hs5 48611111 49999998 0.034353
hs5 49999999 51388887 0.136599
hs5 51388888 52777776 0.213978
hs5 52777777 54166665 0.420120
hs5 54166666 55555554 0.568914
hs5 55555555 56944443 0.167614
hs5 56944444 58333332 0.224742
hs5 58333333 59722221 1.000000
hs5 59722222 61111110 0.662186
hs5 61111111 62499998 0.227616
hs5 62499999 63888887 0.186464
hs5 63888888 65277776 0.752962
hs5 65277777 66666665 0.546641
hs5 66666666 68055554 0.054136
hs5 68055555 69444443 0.981372
hs5 69444444 70833332 0.870489
hs5 70833333 72222221 0.374080
hs5 72222222 73611110 0.378963
hs5 73611111 74999999 0.447010
hs5 75000000 76388887 0.539903
hs5 76388888 77777776 0.597694
hs5 77777777 79166665 0.673929
hs5 79166666 80555554 0.623586
hs5 80555555 81944443 0.535459
hs5 81944444 83333332 0.398857
hs5 83333333 84722221 0.275785
hs5 84722222 86111110 0.012890
hs5 86111111 87499998 0.102485
hs5 87499999 88888887 0.290569
hs5 88888888 90277776 0.341061
hs5 90277777 91666665 0.196554
hs5 91666666 93055554 0.186586
hs5 93055555 94444443 0.965022
hs5 94444444 95833332 0.460622
hs5 95833333 97222221 0.266936
hs5 97222222 98611110 0.070942
hs5 98611111 99999998 0.043249
hs5 99999999 101388887 0.069371
hs5 101388888 102777776 0.347493
hs5 102777777 104166665 0.010034
hs5 104166666 105555554 0.000450
hs5 105555555 106944443 0.146848
hs5 106944444 108333332 0.601218
hs5 108333333 109722221 0.467787
hs5 109722222 111111110 0.481442
hs5 111111111 112499998 0.604401
hs5 112499999 113888887 0.410893
hs5 113888888 115277776 0.247294
hs5 115277777 116666665 0.291388
hs5 116666666 118055554 0.000000
hs5 118055555 119444443 0.397030
hs5 119444444 120833332 0.160522
hs5 120833333 122222221 0.235390
hs5 122222222 123611110 0.321274
hs5 123611111 124999998 0.077902
hs5 124999999 126388887 0.311546
hs5 126388888 127777776 0.415891
hs5 127777777 129166665 0.352468
hs5 129166666 130555554 0.222468
hs5 130555555 131944443 0.566794
hs5 131944444 133333332 0.557263
hs5 133333333 134722221 0.463823
hs5 134722222 136111110 0.276951
hs5 136111111 137499999 0.612063
hs5 137500000 138888887 0.659010
hs5 138888888 140277776 1.417964
hs5 140277777 141666665 3.112747
hs5 141666666 143055554 0.530206
hs5 143055555 144444443 0.235888
hs5 144444444 145833332 0.302023
hs5 145833333 147222221 0.678173
hs5 147222222 148611110 0.423897
hs5 148611111 149999999 0.651969
hs5 150000000 151388887 0.482510
hs5 151388888 152777776 0.009893
hs5 152777777 154166665 0.526844
hs5 154166666 155555554 0.104097
hs5 155555555 156944443 0.626438
hs5 156944444 158333332 0.293396
hs5 158333333 159722221 0.437965
hs5 159722222 161111110 0.440637
hs5 161111111 162499998 0.101282
hs5 162499999 163888887 0.044308
hs5 163888888 165277776 0.000000
hs5 165277777 166666665 0.016017
hs5 166666666 168055554 0.882167
hs5 168055555 169444443 0.856560
hs5 169444444 170833332 0.717569
hs5 170833333 172222221 0.416026
hs5 172222222 173611110 0.320108
hs5 173611111 174999998 0.043148
hs5 174999999 176388887 0.498069
hs5 176388888 177777776 0.588443
hs5 177777777 179166665 0.545630
hs5 179166666 180555554 0.505362
hs5 180555555 181944443 0.036342
hsY 0 1388887 0.124492
hsY 1388888 2777776 0.487135
hsY 2777777 4166665 0.047243
hsY 4166666 5555554 0.451648
hsY 5555555 6944443 0.251811
hsY 6944444 8333332 0.137166
hsY 8333333 9722221 0.381255
hsY 9722222 11111110 0.299402
hsY 11111111 12499998 0.000000
hsY 12499999 13888887 0.173194
hsY 13888888 15277776 0.253706
hsY 15277777 16666665 0.134976
hsY 16666666 18055554 0.000000
hsY 18055555 19444443 0.216639
hsY 19444444 20833332 0.187700
hsY 20833333 22222221 0.154367
hsY 22222222 23611110 0.312513
hsY 23611111 24999998 0.279059
hsY 24999999 26388887 0.393749
hsY 26388888 27777776 0.000000
hsY 27777777 29166665 0.000000
hsY 29166666 30555554 0.000000
hsY 30555555 31944443 0.000000
hsY 31944444 33333332 0.000000
hsY 33333333 34722221 0.000000
hsY 34722222 36111110 0.000000
hsY 36111111 37499999 0.000000
hsY 37500000 38888887 0.000000
hsY 38888888 40277776 0.000000
hsY 40277777 41666665 0.000000
hsY 41666666 43055554 0.000000
hsY 43055555 44444443 0.000000
hsY 44444444 45833332 0.000000
hsY 45833333 47222221 0.000000
hsY 47222222 48611110 0.000000
hsY 48611111 49999998 0.000000
hsY 49999999 51388887 0.000000
hsY 51388888 52777776 0.000000
hsY 52777777 54166665 0.000000
hsY 54166666 55555554 0.000000
hsY 55555555 56944443 0.000000
hsY 56944444 58333332 0.065086
hs1 0 1388887 0.293466
hs1 1388888 2777776 0.654228
hs1 2777777 4166665 0.564911
hs1 4166666 5555554 0.101796
hs1 5555555 6944443 0.658894
hs1 6944444 8333332 0.693716
hs1 8333333 9722221 0.636489
hs1 9722222 11111110 0.750853
hs1 11111111 12499998 0.618917
hs1 12499999 13888887 0.236791
hs1 13888888 15277776 0.435468
hs1 15277777 16666665 0.730426
hs1 16666666 18055554 0.523418
hs1 18055555 19444443 0.475321
hs1 19444444 20833332 0.424027
hs1 20833333 22222221 0.777301
hs1 22222222 23611110 0.462660
hs1 23611111 24999998 0.495852
hs1 24999999 26388887 0.524354
hs1 26388888 27777776 0.539145
hs1 27777777 29166665 0.671078
hs1 29166666 30555554 0.230180
hs1 30555555 31944443 0.360503
hs1 31944444 33333332 0.563605
hs1 33333333 34722221 0.640848
hs1 34722222 36111110 0.424248
hs1 36111111 37499999 0.477940
hs1 37500000 38888887 0.284844
hs1 38888888 40277776 0.565160
hs1 40277777 41666665 0.530773
hs1 41666666 43055554 0.616393
hs1 43055555 44444443 0.507893
hs1 44444444 45833332 0.787611
hs1 45833333 47222221 0.629618
hs1 47222222 48611110 0.294175
hs1 48611111 49999998 0.991596
hs1 49999999 51388887 0.714804
hs1 51388888 52777776 0.759473
hs1 52777777 54166665 0.668615
hs1 54166666 55555554 0.612009
hs1 55555555 56944443 0.104899
hs1 56944444 58333332 0.941381
hs1 58333333 59722221 0.337652
hs1 59722222 61111110 0.329108
hs1 61111111 62499998 0.643995
hs1 62499999 63888887 0.474317
hs1 63888888 65277776 0.647181
hs1 65277777 66666665 0.752823
hs1 66666666 68055554 0.599628
hs1 68055555 69444443 0.143507
hs1 69444444 70833332 0.438306
hs1 70833333 72222221 0.571915
hs1 72222222 73611110 0.215024
hs1 73611111 74999999 0.496553
hs1 75000000 76388887 0.504884
hs1 76388888 77777776 0.766683
hs1 77777777 79166665 0.547128
hs1 79166666 80555554 0.056461
hs1 80555555 81944443 0.000000
hs1 81944444 83333332 0.138259
hs1 83333333 84722221 0.285681
hs1 84722222 86111110 0.676846
hs1 86111111 87499998 0.563180
hs1 87499999 88888887 0.014727
hs1 88888888 90277776 0.530636
hs1 90277777 91666665 0.184419
hs1 91666666 93055554 0.639971
hs1 93055555 94444443 0.546830
hs1 94444444 95833332 0.311850
hs1 95833333 97222221 0.067267
hs1 97222222 98611110 0.607262
hs1 98611111 99999998 0.259618
hs1 99999999 101388887 0.502230
hs1 101388888 102777776 0.159964
hs1 102777777 104166665 0.292124
hs1 104166666 105555554 0.249617
hs1 105555555 106944443 0.000000
hs1 106944444 108333332 0.531544
hs1 108333333 109722221 0.545303
hs1 109722222 111111110 0.318979
hs1 111111111 112499998 0.477856
hs1 112499999 113888887 0.405192
hs1 113888888 115277776 0.605685
hs1 115277777 116666665 0.293001
hs1 116666666 118055554 0.459705
hs1 118055555 119444443 0.362905
hs1 119444444 120833332 0.278635
hs1 120833333 122222221 0.038000
hs1 122222222 123611110 0.000000
hs1 123611111 124999998 0.000000
hs1 124999999 126388887 0.000000
hs1 126388888 127777776 0.000000
hs1 127777777 129166665 0.000000
hs1 129166666 130555554 0.000000
hs1 130555555 131944443 0.000000
hs1 131944444 133333332 0.000000
hs1 133333333 134722221 0.000000
hs1 134722222 136111110 0.000000
hs1 136111111 137499999 0.000000
hs1 137500000 138888887 0.000000
hs1 138888888 140277776 0.000000
hs1 140277777 141666665 0.000000
hs1 141666666 143055554 0.116145
hs1 143055555 144444443 0.645710
hs1 144444444 145833332 0.349240
hs1 145833333 147222221 0.273471
hs1 147222222 148611110 0.283433
hs1 148611111 149999999 0.674133
hs1 150000000 151388887 0.178763
hs1 151388888 152777776 0.564746
hs1 152777777 154166665 0.721100
hs1 154166666 155555554 0.563350
hs1 155555555 156944443 0.262621
hs1 156944444 158333332 0.249805
hs1 158333333 159722221 0.545885
hs1 159722222 161111110 0.654603
hs1 161111111 162499998 0.074092
hs1 162499999 163888887 0.459334
hs1 163888888 165277776 0.292735
hs1 165277777 166666665 0.650887
hs1 166666666 168055554 0.409029
hs1 168055555 169444443 0.405391
hs1 169444444 170833332 0.678017
hs1 170833333 172222221 0.326637
hs1 172222222 173611110 0.718330
hs1 173611111 174999998 0.670957
hs1 174999999 176388887 0.429212
hs1 176388888 177777776 0.714332
hs1 177777777 179166665 0.737031
hs1 179166666 180555554 0.298118
hs1 180555555 181944443 0.623795
hs1 181944444 183333332 0.638196
hs1 183333333 184722221 0.577426
hs1 184722222 186111110 0.121463
hs1 186111111 187499998 0.000000
hs1 187499999 188888887 0.273574
hs1 188888888 190277776 0.000000
hs1 190277777 191666665 0.241736
hs1 191666666 193055554 0.000000
hs1 193055555 194444443 0.000000
hs1 194444444 195833332 0.736527
hs1 195833333 197222221 0.361559
hs1 197222222 198611110 0.108555
hs1 198611111 199999998 0.489276
hs1 199999999 201388887 0.734031
hs1 201388888 202777776 0.468536
hs1 202777777 204166665 0.545785
hs1 204166666 205555554 0.449829
hs1 205555555 206944443 0.427707
hs1 206944444 208333332 0.254137
hs1 208333333 209722221 0.754952
hs1 209722222 211111110 0.440865
hs1 211111111 212499998 0.259575
hs1 212499999 213888887 0.590569
hs1 213888888 215277776 0.942510
hs1 215277777 216666665 0.482157
hs1 216666666 218055554 0.040992
hs1 218055555 219444443 0.373904
hs1 219444444 220833332 0.075242
hs1 220833333 222222221 0.478050
hs1 222222222 223611110 0.562045
hs1 223611111 224999998 0.506102
hs1 224999999 226388887 0.496504
hs1 226388888 227777776 0.306760
hs1 227777777 229166665 0.393530
hs1 229166666 230555554 0.879861
hs1 230555555 231944443 0.416384
hs1 231944444 233333332 0.376559
hs1 233333333 234722221 0.711370
hs1 234722222 236111110 0.779308
hs1 236111111 237499998 0.043913
hs1 237499999 238888887 0.566095
hs1 238888888 240277776 0.659949
hs1 240277777 241666665 0.570862
hs1 241666666 243055554 0.532542
hs1 243055555 244444443 0.863235
hs1 244444444 245833332 0.541773
hs1 245833333 247222221 0.194489
hs19 0 1388887 0.552121
hs19 1388888 2777776 0.676003
hs19 2777777 4166665 0.677568
hs19 4166666 5555554 0.595025
hs19 5555555 6944443 0.653239
hs19 6944444 8333332 0.544053
hs19 8333333 9722221 0.425817
hs19 9722222 11111110 0.706362
hs19 11111111 12499998 0.526803
hs19 12499999 13888887 0.625296
hs19 13888888 15277776 0.494094
hs19 15277777 16666665 0.526241
hs19 16666666 18055554 0.722763
hs19 18055555 19444443 0.784383
hs19 19444444 20833332 0.374635
hs19 20833333 22222221 0.333717
hs19 22222222 23611110 0.083629
hs19 23611111 24999998 0.117396
hs19 24999999 26388887 0.000000
hs19 26388888 27777776 0.000000
hs19 27777777 29166665 0.000000
hs19 29166666 30555554 0.000000
hs19 30555555 31944443 0.000000
hs19 31944444 33333332 0.002483
hs19 33333333 34722221 0.016474
hs19 34722222 36111110 0.240269
hs19 36111111 37499999 0.053906
hs19 37500000 38888887 0.635961
hs19 38888888 40277776 0.376383
hs19 40277777 41666665 0.485399
hs19 41666666 43055554 0.555915
hs19 43055555 44444443 0.729125
hs19 44444444 45833332 0.533951
hs19 45833333 47222221 0.460056
hs19 47222222 48611110 0.374788
hs19 48611111 49999998 0.514367
hs19 49999999 51388887 0.579370
hs19 51388888 52777776 0.504817
hs19 52777777 54166665 0.695667
hs19 54166666 55555554 0.699793
hs19 55555555 56944443 0.438006
hs19 56944444 58333332 0.601194
hs19 58333333 59722221 0.466935
hs19 59722222 61111110 0.640156
hs19 61111111 62499998 0.425178
hs19 62499999 63888887 0.479045
hs2 0 1388887 0.359405
hs2 1388888 2777776 0.570198
hs2 2777777 4166665 0.304752
hs2 4166666 5555554 0.000000
hs2 5555555 6944443 0.064220
hs2 6944444 8333332 0.138635
hs2 8333333 9722221 0.469416
hs2 9722222 11111110 0.434089
hs2 11111111 12499998 0.304867
hs2 12499999 13888887 0.018621
hs2 13888888 15277776 0.043670
hs2 15277777 16666665 0.332147
hs2 16666666 18055554 0.247618
hs2 18055555 19444443 0.028658
hs2 19444444 20833332 0.254863
hs2 20833333 22222221 0.068848
hs2 22222222 23611110 0.107502
hs2 23611111 24999998 0.733880
hs2 24999999 26388887 0.704634
hs2 26388888 27777776 0.729051
hs2 27777777 29166665 0.709244
hs2 29166666 30555554 0.627300
hs2 30555555 31944443 0.499419
hs2 31944444 33333332 0.915667
hs2 33333333 34722221 0.209460
hs2 34722222 36111110 0.000000
hs2 36111111 37499999 0.580721
hs2 37500000 38888887 0.318984
hs2 38888888 40277776 0.496728
hs2 40277777 41666665 0.227018
hs2 41666666 43055554 0.291221
hs2 43055555 44444443 0.627689
hs2 44444444 45833332 0.533226
hs2 45833333 47222221 0.682874
hs2 47222222 48611110 0.316686
hs2 48611111 49999998 0.364602
hs2 49999999 51388887 0.801490
hs2 51388888 52777776 0.000000
hs2 52777777 54166665 0.331431
hs2 54166666 55555554 0.716950
hs2 55555555 56944443 0.298631
hs2 56944444 58333332 0.140736
hs2 58333333 59722221 0.000000
hs2 59722222 61111110 0.199506
hs2 61111111 62499998 0.558809
hs2 62499999 63888887 0.630929
hs2 63888888 65277776 0.314385
hs2 65277777 66666665 0.217866
hs2 66666666 68055554 0.009427
hs2 68055555 69444443 0.524019
hs2 69444444 70833332 0.539176
hs2 70833333 72222221 0.413891
hs2 72222222 73611110 0.758174
hs2 73611111 74999999 0.597555
hs2 75000000 76388887 0.219784
hs2 76388888 77777776 0.557745
hs2 77777777 79166665 0.002835
hs2 79166666 80555554 0.702075
hs2 80555555 81944443 0.125239
hs2 81944444 83333332 0.000697
hs2 83333333 84722221 0.117068
hs2 84722222 86111110 0.555133
hs2 86111111 87499998 0.594472
hs2 87499999 88888887 0.477164
hs2 88888888 90277776 0.000000
hs2 90277777 91666665 0.022602
hs2 91666666 93055554 0.000000
hs2 93055555 94444443 0.000000
hs2 94444444 95833332 0.235303
hs2 95833333 97222221 0.456805
hs2 97222222 98611110 0.627343
hs2 98611111 99999998 0.805280
hs2 99999999 101388887 0.478097
hs2 101388888 102777776 0.500793
hs2 102777777 104166665 0.016412
hs2 104166666 105555554 0.210318
hs2 105555555 106944443 0.300244
hs2 106944444 108333332 0.097606
hs2 108333333 109722221 0.713902
hs2 109722222 111111110 0.598658
hs2 111111111 112499998 0.607680
hs2 112499999 113888887 0.460207
hs2 113888888 115277776 0.422423
hs2 115277777 116666665 0.749533
hs2 116666666 118055554 0.000000
hs2 118055555 119444443 0.123872
hs2 119444444 120833332 0.560628
hs2 120833333 122222221 0.423222
hs2 122222222 123611110 0.008862
hs2 123611111 124999998 0.360480
hs2 124999999 126388887 0.280321
hs2 126388888 127777776 0.114224
hs2 127777777 129166665 0.457775
hs2 129166666 130555554 0.034303
hs2 130555555 131944443 0.356997
hs2 131944444 133333332 0.472499
hs2 133333333 134722221 0.510602
hs2 134722222 136111110 0.849557
hs2 136111111 137499999 0.241725
hs2 137500000 138888887 0.506798
hs2 138888888 140277776 0.132762
hs2 140277777 141666665 0.692065
hs2 141666666 143055554 0.676134
hs2 143055555 144444443 0.596238
hs2 144444444 145833332 0.358652
hs2 145833333 147222221 0.097960
hs2 147222222 148611110 0.208291
hs2 148611111 149999999 0.750744
hs2 150000000 151388887 0.054749
hs2 151388888 152777776 0.522153
hs2 152777777 154166665 0.306207
hs2 154166666 155555554 0.532791
hs2 155555555 156944443 0.006008
hs2 156944444 158333332 0.271637
hs2 158333333 159722221 0.696691
hs2 159722222 161111110 0.757385
hs2 161111111 162499998 0.376217
hs2 162499999 163888887 0.541477
hs2 163888888 165277776 0.205809
hs2 165277777 166666665 0.637713
hs2 166666666 168055554 0.445697
hs2 168055555 169444443 0.541211
hs2 169444444 170833332 0.735182
hs2 170833333 172222221 0.661122
hs2 172222222 173611110 0.552321
hs2 173611111 174999998 0.387237
hs2 174999999 176388887 0.362323
hs2 176388888 177777776 0.127058
hs2 177777777 179166665 0.983602
hs2 179166666 180555554 0.695334
hs2 180555555 181944443 0.077408
hs2 181944444 183333332 0.576512
hs2 183333333 184722221 0.161315
hs2 184722222 186111110 0.245609
hs2 186111111 187499998 0.216089
hs2 187499999 188888887 0.157528
hs2 188888888 190277776 0.443068
hs2 190277777 191666665 0.533825
hs2 191666666 193055554 0.364207
hs2 193055555 194444443 0.019480
hs2 194444444 195833332 0.000000
hs2 195833333 197222221 0.614174
hs2 197222222 198611110 0.677545
hs2 198611111 199999998 0.193876
hs2 199999999 201388887 0.392383
hs2 201388888 202777776 0.667317
hs2 202777777 204166665 0.775243
hs2 204166666 205555554 0.359394
hs2 205555555 206944443 0.694522
hs2 206944444 208333332 0.401710
hs2 208333333 209722221 0.321067
hs2 209722222 211111110 0.630323
hs2 211111111 212499998 0.500101
hs2 212499999 213888887 0.572508
hs2 213888888 215277776 0.906319
hs2 215277777 216666665 0.379995
hs2 216666666 218055554 0.393985
hs2 218055555 219444443 0.718507
hs2 219444444 220833332 0.331789
hs2 220833333 222222221 0.111071
hs2 222222222 223611110 0.320914
hs2 223611111 224999998 0.186556
hs2 224999999 226388887 0.465049
hs2 226388888 227777776 0.311638
hs2 227777777 229166665 0.403683
hs2 229166666 230555554 0.589784
hs2 230555555 231944443 0.617697
hs2 231944444 233333332 0.490236
hs2 233333333 234722221 1.136739
hs2 234722222 236111110 0.108992
hs2 236111111 237499998 0.615951
hs2 237499999 238888887 0.496210
hs2 238888888 240277776 0.331583
hs2 240277777 241666665 0.336618
hs2 241666666 243055554 0.529631
hs8 0 1388887 0.161163
hs8 1388888 2777776 0.358540
hs8 2777777 4166665 0.998196
hs8 4166666 5555554 0.484611
hs8 5555555 6944443 0.296376
hs8 6944444 8333332 0.289241
hs8 8333333 9722221 0.275465
hs8 9722222 11111110 0.615199
hs8 11111111 12499998 0.402409
hs8 12499999 13888887 0.429147
hs8 13888888 15277776 0.826916
hs8 15277777 16666665 0.222611
hs8 16666666 18055554 0.590337
hs8 18055555 19444443 0.554922
hs8 19444444 20833332 0.197959
hs8 20833333 22222221 0.286314
hs8 22222222 23611110 0.658076
hs8 23611111 24999998 0.128472
hs8 24999999 26388887 0.450520
hs8 26388888 27777776 0.457299
hs8 27777777 29166665 0.723204
hs8 29166666 30555554 0.269105
hs8 30555555 31944443 0.505657
hs8 31944444 33333332 0.574313
hs8 33333333 34722221 0.115810
hs8 34722222 36111110 0.402629
hs8 36111111 37499999 0.109298
hs8 37500000 38888887 0.464040
hs8 38888888 40277776 0.624568
hs8 40277777 41666665 0.385708
hs8 41666666 43055554 0.644275
hs8 43055555 44444443 0.120475
hs8 44444444 45833332 0.000000
hs8 45833333 47222221 0.000000
hs8 47222222 48611110 0.208741
hs8 48611111 49999998 0.347350
hs8 49999999 51388887 0.291946
hs8 51388888 52777776 0.620770
hs8 52777777 54166665 0.440533
hs8 54166666 55555554 0.280040
hs8 55555555 56944443 0.382587
hs8 56944444 58333332 0.186267
hs8 58333333 59722221 0.218789
hs8 59722222 61111110 0.235101
hs8 61111111 62499998 0.375592
hs8 62499999 63888887 0.616087
hs8 63888888 65277776 0.200949
hs8 65277777 66666665 0.150666
hs8 66666666 68055554 0.512829
hs8 68055555 69444443 0.677588
hs8 69444444 70833332 0.476360
hs8 70833333 72222221 0.375540
hs8 72222222 73611110 0.313403
hs8 73611111 74999999 0.660557
hs8 75000000 76388887 0.182817
hs8 76388888 77777776 0.087095
hs8 77777777 79166665 0.133263
hs8 79166666 80555554 0.153807
hs8 80555555 81944443 0.412656
hs8 81944444 83333332 0.212706
hs8 83333333 84722221 0.000000
hs8 84722222 86111110 0.531811
hs8 86111111 87499998 0.271958
hs8 87499999 88888887 0.589553
hs8 88888888 90277776 0.211380
hs8 90277777 91666665 0.133621
hs8 91666666 93055554 0.385877
hs8 93055555 94444443 0.146649
hs8 94444444 95833332 0.346688
hs8 95833333 97222221 0.156560
hs8 97222222 98611110 0.534695
hs8 98611111 99999998 0.646748
hs8 99999999 101388887 0.851677
hs8 101388888 102777776 0.265625
hs8 102777777 104166665 0.524420
hs8 104166666 105555554 0.753242
hs8 105555555 106944443 0.421497
hs8 106944444 108333332 0.356876
hs8 108333333 109722221 0.374934
hs8 109722222 111111110 0.330227
hs8 111111111 112499998 0.000000
hs8 112499999 113888887 0.420947
hs8 113888888 115277776 0.453262
hs8 115277777 116666665 0.127272
hs8 116666666 118055554 0.188277
hs8 118055555 119444443 0.509863
hs8 119444444 120833332 0.342465
hs8 120833333 122222221 0.670462
hs8 122222222 123611110 0.024271
hs8 123611111 124999998 0.500464
hs8 124999999 126388887 0.605303
hs8 126388888 127777776 0.052939
hs8 127777777 129166665 0.242443
hs8 129166666 130555554 0.011585
hs8 130555555 131944443 0.410934
hs8 131944444 133333332 0.351955
hs8 133333333 134722221 0.725145
hs8 134722222 136111110 0.171390
hs8 136111111 137499999 0.184119
hs8 137500000 138888887 0.000000
hs8 138888888 140277776 0.498644
hs8 140277777 141666665 0.632639
hs8 141666666 143055554 0.413175
hs8 143055555 144444443 0.330039
hs8 144444444 145833332 0.605458
hs8 145833333 147222221 0.119614
hs6 0 1388887 0.314180
hs6 1388888 2777776 0.536539
hs6 2777777 4166665 0.364203
hs6 4166666 5555554 0.548358
hs6 5555555 6944443 0.496745
hs6 6944444 8333332 0.434186
hs6 8333333 9722221 0.017376
hs6 9722222 11111110 0.273573
hs6 11111111 12499998 0.406547
hs6 12499999 13888887 0.626247
hs6 13888888 15277776 0.071006
hs6 15277777 16666665 0.541038
hs6 16666666 18055554 0.482105
hs6 18055555 19444443 0.186778
hs6 19444444 20833332 0.286210
hs6 20833333 22222221 0.691003
hs6 22222222 23611110 0.069877
hs6 23611111 24999998 0.435826
hs6 24999999 26388887 0.468798
hs6 26388888 27777776 0.254274
hs6 27777777 29166665 0.187101
hs6 29166666 30555554 0.241324
hs6 30555555 31944443 0.402022
hs6 31944444 33333332 0.488523
hs6 33333333 34722221 0.484294
hs6 34722222 36111110 0.728125
hs6 36111111 37499999 0.563824
hs6 37500000 38888887 0.759794
hs6 38888888 40277776 0.622000
hs6 40277777 41666665 0.294213
hs6 41666666 43055554 0.680984
hs6 43055555 44444443 0.563962
hs6 44444444 45833332 0.604789
hs6 45833333 47222221 0.499799
hs6 47222222 48611110 0.379834
hs6 48611111 49999998 0.136346
hs6 49999999 51388887 0.082377
hs6 51388888 52777776 0.541763
hs6 52777777 54166665 0.442422
hs6 54166666 55555554 0.415864
hs6 55555555 56944443 0.369184
hs6 56944444 58333332 0.375790
hs6 58333333 59722221 0.029928
hs6 59722222 61111110 0.000000
hs6 61111111 62499998 0.037567
hs6 62499999 63888887 0.398924
hs6 63888888 65277776 0.657732
hs6 65277777 66666665 0.862321
hs6 66666666 68055554 0.000000
hs6 68055555 69444443 0.030306
hs6 69444444 70833332 0.743943
hs6 70833333 72222221 0.512819
hs6 72222222 73611110 0.532092
hs6 73611111 74999999 0.508653
hs6 75000000 76388887 0.263576
hs6 76388888 77777776 0.300563
hs6 77777777 79166665 0.000845
hs6 79166666 80555554 0.239987
hs6 80555555 81944443 0.223457
hs6 81944444 83333332 0.063855
hs6 83333333 84722221 0.570673
hs6 84722222 86111110 0.140365
hs6 86111111 87499998 0.123863
hs6 87499999 88888887 0.419496
hs6 88888888 90277776 0.486533
hs6 90277777 91666665 0.571105
hs6 91666666 93055554 0.000000
hs6 93055555 94444443 0.129286
hs6 94444444 95833332 0.049968
hs6 95833333 97222221 0.229753
hs6 97222222 98611110 0.291807
hs6 98611111 99999998 0.157159
hs6 99999999 101388887 0.417530
hs6 101388888 102777776 0.517052
hs6 102777777 104166665 0.000000
hs6 104166666 105555554 0.126553
hs6 105555555 106944443 0.312983
hs6 106944444 108333332 0.674174
hs6 108333333 109722221 0.599231
hs6 109722222 111111110 0.607534
hs6 111111111 112499998 0.585513
hs6 112499999 113888887 0.130630
hs6 113888888 115277776 0.047316
hs6 115277777 116666665 0.191255
hs6 116666666 118055554 0.558189
hs6 118055555 119444443 0.622171
hs6 119444444 120833332 0.172278
hs6 120833333 122222221 0.193787
hs6 122222222 123611110 0.317787
hs6 123611111 124999998 0.879669
hs6 124999999 126388887 0.500457
hs6 126388888 127777776 0.126901
hs6 127777777 129166665 0.632853
hs6 129166666 130555554 0.696846
hs6 130555555 131944443 0.304212
hs6 131944444 133333332 0.378162
hs6 133333333 134722221 0.429652
hs6 134722222 136111110 0.689662
hs6 136111111 137499999 0.878524
hs6 137500000 138888887 0.278909
hs6 138888888 140277776 0.256086
hs6 140277777 141666665 0.000000
hs6 141666666 143055554 0.246712
hs6 143055555 144444443 0.734389
hs6 144444444 145833332 0.434492
hs6 145833333 147222221 0.609355
hs6 147222222 148611110 0.176063
hs6 148611111 149999999 0.560821
hs6 150000000 151388887 0.560398
hs6 151388888 152777776 0.806512
hs6 152777777 154166665 0.293094
hs6 154166666 155555554 0.537910
hs6 155555555 156944443 0.140331
hs6 156944444 158333332 0.617433
hs6 158333333 159722221 0.593242
hs6 159722222 161111110 0.474545
hs6 161111111 162499998 0.779696
hs6 162499999 163888887 0.939529
hs6 163888888 165277776 0.022126
hs6 165277777 166666665 0.329573
hs6 166666666 168055554 0.535195
hs6 168055555 169444443 0.279802
hs6 169444444 170833332 0.354498
hs14 0 1388887 0.000000
hs14 1388888 2777776 0.000000
hs14 2777777 4166665 0.000000
hs14 4166666 5555554 0.000000
hs14 5555555 6944443 0.000000
hs14 6944444 8333332 0.000000
hs14 8333333 9722221 0.000000
hs14 9722222 11111110 0.000000
hs14 11111111 12499998 0.000000
hs14 12499999 13888887 0.000000
hs14 13888888 15277776 0.000000
hs14 15277777 16666665 0.000000
hs14 16666666 18055554 0.000000
hs14 18055555 19444443 0.052299
hs14 19444444 20833332 0.234562
hs14 20833333 22222221 0.181140
hs14 22222222 23611110 0.369719
hs14 23611111 24999998 0.350927
hs14 24999999 26388887 0.109349
hs14 26388888 27777776 0.000000
hs14 27777777 29166665 0.054652
hs14 29166666 30555554 0.441492
hs14 30555555 31944443 0.542544
hs14 31944444 33333332 0.923544
hs14 33333333 34722221 0.337806
hs14 34722222 36111110 0.363648
hs14 36111111 37499999 0.629546
hs14 37500000 38888887 0.169993
hs14 38888888 40277776 0.025985
hs14 40277777 41666665 0.213834
hs14 41666666 43055554 0.000000
hs14 43055555 44444443 0.008163
hs14 44444444 45833332 0.228491
hs14 45833333 47222221 0.601900
hs14 47222222 48611110 0.000000
hs14 48611111 49999998 0.420405
hs14 49999999 51388887 0.552087
hs14 51388888 52777776 0.551035
hs14 52777777 54166665 0.108310
hs14 54166666 55555554 0.497477
hs14 55555555 56944443 0.349280
hs14 56944444 58333332 0.391106
hs14 58333333 59722221 0.450529
hs14 59722222 61111110 0.507716
hs14 61111111 62499998 0.331331
hs14 62499999 63888887 0.700610
hs14 63888888 65277776 0.605713
hs14 65277777 66666665 0.458562
hs14 66666666 68055554 0.898125
hs14 68055555 69444443 0.507948
hs14 69444444 70833332 0.511649
hs14 70833333 72222221 0.620106
hs14 72222222 73611110 0.811567
hs14 73611111 74999999 0.526388
hs14 75000000 76388887 0.745849
hs14 76388888 77777776 0.487933
hs14 77777777 79166665 0.883311
hs14 79166666 80555554 0.543964
hs14 80555555 81944443 0.257152
hs14 81944444 83333332 0.000000
hs14 83333333 84722221 0.000000
hs14 84722222 86111110 0.070404
hs14 86111111 87499998 0.022240
hs14 87499999 88888887 0.580664
hs14 88888888 90277776 0.662787
hs14 90277777 91666665 0.756615
hs14 91666666 93055554 0.707790
hs14 93055555 94444443 0.470229
hs14 94444444 95833332 0.328179
hs14 95833333 97222221 0.229901
hs14 97222222 98611110 0.042239
hs14 98611111 99999998 0.587619
hs14 99999999 101388887 0.201579
hs14 101388888 102777776 0.706975
hs14 102777777 104166665 0.446488
hs14 104166666 105555554 0.368272
hs14 105555555 106944443 0.009917
hs17 0 1388887 0.692654
hs17 1388888 2777776 0.800110
hs17 2777777 4166665 0.627168
hs17 4166666 5555554 0.613794
hs17 5555555 6944443 0.309695
hs17 6944444 8333332 0.594389
hs17 8333333 9722221 0.782330
hs17 9722222 11111110 0.438519
hs17 11111111 12499998 0.584106
hs17 12499999 13888887 0.314909
hs17 13888888 15277776 0.188362
hs17 15277777 16666665 0.621937
hs17 16666666 18055554 0.641434
hs17 18055555 19444443 0.535306
hs17 19444444 20833332 0.438730
hs17 20833333 22222221 0.177588
hs17 22222222 23611110 0.291267
hs17 23611111 24999998 0.688144
hs17 24999999 26388887 0.751344
hs17 26388888 27777776 0.552223
hs17 27777777 29166665 0.897975
hs17 29166666 30555554 0.462547
hs17 30555555 31944443 0.467226
hs17 31944444 33333332 0.620821
hs17 33333333 34722221 0.482334
hs17 34722222 36111110 0.625769
hs17 36111111 37499999 0.332818
hs17 37500000 38888887 0.685769
hs17 38888888 40277776 0.510804
hs17 40277777 41666665 0.614147
hs17 41666666 43055554 0.616626
hs17 43055555 44444443 0.549038
hs17 44444444 45833332 0.421485
hs17 45833333 47222221 0.550195
hs17 47222222 48611110 0.266512
hs17 48611111 49999998 0.001682
hs17 49999999 51388887 0.289279
hs17 51388888 52777776 0.427979
hs17 52777777 54166665 0.629326
hs17 54166666 55555554 0.739668
hs17 55555555 56944443 0.817268
hs17 56944444 58333332 0.547181
hs17 58333333 59722221 0.738708
hs17 59722222 61111110 0.459135
hs17 61111111 62499998 0.809562
hs17 62499999 63888887 0.650652
hs17 63888888 65277776 0.509409
hs17 65277777 66666665 0.050998
hs17 66666666 68055554 0.003889
hs17 68055555 69444443 0.677737
hs17 69444444 70833332 0.519080
hs17 70833333 72222221 0.751447
hs17 72222222 73611110 0.397441
hs17 73611111 74999999 0.729559
hs17 75000000 76388887 0.562779
hs17 76388888 77777776 0.687480
hs17 77777777 79166665 0.479646
hs21 0 1388887 0.000000
hs21 1388888 2777776 0.000000
hs21 2777777 4166665 0.000000
hs21 4166666 5555554 0.000000
hs21 5555555 6944443 0.000000
hs21 6944444 8333332 0.000000
hs21 8333333 9722221 0.000000
hs21 9722222 11111110 0.315117
hs21 11111111 12499998 0.000000
hs21 12499999 13888887 0.057660
hs21 13888888 15277776 0.220881
hs21 15277777 16666665 0.383802
hs21 16666666 18055554 0.223772
hs21 18055555 19444443 0.170954
hs21 19444444 20833332 0.000000
hs21 20833333 22222221 0.432790
hs21 22222222 23611110 0.000000
hs21 23611111 24999998 0.000000
hs21 24999999 26388887 0.302165
hs21 26388888 27777776 0.173887
hs21 27777777 29166665 0.028818
hs21 29166666 30555554 0.610600
hs21 30555555 31944443 0.327730
hs21 31944444 33333332 0.509414
hs21 33333333 34722221 0.507528
hs21 34722222 36111110 0.351734
hs21 36111111 37499999 0.586754
hs21 37500000 38888887 0.619649
hs21 38888888 40277776 0.380713
hs21 40277777 41666665 0.728578
hs21 41666666 43055554 0.588047
hs21 43055555 44444443 0.493658
hs21 44444444 45833332 0.644096
hs21 45833333 47222221 0.438381
