hsX 0 999999 0.115123
hsX 1000000 1999999 0.308495
hsX 2000000 2999999 0.622387
hsX 3000000 3999999 0.188119
hsX 4000000 4999999 0.000000
hsX 5000000 5999999 0.181918
hsX 6000000 6999999 0.181248
hsX 7000000 7999999 0.242305
hsX 8000000 8999999 0.225085
hsX 9000000 9999999 0.516192
hsX 10000000 10999999 0.541371
hsX 11000000 11999999 0.564904
hsX 12000000 12999999 0.712667
hsX 13000000 13999999 0.345126
hsX 14000000 14999999 0.280105
hsX 15000000 15999999 0.498208
hsX 16000000 16999999 0.411883
hsX 17000000 17999999 0.520700
hsX 18000000 18999999 0.750217
hsX 19000000 19999999 0.702972
hsX 20000000 20999999 0.179440
hsX 21000000 21999999 0.477162
hsX 22000000 22999999 0.180037
hsX 23000000 23999999 0.290070
hsX 24000000 24999999 0.594023
hsX 25000000 25999999 0.000000
hsX 26000000 26999999 0.008318
hsX 27000000 27999999 0.023629
hsX 28000000 28999999 0.484399
hsX 29000000 29999999 0.883939
hsX 30000000 30999999 0.186116
hsX 31000000 31999999 0.952827
hsX 32000000 32999999 1.000000
hsX 33000000 33999999 0.267648
hsX 34000000 34999999 0.034929
hsX 35000000 35999999 0.100841
hsX 36000000 36999999 0.225802
hsX 37000000 37999999 0.496800
hsX 38000000 38999999 0.259878
hsX 39000000 39999999 0.126085
hsX 40000000 40999999 0.285257
hsX 41000000 41999999 0.467457
hsX 42000000 42999999 0.000871
hsX 43000000 43999999 0.339354
hsX 44000000 44999999 0.400045
hsX 45000000 45999999 0.000222
hsX 46000000 46999999 0.561109
hsX 47000000 47999999 0.339032
hsX 48000000 48999999 0.452373
hsX 49000000 49999999 1.054680
hsX 50000000 50999999 0.397973
hsX 51000000 51999999 0.129353
hsX 52000000 52999999 0.261706
hsX 53000000 53999999 0.400160
hsX 54000000 54999999 0.553163
hsX 55000000 55999999 0.152377
hsX 56000000 56999999 0.148004
hsX 57000000 57999999 0.236393
hsX 58000000 58999999 0.000000
hsX 59000000 59999999 0.000000
hsX 60000000 60999999 0.000000
hsX 61000000 61999999 0.000000
hsX 62000000 62999999 0.289216
hsX 63000000 63999999 0.149431
hsX 64000000 64999999 0.234007
hsX 65000000 65999999 0.143692
hsX 66000000 66999999 0.180247
hsX 67000000 67999999 0.515873
hsX 68000000 68999999 0.279425
hsX 69000000 69999999 0.812161
hsX 70000000 70999999 0.367821
hsX 71000000 71999999 0.772804
hsX 72000000 72999999 0.259751
hsX 73000000 73999999 0.667495
hsX 74000000 74999999 0.355756
hsX 75000000 75999999 0.008965
hsX 76000000 76999999 0.315302
hsX 77000000 77999999 0.285211
hsX 78000000 78999999 0.025040
hsX 79000000 79999999 0.267072
hsX 80000000 80999999 0.184984
hsX 81000000 81999999 0.000000
hsX 82000000 82999999 0.001508
hsX 83000000 83999999 0.339655
hsX 84000000 84999999 0.238580
hsX 85000000 85999999 0.870535
hsX 86000000 86999999 0.152337
hsX 87000000 87999999 0.007559
hsX 88000000 88999999 0.000000
hsX 89000000 89999999 0.000944
hsX 90000000 90999999 0.083072
hsX 91000000 91999999 0.764879
hsX 92000000 92999999 0.040940
hsX 93000000 93999999 0.000000
hsX 94000000 94999999 0.000000
hsX 95000000 95999999 0.174501
hsX 96000000 96999999 0.743795
hsX 97000000 97999999 0.000000
hsX 98000000 98999999 0.396745
hsX 99000000 99999999 0.343616
hsX 100000000 100999999 0.463516
hsX 101000000 101999999 0.577418
hsX 102000000 102999999 0.124277
hsX 103000000 103999999 0.406272
hsX 104000000 104999999 0.947037
hsX 105000000 105999999 0.373562
hsX 106000000 106999999 0.406512
hsX 107000000 107999999 0.712996
hsX 108000000 108999999 0.211582
hsX 109000000 109999999 0.583460
hsX 110000000 110999999 0.595843
hsX 111000000 111999999 0.724409
hsX 112000000 112999999 0.000000
hsX 113000000 113999999 0.275864
hsX 114000000 114999999 0.299309
hsX 115000000 115999999 0.030434
hsX 116000000 116999999 0.084196
hsX 117000000 117999999 0.506896
hsX 118000000 118999999 0.385383
hsX 119000000 119999999 0.681114
hsX 120000000 120999999 0.002336
hsX 121000000 121999999 0.000000
hsX 122000000 122999999 0.570898
hsX 123000000 123999999 0.678977
hsX 124000000 124999999 0.000000
hsX 125000000 125999999 0.008098
hsX 126000000 126999999 0.000000
hsX 127000000 127999999 0.001441
hsX 128000000 128999999 0.304822
hsX 129000000 129999999 0.507095
hsX 130000000 130999999 0.191562
hsX 131000000 131999999 0.562644
hsX 132000000 132999999 0.565721
hsX 133000000 133999999 0.319960
hsX 134000000 134999999 0.284227
hsX 135000000 135999999 0.409528
hsX 136000000 136999999 0.005915
hsX 137000000 137999999 0.461592
hsX 138000000 138999999 0.392008
hsX 139000000 139999999 0.015199
hsX 140000000 140999999 0.073813
hsX 141000000 141999999 0.011313
hsX 142000000 142999999 0.032726
hsX 143000000 143999999 0.000000
hsX 144000000 144999999 0.019545
hsX 145000000 145999999 0.001248
hsX 146000000 146999999 0.098716
hsX 147000000 147999999 0.500069
hsX 148000000 148999999 0.236306
hsX 149000000 149999999 0.467227
hsX 150000000 150999999 0.188590
hsX 151000000 151999999 0.456856
hsX 152000000 152999999 0.407505
hsX 153000000 153999999 0.721096
hsX 154000000 154999999 0.317747
hs12 0 999999 0.768358
hs12 1000000 1999999 0.836928
hs12 2000000 2999999 0.820575
hs12 3000000 3999999 0.534486
hs12 4000000 4999999 0.359789
hs12 5000000 5999999 0.521336
hs12 6000000 6999999 0.635070
hs12 7000000 7999999 0.466925
hs12 8000000 8999999 0.377612
hs12 9000000 9999999 0.318794
hs12 10000000 10999999 0.496076
hs12 11000000 11999999 0.700135
hs12 12000000 12999999 0.589903
hs12 13000000 13999999 0.508516
hs12 14000000 14999999 0.412864
hs12 15000000 15999999 0.638220
hs12 16000000 16999999 0.247773
hs12 17000000 17999999 0.000000
hs12 18000000 18999999 0.452076
hs12 19000000 19999999 0.329252
hs12 20000000 20999999 0.475739
hs12 21000000 21999999 0.649307
hs12 22000000 22999999 0.322240
hs12 23000000 23999999 0.423503
hs12 24000000 24999999 0.763999
hs12 25000000 25999999 0.374864
hs12 26000000 26999999 0.713766
hs12 27000000 27999999 0.516512
hs12 28000000 28999999 0.306869
hs12 29000000 29999999 0.505045
hs12 30000000 30999999 0.140691
hs12 31000000 31999999 0.408833
hs12 32000000 32999999 0.630531
hs12 33000000 33999999 0.064408
hs12 34000000 34999999 0.006022
hs12 35000000 35999999 0.000000
hs12 36000000 36999999 0.003177
hs12 37000000 37999999 0.289919
hs12 38000000 38999999 0.733790
hs12 39000000 39999999 0.558576
hs12 40000000 40999999 0.406678
hs12 41000000 41999999 0.260110
hs12 42000000 42999999 0.754927
hs12 43000000 43999999 0.661510
hs12 44000000 44999999 0.458717
hs12 45000000 45999999 0.108576
hs12 46000000 46999999 0.348124
hs12 47000000 47999999 0.346168
hs12 48000000 48999999 0.699768
hs12 49000000 49999999 0.783613
hs12 50000000 50999999 0.527796
hs12 51000000 51999999 0.409090
hs12 52000000 52999999 0.508574
hs12 53000000 53999999 0.239849
hs12 54000000 54999999 0.447244
hs12 55000000 55999999 0.572401
hs12 56000000 56999999 0.326643
hs12 57000000 57999999 0.048327
hs12 58000000 58999999 0.092284
hs12 59000000 59999999 0.000000
hs12 60000000 60999999 0.544059
hs12 61000000 61999999 0.515982
hs12 62000000 62999999 0.524617
hs12 63000000 63999999 0.486688
hs12 64000000 64999999 0.481312
hs12 65000000 65999999 0.395270
hs12 66000000 66999999 0.073997
hs12 67000000 67999999 0.322151
hs12 68000000 68999999 0.372233
hs12 69000000 69999999 0.536176
hs12 70000000 70999999 0.516910
hs12 71000000 71999999 0.345689
hs12 72000000 72999999 0.000000
hs12 73000000 73999999 0.217266
hs12 74000000 74999999 0.160350
hs12 75000000 75999999 0.366234
hs12 76000000 76999999 0.250801
hs12 77000000 77999999 0.349019
hs12 78000000 78999999 0.630925
hs12 79000000 79999999 0.554854
hs12 80000000 80999999 0.673469
hs12 81000000 81999999 0.522177
hs12 82000000 82999999 0.052197
hs12 83000000 83999999 0.121073
hs12 84000000 84999999 0.328056
hs12 85000000 85999999 0.756813
hs12 86000000 86999999 0.098938
hs12 87000000 87999999 0.205390
hs12 88000000 88999999 0.187102
hs12 89000000 89999999 0.052172
hs12 90000000 90999999 0.046085
hs12 91000000 91999999 0.221160
hs12 92000000 92999999 0.298500
hs12 93000000 93999999 0.485642
hs12 94000000 94999999 0.595760
hs12 95000000 95999999 0.359425
hs12 96000000 96999999 0.068918
hs12 97000000 97999999 0.515032
hs12 98000000 98999999 0.949864
hs12 99000000 99999999 0.682439
hs12 100000000 100999999 0.553767
hs12 101000000 101999999 0.282073
hs12 102000000 102999999 0.655193
hs12 103000000 103999999 0.682566
hs12 104000000 104999999 0.186452
hs12 105000000 105999999 0.939829
hs12 106000000 106999999 0.410155
hs12 107000000 107999999 0.564558
hs12 108000000 108999999 0.706872
hs12 109000000 109999999 0.551593
hs12 110000000 110999999 0.829606
hs12 111000000 111999999 0.584749
hs12 112000000 112999999 0.457555
hs12 113000000 113999999 0.068426
hs12 114000000 114999999 0.119235
hs12 115000000 115999999 0.536682
hs12 116000000 116999999 0.790377
hs12 117000000 117999999 0.396568
hs12 118000000 118999999 0.668421
hs12 119000000 119999999 0.610237
hs12 120000000 120999999 0.719118
hs12 121000000 121999999 0.748470
hs12 122000000 122999999 0.785453
hs12 123000000 123999999 0.395878
hs12 124000000 124999999 0.482155
hs12 125000000 125999999 0.030305
hs12 126000000 126999999 0.000000
hs12 127000000 127999999 0.568831
hs12 128000000 128999999 0.867406
hs12 129000000 129999999 0.222012
hs12 130000000 130999999 0.390597
hs12 131000000 131999999 0.697558
hs12 132000000 132999999 0.164511
hs11 0 999999 0.575934
hs11 1000000 1999999 0.660397
hs11 2000000 2999999 0.714675
hs11 3000000 3999999 0.544246
hs11 4000000 4999999 0.191453
hs11 5000000 5999999 0.199124
hs11 6000000 6999999 0.327754
hs11 7000000 7999999 0.475719
hs11 8000000 8999999 0.714516
hs11 9000000 9999999 0.711583
hs11 10000000 10999999 0.539261
hs11 11000000 11999999 0.517007
hs11 12000000 12999999 0.649976
hs11 13000000 13999999 0.311939
hs11 14000000 14999999 0.762122
hs11 15000000 15999999 0.195248
hs11 16000000 16999999 0.701020
hs11 17000000 17999999 0.581543
hs11 18000000 18999999 0.480076
hs11 19000000 19999999 0.777237
hs11 20000000 20999999 0.653713
hs11 21000000 21999999 0.553804
hs11 22000000 22999999 0.289056
hs11 23000000 23999999 0.000000
hs11 24000000 24999999 0.524869
hs11 25000000 25999999 0.060763
hs11 26000000 26999999 0.402413
hs11 27000000 27999999 0.490514
hs11 28000000 28999999 0.311678
hs11 29000000 29999999 0.006725
hs11 30000000 30999999 0.220673
hs11 31000000 31999999 0.554586
hs11 32000000 32999999 0.395742
hs11 33000000 33999999 0.458013
hs11 34000000 34999999 0.523015
hs11 35000000 35999999 0.582769
hs11 36000000 36999999 0.499519
hs11 37000000 37999999 0.000000
hs11 38000000 38999999 0.000000
hs11 39000000 39999999 0.000000
hs11 40000000 40999999 0.179913
hs11 41000000 41999999 0.000000
hs11 42000000 42999999 0.000000
hs11 43000000 43999999 0.388215
hs11 44000000 44999999 0.474176
hs11 45000000 45999999 0.370153
hs11 46000000 46999999 0.760229
hs11 47000000 47999999 0.708772
hs11 48000000 48999999 0.161688
hs11 49000000 49999999 0.316020
hs11 50000000 50999999 0.030121
hs11 51000000 51999999 0.002002
hs11 52000000 52999999 0.000000
hs11 53000000 53999999 0.000000
hs11 54000000 54999999 0.010962
hs11 55000000 55999999 0.149007
hs11 56000000 56999999 0.398577
hs11 57000000 57999999 0.393306
hs11 58000000 58999999 0.268301
hs11 59000000 59999999 0.313868
hs11 60000000 60999999 0.532961
hs11 61000000 61999999 0.477771
hs11 62000000 62999999 0.583313
hs11 63000000 63999999 0.676246
hs11 64000000 64999999 0.575007
hs11 65000000 65999999 0.539641
hs11 66000000 66999999 0.748865
hs11 67000000 67999999 0.428023
hs11 68000000 68999999 0.381559
hs11 69000000 69999999 0.316653
hs11 70000000 70999999 0.681198
hs11 71000000 71999999 0.483701
hs11 72000000 72999999 0.816327
hs11 73000000 73999999 0.637315
hs11 74000000 74999999 0.600082
hs11 75000000 75999999 0.590008
hs11 76000000 76999999 0.629878
hs11 77000000 77999999 0.790741
hs11 78000000 78999999 0.787369
hs11 79000000 79999999 0.000000
hs11 80000000 80999999 0.000000
hs11 81000000 81999999 0.000000
hs11 82000000 82999999 0.466116
hs11 83000000 83999999 1.000000
hs11 84000000 84999999 1.000000
hs11 85000000 85999999 0.632204
hs11 86000000 86999999 0.372816
hs11 87000000 87999999 0.228961
hs11 88000000 88999999 0.819613
hs11 89000000 89999999 0.187080
hs11 90000000 90999999 0.000000
hs11 91000000 91999999 0.275091
hs11 92000000 92999999 0.505356
hs11 93000000 93999999 0.470714
hs11 94000000 94999999 0.252868
hs11 95000000 95999999 0.560024
hs11 96000000 96999999 0.000000
hs11 97000000 97999999 0.000000
hs11 98000000 98999999 0.602920
hs11 99000000 99999999 0.732684
hs11 100000000 100999999 0.537700
hs11 101000000 101999999 0.436691
hs11 102000000 102999999 0.491770
hs11 103000000 103999999 0.259731
hs11 104000000 104999999 0.105235
hs11 105000000 105999999 0.420127
hs11 106000000 106999999 0.560229
hs11 107000000 107999999 0.686846
hs11 108000000 108999999 0.282883
hs11 109000000 109999999 0.227792
hs11 110000000 110999999 0.271257
hs11 111000000 111999999 0.501142
hs11 112000000 112999999 0.447345
hs11 113000000 113999999 0.493712
hs11 114000000 114999999 0.359352
hs11 115000000 115999999 0.000000
hs11 116000000 116999999 0.748439
hs11 117000000 117999999 0.657209
hs11 118000000 118999999 0.436929
hs11 119000000 119999999 0.374143
hs11 120000000 120999999 0.672201
hs11 121000000 121999999 0.124747
hs11 122000000 122999999 0.500528
hs11 123000000 123999999 0.122190
hs11 124000000 124999999 0.658118
hs11 125000000 125999999 0.617884
hs11 126000000 126999999 0.375977
hs11 127000000 127999999 0.128799
hs11 128000000 128999999 0.493892
hs11 129000000 129999999 0.446974
hs11 130000000 130999999 0.295038
hs11 131000000 131999999 0.921843
hs11 132000000 132999999 0.907614
hs11 133000000 133999999 0.377456
hs22 0 999999 0.000000
hs22 1000000 1999999 0.000000
hs22 2000000 2999999 0.000000
hs22 3000000 3999999 0.000000
hs22 4000000 4999999 0.000000
hs22 5000000 5999999 0.000000
hs22 6000000 6999999 0.000000
hs22 7000000 7999999 0.000000
hs22 8000000 8999999 0.000000
hs22 9000000 9999999 0.000000
hs22 10000000 10999999 0.000000
hs22 11000000 11999999 0.000000
hs22 12000000 12999999 0.000000
hs22 13000000 13999999 0.000000
hs22 14000000 14999999 0.032589
hs22 15000000 15999999 0.189832
hs22 16000000 16999999 0.616014
hs22 17000000 17999999 0.508811
hs22 18000000 18999999 0.418632
hs22 19000000 19999999 0.502762
hs22 20000000 20999999 0.421689
hs22 21000000 21999999 0.376285
hs22 22000000 22999999 0.513845
hs22 23000000 23999999 0.745501
hs22 24000000 24999999 1.076478
hs22 25000000 25999999 0.422645
hs22 26000000 26999999 0.500123
hs22 27000000 27999999 0.837841
hs22 28000000 28999999 0.638076
hs22 29000000 29999999 0.639058
hs22 30000000 30999999 0.634778
hs22 31000000 31999999 0.718824
hs22 32000000 32999999 0.646417
hs22 33000000 33999999 0.037808
hs22 34000000 34999999 0.528514
hs22 35000000 35999999 0.521629
hs22 36000000 36999999 0.625951
hs22 37000000 37999999 0.520343
hs22 38000000 38999999 0.741087
hs22 39000000 39999999 0.681415
hs22 40000000 40999999 0.676442
hs22 41000000 41999999 0.586582
hs22 42000000 42999999 0.797488
hs22 43000000 43999999 0.574426
hs22 44000000 44999999 0.596220
hs22 45000000 45999999 0.810234
hs22 46000000 46999999 0.010528
hs22 47000000 47999999 0.269800
hs22 48000000 48999999 0.353282
hs22 49000000 49999999 0.426940
hs10 0 999999 0.629752
hs10 1000000 1999999 0.729351
hs10 2000000 2999999 0.000000
hs10 3000000 3999999 0.113617
hs10 4000000 4999999 0.105148
hs10 5000000 5999999 0.384262
hs10 6000000 6999999 0.369322
hs10 7000000 7999999 0.554754
hs10 8000000 8999999 0.120256
hs10 9000000 9999999 0.000000
hs10 10000000 10999999 0.010477
hs10 11000000 11999999 0.570401
hs10 12000000 12999999 0.804749
hs10 13000000 13999999 0.619269
hs10 14000000 14999999 0.758045
hs10 15000000 15999999 0.609160
hs10 16000000 16999999 0.405903
hs10 17000000 17999999 0.765460
hs10 18000000 18999999 0.862805
hs10 19000000 19999999 0.006947
hs10 20000000 20999999 0.463745
hs10 21000000 21999999 0.566981
hs10 22000000 22999999 0.542460
hs10 23000000 23999999 0.212678
hs10 24000000 24999999 0.949577
hs10 25000000 25999999 0.645862
hs10 26000000 26999999 0.510994
hs10 27000000 27999999 0.452257
hs10 28000000 28999999 0.579501
hs10 29000000 29999999 0.254312
hs10 30000000 30999999 0.206998
hs10 31000000 31999999 0.400511
hs10 32000000 32999999 0.480035
hs10 33000000 33999999 0.427264
hs10 34000000 34999999 0.561507
hs10 35000000 35999999 0.642447
hs10 36000000 36999999 0.000000
hs10 37000000 37999999 0.106712
hs10 38000000 38999999 0.238274
hs10 39000000 39999999 0.000000
hs10 40000000 40999999 0.000000
hs10 41000000 41999999 0.000000
hs10 42000000 42999999 0.296560
hs10 43000000 43999999 0.184703
hs10 44000000 44999999 0.139342
hs10 45000000 45999999 0.427027
hs10 46000000 46999999 0.348171
hs10 47000000 47999999 0.182659
hs10 48000000 48999999 0.243277
hs10 49000000 49999999 0.714366
hs10 50000000 50999999 0.698402
hs10 51000000 51999999 0.643921
hs10 52000000 52999999 0.726853
hs10 53000000 53999999 0.732770
hs10 54000000 54999999 0.006322
hs10 55000000 55999999 0.767460
hs10 56000000 56999999 0.231058
hs10 57000000 57999999 0.003837
hs10 58000000 58999999 0.000000
hs10 59000000 59999999 0.195794
hs10 60000000 60999999 0.449329
hs10 61000000 61999999 0.541456
hs10 62000000 62999999 0.195326
hs10 63000000 63999999 0.570662
hs10 64000000 64999999 0.483487
hs10 65000000 65999999 0.054888
hs10 66000000 66999999 0.001351
hs10 67000000 67999999 0.650270
hs10 68000000 68999999 1.175077
hs10 69000000 69999999 0.697299
hs10 70000000 70999999 0.707162
hs10 71000000 71999999 0.538388
hs10 72000000 72999999 0.485629
hs10 73000000 73999999 0.778662
hs10 74000000 74999999 0.823212
hs10 75000000 75999999 0.793982
hs10 76000000 76999999 0.485982
hs10 77000000 77999999 0.774609
hs10 78000000 78999999 0.700636
hs10 79000000 79999999 0.283845
hs10 80000000 80999999 0.451183
hs10 81000000 81999999 0.146728
hs10 82000000 82999999 0.251301
hs10 83000000 83999999 0.374951
hs10 84000000 84999999 0.736916
hs10 85000000 85999999 0.070782
hs10 86000000 86999999 0.198793
hs10 87000000 87999999 0.650709
hs10 88000000 88999999 0.686391
hs10 89000000 89999999 0.445379
hs10 90000000 90999999 0.603521
hs10 91000000 91999999 0.294881
hs10 92000000 92999999 0.193602
hs10 93000000 93999999 0.825553
hs10 94000000 94999999 0.530766
hs10 95000000 95999999 0.635652
hs10 96000000 96999999 0.571805
hs10 97000000 97999999 0.710892
hs10 98000000 98999999 0.769859
hs10 99000000 99999999 0.669788
hs10 100000000 100999999 0.859293
hs10 101000000 101999999 0.582486
hs10 102000000 102999999 0.447948
hs10 103000000 103999999 0.652591
hs10 104000000 104999999 0.811465
hs10 105000000 105999999 0.779514
hs10 106000000 106999999 0.775330
hs10 107000000 107999999 0.014984
hs10 108000000 108999999 0.590873
hs10 109000000 109999999 0.000000
hs10 110000000 110999999 0.000000
hs10 111000000 111999999 0.231036
hs10 112000000 112999999 0.444197
hs10 113000000 113999999 0.033905
hs10 114000000 114999999 0.732469
hs10 115000000 115999999 0.389478
hs10 116000000 116999999 0.677683
hs10 117000000 117999999 0.892054
hs10 118000000 118999999 0.423561
hs10 119000000 119999999 0.394161
hs10 120000000 120999999 0.306419
hs10 121000000 121999999 0.493521
hs10 122000000 122999999 0.191256
hs10 123000000 123999999 0.584511
hs10 124000000 124999999 0.490542
hs10 125000000 125999999 0.216451
hs10 126000000 126999999 0.588112
hs10 127000000 127999999 0.615516
hs10 128000000 128999999 0.640278
hs10 129000000 129999999 0.371493
hs10 130000000 130999999 0.000000
hs10 131000000 131999999 0.472086
hs10 132000000 132999999 0.219331
hs10 133000000 133999999 0.240075
hs10 134000000 134999999 0.503490
hs10 135000000 135999999 0.171815
hs7 0 999999 0.430049
hs7 1000000 1999999 0.488460
hs7 2000000 2999999 0.734961
hs7 3000000 3999999 0.742501
hs7 4000000 4999999 0.542381
hs7 5000000 5999999 0.601336
hs7 6000000 6999999 0.589821
hs7 7000000 7999999 0.386169
hs7 8000000 8999999 0.563617
hs7 9000000 9999999 0.001549
hs7 10000000 10999999 0.026977
hs7 11000000 11999999 0.637537
hs7 12000000 12999999 0.186494
hs7 13000000 13999999 0.100194
hs7 14000000 14999999 0.696403
hs7 15000000 15999999 0.437172
hs7 16000000 16999999 0.510468
hs7 17000000 17999999 0.197248
hs7 18000000 18999999 0.499195
hs7 19000000 19999999 0.073409
hs7 20000000 20999999 0.313927
hs7 21000000 21999999 0.490116
hs7 22000000 22999999 0.387164
hs7 23000000 23999999 0.530232
hs7 24000000 24999999 0.365359
hs7 25000000 25999999 0.056170
hs7 26000000 26999999 0.445760
hs7 27000000 27999999 0.454579
hs7 28000000 28999999 0.719071
hs7 29000000 29999999 0.655075
hs7 30000000 30999999 0.476408
hs7 31000000 31999999 0.419458
hs7 32000000 32999999 0.264702
hs7 33000000 33999999 0.641225
hs7 34000000 34999999 0.933488
hs7 35000000 35999999 0.283528
hs7 36000000 36999999 0.629464
hs7 37000000 37999999 0.550132
hs7 38000000 38999999 0.516932
hs7 39000000 39999999 0.669128
hs7 40000000 40999999 0.830951
hs7 41000000 41999999 0.132495
hs7 42000000 42999999 0.266824
hs7 43000000 43999999 0.767514
hs7 44000000 44999999 0.597835
hs7 45000000 45999999 0.331854
hs7 46000000 46999999 0.000000
hs7 47000000 47999999 0.491356
hs7 48000000 48999999 0.533142
hs7 49000000 49999999 0.191312
hs7 50000000 50999999 0.609136
hs7 51000000 51999999 0.300608
hs7 52000000 52999999 0.000000
hs7 53000000 53999999 0.001270
hs7 54000000 54999999 0.035131
hs7 55000000 55999999 0.484314
hs7 56000000 56999999 0.149174
hs7 57000000 57999999 0.058119
hs7 58000000 58999999 0.000000
hs7 59000000 59999999 0.000000
hs7 60000000 60999999 0.000000
hs7 61000000 61999999 0.000000
hs7 62000000 62999999 0.020878
hs7 63000000 63999999 0.255948
hs7 64000000 64999999 0.325780
hs7 65000000 65999999 0.460475
hs7 66000000 66999999 0.316804
hs7 67000000 67999999 0.000000
hs7 68000000 68999999 0.298160
hs7 69000000 69999999 0.895822
hs7 70000000 70999999 0.698386
hs7 71000000 71999999 0.816877
hs7 72000000 72999999 0.538153
hs7 73000000 73999999 0.624012
hs7 74000000 74999999 0.484187
hs7 75000000 75999999 0.637945
hs7 76000000 76999999 0.437165
hs7 77000000 77999999 0.877317
hs7 78000000 78999999 0.920827
hs7 79000000 79999999 0.137844
hs7 80000000 80999999 0.253906
hs7 81000000 81999999 0.561625
hs7 82000000 82999999 0.577721
hs7 83000000 83999999 0.352976
hs7 84000000 84999999 0.126377
hs7 85000000 85999999 0.000000
hs7 86000000 86999999 0.648367
hs7 87000000 87999999 0.773046
hs7 88000000 88999999 0.579208
hs7 89000000 89999999 0.161757
hs7 90000000 90999999 0.505545
hs7 91000000 91999999 0.480540
hs7 92000000 92999999 0.577219
hs7 93000000 93999999 0.128040
hs7 94000000 94999999 0.637116
hs7 95000000 95999999 0.546070
hs7 96000000 96999999 0.141355
hs7 97000000 97999999 0.299714
hs7 98000000 98999999 0.539784
hs7 99000000 99999999 0.609703
hs7 100000000 100999999 0.590864
hs7 101000000 101999999 0.661452
hs7 102000000 102999999 0.899757
hs7 103000000 103999999 0.742538
hs7 104000000 104999999 0.852782
hs7 105000000 105999999 0.413262
hs7 106000000 106999999 0.571440
hs7 107000000 107999999 0.757226
hs7 108000000 108999999 0.003132
hs7 109000000 109999999 0.000988
hs7 110000000 110999999 0.933688
hs7 111000000 111999999 0.680699
hs7 112000000 112999999 0.154656
hs7 113000000 113999999 0.528585
hs7 114000000 114999999 0.216092
hs7 115000000 115999999 0.189410
hs7 116000000 116999999 0.731470
hs7 117000000 117999999 0.296891
hs7 118000000 118999999 0.000000
hs7 119000000 119999999 0.299043
hs7 120000000 120999999 0.645332
hs7 121000000 121999999 0.517084
hs7 122000000 122999999 0.503592
hs7 123000000 123999999 0.190563
hs7 124000000 124999999 0.127168
hs7 125000000 125999999 0.134113
hs7 126000000 126999999 0.702178
hs7 127000000 127999999 0.576622
hs7 128000000 128999999 0.603170
hs7 129000000 129999999 0.632629
hs7 130000000 130999999 0.631247
hs7 131000000 131999999 0.525358
hs7 132000000 132999999 0.708845
hs7 133000000 133999999 0.644900
hs7 134000000 134999999 0.674512
hs7 135000000 135999999 0.179303
hs7 136000000 136999999 0.540031
hs7 137000000 137999999 0.546814
hs7 138000000 138999999 0.696333
hs7 139000000 139999999 0.698417
hs7 140000000 140999999 0.335696
hs7 141000000 141999999 0.350499
hs7 142000000 142999999 0.207545
hs7 143000000 143999999 0.389225
hs7 144000000 144999999 0.164080
hs7 145000000 145999999 0.555615
hs7 146000000 146999999 1.000106
hs7 147000000 147999999 0.774317
hs7 148000000 148999999 0.485088
hs7 149000000 149999999 0.306719
hs7 150000000 150999999 0.601693
hs7 151000000 151999999 0.699563
hs7 152000000 152999999 0.099798
hs7 153000000 153999999 0.784649
hs7 154000000 154999999 0.446818
hs7 155000000 155999999 0.165690
hs7 156000000 156999999 0.491756
hs7 157000000 157999999 0.975578
hs7 158000000 158999999 0.469778
hs4 0 999999 0.716820
hs4 1000000 1999999 0.536733
hs4 2000000 2999999 0.759333
hs4 3000000 3999999 0.380861
hs4 4000000 4999999 0.273043
hs4 5000000 5999999 0.779266
hs4 6000000 6999999 0.588829
hs4 7000000 7999999 0.877322
hs4 8000000 8999999 0.432664
hs4 9000000 9999999 0.265796
hs4 10000000 10999999 0.212175
hs4 11000000 11999999 0.030551
hs4 12000000 12999999 0.026446
hs4 13000000 13999999 0.159464
hs4 14000000 14999999 0.116823
hs4 15000000 15999999 0.567272
hs4 16000000 16999999 0.397262
hs4 17000000 17999999 0.450474
hs4 18000000 18999999 0.000000
hs4 19000000 19999999 0.135668
hs4 20000000 20999999 0.918606
hs4 21000000 21999999 0.571226
hs4 22000000 22999999 0.253417
hs4 23000000 23999999 0.098058
hs4 24000000 24999999 0.422331
hs4 25000000 25999999 0.252976
hs4 26000000 26999999 0.387468
hs4 27000000 27999999 0.000000
hs4 28000000 28999999 0.000000
hs4 29000000 29999999 0.000000
hs4 30000000 30999999 0.426388
hs4 31000000 31999999 0.000000
hs4 32000000 32999999 0.000000
hs4 33000000 33999999 0.000000
hs4 34000000 34999999 0.000000
hs4 35000000 35999999 0.218721
hs4 36000000 36999999 0.100689
hs4 37000000 37999999 0.647575
hs4 38000000 38999999 0.504305
hs4 39000000 39999999 0.631313
hs4 40000000 40999999 0.702350
hs4 41000000 41999999 0.513666
hs4 42000000 42999999 0.531546
hs4 43000000 43999999 0.129322
hs4 44000000 44999999 0.221600
hs4 45000000 45999999 0.141959
hs4 46000000 46999999 0.607835
hs4 47000000 47999999 0.854729
hs4 48000000 48999999 0.505859
hs4 49000000 49999999 0.000000
hs4 50000000 50999999 0.000000
hs4 51000000 51999999 0.000000
hs4 52000000 52999999 0.161144
hs4 53000000 53999999 0.629210
hs4 54000000 54999999 0.279790
hs4 55000000 55999999 0.192422
hs4 56000000 56999999 0.592984
hs4 57000000 57999999 0.292781
hs4 58000000 58999999 0.000000
hs4 59000000 59999999 0.000000
hs4 60000000 60999999 0.000000
hs4 61000000 61999999 0.000000
hs4 62000000 62999999 0.575331
hs4 63000000 63999999 0.000000
hs4 64000000 64999999 0.130995
hs4 65000000 65999999 0.132124
hs4 66000000 66999999 0.218249
hs4 67000000 67999999 0.000000
hs4 68000000 68999999 0.565226
hs4 69000000 69999999 0.218104
hs4 70000000 70999999 0.282401
hs4 71000000 71999999 0.333329
hs4 72000000 72999999 0.537403
hs4 73000000 73999999 0.404230
hs4 74000000 74999999 0.313915
hs4 75000000 75999999 0.253398
hs4 76000000 76999999 0.346839
hs4 77000000 77999999 0.794563
hs4 78000000 78999999 0.338697
hs4 79000000 79999999 0.719152
hs4 80000000 80999999 0.116976
hs4 81000000 81999999 0.742724
hs4 82000000 82999999 0.291719
hs4 83000000 83999999 0.354666
hs4 84000000 84999999 0.413438
hs4 85000000 85999999 0.263669
hs4 86000000 86999999 0.531461
hs4 87000000 87999999 0.827516
hs4 88000000 88999999 0.508262
hs4 89000000 89999999 0.559238
hs4 90000000 90999999 0.377365
hs4 91000000 91999999 0.792653
hs4 92000000 92999999 0.742393
hs4 93000000 93999999 0.555428
hs4 94000000 94999999 0.913739
hs4 95000000 95999999 0.446198
hs4 96000000 96999999 0.680488
hs4 97000000 97999999 0.000000
hs4 98000000 98999999 0.300951
hs4 99000000 99999999 0.654197
hs4 100000000 100999999 0.396157
hs4 101000000 101999999 0.205345
hs4 102000000 102999999 0.393257
hs4 103000000 103999999 0.618731
hs4 104000000 104999999 0.460648
hs4 105000000 105999999 0.019126
hs4 106000000 106999999 0.483761
hs4 107000000 107999999 0.380476
hs4 108000000 108999999 0.255926
hs4 109000000 109999999 0.429371
hs4 110000000 110999999 0.807855
hs4 111000000 111999999 0.369788
hs4 112000000 112999999 0.000000
hs4 113000000 113999999 0.400159
hs4 114000000 114999999 0.835335
hs4 115000000 115999999 0.189755
hs4 116000000 116999999 0.254482
hs4 117000000 117999999 0.000044
hs4 118000000 118999999 0.002028
hs4 119000000 119999999 0.473708
hs4 120000000 120999999 0.454675
hs4 121000000 121999999 0.172060
hs4 122000000 122999999 0.333427
hs4 123000000 123999999 0.387463
hs4 124000000 124999999 0.679114
hs4 125000000 125999999 0.119652
hs4 126000000 126999999 0.176522
hs4 127000000 127999999 0.000000
hs4 128000000 128999999 0.178817
hs4 129000000 129999999 0.351639
hs4 130000000 130999999 0.244460
hs4 131000000 131999999 0.000000
hs4 132000000 132999999 0.000000
hs4 133000000 133999999 0.000000
hs4 134000000 134999999 0.042264
hs4 135000000 135999999 0.005416
hs4 136000000 136999999 0.000000
hs4 137000000 137999999 0.000000
hs4 138000000 138999999 0.013559
hs4 139000000 139999999 0.078257
hs4 140000000 140999999 0.481950
hs4 141000000 141999999 0.633223
hs4 142000000 142999999 0.378555
hs4 143000000 143999999 0.818424
hs4 144000000 144999999 0.340017
hs4 145000000 145999999 0.182099
hs4 146000000 146999999 0.449896
hs4 147000000 147999999 0.517378
hs4 148000000 148999999 0.341506
hs4 149000000 149999999 0.577136
hs4 150000000 150999999 0.000000
hs4 151000000 151999999 0.776253
hs4 152000000 152999999 0.626713
hs4 153000000 153999999 0.357498
hs4 154000000 154999999 0.597957
hs4 155000000 155999999 0.353938
hs4 156000000 156999999 0.191441
hs4 157000000 157999999 0.151148
hs4 158000000 158999999 0.357111
hs4 159000000 159999999 0.370312
hs4 160000000 160999999 0.281361
hs4 161000000 161999999 0.000000
hs4 162000000 162999999 0.475502
hs4 163000000 163999999 0.304637
hs4 164000000 164999999 0.420768
hs4 165000000 165999999 0.524564
hs4 166000000 166999999 0.324680
hs4 167000000 167999999 0.339475
hs4 168000000 168999999 0.392317
hs4 169000000 169999999 0.666668
hs4 170000000 170999999 0.633810
hs4 171000000 171999999 0.069684
hs4 172000000 172999999 0.028851
hs4 173000000 173999999 1.000000
hs4 174000000 174999999 0.390142
hs4 175000000 175999999 0.317286
hs4 176000000 176999999 0.268742
hs4 177000000 177999999 0.600483
hs4 178000000 178999999 0.177927
hs4 179000000 179999999 0.148898
hs4 180000000 180999999 0.000000
hs4 181000000 181999999 0.000000
hs4 182000000 182999999 0.000000
hs4 183000000 183999999 0.484640
hs4 184000000 184999999 0.340002
hs4 185000000 185999999 0.506889
hs4 186000000 186999999 0.589419
hs4 187000000 187999999 0.393035
hs4 188000000 188999999 0.000000
hs4 189000000 189999999 0.031312
hs4 190000000 190999999 0.000000
hs4 191000000 191999999 0.088906
hs16 0 999999 0.733905
hs16 1000000 1999999 0.681402
hs16 2000000 2999999 0.711781
hs16 3000000 3999999 0.570601
hs16 4000000 4999999 0.771261
hs16 5000000 5999999 0.069300
hs16 6000000 6999999 0.990868
hs16 7000000 7999999 0.703342
hs16 8000000 8999999 0.278719
hs16 9000000 9999999 0.273253
hs16 10000000 10999999 0.551644
hs16 11000000 11999999 0.440652
hs16 12000000 12999999 0.817849
hs16 13000000 13999999 0.273967
hs16 14000000 14999999 0.551668
hs16 15000000 15999999 0.616979
hs16 16000000 16999999 0.299327
hs16 17000000 17999999 0.368559
hs16 18000000 18999999 0.339270
hs16 19000000 19999999 0.629822
hs16 20000000 20999999 0.583283
hs16 21000000 21999999 0.576011
hs16 22000000 22999999 0.467197
hs16 23000000 23999999 0.711227
hs16 24000000 24999999 0.537431
hs16 25000000 25999999 0.489164
hs16 26000000 26999999 0.058780
hs16 27000000 27999999 0.756855
hs16 28000000 28999999 0.452190
hs16 29000000 29999999 0.404557
hs16 30000000 30999999 0.544844
hs16 31000000 31999999 0.358034
hs16 32000000 32999999 0.016180
hs16 33000000 33999999 0.014564
hs16 34000000 34999999 0.032445
hs16 35000000 35999999 0.000000
hs16 36000000 36999999 0.000000
hs16 37000000 37999999 0.000000
hs16 38000000 38999999 0.000000
hs16 39000000 39999999 0.000000
hs16 40000000 40999999 0.000000
hs16 41000000 41999999 0.000000
hs16 42000000 42999999 0.000000
hs16 43000000 43999999 0.000000
hs16 44000000 44999999 0.000000
hs16 45000000 45999999 0.634977
hs16 46000000 46999999 0.558793
hs16 47000000 47999999 0.100911
hs16 48000000 48999999 0.550137
hs16 49000000 49999999 0.212582
hs16 50000000 50999999 0.000000
hs16 51000000 51999999 0.382269
hs16 52000000 52999999 0.586819
hs16 53000000 53999999 0.009489
hs16 54000000 54999999 0.543858
hs16 55000000 55999999 0.619263
hs16 56000000 56999999 0.557819
hs16 57000000 57999999 0.210786
hs16 58000000 58999999 0.001050
hs16 59000000 59999999 0.000000
hs16 60000000 60999999 0.382803
hs16 61000000 61999999 0.000000
hs16 62000000 62999999 0.000000
hs16 63000000 63999999 0.299336
hs16 64000000 64999999 0.205871
hs16 65000000 65999999 0.760292
hs16 66000000 66999999 0.839511
hs16 67000000 67999999 0.716332
hs16 68000000 68999999 0.683594
hs16 69000000 69999999 0.834906
hs16 70000000 70999999 0.504360
hs16 71000000 71999999 0.277174
hs16 72000000 72999999 0.045358
hs16 73000000 73999999 0.724037
hs16 74000000 74999999 0.285941
hs16 75000000 75999999 0.299450
hs16 76000000 76999999 0.556284
hs16 77000000 77999999 0.804066
hs16 78000000 78999999 0.006878
hs16 79000000 79999999 0.740141
hs16 80000000 80999999 0.544755
hs16 81000000 81999999 0.781922
hs16 82000000 82999999 0.720625
hs16 83000000 83999999 0.437023
hs16 84000000 84999999 0.185338
hs16 85000000 85999999 0.113846
hs16 86000000 86999999 0.457797
hs16 87000000 87999999 0.700435
hs16 88000000 88999999 0.550130
hs20 0 999999 0.320857
hs20 1000000 1999999 0.389432
hs20 2000000 2999999 0.583193
hs20 3000000 3999999 0.697293
hs20 4000000 4999999 0.300245
hs20 5000000 5999999 0.412711
hs20 6000000 6999999 0.060868
hs20 7000000 7999999 0.096143
hs20 8000000 8999999 0.754553
hs20 9000000 9999999 0.748727
hs20 10000000 10999999 0.342067
hs20 11000000 11999999 0.035768
hs20 12000000 12999999 0.062374
hs20 13000000 13999999 0.744871
hs20 14000000 14999999 1.013629
hs20 15000000 15999999 0.981842
hs20 16000000 16999999 0.316549
hs20 17000000 17999999 0.554725
hs20 18000000 18999999 0.433080
hs20 19000000 19999999 0.722298
hs20 20000000 20999999 0.612033
hs20 21000000 21999999 0.222540
hs20 22000000 22999999 0.048153
hs20 23000000 23999999 0.131224
hs20 24000000 24999999 0.290623
hs20 25000000 25999999 0.465688
hs20 26000000 26999999 0.026274
hs20 27000000 27999999 0.000000
hs20 28000000 28999999 0.022130
hs20 29000000 29999999 0.357408
hs20 30000000 30999999 0.528305
hs20 31000000 31999999 0.563614
hs20 32000000 32999999 0.675908
hs20 33000000 33999999 0.796621
hs20 34000000 34999999 0.708532
hs20 35000000 35999999 0.573145
hs20 36000000 36999999 0.607371
hs20 37000000 37999999 0.103453
hs20 38000000 38999999 0.003361
hs20 39000000 39999999 0.499202
hs20 40000000 40999999 0.865195
hs20 41000000 41999999 0.441423
hs20 42000000 42999999 0.640433
hs20 43000000 43999999 0.537122
hs20 44000000 44999999 0.479308
hs20 45000000 45999999 0.684479
hs20 46000000 46999999 0.242677
hs20 47000000 47999999 0.642159
hs20 48000000 48999999 0.434492
hs20 49000000 49999999 0.391879
hs20 50000000 50999999 0.107976
hs20 51000000 51999999 0.538843
hs20 52000000 52999999 0.328680
hs20 53000000 53999999 0.000000
hs20 54000000 54999999 0.200043
hs20 55000000 55999999 0.270553
hs20 56000000 56999999 0.423111
hs20 57000000 57999999 0.485459
hs20 58000000 58999999 0.038688
hs20 59000000 59999999 0.701612
hs20 60000000 60999999 0.524212
hs20 61000000 61999999 0.637100
hs20 62000000 62999999 0.278165
hs13 0 999999 0.000000
hs13 1000000 1999999 0.000000
hs13 2000000 2999999 0.000000
hs13 3000000 3999999 0.000000
hs13 4000000 4999999 0.000000
hs13 5000000 5999999 0.000000
hs13 6000000 6999999 0.000000
hs13 7000000 7999999 0.000000
hs13 8000000 8999999 0.000000
hs13 9000000 9999999 0.000000
hs13 10000000 10999999 0.000000
hs13 11000000 11999999 0.000000
hs13 12000000 12999999 0.000000
hs13 13000000 13999999 0.000000
hs13 14000000 14999999 0.000000
hs13 15000000 15999999 0.000000
hs13 16000000 16999999 0.000000
hs13 17000000 17999999 0.000000
hs13 18000000 18999999 0.309251
hs13 19000000 19999999 0.486133
hs13 20000000 20999999 0.555620
hs13 21000000 21999999 0.109783
hs13 22000000 22999999 0.249124
hs13 23000000 23999999 0.524938
hs13 24000000 24999999 0.488659
hs13 25000000 25999999 0.659306
hs13 26000000 26999999 0.280134
hs13 27000000 27999999 0.597028
hs13 28000000 28999999 0.538571
hs13 29000000 29999999 0.299754
hs13 30000000 30999999 0.290124
hs13 31000000 31999999 0.661271
hs13 32000000 32999999 0.434875
hs13 33000000 33999999 0.148491
hs13 34000000 34999999 0.642079
hs13 35000000 35999999 1.117414
hs13 36000000 36999999 0.221248
hs13 37000000 37999999 0.282631
hs13 38000000 38999999 0.450048
hs13 39000000 39999999 0.345269
hs13 40000000 40999999 0.546759
hs13 41000000 41999999 0.626378
hs13 42000000 42999999 0.559816
hs13 43000000 43999999 0.443445
hs13 44000000 44999999 0.451706
hs13 45000000 45999999 0.411262
hs13 46000000 46999999 0.289515
hs13 47000000 47999999 0.367068
hs13 48000000 48999999 0.507699
hs13 49000000 49999999 0.406438
hs13 50000000 50999999 0.435239
hs13 51000000 51999999 0.600672
hs13 52000000 52999999 0.185673
hs13 53000000 53999999 0.000078
hs13 54000000 54999999 0.000000
hs13 55000000 55999999 0.000000
hs13 56000000 56999999 0.075575
hs13 57000000 57999999 0.097278
hs13 58000000 58999999 0.000000
hs13 59000000 59999999 0.629807
hs13 60000000 60999999 0.051852
hs13 61000000 61999999 0.000000
hs13 62000000 62999999 0.000000
hs13 63000000 63999999 0.005135
hs13 64000000 64999999 0.000000
hs13 65000000 65999999 0.225033
hs13 66000000 66999999 0.702470
hs13 67000000 67999999 0.000000
hs13 68000000 68999999 0.228545
hs13 69000000 69999999 0.440443
hs13 70000000 70999999 0.089902
hs13 71000000 71999999 0.339332
hs13 72000000 72999999 0.376197
hs13 73000000 73999999 0.447919
hs13 74000000 74999999 0.202723
hs13 75000000 75999999 0.305572
hs13 76000000 76999999 0.321801
hs13 77000000 77999999 0.255548
hs13 78000000 78999999 0.584998
hs13 79000000 79999999 0.033183
hs13 80000000 80999999 0.000000
hs13 81000000 81999999 0.000000
hs13 82000000 82999999 0.000000
hs13 83000000 83999999 0.420342
hs13 84000000 84999999 0.000000
hs13 85000000 85999999 0.006563
hs13 86000000 86999999 0.000000
hs13 87000000 87999999 0.007002
hs13 88000000 88999999 0.000000
hs13 89000000 89999999 0.000097
hs13 90000000 90999999 0.193945
hs13 91000000 91999999 1.000000
hs13 92000000 92999999 0.640409
hs13 93000000 93999999 0.898366
hs13 94000000 94999999 0.450314
hs13 95000000 95999999 0.925163
hs13 96000000 96999999 0.504027
hs13 97000000 97999999 0.478243
hs13 98000000 98999999 0.640926
hs13 99000000 99999999 0.760967
hs13 100000000 100999999 0.530734
hs13 101000000 101999999 0.847717
hs13 102000000 102999999 0.254613
hs13 103000000 103999999 0.000000
hs13 104000000 104999999 0.025169
hs13 105000000 105999999 0.051581
hs13 106000000 106999999 0.399636
hs13 107000000 107999999 0.381620
hs13 108000000 108999999 0.611857
hs13 109000000 109999999 0.423251
hs13 110000000 110999999 0.366368
hs13 111000000 111999999 0.004109
hs13 112000000 112999999 0.669189
hs13 113000000 113999999 0.549101
hs13 114000000 114999999 0.074836
hs18 0 999999 0.507334
hs18 1000000 1999999 0.091320
hs18 2000000 2999999 0.391704
hs18 3000000 3999999 0.611030
hs18 4000000 4999999 0.000000
hs18 5000000 5999999 0.279136
hs18 6000000 6999999 0.554256
hs18 7000000 7999999 0.551408
hs18 8000000 8999999 0.548423
hs18 9000000 9999999 0.581035
hs18 10000000 10999999 0.400723
hs18 11000000 11999999 0.389550
hs18 12000000 12999999 0.556102
hs18 13000000 13999999 0.684931
hs18 14000000 14999999 0.218716
hs18 15000000 15999999 0.012365
hs18 16000000 16999999 0.162111
hs18 17000000 17999999 0.553513
hs18 18000000 18999999 0.161760
hs18 19000000 19999999 0.847880
hs18 20000000 20999999 0.382171
hs18 21000000 21999999 0.292796
hs18 22000000 22999999 0.728772
hs18 23000000 23999999 0.234361
hs18 24000000 24999999 0.011444
hs18 25000000 25999999 0.000000
hs18 26000000 26999999 0.122835
hs18 27000000 27999999 0.437487
hs18 28000000 28999999 0.565305
hs18 29000000 29999999 0.758483
hs18 30000000 30999999 0.621488
hs18 31000000 31999999 0.328226
hs18 32000000 32999999 0.942180
hs18 33000000 33999999 0.382281
hs18 34000000 34999999 0.000000
hs18 35000000 35999999 0.545073
hs18 36000000 36999999 0.000000
hs18 37000000 37999999 0.166576
hs18 38000000 38999999 0.372467
hs18 39000000 39999999 0.009760
hs18 40000000 40999999 0.388339
hs18 41000000 41999999 0.366244
hs18 42000000 42999999 0.760980
hs18 43000000 43999999 0.111802
hs18 44000000 44999999 0.530844
hs18 45000000 45999999 0.684995
hs18 46000000 46999999 0.448136
hs18 47000000 47999999 0.000000
hs18 48000000 48999999 0.879461
hs18 49000000 49999999 0.381700
hs18 50000000 50999999 0.214870
hs18 51000000 51999999 0.366300
hs18 52000000 52999999 0.417639
hs18 53000000 53999999 0.429292
hs18 54000000 54999999 0.606369
hs18 55000000 55999999 0.342484
hs18 56000000 56999999 0.001439
hs18 57000000 57999999 0.280157
hs18 58000000 58999999 0.564660
hs18 59000000 59999999 0.483768
hs18 60000000 60999999 0.000000
hs18 61000000 61999999 0.130689
hs18 62000000 62999999 0.099897
hs18 63000000 63999999 0.010150
hs18 64000000 64999999 0.381367
hs18 65000000 65999999 0.720059
hs18 66000000 66999999 0.065242
hs18 67000000 67999999 0.000000
hs18 68000000 68999999 0.127835
hs18 69000000 69999999 0.084974
hs18 70000000 70999999 0.622083
hs18 71000000 71999999 0.108940
hs18 72000000 72999999 0.469232
hs18 73000000 73999999 0.020090
hs18 74000000 74999999 0.087536
hs18 75000000 75999999 0.602449
hs18 76000000 76999999 0.120792
hs3 0 999999 0.212449
hs3 1000000 1999999 0.310651
hs3 2000000 2999999 0.882754
hs3 3000000 3999999 0.215766
hs3 4000000 4999999 0.480896
hs3 5000000 5999999 0.092829
hs3 6000000 6999999 0.122199
hs3 7000000 7999999 0.758219
hs3 8000000 8999999 0.502507
hs3 9000000 9999999 0.703135
hs3 10000000 10999999 0.597818
hs3 11000000 11999999 0.678916
hs3 12000000 12999999 0.652994
hs3 13000000 13999999 0.512846
hs3 14000000 14999999 0.572578
hs3 15000000 15999999 0.667195
hs3 16000000 16999999 0.419006
hs3 17000000 17999999 0.692689
hs3 18000000 18999999 0.090988
hs3 19000000 19999999 0.481830
hs3 20000000 20999999 0.170407
hs3 21000000 21999999 0.331287
hs3 22000000 22999999 0.000000
hs3 23000000 23999999 0.536907
hs3 24000000 24999999 0.380945
hs3 25000000 25999999 0.311542
hs3 26000000 26999999 0.087967
hs3 27000000 27999999 0.243750
hs3 28000000 28999999 0.239561
hs3 29000000 29999999 0.702194
hs3 30000000 30999999 0.282995
hs3 31000000 31999999 0.425824
hs3 32000000 32999999 0.497892
hs3 33000000 33999999 0.665108
hs3 34000000 34999999 0.000000
hs3 35000000 35999999 0.152226
hs3 36000000 36999999 0.313083
hs3 37000000 37999999 0.837259
hs3 38000000 38999999 0.698188
hs3 39000000 39999999 0.382636
hs3 40000000 40999999 0.365522
hs3 41000000 41999999 0.756571
hs3 42000000 42999999 0.474486
hs3 43000000 43999999 0.453268
hs3 44000000 44999999 0.509548
hs3 45000000 45999999 0.554212
hs3 46000000 46999999 0.306725
hs3 47000000 47999999 0.879859
hs3 48000000 48999999 0.680262
hs3 49000000 49999999 0.807527
hs3 50000000 50999999 0.798424
hs3 51000000 51999999 0.734865
hs3 52000000 52999999 0.778702
hs3 53000000 53999999 0.703943
hs3 54000000 54999999 0.885694
hs3 55000000 55999999 0.590099
hs3 56000000 56999999 0.868588
hs3 57000000 57999999 0.755625
hs3 58000000 58999999 0.710807
hs3 59000000 59999999 0.300681
hs3 60000000 60999999 1.000000
hs3 61000000 61999999 0.689892
hs3 62000000 62999999 0.751662
hs3 63000000 63999999 0.584727
hs3 64000000 64999999 0.303642
hs3 65000000 65999999 0.684605
hs3 66000000 66999999 0.539341
hs3 67000000 67999999 0.307060
hs3 68000000 68999999 0.677713
hs3 69000000 69999999 0.542834
hs3 70000000 70999999 0.100179
hs3 71000000 71999999 0.718693
hs3 72000000 72999999 0.171199
hs3 73000000 73999999 0.400118
hs3 74000000 74999999 0.258623
hs3 75000000 75999999 0.064770
hs3 76000000 76999999 0.000000
hs3 77000000 77999999 0.607371
hs3 78000000 78999999 0.270923
hs3 79000000 79999999 0.899750
hs3 80000000 80999999 0.000000
hs3 81000000 81999999 0.272102
hs3 82000000 82999999 0.000000
hs3 83000000 83999999 0.000000
hs3 84000000 84999999 0.000000
hs3 85000000 85999999 0.909178
hs3 86000000 86999999 0.206268
hs3 87000000 87999999 0.098379
hs3 88000000 88999999 0.032019
hs3 89000000 89999999 0.374612
hs3 90000000 90999999 0.000000
hs3 91000000 91999999 0.000000
hs3 92000000 92999999 0.000000
hs3 93000000 93999999 0.000000
hs3 94000000 94999999 0.000000
hs3 95000000 95999999 0.259508
hs3 96000000 96999999 0.053063
hs3 97000000 97999999 0.000000
hs3 98000000 98999999 0.968079
hs3 99000000 99999999 0.243521
hs3 100000000 100999999 0.260930
hs3 101000000 101999999 1.088393
hs3 102000000 102999999 0.601822
hs3 103000000 103999999 0.164672
hs3 104000000 104999999 0.000000
hs3 105000000 105999999 0.000000
hs3 106000000 106999999 0.350235
hs3 107000000 107999999 0.070578
hs3 108000000 108999999 0.493940
hs3 109000000 109999999 0.576130
hs3 110000000 110999999 0.364467
hs3 111000000 111999999 0.000000
hs3 112000000 112999999 0.364690
hs3 113000000 113999999 0.648122
hs3 114000000 114999999 0.636455
hs3 115000000 115999999 0.791207
hs3 116000000 116999999 0.447003
hs3 117000000 117999999 0.650428
hs3 118000000 118999999 0.000000
hs3 119000000 119999999 0.000000
hs3 120000000 120999999 0.706860
hs3 121000000 121999999 0.609588
hs3 122000000 122999999 0.835610
hs3 123000000 123999999 0.718826
hs3 124000000 124999999 0.815149
hs3 125000000 125999999 0.837046
hs3 126000000 126999999 0.628586
hs3 127000000 127999999 0.546285
hs3 128000000 128999999 0.413430
hs3 129000000 129999999 0.535474
hs3 130000000 130999999 0.583554
hs3 131000000 131999999 0.513937
hs3 132000000 132999999 0.773762
hs3 133000000 133999999 0.657685
hs3 134000000 134999999 0.635740
hs3 135000000 135999999 0.458432
hs3 136000000 136999999 0.461996
hs3 137000000 137999999 0.724196
hs3 138000000 138999999 0.177806
hs3 139000000 139999999 0.619752
hs3 140000000 140999999 0.247131
hs3 141000000 141999999 0.656004
hs3 142000000 142999999 0.476957
hs3 143000000 143999999 0.804014
hs3 144000000 144999999 0.678459
hs3 145000000 145999999 0.070635
hs3 146000000 146999999 0.000000
hs3 147000000 147999999 0.263585
hs3 148000000 148999999 0.027901
hs3 149000000 149999999 0.045134
hs3 150000000 150999999 0.532569
hs3 151000000 151999999 0.343808
hs3 152000000 152999999 0.709667
hs3 153000000 153999999 0.228904
hs3 154000000 154999999 0.027549
hs3 155000000 155999999 0.277349
hs3 156000000 156999999 0.365318
hs3 157000000 157999999 0.568620
hs3 158000000 158999999 0.544060
hs3 159000000 159999999 0.569846
hs3 160000000 160999999 0.749934
hs3 161000000 161999999 0.410313
hs3 162000000 162999999 0.358130
hs3 163000000 163999999 0.000000
hs3 164000000 164999999 0.000000
hs3 165000000 165999999 0.000000
hs3 166000000 166999999 0.136177
hs3 167000000 167999999 0.037948
hs3 168000000 168999999 0.461744
hs3 169000000 169999999 0.661909
hs3 170000000 170999999 0.637513
hs3 171000000 171999999 0.544553
hs3 172000000 172999999 0.652932
hs3 173000000 173999999 0.536567
hs3 174000000 174999999 0.674933
hs3 175000000 175999999 0.483811
hs3 176000000 176999999 0.940196
hs3 177000000 177999999 0.006123
hs3 178000000 178999999 0.176508
hs3 179000000 179999999 0.263083
hs3 180000000 180999999 0.523483
hs3 181000000 181999999 0.310959
hs3 182000000 182999999 0.203890
hs3 183000000 183999999 0.006016
hs3 184000000 184999999 0.773865
hs3 185000000 185999999 0.408690
hs3 186000000 186999999 0.758385
hs3 187000000 187999999 0.449278
hs3 188000000 188999999 0.302763
hs3 189000000 189999999 0.647911
hs3 190000000 190999999 0.410754
hs3 191000000 191999999 0.468948
hs3 192000000 192999999 0.180916
hs3 193000000 193999999 0.588406
hs3 194000000 194999999 0.511752
hs3 195000000 195999999 0.191465
hs3 196000000 196999999 0.504149
hs3 197000000 197999999 0.509260
hs3 198000000 198999999 0.615087
hs3 199000000 199999999 0.292080
hs9 0 999999 0.718256
hs9 1000000 1999999 0.007209
hs9 2000000 2999999 0.349907
hs9 3000000 3999999 0.489814
hs9 4000000 4999999 0.608566
hs9 5000000 5999999 0.616457
hs9 6000000 6999999 0.520752
hs9 7000000 7999999 0.168958
hs9 8000000 8999999 0.695754
hs9 9000000 9999999 1.000000
hs9 10000000 10999999 0.602724
hs9 11000000 11999999 0.000000
hs9 12000000 12999999 0.064931
hs9 13000000 13999999 0.144664
hs9 14000000 14999999 0.510504
hs9 15000000 15999999 0.650829
hs9 16000000 16999999 0.461287
hs9 17000000 17999999 0.587050
hs9 18000000 18999999 0.518953
hs9 19000000 19999999 0.488449
hs9 20000000 20999999 0.618916
hs9 21000000 21999999 0.259142
hs9 22000000 22999999 0.116726
hs9 23000000 23999999 0.135960
hs9 24000000 24999999 0.000000
hs9 25000000 25999999 0.002471
hs9 26000000 26999999 0.171759
hs9 27000000 27999999 0.519156
hs9 28000000 28999999 0.709461
hs9 29000000 29999999 0.000000
hs9 30000000 30999999 0.000000
hs9 31000000 31999999 0.000000
hs9 32000000 32999999 0.209940
hs9 33000000 33999999 0.797624
hs9 34000000 34999999 0.531942
hs9 35000000 35999999 0.612030
hs9 36000000 36999999 0.541505
hs9 37000000 37999999 0.704626
hs9 38000000 38999999 0.131814
hs9 39000000 39999999 0.271656
hs9 40000000 40999999 0.034117
hs9 41000000 41999999 0.102969
hs9 42000000 42999999 0.143111
hs9 43000000 43999999 0.103520
hs9 44000000 44999999 0.062185
hs9 45000000 45999999 0.001255
hs9 46000000 46999999 0.060798
hs9 47000000 47999999 0.000000
hs9 48000000 48999999 0.000000
hs9 49000000 49999999 0.000000
hs9 50000000 50999999 0.000000
hs9 51000000 51999999 0.000000
hs9 52000000 52999999 0.000000
hs9 53000000 53999999 0.000000
hs9 54000000 54999999 0.000000
hs9 55000000 55999999 0.000000
hs9 56000000 56999999 0.000000
hs9 57000000 57999999 0.000000
hs9 58000000 58999999 0.000000
hs9 59000000 59999999 0.000000
hs9 60000000 60999999 0.000000
hs9 61000000 61999999 0.000000
hs9 62000000 62999999 0.000000
hs9 63000000 63999999 0.000000
hs9 64000000 64999999 0.000000
hs9 65000000 65999999 0.026725
hs9 66000000 66999999 0.048678
hs9 67000000 67999999 0.087876
hs9 68000000 68999999 0.191944
hs9 69000000 69999999 0.125678
hs9 70000000 70999999 0.689885
hs9 71000000 71999999 0.660200
hs9 72000000 72999999 0.744345
hs9 73000000 73999999 0.251366
hs9 74000000 74999999 0.456249
hs9 75000000 75999999 0.000000
hs9 76000000 76999999 0.492949
hs9 77000000 77999999 0.302780
hs9 78000000 78999999 0.414315
hs9 79000000 79999999 0.758461
hs9 80000000 80999999 0.063946
hs9 81000000 81999999 0.154780
hs9 82000000 82999999 0.000000
hs9 83000000 83999999 0.131141
hs9 84000000 84999999 0.080728
hs9 85000000 85999999 0.578029
hs9 86000000 86999999 0.445364
hs9 87000000 87999999 0.387591
hs9 88000000 88999999 0.164667
hs9 89000000 89999999 0.258615
hs9 90000000 90999999 0.320480
hs9 91000000 91999999 0.247085
hs9 92000000 92999999 0.129827
hs9 93000000 93999999 0.498697
hs9 94000000 94999999 0.828987
hs9 95000000 95999999 0.458193
hs9 96000000 96999999 0.672381
hs9 97000000 97999999 0.358936
hs9 98000000 98999999 0.493966
hs9 99000000 99999999 0.647844
hs9 100000000 100999999 0.760719
hs9 101000000 101999999 0.345355
hs9 102000000 102999999 0.461210
hs9 103000000 103999999 0.401485
hs9 104000000 104999999 0.023179
hs9 105000000 105999999 0.047161
hs9 106000000 106999999 0.180690
hs9 107000000 107999999 0.412085
hs9 108000000 108999999 0.148420
hs9 109000000 109999999 0.053844
hs9 110000000 110999999 0.307930
hs9 111000000 111999999 1.072186
hs9 112000000 112999999 0.566472
hs9 113000000 113999999 0.565938
hs9 114000000 114999999 0.638117
hs9 115000000 115999999 0.581464
hs9 116000000 116999999 0.527823
hs9 117000000 117999999 0.285689
hs9 118000000 118999999 0.991235
hs9 119000000 119999999 0.230445
hs9 120000000 120999999 0.031272
hs9 121000000 121999999 0.171561
hs9 122000000 122999999 0.638014
hs9 123000000 123999999 1.071960
hs9 124000000 124999999 0.482697
hs9 125000000 125999999 0.665383
hs9 126000000 126999999 0.825302
hs9 127000000 127999999 0.633215
hs9 128000000 128999999 0.643745
hs9 129000000 129999999 0.711844
hs9 130000000 130999999 0.761016
hs9 131000000 131999999 0.440486
hs9 132000000 132999999 0.517262
hs9 133000000 133999999 0.616286
hs9 134000000 134999999 0.782273
hs9 135000000 135999999 0.630977
hs9 136000000 136999999 0.347280
hs9 137000000 137999999 0.320403
hs9 138000000 138999999 0.521719
hs9 139000000 139999999 0.819099
hs9 140000000 140999999 0.193755
hs15 0 999999 0.000000
hs15 1000000 1999999 0.000000
hs15 2000000 2999999 0.000000
hs15 3000000 3999999 0.000000
hs15 4000000 4999999 0.000000
hs15 5000000 5999999 0.000000
hs15 6000000 6999999 0.000000
hs15 7000000 7999999 0.000000
hs15 8000000 8999999 0.000000
hs15 9000000 9999999 0.000000
hs15 10000000 10999999 0.000000
hs15 11000000 11999999 0.000000
hs15 12000000 12999999 0.000000
hs15 13000000 13999999 0.000000
hs15 14000000 14999999 0.000000
hs15 15000000 15999999 0.000000
hs15 16000000 16999999 0.000000
hs15 17000000 17999999 0.000000
hs15 18000000 18999999 0.002893
hs15 19000000 19999999 0.257930
hs15 20000000 20999999 0.385416
hs15 21000000 21999999 0.014038
hs15 22000000 22999999 0.236415
hs15 23000000 23999999 0.316206
hs15 24000000 24999999 0.545206
hs15 25000000 25999999 0.778353
hs15 26000000 26999999 0.301979
hs15 27000000 27999999 0.771164
hs15 28000000 28999999 0.220374
hs15 29000000 29999999 0.398987
hs15 30000000 30999999 0.446603
hs15 31000000 31999999 0.756787
hs15 32000000 32999999 0.629656
hs15 33000000 33999999 0.235175
hs15 34000000 34999999 0.301615
hs15 35000000 35999999 0.180793
hs15 36000000 36999999 0.231454
hs15 37000000 37999999 0.323142
hs15 38000000 38999999 0.587510
hs15 39000000 39999999 0.753716
hs15 40000000 40999999 0.822137
hs15 41000000 41999999 0.770743
hs15 42000000 42999999 0.677621
hs15 43000000 43999999 0.410923
hs15 44000000 44999999 0.415384
hs15 45000000 45999999 0.093624
hs15 46000000 46999999 0.591357
hs15 47000000 47999999 0.748071
hs15 48000000 48999999 0.687430
hs15 49000000 49999999 0.723961
hs15 50000000 50999999 0.631633
hs15 51000000 51999999 0.245923
hs15 52000000 52999999 0.615707
hs15 53000000 53999999 0.550200
hs15 54000000 54999999 0.480342
hs15 55000000 55999999 0.686122
hs15 56000000 56999999 0.580386
hs15 57000000 57999999 0.520388
hs15 58000000 58999999 0.544322
hs15 59000000 59999999 0.376914
hs15 60000000 60999999 0.350806
hs15 61000000 61999999 0.552808
hs15 62000000 62999999 0.766212
hs15 63000000 63999999 0.683743
hs15 64000000 64999999 0.653275
hs15 65000000 65999999 0.708840
hs15 66000000 66999999 0.510185
hs15 67000000 67999999 0.432466
hs15 68000000 68999999 0.220417
hs15 69000000 69999999 0.878976
hs15 70000000 70999999 0.625637
hs15 71000000 71999999 0.549901
hs15 72000000 72999999 0.561717
hs15 73000000 73999999 0.498310
hs15 74000000 74999999 0.867322
hs15 75000000 75999999 0.356851
hs15 76000000 76999999 0.508265
hs15 77000000 77999999 0.295080
hs15 78000000 78999999 0.522895
hs15 79000000 79999999 0.232158
hs15 80000000 80999999 0.549219
hs15 81000000 81999999 0.628375
hs15 82000000 82999999 0.597372
hs15 83000000 83999999 0.657768
hs15 84000000 84999999 0.643062
hs15 85000000 85999999 0.376047
hs15 86000000 86999999 0.460645
hs15 87000000 87999999 0.467340
hs15 88000000 88999999 0.598726
hs15 89000000 89999999 0.430395
hs15 90000000 90999999 0.465756
hs15 91000000 91999999 0.173532
hs15 92000000 92999999 0.185752
hs15 93000000 93999999 0.074754
hs15 94000000 94999999 0.014383
hs15 95000000 95999999 0.002168
hs15 96000000 96999999 0.222174
hs15 97000000 97999999 0.709565
hs15 98000000 98999999 0.690765
hs15 99000000 99999999 0.480038
hs15 100000000 100999999 0.104161
hs5 0 999999 0.547600
hs5 1000000 1999999 0.400351
hs5 2000000 2999999 0.008741
hs5 3000000 3999999 0.005351
hs5 4000000 4999999 0.000000
hs5 5000000 5999999 0.283143
hs5 6000000 6999999 0.196182
hs5 7000000 7999999 0.495473
hs5 8000000 8999999 0.000000
hs5 9000000 9999999 0.775052
hs5 10000000 10999999 0.350599
hs5 11000000 11999999 0.932160
hs5 12000000 12999999 0.230328
hs5 13000000 13999999 0.254154
hs5 14000000 14999999 0.602068
hs5 15000000 15999999 0.439597
hs5 16000000 16999999 0.545037
hs5 17000000 17999999 0.146591
hs5 18000000 18999999 0.000000
hs5 19000000 19999999 0.491087
hs5 20000000 20999999 0.024111
hs5 21000000 21999999 0.343162
hs5 22000000 22999999 0.899409
hs5 23000000 23999999 0.020984
hs5 24000000 24999999 0.157703
hs5 25000000 25999999 0.000000
hs5 26000000 26999999 0.083535
hs5 27000000 27999999 0.074447
hs5 28000000 28999999 0.000000
hs5 29000000 29999999 0.000000
hs5 30000000 30999999 0.000000
hs5 31000000 31999999 0.451132
hs5 32000000 32999999 0.469843
hs5 33000000 33999999 0.414196
hs5 34000000 34999999 0.353364
hs5 35000000 35999999 0.487227
hs5 36000000 36999999 0.421291
hs5 37000000 37999999 0.721534
hs5 38000000 38999999 0.443499
hs5 39000000 39999999 0.358407
hs5 40000000 40999999 0.169754
hs5 41000000 41999999 0.589299
hs5 42000000 42999999 0.355567
hs5 43000000 43999999 0.404257
hs5 44000000 44999999 0.090280
hs5 45000000 45999999 0.436870
hs5 46000000 46999999 0.000000
hs5 47000000 47999999 0.000000
hs5 48000000 48999999 0.000000
hs5 49000000 49999999 0.047714
hs5 50000000 50999999 0.189720
hs5 51000000 51999999 0.000000
hs5 52000000 52999999 0.410281
hs5 53000000 53999999 0.470410
hs5 54000000 54999999 0.423096
hs5 55000000 55999999 0.376452
hs5 56000000 56999999 0.223408
hs5 57000000 57999999 0.096267
hs5 58000000 58999999 0.882542
hs5 59000000 59999999 0.951133
hs5 60000000 60999999 0.652672
hs5 61000000 61999999 0.352279
hs5 62000000 62999999 0.001975
hs5 63000000 63999999 0.313968
hs5 64000000 64999999 0.809599
hs5 65000000 65999999 0.424722
hs5 66000000 66999999 0.515694
hs5 67000000 67999999 0.075189
hs5 68000000 68999999 0.784677
hs5 69000000 69999999 1.249503
hs5 70000000 70999999 0.675338
hs5 71000000 71999999 0.308017
hs5 72000000 72999999 0.326812
hs5 73000000 73999999 0.287591
hs5 74000000 74999999 0.606830
hs5 75000000 75999999 0.558435
hs5 76000000 76999999 0.558305
hs5 77000000 77999999 0.661409
hs5 78000000 78999999 0.609238
hs5 79000000 79999999 0.523080
hs5 80000000 80999999 0.831046
hs5 81000000 81999999 0.384279
hs5 82000000 82999999 0.441863
hs5 83000000 83999999 0.495140
hs5 84000000 84999999 0.000000
hs5 85000000 85999999 0.017903
hs5 86000000 86999999 0.142340
hs5 87000000 87999999 0.201379
hs5 88000000 88999999 0.202189
hs5 89000000 89999999 0.195919
hs5 90000000 90999999 0.550768
hs5 91000000 91999999 0.000000
hs5 92000000 92999999 0.203592
hs5 93000000 93999999 0.962135
hs5 94000000 94999999 0.836269
hs5 95000000 95999999 0.237212
hs5 96000000 96999999 0.370744
hs5 97000000 97999999 0.000000
hs5 98000000 98999999 0.098531
hs5 99000000 99999999 0.060068
hs5 100000000 100999999 0.096349
hs5 101000000 101999999 0.189633
hs5 102000000 102999999 0.306932
hs5 103000000 103999999 0.000000
hs5 104000000 104999999 0.000625
hs5 105000000 105999999 0.000000
hs5 106000000 106999999 0.259512
hs5 107000000 107999999 0.557557
hs5 108000000 108999999 0.515119
hs5 109000000 109999999 0.573400
hs5 110000000 110999999 0.433555
hs5 111000000 111999999 0.507831
hs5 112000000 112999999 0.786328
hs5 113000000 113999999 0.134183
hs5 114000000 114999999 0.245672
hs5 115000000 115999999 0.502497
hs5 116000000 116999999 0.000000
hs5 117000000 117999999 0.000000
hs5 118000000 118999999 0.551430
hs5 119000000 119999999 0.172083
hs5 120000000 120999999 0.050864
hs5 121000000 121999999 0.258712
hs5 122000000 122999999 0.514432
hs5 123000000 123999999 0.000000
hs5 124000000 124999999 0.108197
hs5 125000000 125999999 0.215242
hs5 126000000 126999999 0.461775
hs5 127000000 127999999 0.457170
hs5 128000000 128999999 0.263405
hs5 129000000 129999999 0.384082
hs5 130000000 130999999 0.382638
hs5 131000000 131999999 0.487309
hs5 132000000 132999999 0.705211
hs5 133000000 133999999 0.318246
hs5 134000000 134999999 0.397357
hs5 135000000 135999999 0.326459
hs5 136000000 136999999 0.542946
hs5 137000000 137999999 0.618808
hs5 138000000 138999999 0.670894
hs5 139000000 139999999 0.749586
hs5 140000000 140999999 5.295916
hs5 141000000 141999999 0.242587
hs5 142000000 142999999 0.673693
hs5 143000000 143999999 0.327622
hs5 144000000 144999999 0.000000
hs5 145000000 145999999 0.509408
hs5 146000000 146999999 0.702411
hs5 147000000 147999999 0.531443
hs5 148000000 148999999 0.447465
hs5 149000000 149999999 0.664916
hs5 150000000 150999999 0.493049
hs5 151000000 151999999 0.190844
hs5 152000000 152999999 0.149724
hs5 153000000 153999999 0.487992
hs5 154000000 154999999 0.238591
hs5 155000000 155999999 0.313656
hs5 156000000 156999999 0.571133
hs5 157000000 157999999 0.114925
hs5 158000000 158999999 0.510659
hs5 159000000 159999999 0.492172
hs5 160000000 160999999 0.478341
hs5 161000000 161999999 0.157611
hs5 162000000 162999999 0.061539
hs5 163000000 163999999 0.000000
hs5 164000000 164999999 0.000000
hs5 165000000 165999999 0.000000
hs5 166000000 166999999 0.355580
hs5 167000000 167999999 0.861991
hs5 168000000 168999999 0.659584
hs5 169000000 169999999 0.928513
hs5 170000000 170999999 0.628100
hs5 171000000 171999999 0.496051
hs5 172000000 172999999 0.373932
hs5 173000000 173999999 0.152426
hs5 174000000 174999999 0.059928
hs5 175000000 175999999 0.477010
hs5 176000000 176999999 0.642096
hs5 177000000 177999999 0.586715
hs5 178000000 178999999 0.465362
hs5 179000000 179999999 0.654435
hs5 180000000 180999999 0.193613
hsY 0 999999 0.115123
hsY 1000000 1999999 0.308495
hsY 2000000 2999999 0.490521
hsY 3000000 3999999 0.000958
hsY 4000000 4999999 0.071734
hsY 5000000 5999999 0.670265
hsY 6000000 6999999 0.290584
hsY 7000000 7999999 0.134952
hsY 8000000 8999999 0.035385
hsY 9000000 9999999 0.775056
hsY 10000000 10999999 0.134916
hsY 11000000 11999999 0.000000
hsY 12000000 12999999 0.000000
hsY 13000000 13999999 0.351659
hsY 14000000 14999999 0.107362
hsY 15000000 15999999 0.321362
hsY 16000000 16999999 0.000000
hsY 17000000 17999999 0.000000
hsY 18000000 18999999 0.062918
hsY 19000000 19999999 0.390597
hsY 20000000 20999999 0.108067
hsY 21000000 21999999 0.102375
hsY 22000000 22999999 0.430580
hsY 23000000 23999999 0.470375
hsY 24000000 24999999 0.032696
hsY 25000000 25999999 0.514174
hsY 26000000 26999999 0.032700
hsY 27000000 27999999 0.000000
hsY 28000000 28999999 0.000000
hsY 29000000 29999999 0.000000
hsY 30000000 30999999 0.000000
hsY 31000000 31999999 0.000000
hsY 32000000 32999999 0.000000
hsY 33000000 33999999 0.000000
hsY 34000000 34999999 0.000000
hsY 35000000 35999999 0.000000
hsY 36000000 36999999 0.000000
hsY 37000000 37999999 0.000000
hsY 38000000 38999999 0.000000
hsY 39000000 39999999 0.000000
hsY 40000000 40999999 0.000000
hsY 41000000 41999999 0.000000
hsY 42000000 42999999 0.000000
hsY 43000000 43999999 0.000000
hsY 44000000 44999999 0.000000
hsY 45000000 45999999 0.000000
hsY 46000000 46999999 0.000000
hsY 47000000 47999999 0.000000
hsY 48000000 48999999 0.000000
hsY 49000000 49999999 0.000000
hsY 50000000 50999999 0.000000
hsY 51000000 51999999 0.000000
hsY 52000000 52999999 0.000000
hsY 53000000 53999999 0.000000
hsY 54000000 54999999 0.000000
hsY 55000000 55999999 0.000000
hsY 56000000 56999999 0.000000
hsY 57000000 57999999 0.090397
hs1 0 999999 0.179438
hs1 1000000 1999999 0.720564
hs1 2000000 2999999 0.450171
hs1 3000000 3999999 0.750667
hs1 4000000 4999999 0.141383
hs1 5000000 5999999 0.129663
hs1 6000000 6999999 0.841023
hs1 7000000 7999999 0.879119
hs1 8000000 8999999 0.555059
hs1 9000000 9999999 0.578621
hs1 10000000 10999999 0.732515
hs1 11000000 11999999 0.531155
hs1 12000000 12999999 0.570747
hs1 13000000 13999999 0.276749
hs1 14000000 14999999 0.226361
hs1 15000000 15999999 0.858690
hs1 16000000 16999999 0.564271
hs1 17000000 17999999 0.570122
hs1 18000000 18999999 0.419804
hs1 19000000 19999999 0.646514
hs1 20000000 20999999 0.346692
hs1 21000000 21999999 0.790523
hs1 22000000 22999999 0.448712
hs1 23000000 23999999 0.496293
hs1 24000000 24999999 0.537554
hs1 25000000 25999999 0.527686
hs1 26000000 26999999 0.534801
hs1 27000000 27999999 0.533283
hs1 28000000 28999999 0.681331
hs1 29000000 29999999 0.451728
hs1 30000000 30999999 0.034407
hs1 31000000 31999999 0.500987
hs1 32000000 32999999 0.554530
hs1 33000000 33999999 0.623168
hs1 34000000 34999999 0.465922
hs1 35000000 35999999 0.528267
hs1 36000000 36999999 0.480589
hs1 37000000 37999999 0.423142
hs1 38000000 38999999 0.211192
hs1 39000000 39999999 0.689914
hs1 40000000 40999999 0.512050
hs1 41000000 41999999 0.577793
hs1 42000000 42999999 0.574192
hs1 43000000 43999999 0.460203
hs1 44000000 44999999 0.750747
hs1 45000000 45999999 0.763462
hs1 46000000 46999999 0.648743
hs1 47000000 47999999 0.302562
hs1 48000000 48999999 0.543006
hs1 49000000 49999999 1.015135
hs1 50000000 50999999 0.742465
hs1 51000000 51999999 0.655060
hs1 52000000 52999999 0.741298
hs1 53000000 53999999 0.702530
hs1 54000000 54999999 0.692400
hs1 55000000 55999999 0.292498
hs1 56000000 56999999 0.197782
hs1 57000000 57999999 0.922052
hs1 58000000 58999999 0.597089
hs1 59000000 59999999 0.482983
hs1 60000000 60999999 0.179317
hs1 61000000 61999999 0.449157
hs1 62000000 62999999 0.760025
hs1 63000000 63999999 0.353648
hs1 64000000 64999999 0.684460
hs1 65000000 65999999 0.668301
hs1 66000000 66999999 0.802289
hs1 67000000 67999999 0.557044
hs1 68000000 68999999 0.254870
hs1 69000000 69999999 0.001555
hs1 70000000 70999999 0.607203
hs1 71000000 71999999 0.572105
hs1 72000000 72999999 0.520866
hs1 73000000 73999999 0.000000
hs1 74000000 74999999 0.689657
hs1 75000000 75999999 0.484403
hs1 76000000 76999999 0.697195
hs1 77000000 77999999 0.786954
hs1 78000000 78999999 0.518784
hs1 79000000 79999999 0.117048
hs1 80000000 80999999 0.000000
hs1 81000000 81999999 0.000000
hs1 82000000 82999999 0.192027
hs1 83000000 83999999 0.000000
hs1 84000000 84999999 0.554343
hs1 85000000 85999999 0.671389
hs1 86000000 86999999 0.606540
hs1 87000000 87999999 0.307220
hs1 88000000 88999999 0.077491
hs1 89000000 89999999 0.508966
hs1 90000000 90999999 0.155754
hs1 91000000 91999999 0.366118
hs1 92000000 92999999 0.743102
hs1 93000000 93999999 0.592416
hs1 94000000 94999999 0.342043
hs1 95000000 95999999 0.288702
hs1 96000000 96999999 0.040238
hs1 97000000 97999999 0.737301
hs1 98000000 98999999 0.258126
hs1 99000000 99999999 0.261761
hs1 100000000 100999999 0.553197
hs1 101000000 101999999 0.149116
hs1 102000000 102999999 0.217399
hs1 103000000 103999999 0.326128
hs1 104000000 104999999 0.079600
hs1 105000000 105999999 0.346690
hs1 106000000 106999999 0.000000
hs1 107000000 107999999 0.429186
hs1 108000000 108999999 0.502245
hs1 109000000 109999999 0.717789
hs1 110000000 110999999 0.286079
hs1 111000000 111999999 0.350341
hs1 112000000 112999999 0.567856
hs1 113000000 113999999 0.422718
hs1 114000000 114999999 0.549761
hs1 115000000 115999999 0.354336
hs1 116000000 116999999 0.428333
hs1 117000000 117999999 0.443112
hs1 118000000 118999999 0.328437
hs1 119000000 119999999 0.285681
hs1 120000000 120999999 0.314478
hs1 121000000 121999999 0.015210
hs1 122000000 122999999 0.000000
hs1 123000000 123999999 0.000000
hs1 124000000 124999999 0.000000
hs1 125000000 125999999 0.000000
hs1 126000000 126999999 0.000000
hs1 127000000 127999999 0.000000
hs1 128000000 128999999 0.000000
hs1 129000000 129999999 0.000000
hs1 130000000 130999999 0.000000
hs1 131000000 131999999 0.000000
hs1 132000000 132999999 0.000000
hs1 133000000 133999999 0.000000
hs1 134000000 134999999 0.000000
hs1 135000000 135999999 0.000000
hs1 136000000 136999999 0.000000
hs1 137000000 137999999 0.000000
hs1 138000000 138999999 0.000000
hs1 139000000 139999999 0.000000
hs1 140000000 140999999 0.000000
hs1 141000000 141999999 0.000000
hs1 142000000 142999999 0.079813
hs1 143000000 143999999 0.662692
hs1 144000000 144999999 0.561178
hs1 145000000 145999999 0.369631
hs1 146000000 146999999 0.206053
hs1 147000000 147999999 0.106690
hs1 148000000 148999999 0.589503
hs1 149000000 149999999 0.677401
hs1 150000000 150999999 0.212734
hs1 151000000 151999999 0.204834
hs1 152000000 152999999 0.746092
hs1 153000000 153999999 0.720141
hs1 154000000 154999999 0.636949
hs1 155000000 155999999 0.399861
hs1 156000000 156999999 0.262731
hs1 157000000 157999999 0.183351
hs1 158000000 158999999 0.571381
hs1 159000000 159999999 0.440450
hs1 160000000 160999999 0.763627
hs1 161000000 161999999 0.156412
hs1 162000000 162999999 0.204575
hs1 163000000 163999999 0.512283
hs1 164000000 164999999 0.203293
hs1 165000000 165999999 0.610662
hs1 166000000 166999999 0.460157
hs1 167000000 167999999 0.498934
hs1 168000000 168999999 0.386212
hs1 169000000 169999999 0.442482
hs1 170000000 170999999 0.724875
hs1 171000000 171999999 0.258266
hs1 172000000 172999999 0.786133
hs1 173000000 173999999 0.753117
hs1 174000000 174999999 0.563621
hs1 175000000 175999999 0.493428
hs1 176000000 176999999 0.484677
hs1 177000000 177999999 0.768732
hs1 178000000 178999999 0.721304
hs1 179000000 179999999 0.513338
hs1 180000000 180999999 0.213370
hs1 181000000 181999999 0.753051
hs1 182000000 182999999 0.595149
hs1 183000000 183999999 0.464968
hs1 184000000 184999999 0.581307
hs1 185000000 185999999 0.160083
hs1 186000000 186999999 0.000000
hs1 187000000 187999999 0.000000
hs1 188000000 188999999 0.379964
hs1 189000000 189999999 0.000000
hs1 190000000 190999999 0.106060
hs1 191000000 191999999 0.229684
hs1 192000000 192999999 0.000000
hs1 193000000 193999999 0.000000
hs1 194000000 194999999 0.478216
hs1 195000000 195999999 0.711405
hs1 196000000 196999999 0.335277
hs1 197000000 197999999 0.000221
hs1 198000000 198999999 0.274413
hs1 199000000 199999999 0.555909
hs1 200000000 200999999 0.803452
hs1 201000000 201999999 0.422250
hs1 202000000 202999999 0.528920
hs1 203000000 203999999 0.602214
hs1 204000000 204999999 0.485452
hs1 205000000 205999999 0.518028
hs1 206000000 206999999 0.286751
hs1 207000000 207999999 0.125479
hs1 208000000 208999999 0.741087
hs1 209000000 209999999 0.578752
hs1 210000000 210999999 0.479810
hs1 211000000 211999999 0.401314
hs1 212000000 212999999 0.368188
hs1 213000000 213999999 0.611063
hs1 214000000 214999999 0.920152
hs1 215000000 215999999 0.706981
hs1 216000000 216999999 0.258376
hs1 217000000 217999999 0.039017
hs1 218000000 218999999 0.461729
hs1 219000000 219999999 0.104649
hs1 220000000 220999999 0.185504
hs1 221000000 221999999 0.439465
hs1 222000000 222999999 0.449910
hs1 223000000 223999999 0.663272
hs1 224000000 224999999 0.466780
hs1 225000000 225999999 0.520769
hs1 226000000 226999999 0.426160
hs1 227000000 227999999 0.235614
hs1 228000000 228999999 0.384768
hs1 229000000 229999999 0.825757
hs1 230000000 230999999 0.608707
hs1 231000000 231999999 0.460778
hs1 232000000 232999999 0.522999
hs1 233000000 233999999 0.578132
hs1 234000000 234999999 0.572950
hs1 235000000 235999999 0.836378
hs1 236000000 236999999 0.143916
hs1 237000000 237999999 0.141005
hs1 238000000 238999999 0.645238
hs1 239000000 239999999 0.839197
hs1 240000000 240999999 0.513127
hs1 241000000 241999999 0.702330
hs1 242000000 242999999 0.394448
hs1 243000000 243999999 0.754493
hs1 244000000 244999999 0.909276
hs1 245000000 245999999 0.291361
hs1 246000000 246999999 0.217729
hs1 247000000 247999999 0.048664
hs19 0 999999 0.514572
hs19 1000000 1999999 0.617192
hs19 2000000 2999999 0.711106
hs19 3000000 3999999 0.692071
hs19 4000000 4999999 0.669556
hs19 5000000 5999999 0.599824
hs19 6000000 6999999 0.582498
hs19 7000000 7999999 0.566647
hs19 8000000 8999999 0.529000
hs19 9000000 9999999 0.424335
hs19 10000000 10999999 0.723385
hs19 11000000 11999999 0.603562
hs19 12000000 12999999 0.550618
hs19 13000000 13999999 0.614110
hs19 14000000 14999999 0.482729
hs19 15000000 15999999 0.399368
hs19 16000000 16999999 0.731099
hs19 17000000 17999999 0.693845
hs19 18000000 18999999 0.691793
hs19 19000000 19999999 0.752001
hs19 20000000 20999999 0.222298
hs19 21000000 21999999 0.374845
hs19 22000000 22999999 0.134869
hs19 23000000 23999999 0.156887
hs19 24000000 24999999 0.043936
hs19 25000000 25999999 0.000000
hs19 26000000 26999999 0.000000
hs19 27000000 27999999 0.000000
hs19 28000000 28999999 0.000000
hs19 29000000 29999999 0.000000
hs19 30000000 30999999 0.000000
hs19 31000000 31999999 0.000000
hs19 32000000 32999999 0.003448
hs19 33000000 33999999 0.000000
hs19 34000000 34999999 0.090698
hs19 35000000 35999999 0.265889
hs19 36000000 36999999 0.074869
hs19 37000000 37999999 0.302396
hs19 38000000 38999999 0.667167
hs19 39000000 39999999 0.312570
hs19 40000000 40999999 0.443208
hs19 41000000 41999999 0.524480
hs19 42000000 42999999 0.602481
hs19 43000000 43999999 0.792632
hs19 44000000 44999999 0.414416
hs19 45000000 45999999 0.668581
hs19 46000000 46999999 0.397159
hs19 47000000 47999999 0.458233
hs19 48000000 48999999 0.399797
hs19 49000000 49999999 0.497357
hs19 50000000 50999999 0.639098
hs19 51000000 51999999 0.399297
hs19 52000000 52999999 0.612404
hs19 53000000 53999999 0.691938
hs19 54000000 54999999 0.708059
hs19 55000000 55999999 0.646925
hs19 56000000 56999999 0.376200
hs19 57000000 57999999 0.646281
hs19 58000000 58999999 0.449667
hs19 59000000 59999999 0.543071
hs19 60000000 60999999 0.614766
hs19 61000000 61999999 0.494019
hs19 62000000 62999999 0.410031
hs19 63000000 63999999 0.449023
hs2 0 999999 0.148783
hs2 1000000 1999999 0.820400
hs2 2000000 2999999 0.321931
hs2 3000000 3999999 0.423266
hs2 4000000 4999999 0.000000
hs2 5000000 5999999 0.018451
hs2 6000000 6999999 0.107141
hs2 7000000 7999999 0.121753
hs2 8000000 8999999 0.231488
hs2 9000000 9999999 0.545850
hs2 10000000 10999999 0.511927
hs2 11000000 11999999 0.423426
hs2 12000000 12999999 0.025862
hs2 13000000 13999999 0.000000
hs2 14000000 14999999 0.007358
hs2 15000000 15999999 0.437575
hs2 16000000 16999999 0.120985
hs2 17000000 17999999 0.299964
hs2 18000000 18999999 0.032675
hs2 19000000 19999999 0.038851
hs2 20000000 20999999 0.375229
hs2 21000000 21999999 0.042646
hs2 22000000 22999999 0.000000
hs2 23000000 23999999 0.498147
hs2 24000000 24999999 0.670440
hs2 25000000 25999999 0.698346
hs2 26000000 26999999 0.737320
hs2 27000000 27999999 0.707222
hs2 28000000 28999999 0.725236
hs2 29000000 29999999 0.905333
hs2 30000000 30999999 0.336964
hs2 31000000 31999999 0.484360
hs2 32000000 32999999 0.875913
hs2 33000000 33999999 0.633161
hs2 34000000 34999999 0.000000
hs2 35000000 35999999 0.000000
hs2 36000000 36999999 0.429945
hs2 37000000 37999999 0.405197
hs2 38000000 38999999 0.488834
hs2 39000000 39999999 0.530527
hs2 40000000 40999999 0.400291
hs2 41000000 41999999 0.000000
hs2 42000000 42999999 0.404473
hs2 43000000 43999999 0.637879
hs2 44000000 44999999 0.642701
hs2 45000000 45999999 0.498468
hs2 46000000 46999999 0.569731
hs2 47000000 47999999 0.512620
hs2 48000000 48999999 0.452427
hs2 49000000 49999999 0.193225
hs2 50000000 50999999 1.000000
hs2 51000000 51999999 0.113179
hs2 52000000 52999999 0.000000
hs2 53000000 53999999 0.408839
hs2 54000000 54999999 0.685350
hs2 55000000 55999999 0.569868
hs2 56000000 56999999 0.206793
hs2 57000000 57999999 0.000000
hs2 58000000 58999999 0.195467
hs2 59000000 59999999 0.000000
hs2 60000000 60999999 0.182795
hs2 61000000 61999999 0.625103
hs2 62000000 62999999 0.497077
hs2 63000000 63999999 0.701959
hs2 64000000 64999999 0.249699
hs2 65000000 65999999 0.274748
hs2 66000000 66999999 0.137361
hs2 67000000 67999999 0.013093
hs2 68000000 68999999 0.433436
hs2 69000000 69999999 0.695230
hs2 70000000 70999999 0.413218
hs2 71000000 71999999 0.497276
hs2 72000000 72999999 0.672001
hs2 73000000 73999999 0.634790
hs2 74000000 74999999 0.588515
hs2 75000000 75999999 0.305255
hs2 76000000 76999999 0.171635
hs2 77000000 77999999 0.603011
hs2 78000000 78999999 0.000121
hs2 79000000 79999999 0.420880
hs2 80000000 80999999 0.731984
hs2 81000000 81999999 0.000000
hs2 82000000 82999999 0.000968
hs2 83000000 83999999 0.000000
hs2 84000000 84999999 0.401093
hs2 85000000 85999999 0.524716
hs2 86000000 86999999 0.576968
hs2 87000000 87999999 0.577295
hs2 88000000 88999999 0.341923
hs2 89000000 89999999 0.000000
hs2 90000000 90999999 0.000000
hs2 91000000 91999999 0.031392
hs2 92000000 92999999 0.000000
hs2 93000000 93999999 0.000000
hs2 94000000 94999999 0.101487
hs2 95000000 95999999 0.225323
hs2 96000000 96999999 0.527898
hs2 97000000 97999999 0.525282
hs2 98000000 98999999 0.717714
hs2 99000000 99999999 0.853312
hs2 100000000 100999999 0.428703
hs2 101000000 101999999 0.525958
hs2 102000000 102999999 0.427701
hs2 103000000 103999999 0.000000
hs2 104000000 104999999 0.079915
hs2 105000000 105999999 0.361405
hs2 106000000 106999999 0.267793
hs2 107000000 107999999 0.096128
hs2 108000000 108999999 0.456554
hs2 109000000 109999999 0.779228
hs2 110000000 110999999 0.545350
hs2 111000000 111999999 0.682863
hs2 112000000 112999999 0.572539
hs2 113000000 113999999 0.369660
hs2 114000000 114999999 0.248339
hs2 115000000 115999999 1.000000
hs2 116000000 116999999 0.318795
hs2 117000000 117999999 0.000000
hs2 118000000 118999999 0.137801
hs2 119000000 119999999 0.264129
hs2 120000000 120999999 0.550781
hs2 121000000 121999999 0.452155
hs2 122000000 122999999 0.145946
hs2 123000000 123999999 0.000000
hs2 124000000 124999999 0.500667
hs2 125000000 125999999 0.389334
hs2 126000000 126999999 0.000000
hs2 127000000 127999999 0.253252
hs2 128000000 128999999 0.541190
hs2 129000000 129999999 0.000000
hs2 130000000 130999999 0.184768
hs2 131000000 131999999 0.402845
hs2 132000000 132999999 0.277241
hs2 133000000 133999999 1.001534
hs2 134000000 134999999 0.312575
hs2 135000000 135999999 0.799031
hs2 136000000 136999999 0.411496
hs2 137000000 137999999 0.535069
hs2 138000000 138999999 0.228067
hs2 139000000 139999999 0.160211
hs2 140000000 140999999 0.294535
hs2 141000000 141999999 1.000000
hs2 142000000 142999999 0.605741
hs2 143000000 143999999 0.561324
hs2 144000000 144999999 0.764913
hs2 145000000 145999999 0.041216
hs2 146000000 146999999 0.090905
hs2 147000000 147999999 0.003934
hs2 148000000 148999999 0.665695
hs2 149000000 149999999 0.666298
hs2 150000000 150999999 0.056567
hs2 151000000 151999999 0.100400
hs2 152000000 152999999 0.744290
hs2 153000000 153999999 0.323812
hs2 154000000 154999999 0.564801
hs2 155000000 155999999 0.176659
hs2 156000000 156999999 0.008345
hs2 157000000 157999999 0.234172
hs2 158000000 158999999 0.655252
hs2 159000000 159999999 0.697868
hs2 160000000 160999999 0.750967
hs2 161000000 161999999 0.270180
hs2 162000000 162999999 0.659474
hs2 163000000 163999999 0.403487
hs2 164000000 164999999 0.128397
hs2 165000000 165999999 0.612531
hs2 166000000 166999999 0.641642
hs2 167000000 167999999 0.408013
hs2 168000000 168999999 0.345763
hs2 169000000 169999999 0.800699
hs2 170000000 170999999 0.792973
hs2 171000000 171999999 0.665972
hs2 172000000 172999999 0.415385
hs2 173000000 173999999 0.658403
hs2 174000000 174999999 0.316741
hs2 175000000 175999999 0.503226
hs2 176000000 176999999 0.176395
hs2 177000000 177999999 0.189636
hs2 178000000 178999999 0.872872
hs2 179000000 179999999 0.812118
hs2 180000000 180999999 0.481774
hs2 181000000 181999999 0.083040
hs2 182000000 182999999 0.660910
hs2 183000000 183999999 0.363850
hs2 184000000 184999999 0.000000
hs2 185000000 185999999 0.341123
hs2 186000000 186999999 0.094663
hs2 187000000 187999999 0.289367
hs2 188000000 188999999 0.245994
hs2 189000000 189999999 0.411675
hs2 190000000 190999999 0.493663
hs2 191000000 191999999 0.577863
hs2 192000000 192999999 0.268326
hs2 193000000 193999999 0.027056
hs2 194000000 194999999 0.000000
hs2 195000000 195999999 0.000000
hs2 196000000 196999999 0.677816
hs2 197000000 197999999 0.631377
hs2 198000000 198999999 0.596602
hs2 199000000 199999999 0.157532
hs2 200000000 200999999 0.222698
hs2 201000000 201999999 0.814627
hs2 202000000 202999999 0.555764
hs2 203000000 203999999 0.848782
hs2 204000000 204999999 0.169023
hs2 205000000 205999999 0.881240
hs2 206000000 206999999 0.520169
hs2 207000000 207999999 0.421494
hs2 208000000 208999999 0.514885
hs2 209000000 209999999 0.070462
hs2 210000000 210999999 0.766478
hs2 211000000 211999999 0.300572
hs2 212000000 212999999 1.000099
hs2 213000000 213999999 0.406162
hs2 214000000 214999999 0.998766
hs2 215000000 215999999 0.541337
hs2 216000000 216999999 0.370200
hs2 217000000 217999999 0.256779
hs2 218000000 218999999 0.694813
hs2 219000000 219999999 0.659453
hs2 220000000 220999999 0.160033
hs2 221000000 221999999 0.009010
hs2 222000000 222999999 0.253857
hs2 223000000 223999999 0.340607
hs2 224000000 224999999 0.255611
hs2 225000000 225999999 0.418923
hs2 226000000 226999999 0.226979
hs2 227000000 227999999 0.590278
hs2 228000000 228999999 0.403223
hs2 229000000 229999999 0.316782
hs2 230000000 230999999 0.798631
hs2 231000000 231999999 0.567184
hs2 232000000 232999999 0.486734
hs2 233000000 233999999 0.746796
hs2 234000000 234999999 1.020618
hs2 235000000 235999999 0.107741
hs2 236000000 236999999 0.805676
hs2 237000000 237999999 0.197052
hs2 238000000 238999999 0.665933
hs2 239000000 239999999 0.380176
hs2 240000000 240999999 0.082554
hs2 241000000 241999999 0.711595
hs2 242000000 242999999 0.408975
hs8 0 999999 0.223838
hs8 1000000 1999999 0.417184
hs8 2000000 2999999 0.300506
hs8 3000000 3999999 1.000000
hs8 4000000 4999999 0.839737
hs8 5000000 5999999 0.000000
hs8 6000000 6999999 0.411633
hs8 7000000 7999999 0.321426
hs8 8000000 8999999 0.221921
hs8 9000000 9999999 0.295080
hs8 10000000 10999999 0.704043
hs8 11000000 11999999 0.520147
hs8 12000000 12999999 0.312830
hs8 13000000 13999999 0.426504
hs8 14000000 14999999 1.000074
hs8 15000000 15999999 0.364431
hs8 16000000 16999999 0.165140
hs8 17000000 17999999 0.739688
hs8 18000000 18999999 0.549583
hs8 19000000 19999999 0.424100
hs8 20000000 20999999 0.071985
hs8 21000000 21999999 0.247131
hs8 22000000 22999999 0.780376
hs8 23000000 23999999 0.300994
hs8 24000000 24999999 0.161587
hs8 25000000 25999999 0.514411
hs8 26000000 26999999 0.318131
hs8 27000000 27999999 0.612677
hs8 28000000 28999999 0.653425
hs8 29000000 29999999 0.250045
hs8 30000000 30999999 0.513770
hs8 31000000 31999999 0.534466
hs8 32000000 32999999 0.742101
hs8 33000000 33999999 0.160847
hs8 34000000 34999999 0.000000
hs8 35000000 35999999 0.559207
hs8 36000000 36999999 0.151803
hs8 37000000 37999999 0.145351
hs8 38000000 38999999 0.609412
hs8 39000000 39999999 0.755359
hs8 40000000 40999999 0.369063
hs8 41000000 41999999 0.469095
hs8 42000000 42999999 0.564411
hs8 43000000 43999999 0.197123
hs8 44000000 44999999 0.000000
hs8 45000000 45999999 0.000000
hs8 46000000 46999999 0.000000
hs8 47000000 47999999 0.014901
hs8 48000000 48999999 0.627966
hs8 49000000 49999999 0.129481
hs8 50000000 50999999 0.016592
hs8 51000000 51999999 0.867981
hs8 52000000 52999999 0.571467
hs8 53000000 53999999 0.422484
hs8 54000000 54999999 0.227725
hs8 55000000 55999999 0.176977
hs8 56000000 56999999 0.561663
hs8 57000000 57999999 0.177702
hs8 58000000 58999999 0.041129
hs8 59000000 59999999 0.430893
hs8 60000000 60999999 0.194322
hs8 61000000 61999999 0.384735
hs8 62000000 62999999 0.427764
hs8 63000000 63999999 0.675946
hs8 64000000 64999999 0.167984
hs8 65000000 65999999 0.209259
hs8 66000000 66999999 0.221525
hs8 67000000 67999999 0.490405
hs8 68000000 68999999 0.662131
hs8 69000000 69999999 0.660407
hs8 70000000 70999999 0.357021
hs8 71000000 71999999 0.445063
hs8 72000000 72999999 0.249846
hs8 73000000 73999999 0.573257
hs8 74000000 74999999 0.529619
hs8 75000000 75999999 0.203963
hs8 76000000 76999999 0.076810
hs8 77000000 77999999 0.258404
hs8 78000000 78999999 0.020788
hs8 79000000 79999999 0.213621
hs8 80000000 80999999 0.064054
hs8 81000000 81999999 0.514208
hs8 82000000 82999999 0.290297
hs8 83000000 83999999 0.000000
hs8 84000000 84999999 0.000000
hs8 85000000 85999999 0.738627
hs8 86000000 86999999 0.209032
hs8 87000000 87999999 0.523438
hs8 88000000 88999999 0.467397
hs8 89000000 89999999 0.290259
hs8 90000000 90999999 0.050057
hs8 91000000 91999999 0.286344
hs8 92000000 92999999 0.369896
hs8 93000000 93999999 0.171358
hs8 94000000 94999999 0.151787
hs8 95000000 95999999 0.491413
hs8 96000000 96999999 0.103304
hs8 97000000 97999999 0.513269
hs8 98000000 98999999 0.441982
hs8 99000000 99999999 0.685642
hs8 100000000 100999999 0.887709
hs8 101000000 101999999 0.432782
hs8 102000000 102999999 0.453541
hs8 103000000 103999999 0.454099
hs8 104000000 104999999 0.659089
hs8 105000000 105999999 0.538911
hs8 106000000 106999999 0.485620
hs8 107000000 107999999 0.493213
hs8 108000000 108999999 0.267826
hs8 109000000 109999999 0.259790
hs8 110000000 110999999 0.446494
hs8 111000000 111999999 0.007728
hs8 112000000 112999999 0.000000
hs8 113000000 113999999 0.695760
hs8 114000000 114999999 0.518419
hs8 115000000 115999999 0.000000
hs8 116000000 116999999 0.260504
hs8 117000000 117999999 0.148121
hs8 118000000 118999999 0.370972
hs8 119000000 119999999 0.625731
hs8 120000000 120999999 0.364557
hs8 121000000 121999999 0.783364
hs8 122000000 122999999 0.033710
hs8 123000000 123999999 0.136919
hs8 124000000 124999999 0.558171
hs8 125000000 125999999 0.518526
hs8 126000000 126999999 0.389917
hs8 127000000 127999999 0.005781
hs8 128000000 128999999 0.169848
hs8 129000000 129999999 0.182968
hs8 130000000 130999999 0.115797
hs8 131000000 131999999 0.510501
hs8 132000000 132999999 0.136478
hs8 133000000 133999999 0.805784
hs8 134000000 134999999 0.498155
hs8 135000000 135999999 0.238041
hs8 136000000 136999999 0.255721
hs8 137000000 137999999 0.000000
hs8 138000000 138999999 0.000000
hs8 139000000 139999999 0.692561
hs8 140000000 140999999 0.278730
hs8 141000000 141999999 0.910416
hs8 142000000 142999999 0.263373
hs8 143000000 143999999 0.371092
hs8 144000000 144999999 0.386235
hs8 145000000 145999999 0.598464
hs8 146000000 146999999 0.109641
hs6 0 999999 0.381708
hs6 1000000 1999999 0.489064
hs6 2000000 2999999 0.382423
hs6 3000000 3999999 0.341721
hs6 4000000 4999999 0.350855
hs6 5000000 5999999 0.673893
hs6 6000000 6999999 0.519261
hs6 7000000 7999999 0.564027
hs6 8000000 8999999 0.063143
hs6 9000000 9999999 0.000000
hs6 10000000 10999999 0.275304
hs6 11000000 11999999 0.509899
hs6 12000000 12999999 0.333591
hs6 13000000 13999999 0.719376
hs6 14000000 14999999 0.074849
hs6 15000000 15999999 0.415962
hs6 16000000 16999999 0.538514
hs6 17000000 17999999 0.411000
hs6 18000000 18999999 0.314969
hs6 19000000 19999999 0.003300
hs6 20000000 20999999 0.560881
hs6 21000000 21999999 0.570838
hs6 22000000 22999999 0.319274
hs6 23000000 23999999 0.000000
hs6 24000000 24999999 0.605315
hs6 25000000 25999999 0.572909
hs6 26000000 26999999 0.254914
hs6 27000000 27999999 0.185104
hs6 28000000 28999999 0.238686
hs6 29000000 29999999 0.128088
hs6 30000000 30999999 0.423015
hs6 31000000 31999999 0.408860
hs6 32000000 32999999 0.504715
hs6 33000000 33999999 0.408553
hs6 34000000 34999999 0.581852
hs6 35000000 35999999 0.724623
hs6 36000000 36999999 0.648044
hs6 37000000 37999999 0.459395
hs6 38000000 38999999 0.930798
hs6 39000000 39999999 0.742508
hs6 40000000 40999999 0.207494
hs6 41000000 41999999 0.436949
hs6 42000000 42999999 0.690070
hs6 43000000 43999999 0.627476
hs6 44000000 44999999 0.349471
hs6 45000000 45999999 0.702349
hs6 46000000 46999999 0.595424
hs6 47000000 47999999 0.456068
hs6 48000000 48999999 0.144385
hs6 49000000 49999999 0.189370
hs6 50000000 50999999 0.114412
hs6 51000000 51999999 0.411897
hs6 52000000 52999999 0.411339
hs6 53000000 53999999 0.377021
hs6 54000000 54999999 0.416039
hs6 55000000 55999999 0.448356
hs6 56000000 56999999 0.448172
hs6 57000000 57999999 0.466375
hs6 58000000 58999999 0.041567
hs6 59000000 59999999 0.000000
hs6 60000000 60999999 0.000000
hs6 61000000 61999999 0.000000
hs6 62000000 62999999 0.552177
hs6 63000000 63999999 0.054060
hs6 64000000 64999999 0.635740
hs6 65000000 65999999 1.000000
hs6 66000000 66999999 0.475445
hs6 67000000 67999999 0.000000
hs6 68000000 68999999 0.000000
hs6 69000000 69999999 0.597648
hs6 70000000 70999999 0.640781
hs6 71000000 71999999 0.529221
hs6 72000000 72999999 0.366574
hs6 73000000 73999999 0.748477
hs6 74000000 74999999 0.350373
hs6 75000000 75999999 0.121583
hs6 76000000 76999999 0.661944
hs6 77000000 77999999 0.000000
hs6 78000000 78999999 0.001174
hs6 79000000 79999999 0.207329
hs6 80000000 80999999 0.323636
hs6 81000000 81999999 0.112707
hs6 82000000 82999999 0.070309
hs6 83000000 83999999 0.343187
hs6 84000000 84999999 0.633000
hs6 85000000 85999999 0.029744
hs6 86000000 86999999 0.172032
hs6 87000000 87999999 0.166985
hs6 88000000 88999999 0.441831
hs6 89000000 89999999 0.439729
hs6 90000000 90999999 0.868125
hs6 91000000 91999999 0.134905
hs6 92000000 92999999 0.000000
hs6 93000000 93999999 0.000000
hs6 94000000 94999999 0.248964
hs6 95000000 95999999 0.000000
hs6 96000000 96999999 0.231560
hs6 97000000 97999999 0.492741
hs6 98000000 98999999 0.000088
hs6 99000000 99999999 0.218277
hs6 100000000 100999999 0.236069
hs6 101000000 101999999 0.437310
hs6 102000000 102999999 0.624651
hs6 103000000 103999999 0.000000
hs6 104000000 104999999 0.000000
hs6 105000000 105999999 0.445501
hs6 106000000 106999999 0.164966
hs6 107000000 107999999 0.687306
hs6 108000000 108999999 0.648203
hs6 109000000 109999999 0.629095
hs6 110000000 110999999 0.574573
hs6 111000000 111999999 0.623081
hs6 112000000 112999999 0.444800
hs6 113000000 113999999 0.000000
hs6 114000000 114999999 0.065716
hs6 115000000 115999999 0.000000
hs6 116000000 116999999 0.529034
hs6 117000000 117999999 0.481486
hs6 118000000 118999999 0.601771
hs6 119000000 119999999 0.532006
hs6 120000000 120999999 0.000000
hs6 121000000 121999999 0.269149
hs6 122000000 122999999 0.227271
hs6 123000000 123999999 0.602631
hs6 124000000 124999999 0.833233
hs6 125000000 125999999 0.479976
hs6 126000000 126999999 0.236830
hs6 127000000 127999999 0.271101
hs6 128000000 128999999 0.762385
hs6 129000000 129999999 0.693494
hs6 130000000 130999999 0.310536
hs6 131000000 131999999 0.435660
hs6 132000000 132999999 0.377584
hs6 133000000 133999999 0.407568
hs6 134000000 134999999 0.287481
hs6 135000000 135999999 0.793084
hs6 136000000 136999999 1.078590
hs6 137000000 137999999 0.360337
hs6 138000000 138999999 0.379872
hs6 139000000 139999999 0.309201
hs6 140000000 140999999 0.000000
hs6 141000000 141999999 0.000000
hs6 142000000 142999999 0.341935
hs6 143000000 143999999 0.602206
hs6 144000000 144999999 0.806096
hs6 145000000 145999999 0.227732
hs6 146000000 146999999 0.654010
hs6 147000000 147999999 0.424980
hs6 148000000 148999999 0.209457
hs6 149000000 149999999 0.569461
hs6 150000000 150999999 0.411333
hs6 151000000 151999999 0.781111
hs6 152000000 152999999 0.928265
hs6 153000000 153999999 0.184852
hs6 154000000 154999999 0.543972
hs6 155000000 155999999 0.398029
hs6 156000000 156999999 0.000000
hs6 157000000 157999999 0.710305
hs6 158000000 158999999 0.659300
hs6 159000000 159999999 0.311888
hs6 160000000 160999999 0.599832
hs6 161000000 161999999 0.642170
hs6 162000000 162999999 1.000000
hs6 163000000 163999999 0.835631
hs6 164000000 164999999 0.000000
hs6 165000000 165999999 0.364768
hs6 166000000 166999999 0.377604
hs6 167000000 167999999 0.403139
hs6 168000000 168999999 0.405905
hs6 169000000 169999999 0.371534
hs6 170000000 170999999 0.159089
hs14 0 999999 0.000000
hs14 1000000 1999999 0.000000
hs14 2000000 2999999 0.000000
hs14 3000000 3999999 0.000000
hs14 4000000 4999999 0.000000
hs14 5000000 5999999 0.000000
hs14 6000000 6999999 0.000000
hs14 7000000 7999999 0.000000
hs14 8000000 8999999 0.000000
hs14 9000000 9999999 0.000000
hs14 10000000 10999999 0.000000
hs14 11000000 11999999 0.000000
hs14 12000000 12999999 0.000000
hs14 13000000 13999999 0.000000
hs14 14000000 14999999 0.000000
hs14 15000000 15999999 0.000000
hs14 16000000 16999999 0.000000
hs14 17000000 17999999 0.000000
hs14 18000000 18999999 0.032561
hs14 19000000 19999999 0.173372
hs14 20000000 20999999 0.336549
hs14 21000000 21999999 0.069063
hs14 22000000 22999999 0.416392
hs14 23000000 23999999 0.373223
hs14 24000000 24999999 0.249741
hs14 25000000 25999999 0.015072
hs14 26000000 26999999 0.136801
hs14 27000000 27999999 0.000000
hs14 28000000 28999999 0.024677
hs14 29000000 29999999 0.351214
hs14 30000000 30999999 0.606955
hs14 31000000 31999999 0.515333
hs14 32000000 32999999 0.893811
hs14 33000000 33999999 0.398105
hs14 34000000 34999999 0.523557
hs14 35000000 35999999 0.341584
hs14 36000000 36999999 0.826779
hs14 37000000 37999999 0.099242
hs14 38000000 38999999 0.264869
hs14 39000000 39999999 0.000000
hs14 40000000 40999999 0.000000
hs14 41000000 41999999 0.296992
hs14 42000000 42999999 0.000000
hs14 43000000 43999999 0.000000
hs14 44000000 44999999 0.328686
hs14 45000000 45999999 0.000000
hs14 46000000 46999999 0.622233
hs14 47000000 47999999 0.213739
hs14 48000000 48999999 0.000000
hs14 49000000 49999999 0.583897
hs14 50000000 50999999 0.525195
hs14 51000000 51999999 0.486946
hs14 52000000 52999999 0.519972
hs14 53000000 53999999 0.044865
hs14 54000000 54999999 0.671177
hs14 55000000 55999999 0.308269
hs14 56000000 56999999 0.306947
hs14 57000000 57999999 0.442841
hs14 58000000 58999999 0.276668
hs14 59000000 59999999 0.525565
hs14 60000000 60999999 0.536797
hs14 61000000 61999999 0.291332
hs14 62000000 62999999 0.575873
hs14 63000000 63999999 0.725467
hs14 64000000 64999999 0.491523
hs14 65000000 65999999 0.279716
hs14 66000000 66999999 0.893541
hs14 67000000 67999999 0.933253
hs14 68000000 68999999 0.556021
hs14 69000000 69999999 0.563965
hs14 70000000 70999999 0.351747
hs14 71000000 71999999 0.742384
hs14 72000000 72999999 0.788769
hs14 73000000 73999999 0.655327
hs14 74000000 74999999 0.532977
hs14 75000000 75999999 0.924730
hs14 76000000 76999999 0.417512
hs14 77000000 77999999 0.431500
hs14 78000000 78999999 1.000000
hs14 79000000 79999999 0.415172
hs14 80000000 80999999 0.803188
hs14 81000000 81999999 0.060966
hs14 82000000 82999999 0.000000
hs14 83000000 83999999 0.000000
hs14 84000000 84999999 0.000000
hs14 85000000 85999999 0.097784
hs14 86000000 86999999 0.000000
hs14 87000000 87999999 0.269859
hs14 88000000 88999999 0.678620
hs14 89000000 89999999 0.608332
hs14 90000000 90999999 0.751242
hs14 91000000 91999999 0.675659
hs14 92000000 92999999 0.752532
hs14 93000000 93999999 0.625584
hs14 94000000 94999999 0.363722
hs14 95000000 95999999 0.320591
hs14 96000000 96999999 0.173865
hs14 97000000 97999999 0.052516
hs14 98000000 98999999 0.174513
hs14 99000000 99999999 0.647774
hs14 100000000 100999999 0.181186
hs14 101000000 101999999 0.617950
hs14 102000000 102999999 0.552288
hs14 103000000 103999999 0.509770
hs14 104000000 104999999 0.487095
hs14 105000000 105999999 0.045900
hs14 106000000 106999999 0.013076
hs17 0 999999 0.739940
hs17 1000000 1999999 0.732939
hs17 2000000 2999999 0.714229
hs17 3000000 3999999 0.601483
hs17 4000000 4999999 0.668487
hs17 5000000 5999999 0.393578
hs17 6000000 6999999 0.389806
hs17 7000000 7999999 0.656942
hs17 8000000 8999999 0.605293
hs17 9000000 9999999 0.900920
hs17 10000000 10999999 0.318872
hs17 11000000 11999999 0.836905
hs17 12000000 12999999 0.330032
hs17 13000000 13999999 0.193899
hs17 14000000 14999999 0.101678
hs17 15000000 15999999 0.496318
hs17 16000000 16999999 0.589390
hs17 17000000 17999999 0.692110
hs17 18000000 18999999 0.610728
hs17 19000000 19999999 0.499260
hs17 20000000 20999999 0.365683
hs17 21000000 21999999 0.174051
hs17 22000000 22999999 0.188925
hs17 23000000 23999999 0.463275
hs17 24000000 24999999 0.708094
hs17 25000000 25999999 0.837166
hs17 26000000 26999999 0.654303
hs17 27000000 27999999 0.516010
hs17 28000000 28999999 0.883551
hs17 29000000 29999999 0.585588
hs17 30000000 30999999 0.445253
hs17 31000000 31999999 0.476984
hs17 32000000 32999999 0.637311
hs17 33000000 33999999 0.415701
hs17 34000000 34999999 0.638607
hs17 35000000 35999999 0.626841
hs17 36000000 36999999 0.225095
hs17 37000000 37999999 0.655504
hs17 38000000 38999999 0.626020
hs17 39000000 39999999 0.520113
hs17 40000000 40999999 0.570660
hs17 41000000 41999999 0.621212
hs17 42000000 42999999 0.592416
hs17 43000000 43999999 0.610608
hs17 44000000 44999999 0.416462
hs17 45000000 45999999 0.486030
hs17 46000000 46999999 0.495014
hs17 47000000 47999999 0.529705
hs17 48000000 48999999 0.000000
hs17 49000000 49999999 0.002336
hs17 50000000 50999999 0.362886
hs17 51000000 51999999 0.368063
hs17 52000000 52999999 0.487465
hs17 53000000 53999999 0.485720
hs17 54000000 54999999 0.744373
hs17 55000000 55999999 0.765683
hs17 56000000 56999999 0.818475
hs17 57000000 57999999 0.540176
hs17 58000000 58999999 0.717427
hs17 59000000 59999999 0.699131
hs17 60000000 60999999 0.417920
hs17 61000000 61999999 0.844355
hs17 62000000 62999999 0.722531
hs17 63000000 63999999 0.586221
hs17 64000000 64999999 0.581407
hs17 65000000 65999999 0.120897
hs17 66000000 66999999 0.000000
hs17 67000000 67999999 0.005401
hs17 68000000 68999999 0.710209
hs17 69000000 69999999 0.404166
hs17 70000000 70999999 0.663665
hs17 71000000 71999999 0.813701
hs17 72000000 72999999 0.553621
hs17 73000000 73999999 0.356843
hs17 74000000 74999999 0.768994
hs17 75000000 75999999 0.489714
hs17 76000000 76999999 0.754810
hs17 77000000 77999999 0.613673
hs17 78000000 78999999 0.544448
hs21 0 999999 0.000000
hs21 1000000 1999999 0.000000
hs21 2000000 2999999 0.000000
hs21 3000000 3999999 0.000000
hs21 4000000 4999999 0.000000
hs21 5000000 5999999 0.000000
hs21 6000000 6999999 0.000000
hs21 7000000 7999999 0.000000
hs21 8000000 8999999 0.000000
hs21 9000000 9999999 0.071387
hs21 10000000 10999999 0.366275
hs21 11000000 11999999 0.000000
hs21 12000000 12999999 0.000000
hs21 13000000 13999999 0.111494
hs21 14000000 14999999 0.253018
hs21 15000000 15999999 0.103572
hs21 16000000 16999999 0.689393
hs21 17000000 17999999 0.073238
hs21 18000000 18999999 0.237436
hs21 19000000 19999999 0.000000
hs21 20000000 20999999 0.000000
hs21 21000000 21999999 0.601097
hs21 22000000 22999999 0.000000
hs21 23000000 23999999 0.000000
hs21 24000000 24999999 0.000000
hs21 25000000 25999999 0.147791
hs21 26000000 26999999 0.455060
hs21 27000000 27999999 0.058333
hs21 28000000 28999999 0.039742
hs21 29000000 29999999 0.595476
hs21 30000000 30999999 0.264258
hs21 31000000 31999999 0.487912
hs21 32000000 32999999 0.551272
hs21 33000000 33999999 0.488863
hs21 34000000 34999999 0.527827
hs21 35000000 35999999 0.288755
hs21 36000000 36999999 0.380571
hs21 37000000 37999999 0.719674
hs21 38000000 38999999 0.642097
hs21 39000000 39999999 0.343413
hs21 40000000 40999999 0.812456
hs21 41000000 41999999 0.454465
hs21 42000000 42999999 0.624838
hs21 43000000 43999999 0.458209
hs21 44000000 44999999 0.686929
hs21 45000000 45999999 0.490631
hs21 46000000 46999999 0.608863
