hsX 0 2083332 0.203337
hsX 2083333 4166665 0.389043
hsX 4166666 6249999 0.162540
hsX 6250000 8333332 0.128769
hsX 8333333 10416665 0.449357
hsX 10416666 12499999 0.644863
hsX 12500000 14583332 0.360140
hsX 14583333 16666665 0.398894
hsX 16666666 18749999 0.632994
hsX 18750000 20833332 0.512527
hsX 20833333 22916665 0.314437
hsX 22916666 24999999 0.425383
hsX 25000000 27083332 0.003993
hsX 27083333 29166665 0.323853
hsX 29166666 31249999 0.530984
hsX 31250000 33333332 0.968471
hsX 33333333 35416665 0.016766
hsX 35416666 37499999 0.281695
hsX 37500000 39583332 0.238299
hsX 39583333 41666665 0.421552
hsX 41666666 43749999 0.111774
hsX 43750000 45833332 0.243934
hsX 45833333 47916665 0.426881
hsX 47916666 49999999 0.728572
hsX 50000000 52083332 0.253116
hsX 52083333 54166665 0.386566
hsX 54166666 56249999 0.269789
hsX 56250000 58333332 0.184511
hsX 58333333 60416665 0.000000
hsX 60416666 62499999 0.001974
hsX 62500000 64583332 0.265382
hsX 64583333 66666665 0.124490
hsX 66666666 68749999 0.349526
hsX 68750000 70833332 0.677616
hsX 70833333 72916665 0.469958
hsX 72916666 74999999 0.524340
hsX 75000000 77083332 0.191230
hsX 77083333 79166665 0.118022
hsX 79166666 81249999 0.212304
hsX 81250000 83333332 0.075147
hsX 83333333 85416665 0.353340
hsX 85416666 87499999 0.340768
hsX 87500000 89583332 0.004081
hsX 89583333 91666665 0.359874
hsX 91666666 93749999 0.066793
hsX 93750000 95833332 0.003760
hsX 95833333 97916665 0.437022
hsX 97916666 99999999 0.355373
hsX 100000000 102083332 0.500143
hsX 102083333 104166665 0.334169
hsX 104166666 106249999 0.628985
hsX 106250000 108333332 0.462266
hsX 108333333 110416665 0.526633
hsX 110416666 112499999 0.488708
hsX 112500000 114583332 0.232882
hsX 114583333 116666665 0.057809
hsX 116666666 118749999 0.432466
hsX 118750000 120833332 0.364298
hsX 120833333 122916665 0.236665
hsX 122916666 124999999 0.363275
hsX 125000000 127083332 0.004579
hsX 127083333 129166665 0.202688
hsX 129166666 131249999 0.328816
hsX 131250000 133333332 0.496200
hsX 133333333 135416665 0.399874
hsX 135416666 137499999 0.085131
hsX 137500000 139583332 0.410724
hsX 139583333 141666665 0.043145
hsX 141666666 143749999 0.019723
hsX 143750000 145833332 0.009981
hsX 145833333 147916665 0.287417
hsX 147916666 149999999 0.337696
hsX 150000000 152083332 0.309814
hsX 152083333 154166665 0.562005
hsX 154166666 156249999 0.132242
hs12 0 2083332 0.794853
hs12 2083333 4166665 0.626114
hs12 4166666 6249999 0.491087
hs12 6250000 8333332 0.512597
hs12 8333333 10416665 0.357432
hs12 10416666 12499999 0.643683
hs12 12500000 14583332 0.475362
hs12 14583333 16666665 0.530884
hs12 16666666 18749999 0.201029
hs12 18750000 20833332 0.351472
hs12 20833333 22916665 0.517233
hs12 22916666 24999999 0.570001
hs12 25000000 27083332 0.551766
hs12 27083333 29166665 0.365999
hs12 29166666 31249999 0.344394
hs12 31250000 33333332 0.464454
hs12 33333333 35416665 0.033806
hs12 35416666 37499999 0.086738
hs12 37500000 39583332 0.530997
hs12 39583333 41666665 0.463344
hs12 41666666 43749999 0.609374
hs12 43750000 45833332 0.329176
hs12 45833333 47916665 0.341225
hs12 47916666 49999999 0.717698
hs12 50000000 52083332 0.466224
hs12 52083333 54166665 0.345881
hs12 54166666 56249999 0.541498
hs12 56250000 58333332 0.124760
hs12 58333333 60416665 0.057909
hs12 60416666 62499999 0.561887
hs12 62500000 64583332 0.560220
hs12 64583333 66666665 0.285975
hs12 66666666 68749999 0.325195
hs12 68750000 70833332 0.510160
hs12 70833333 72916665 0.198191
hs12 72916666 74999999 0.181256
hs12 75000000 77083332 0.336177
hs12 77083333 79166665 0.449239
hs12 79166666 81249999 0.570730
hs12 81250000 83333332 0.275700
hs12 83333333 85416665 0.415582
hs12 85416666 87499999 0.309348
hs12 87500000 89583332 0.089809
hs12 89583333 91666665 0.066844
hs12 91666666 93749999 0.419082
hs12 93750000 95833332 0.483906
hs12 95833333 97916665 0.258660
hs12 97916666 99999999 0.823506
hs12 100000000 102083332 0.401203
hs12 102083333 104166665 0.702999
hs12 104166666 106249999 0.491933
hs12 106250000 108333332 0.557142
hs12 108333333 110416665 0.679783
hs12 110416666 112499999 0.649499
hs12 112500000 114583332 0.104669
hs12 114583333 116666665 0.558884
hs12 116666666 118749999 0.580558
hs12 118750000 120833332 0.640568
hs12 120833333 122916665 0.760109
hs12 122916666 124999999 0.461126
hs12 125000000 127083332 0.014546
hs12 127083333 129166665 0.693661
hs12 129166666 131249999 0.381736
hs12 131250000 133333332 0.321842
hs11 0 2083332 0.593439
hs11 2083333 4166665 0.659579
hs11 4166666 6249999 0.156511
hs11 6250000 8333332 0.442947
hs11 8333333 10416665 0.734732
hs11 10416666 12499999 0.552660
hs11 12500000 14583332 0.512517
hs11 14583333 16666665 0.449440
hs11 16666666 18749999 0.617746
hs11 18750000 20833332 0.617011
hs11 20833333 22916665 0.484573
hs11 22916666 24999999 0.251937
hs11 25000000 27083332 0.253164
hs11 27083333 29166665 0.354213
hs11 29166666 31249999 0.113593
hs11 31250000 33333332 0.558678
hs11 33333333 35416665 0.492861
hs11 35416666 37499999 0.390568
hs11 37500000 39583332 0.000000
hs11 39583333 41666665 0.086358
hs11 41666666 43749999 0.124848
hs11 43750000 45833332 0.390899
hs11 45833333 47916665 0.761163
hs11 47916666 49999999 0.249131
hs11 50000000 52083332 0.015419
hs11 52083333 54166665 0.000000
hs11 54166666 56249999 0.200375
hs11 56250000 58333332 0.336699
hs11 58333333 60416665 0.290369
hs11 60416666 62499999 0.559619
hs11 62500000 64583332 0.613535
hs11 64583333 66666665 0.577048
hs11 66666666 68749999 0.530007
hs11 68750000 70833332 0.452867
hs11 70833333 72916665 0.617918
hs11 72916666 74999999 0.627652
hs11 75000000 77083332 0.609578
hs11 77083333 79166665 0.733460
hs11 79166666 81249999 0.000000
hs11 81250000 83333332 0.383736
hs11 83333333 85416665 0.941521
hs11 85416666 87499999 0.347571
hs11 87500000 89583332 0.580264
hs11 89583333 91666665 0.006167
hs11 91666666 93749999 0.520667
hs11 93750000 95833332 0.470079
hs11 95833333 97916665 0.000000
hs11 97916666 99999999 0.641090
hs11 100000000 102083332 0.475066
hs11 102083333 104166665 0.353363
hs11 104166666 106249999 0.341877
hs11 106250000 108333332 0.641293
hs11 108333333 110416665 0.155281
hs11 110416666 112499999 0.406336
hs11 112500000 114583332 0.403437
hs11 114583333 116666665 0.354396
hs11 116666666 118749999 0.666303
hs11 118750000 120833332 0.428600
hs11 120833333 122916665 0.340742
hs11 122916666 124999999 0.413938
hs11 125000000 127083332 0.477053
hs11 127083333 129166665 0.298892
hs11 129166666 131249999 0.476166
hs11 131250000 133333332 0.783042
hs11 133333333 135416665 0.156276
hs22 0 2083332 0.000000
hs22 2083333 4166665 0.000000
hs22 4166666 6249999 0.000000
hs22 6250000 8333332 0.000000
hs22 8333333 10416665 0.000000
hs22 10416666 12499999 0.000000
hs22 12500000 14583332 0.000000
hs22 14583333 16666665 0.276828
hs22 16666666 18749999 0.560828
hs22 18750000 20833332 0.444934
hs22 20833333 22916665 0.415577
hs22 22916666 24999999 0.895003
hs22 25000000 27083332 0.482928
hs22 27083333 29166665 0.728310
hs22 29166666 31249999 0.609785
hs22 31250000 33333332 0.597102
hs22 33333333 35416665 0.409236
hs22 35416666 37499999 0.587423
hs22 37500000 39583332 0.639680
hs22 39583333 41666665 0.601512
hs22 41666666 43749999 0.738036
hs22 43750000 45833332 0.663993
hs22 45833333 47916665 0.189784
hs22 47916666 49999999 0.374507
hs10 0 2083332 0.652369
hs10 2083333 4166665 0.054536
hs10 4166666 6249999 0.306281
hs10 6250000 8333332 0.429915
hs10 8333333 10416665 0.000000
hs10 10416666 12499999 0.456050
hs10 12500000 14583332 0.704521
hs10 14583333 16666665 0.498854
hs10 16666666 18749999 0.821025
hs10 18750000 20833332 0.340491
hs10 20833333 22916665 0.492531
hs10 22916666 24999999 0.597883
hs10 25000000 27083332 0.582619
hs10 27083333 29166665 0.470530
hs10 29166666 31249999 0.255500
hs10 31250000 33333332 0.515504
hs10 33333333 35416665 0.451698
hs10 35416666 37499999 0.223460
hs10 37500000 39583332 0.143892
hs10 39583333 41666665 0.000000
hs10 41666666 43749999 0.231006
hs10 43750000 45833332 0.243180
hs10 45833333 47916665 0.274461
hs10 47916666 49999999 0.468684
hs10 50000000 52083332 0.670112
hs10 52083333 54166665 0.674822
hs10 54166666 56249999 0.482323
hs10 56250000 58333332 0.001842
hs10 58333333 60416665 0.219439
hs10 60416666 62499999 0.421407
hs10 62500000 64583332 0.360223
hs10 64583333 66666665 0.195232
hs10 66666666 68749999 0.756167
hs10 68750000 70833332 0.761061
hs10 70833333 72916665 0.484608
hs10 72916666 74999999 0.808900
hs10 75000000 77083332 0.614383
hs10 77083333 79166665 0.740558
hs10 79166666 81249999 0.323214
hs10 81250000 83333332 0.188213
hs10 83333333 85416665 0.533696
hs10 85416666 87499999 0.201736
hs10 87500000 89583332 0.724867
hs10 89583333 91666665 0.489615
hs10 91666666 93749999 0.377987
hs10 93750000 95833332 0.591088
hs10 95833333 97916665 0.667588
hs10 97916666 99999999 0.719137
hs10 100000000 102083332 0.726853
hs10 102083333 104166665 0.567857
hs10 104166666 106249999 0.769038
hs10 106250000 108333332 0.304348
hs10 108333333 110416665 0.278856
hs10 110416666 112499999 0.209540
hs10 112500000 114583332 0.375928
hs10 114583333 116666665 0.524481
hs10 116666666 118749999 0.707948
hs10 118750000 120833332 0.283964
hs10 120833333 122916665 0.398815
hs10 122916666 124999999 0.516025
hs10 125000000 127083332 0.386190
hs10 127083333 129166665 0.670351
hs10 129166666 131249999 0.156134
hs10 131250000 133333332 0.286493
hs10 133333333 135416665 0.439382
hs7 0 2083332 0.480884
hs7 2083333 4166665 0.749182
hs7 4166666 6249999 0.567644
hs7 6250000 8333332 0.487227
hs7 8333333 10416665 0.153868
hs7 10416666 12499999 0.366673
hs7 12500000 14583332 0.297329
hs7 14583333 16666665 0.528014
hs7 16666666 18749999 0.267995
hs7 18750000 20833332 0.305670
hs7 20833333 22916665 0.396099
hs7 22916666 24999999 0.455131
hs7 25000000 27083332 0.240926
hs7 27083333 29166665 0.635788
hs7 29166666 31249999 0.496678
hs7 31250000 33333332 0.433909
hs7 33333333 35416665 0.678944
hs7 35416666 37499999 0.602058
hs7 37500000 39583332 0.522923
hs7 39583333 41666665 0.490888
hs7 41666666 43749999 0.472596
hs7 43750000 45833332 0.526852
hs7 45833333 47916665 0.213889
hs7 47916666 49999999 0.376582
hs7 50000000 52083332 0.436677
hs7 52083333 54166665 0.000610
hs7 54166666 56249999 0.308584
hs7 56250000 58333332 0.040250
hs7 58333333 60416665 0.000000
hs7 60416666 62499999 0.010021
hs7 62500000 64583332 0.227450
hs7 64583333 66666665 0.424873
hs7 66666666 68749999 0.023117
hs7 68750000 70833332 0.828777
hs7 70833333 72916665 0.706140
hs7 72916666 74999999 0.532653
hs7 75000000 77083332 0.553793
hs7 77083333 79166665 0.825369
hs7 79166666 81249999 0.220685
hs7 81250000 83333332 0.570121
hs7 83333333 85416665 0.174210
hs7 85416666 87499999 0.578247
hs7 87500000 89583332 0.382051
hs7 89583333 91666665 0.426498
hs7 91666666 93749999 0.434398
hs7 93750000 95833332 0.596522
hs7 95833333 97916665 0.211713
hs7 97916666 99999999 0.551754
hs7 100000000 102083332 0.635900
hs7 102083333 104166665 0.833513
hs7 104166666 106249999 0.528875
hs7 106250000 108333332 0.638090
hs7 108333333 110416665 0.157108
hs7 110416666 112499999 0.688076
hs7 112500000 114583332 0.361876
hs7 114583333 116666665 0.344243
hs7 116666666 118749999 0.240288
hs7 118750000 120833332 0.453300
hs7 120833333 122916665 0.460085
hs7 122916666 124999999 0.182351
hs7 125000000 127083332 0.413755
hs7 127083333 129166665 0.615345
hs7 129166666 131249999 0.545280
hs7 131250000 133333332 0.752417
hs7 133333333 135416665 0.559383
hs7 135416666 137499999 0.427757
hs7 137500000 139583332 0.668549
hs7 139583333 141666665 0.424234
hs7 141666666 143749999 0.180833
hs7 143750000 145833332 0.371070
hs7 145833333 147916665 0.919581
hs7 147916666 149999999 0.392210
hs7 150000000 152083332 0.626611
hs7 152083333 154166665 0.502526
hs7 154166666 156249999 0.273040
hs7 156250000 158333332 0.763121
hs7 158333333 160416665 0.107657
hs4 0 2083332 0.626400
hs4 2083333 4166665 0.526472
hs4 4166666 6249999 0.598433
hs4 6250000 8333332 0.724748
hs4 8333333 10416665 0.318865
hs4 10416666 12499999 0.014710
hs4 12500000 14583332 0.089237
hs4 14583333 16666665 0.519051
hs4 16666666 18749999 0.216228
hs4 18750000 20833332 0.426051
hs4 20833333 22916665 0.475829
hs4 22916666 24999999 0.249787
hs4 25000000 27083332 0.307413
hs4 27083333 29166665 0.000000
hs4 29166666 31249999 0.204666
hs4 31250000 33333332 0.000000
hs4 33333333 35416665 0.000000
hs4 35416666 37499999 0.327385
hs4 37500000 39583332 0.569940
hs4 39583333 41666665 0.626575
hs4 41666666 43749999 0.324180
hs4 43750000 45833332 0.210825
hs4 45833333 47916665 0.703834
hs4 47916666 49999999 0.266767
hs4 50000000 52083332 0.000000
hs4 52083333 54166665 0.452401
hs4 54166666 56249999 0.242193
hs4 56250000 58333332 0.336604
hs4 58333333 60416665 0.000000
hs4 60416666 62499999 0.218192
hs4 62500000 64583332 0.057967
hs4 64583333 66666665 0.231057
hs4 66666666 68749999 0.228022
hs4 68750000 70833332 0.254613
hs4 70833333 72916665 0.446868
hs4 72916666 74999999 0.344710
hs4 75000000 77083332 0.323162
hs4 77083333 79166665 0.552184
hs4 79166666 81249999 0.442136
hs4 81250000 83333332 0.412470
hs4 83333333 85416665 0.368690
hs4 85416666 87499999 0.615686
hs4 87500000 89583332 0.520040
hs4 89583333 91666665 0.556850
hs4 91666666 93749999 0.663256
hs4 93750000 95833332 0.723882
hs4 95833333 97916665 0.375522
hs4 97916666 99999999 0.458471
hs4 100000000 102083332 0.288721
hs4 102083333 104166665 0.564712
hs4 104166666 106249999 0.151334
hs4 106250000 108333332 0.469792
hs4 108333333 110416665 0.473984
hs4 110416666 112499999 0.365269
hs4 112500000 114583332 0.443808
hs4 114583333 116666665 0.362463
hs4 116666666 118749999 0.000995
hs4 118750000 120833332 0.445624
hs4 120833333 122916665 0.214740
hs4 122916666 124999999 0.539851
hs4 125000000 127083332 0.142164
hs4 127083333 129166665 0.146910
hs4 129166666 131249999 0.225050
hs4 131250000 133333332 0.000000
hs4 133333333 135416665 0.022886
hs4 135416666 137499999 0.000000
hs4 137500000 139583332 0.044072
hs4 139583333 141666665 0.452648
hs4 141666666 143749999 0.543399
hs4 143750000 145833332 0.342323
hs4 145833333 147916665 0.446371
hs4 147916666 149999999 0.480948
hs4 150000000 152083332 0.412601
hs4 152083333 154166665 0.475251
hs4 154166666 156249999 0.414080
hs4 156250000 158333332 0.264265
hs4 158333333 160416665 0.344032
hs4 160416666 162499999 0.040361
hs4 162500000 164583332 0.401752
hs4 164583333 166666665 0.582320
hs4 166666666 168749999 0.351260
hs4 168750000 170833332 0.588769
hs4 170833333 172916665 0.068909
hs4 172916666 174999999 0.681117
hs4 175000000 177083332 0.321293
hs4 177083333 179166665 0.405108
hs4 179166666 181249999 0.000000
hs4 181250000 183333332 0.002687
hs4 183333333 185416665 0.509121
hs4 185416666 187499999 0.523170
hs4 187500000 189583332 0.090765
hs4 189583333 191666665 0.042675
hs16 0 2083332 0.711444
hs16 2083333 4166665 0.634416
hs16 4166666 6249999 0.468116
hs16 6250000 8333332 0.697604
hs16 8333333 10416665 0.353321
hs16 10416666 12499999 0.628450
hs16 12500000 14583332 0.447652
hs16 14583333 16666665 0.540525
hs16 16666666 18749999 0.249681
hs16 18750000 20833332 0.596275
hs16 20833333 22916665 0.567342
hs16 22916666 24999999 0.608846
hs16 25000000 27083332 0.263013
hs16 27083333 29166665 0.597401
hs16 29166666 31249999 0.508383
hs16 31250000 33333332 0.116842
hs16 33333333 35416665 0.015615
hs16 35416666 37499999 0.000000
hs16 37500000 39583332 0.000000
hs16 39583333 41666665 0.000000
hs16 41666666 43749999 0.000000
hs16 43750000 45833332 0.224789
hs16 45833333 47916665 0.384412
hs16 47916666 49999999 0.378351
hs16 50000000 52083332 0.211258
hs16 52083333 54166665 0.303948
hs16 54166666 56249999 0.590523
hs16 56250000 58333332 0.291216
hs16 58333333 60416665 0.083031
hs16 60416666 62499999 0.101219
hs16 62500000 64583332 0.224180
hs16 64583333 66666665 0.635937
hs16 66666666 68749999 0.752817
hs16 68750000 70833332 0.712284
hs16 70833333 72916665 0.137607
hs16 72916666 74999999 0.501998
hs16 75000000 77083332 0.450752
hs16 77083333 79166665 0.392949
hs16 79166666 81249999 0.588377
hs16 81250000 83333332 0.798132
hs16 83333333 85416665 0.223711
hs16 85416666 87499999 0.444236
hs16 87500000 89583332 0.413215
hs20 0 2083332 0.363340
hs20 2083333 4166665 0.619260
hs20 4166666 6249999 0.338567
hs20 6250000 8333332 0.182567
hs20 8333333 10416665 0.672760
hs20 10416666 12499999 0.099597
hs20 12500000 14583332 0.674019
hs20 14583333 16666665 0.819781
hs20 16666666 18749999 0.477593
hs20 18750000 20833332 0.640479
hs20 20833333 22916665 0.127392
hs20 22916666 24999999 0.205027
hs20 25000000 27083332 0.236142
hs20 27083333 29166665 0.010622
hs20 29166666 31249999 0.480731
hs20 31250000 33333332 0.652196
hs20 33333333 35416665 0.751931
hs20 35416666 37499999 0.474034
hs20 37500000 39583332 0.194567
hs20 39583333 41666665 0.618177
hs20 41666666 43749999 0.548009
hs20 43750000 45833332 0.624089
hs20 45833333 47916665 0.407484
hs20 47916666 49999999 0.421304
hs20 50000000 52083332 0.350473
hs20 52083333 54166665 0.121375
hs20 54166666 56249999 0.231380
hs20 56250000 58333332 0.445581
hs20 58333333 60416665 0.480580
hs20 60416666 62499999 0.547143
hs13 0 2083332 0.000000
hs13 2083333 4166665 0.000000
hs13 4166666 6249999 0.000000
hs13 6250000 8333332 0.000000
hs13 8333333 10416665 0.000000
hs13 10416666 12499999 0.000000
hs13 12500000 14583332 0.000000
hs13 14583333 16666665 0.000000
hs13 16666666 18749999 0.065835
hs13 18750000 20833332 0.525967
hs13 20833333 22916665 0.228955
hs13 22916666 24999999 0.486527
hs13 25000000 27083332 0.482268
hs13 27083333 29166665 0.546308
hs13 29166666 31249999 0.268980
hs13 31250000 33333332 0.528457
hs13 33333333 35416665 0.710996
hs13 35416666 37499999 0.419660
hs13 37500000 39583332 0.323831
hs13 39583333 41666665 0.585922
hs13 41666666 43749999 0.466262
hs13 43750000 45833332 0.458344
hs13 45833333 47916665 0.291095
hs13 47916666 49999999 0.475476
hs13 50000000 52083332 0.525666
hs13 52083333 54166665 0.060732
hs13 54166666 56249999 0.000000
hs13 56250000 58333332 0.082969
hs13 58333333 60416665 0.324394
hs13 60416666 62499999 0.002802
hs13 62500000 64583332 0.002465
hs13 64583333 66666665 0.428016
hs13 66666666 68749999 0.126888
hs13 68750000 70833332 0.211413
hs13 70833333 72916665 0.386607
hs13 72916666 74999999 0.312308
hs13 75000000 77083332 0.337391
hs13 77083333 79166665 0.380750
hs13 79166666 81249999 0.002388
hs13 81250000 83333332 0.000000
hs13 83333333 85416665 0.204914
hs13 85416666 87499999 0.003361
hs13 87500000 89583332 0.000000
hs13 89583333 91666665 0.413140
hs13 91666666 93749999 0.827397
hs13 93750000 95833332 0.651444
hs13 95833333 97916665 0.511489
hs13 97916666 99999999 0.712909
hs13 100000000 102083332 0.678959
hs13 102083333 104166665 0.104912
hs13 104166666 106249999 0.045728
hs13 106250000 108333332 0.503795
hs13 108333333 110416665 0.432289
hs13 110416666 112499999 0.251736
hs13 112500000 114583332 0.473676
hs18 0 2083332 0.287354
hs18 2083333 4166665 0.481312
hs18 4166666 6249999 0.253985
hs18 6250000 8333332 0.570719
hs18 8333333 10416665 0.382140
hs18 10416666 12499999 0.474557
hs18 12500000 14583332 0.555294
hs18 14583333 16666665 0.056095
hs18 16666666 18749999 0.361321
hs18 18750000 20833332 0.600272
hs18 20833333 22916665 0.500328
hs18 22916666 24999999 0.157987
hs18 25000000 27083332 0.058961
hs18 27083333 29166665 0.561340
hs18 29166666 31249999 0.630370
hs18 31250000 33333332 0.713306
hs18 33333333 35416665 0.212375
hs18 35416666 37499999 0.100617
hs18 37500000 39583332 0.244068
hs18 39583333 41666665 0.236233
hs18 41666666 43749999 0.538301
hs18 43750000 45833332 0.521987
hs18 45833333 47916665 0.283321
hs18 47916666 49999999 0.605357
hs18 50000000 52083332 0.278962
hs18 52083333 54166665 0.486527
hs18 54166666 56249999 0.376140
hs18 56250000 58333332 0.223785
hs18 58333333 60416665 0.413936
hs18 60416666 62499999 0.110681
hs18 62500000 64583332 0.048693
hs18 64583333 66666665 0.516180
hs18 66666666 68749999 0.061361
hs18 68750000 70833332 0.304211
hs18 70833333 72916665 0.285292
hs18 72916666 74999999 0.079067
hs18 75000000 77083332 0.347156
hs3 0 2083332 0.251088
hs3 2083333 4166665 0.527290
hs3 4166666 6249999 0.275388
hs3 6250000 8333332 0.468440
hs3 8333333 10416665 0.708200
hs3 10416666 12499999 0.600826
hs3 12500000 14583332 0.541410
hs3 14583333 16666665 0.603780
hs3 16666666 18749999 0.423467
hs3 18750000 20833332 0.313074
hs3 20833333 22916665 0.159018
hs3 22916666 24999999 0.440569
hs3 25000000 27083332 0.191764
hs3 27083333 29166665 0.231989
hs3 29166666 31249999 0.472891
hs3 31250000 33333332 0.563080
hs3 33333333 35416665 0.199556
hs3 35416666 37499999 0.405540
hs3 37500000 39583332 0.655115
hs3 39583333 41666665 0.472218
hs3 41666666 43749999 0.595081
hs3 43750000 45833332 0.460059
hs3 45833333 47916665 0.580105
hs3 47916666 49999999 0.754139
hs3 50000000 52083332 0.742152
hs3 52083333 54166665 0.722265
hs3 54166666 56249999 0.811612
hs3 56250000 58333332 0.787254
hs3 58333333 60416665 0.557882
hs3 60416666 62499999 0.810616
hs3 62500000 64583332 0.556512
hs3 64583333 66666665 0.618729
hs3 66666666 68749999 0.407222
hs3 68750000 70833332 0.374115
hs3 70833333 72916665 0.396609
hs3 72916666 74999999 0.346735
hs3 75000000 77083332 0.031090
hs3 77083333 79166665 0.501581
hs3 79166666 81249999 0.351880
hs3 81250000 83333332 0.130609
hs3 83333333 85416665 0.156405
hs3 85416666 87499999 0.426231
hs3 87500000 89583332 0.180475
hs3 89583333 91666665 0.014708
hs3 91666666 93749999 0.000000
hs3 93750000 95833332 0.124564
hs3 95833333 97916665 0.025470
hs3 97916666 99999999 0.581568
hs3 100000000 102083332 0.687675
hs3 102083333 104166665 0.327917
hs3 104166666 106249999 0.000000
hs3 106250000 108333332 0.212551
hs3 108333333 110416665 0.620733
hs3 110416666 112499999 0.087140
hs3 112500000 114583332 0.590760
hs3 114583333 116666665 0.718245
hs3 116666666 118749999 0.359334
hs3 118750000 120833332 0.287245
hs3 120833333 122916665 0.715345
hs3 122916666 124999999 0.766705
hs3 125000000 127083332 0.703503
hs3 127083333 129166665 0.492735
hs3 129166666 131249999 0.552473
hs3 131250000 133333332 0.684221
hs3 133333333 135416665 0.628117
hs3 135416666 137499999 0.454071
hs3 137500000 139583332 0.455213
hs3 139583333 141666665 0.515151
hs3 141666666 143749999 0.568966
hs3 143750000 145833332 0.465972
hs3 145833333 147916665 0.126521
hs3 147916666 149999999 0.035057
hs3 150000000 152083332 0.420661
hs3 152083333 154166665 0.452006
hs3 154166666 156249999 0.144859
hs3 156250000 158333332 0.555127
hs3 158333333 160416665 0.511670
hs3 160416666 162499999 0.628463
hs3 162500000 164583332 0.016526
hs3 164583333 166666665 0.052590
hs3 166666666 168749999 0.147595
hs3 168750000 170833332 0.701350
hs3 170833333 172916665 0.562197
hs3 172916666 174999999 0.621520
hs3 175000000 177083332 0.686462
hs3 177083333 179166665 0.084724
hs3 179166666 181249999 0.491057
hs3 181250000 183333332 0.133622
hs3 183333333 185416665 0.491532
hs3 185416666 187499999 0.569825
hs3 187500000 189583332 0.345159
hs3 189583333 191666665 0.553547
hs3 191666666 193749999 0.351209
hs3 193750000 195833332 0.406587
hs3 195833333 197916665 0.466497
hs3 197916666 199999999 0.473112
hs9 0 2083332 0.385659
hs9 2083333 4166665 0.445630
hs9 4166666 6249999 0.518057
hs9 6250000 8333332 0.334977
hs9 8333333 10416665 1.000000
hs9 10416666 12499999 0.089308
hs9 12500000 14583332 0.212014
hs9 14583333 16666665 0.574272
hs9 16666666 18749999 0.512193
hs9 18750000 20833332 0.568398
hs9 20833333 22916665 0.255420
hs9 22916666 24999999 0.065261
hs9 25000000 27083332 0.109038
hs9 27083333 29166665 0.564329
hs9 29166666 31249999 0.000000
hs9 31250000 33333332 0.254289
hs9 33333333 35416665 0.635365
hs9 35416666 37499999 0.557322
hs9 37500000 39583332 0.368203
hs9 39583333 41666665 0.049306
hs9 41666666 43749999 0.144244
hs9 43750000 45833332 0.030451
hs9 45833333 47916665 0.029183
hs9 47916666 49999999 0.000000
hs9 50000000 52083332 0.000000
hs9 52083333 54166665 0.000000
hs9 54166666 56249999 0.000000
hs9 56250000 58333332 0.000000
hs9 58333333 60416665 0.000000
hs9 60416666 62499999 0.000000
hs9 62500000 64583332 0.000000
hs9 64583333 66666665 0.018320
hs9 66666666 68749999 0.145664
hs9 68750000 70833332 0.331478
hs9 70833333 72916665 0.736056
hs9 72916666 74999999 0.344296
hs9 75000000 77083332 0.236616
hs9 77083333 79166665 0.424205
hs9 79166666 81249999 0.314756
hs9 81250000 83333332 0.074294
hs9 83333333 85416665 0.241398
hs9 85416666 87499999 0.422917
hs9 87500000 89583332 0.300203
hs9 89583333 91666665 0.290059
hs9 91666666 93749999 0.248665
hs9 93750000 95833332 0.633010
hs9 95833333 97916665 0.532895
hs9 97916666 99999999 0.548069
hs9 100000000 102083332 0.570915
hs9 102083333 104166665 0.374094
hs9 104166666 106249999 0.033763
hs9 106250000 108333332 0.284532
hs9 108333333 110416665 0.097087
hs9 110416666 112499999 0.806004
hs9 112500000 114583332 0.612648
hs9 114583333 116666665 0.539035
hs9 116666666 118749999 0.579936
hs9 118750000 120833332 0.230679
hs9 120833333 122916665 0.363860
hs9 122916666 124999999 0.785982
hs9 125000000 127083332 0.744116
hs9 127083333 129166665 0.644524
hs9 129166666 131249999 0.647565
hs9 131250000 133333332 0.542938
hs9 133333333 135416665 0.699335
hs9 135416666 137499999 0.379608
hs9 137500000 139583332 0.603278
hs9 139583333 141666665 0.265058
hs15 0 2083332 0.000000
hs15 2083333 4166665 0.000000
hs15 4166666 6249999 0.000000
hs15 6250000 8333332 0.000000
hs15 8333333 10416665 0.000000
hs15 10416666 12499999 0.000000
hs15 12500000 14583332 0.000000
hs15 14583333 16666665 0.000000
hs15 16666666 18749999 0.000000
hs15 18750000 20833332 0.257706
hs15 20833333 22916665 0.169217
hs15 22916666 24999999 0.416966
hs15 25000000 27083332 0.558016
hs15 27083333 29166665 0.513857
hs15 29166666 31249999 0.399249
hs15 31250000 33333332 0.623522
hs15 33333333 35416665 0.315669
hs15 35416666 37499999 0.113097
hs15 37500000 39583332 0.640222
hs15 39583333 41666665 0.817221
hs15 41666666 43749999 0.616568
hs15 43750000 45833332 0.244512
hs15 45833333 47916665 0.622816
hs15 47916666 49999999 0.707359
hs15 50000000 52083332 0.421227
hs15 52083333 54166665 0.594737
hs15 54166666 56249999 0.594201
hs15 56250000 58333332 0.459799
hs15 58333333 60416665 0.511268
hs15 60416666 62499999 0.579131
hs15 62500000 64583332 0.725966
hs15 64583333 66666665 0.564041
hs15 66666666 68749999 0.328576
hs15 68750000 70833332 0.782072
hs15 70833333 72916665 0.523884
hs15 72916666 74999999 0.679522
hs15 75000000 77083332 0.447568
hs15 77083333 79166665 0.383460
hs15 79166666 81249999 0.440303
hs15 81250000 83333332 0.611619
hs15 83333333 85416665 0.691930
hs15 85416666 87499999 0.305250
hs15 87500000 89583332 0.605625
hs15 89583333 91666665 0.336719
hs15 91666666 93749999 0.089161
hs15 93750000 95833332 0.043826
hs15 95833333 97916665 0.410589
hs15 97916666 99999999 0.598631
hs15 100000000 102083332 0.049997
hs5 0 2083332 0.455016
hs5 2083333 4166665 0.006764
hs5 4166666 6249999 0.135909
hs5 6250000 8333332 0.331994
hs5 8333333 10416665 0.410473
hs5 10416666 12499999 0.577276
hs5 12500000 14583332 0.408054
hs5 14583333 16666665 0.452759
hs5 16666666 18749999 0.203719
hs5 18750000 20833332 0.247295
hs5 20833333 22916665 0.596434
hs5 22916666 24999999 0.085770
hs5 25000000 27083332 0.075831
hs5 27083333 29166665 0.000000
hs5 29166666 31249999 0.009815
hs5 31250000 33333332 0.432253
hs5 33333333 35416665 0.476443
hs5 35416666 37499999 0.524380
hs5 37500000 39583332 0.534945
hs5 39583333 41666665 0.280723
hs5 41666666 43749999 0.448338
hs5 43750000 45833332 0.253032
hs5 45833333 47916665 0.000000
hs5 47916666 49999999 0.022903
hs5 50000000 52083332 0.091066
hs5 52083333 54166665 0.422732
hs5 54166666 56249999 0.427097
hs5 56250000 58333332 0.213750
hs5 58333333 60416665 0.937555
hs5 60416666 62499999 0.322313
hs5 62500000 64583332 0.357708
hs5 64583333 66666665 0.633004
hs5 66666666 68749999 0.164078
hs5 68750000 70833332 1.106586
hs5 70833333 72916665 0.350427
hs5 72916666 74999999 0.449608
hs5 75000000 77083332 0.565115
hs5 77083333 79166665 0.642568
hs5 79166666 81249999 0.628001
hs5 81250000 83333332 0.410601
hs5 83333333 85416665 0.183857
hs5 85416666 87499999 0.076917
hs5 87500000 89583332 0.193713
hs5 89583333 91666665 0.358410
hs5 91666666 93749999 0.439554
hs5 93750000 95833332 0.635266
hs5 95833333 97916665 0.177957
hs5 97916666 99999999 0.076128
hs5 100000000 102083332 0.137271
hs5 102083333 104166665 0.147327
hs5 104166666 106249999 0.000300
hs5 106250000 108333332 0.498711
hs5 108333333 110416665 0.470732
hs5 110416666 112499999 0.565022
hs5 112500000 114583332 0.304981
hs5 114583333 116666665 0.328068
hs5 116666666 118749999 0.214604
hs5 118750000 120833332 0.157097
hs5 120833333 122916665 0.340534
hs5 122916666 124999999 0.082510
hs5 125000000 127083332 0.329581
hs5 127083333 129166665 0.390355
hs5 129166666 131249999 0.393502
hs5 131250000 133333332 0.504181
hs5 133333333 135416665 0.388254
hs5 135416666 137499999 0.513638
hs5 137500000 139583332 0.631724
hs5 139583333 141666665 2.828090
hs5 141666666 143749999 0.468903
hs5 143750000 145833332 0.243175
hs5 145833333 147916665 0.595416
hs5 147916666 149999999 0.573943
hs5 150000000 152083332 0.328269
hs5 152083333 154166665 0.351229
hs5 154166666 156249999 0.282050
hs5 156250000 158333332 0.400571
hs5 158333333 160416665 0.452949
hs5 160416666 162499999 0.200307
hs5 162500000 164583332 0.029539
hs5 164583333 166666665 0.010678
hs5 166666666 168749999 0.878684
hs5 168750000 170833332 0.758846
hs5 170833333 172916665 0.410416
hs5 172916666 174999999 0.109106
hs5 175000000 177083332 0.552650
hs5 177083333 179166665 0.535445
hs5 179166666 181249999 0.361136
hsY 0 2083332 0.203337
hsY 2083333 4166665 0.235910
hsY 4166666 6249999 0.358619
hsY 6250000 8333332 0.201798
hsY 8333333 10416665 0.453771
hsY 10416666 12499999 0.000000
hsY 12500000 14583332 0.218909
hsY 14583333 16666665 0.155675
hsY 16666666 18749999 0.024557
hsY 18750000 20833332 0.245002
hsY 20833333 22916665 0.219880
hsY 22916666 24999999 0.277413
hsY 25000000 27083332 0.262500
hsY 27083333 29166665 0.000000
hsY 29166666 31249999 0.000000
hsY 31250000 33333332 0.000000
hsY 33333333 35416665 0.000000
hsY 35416666 37499999 0.000000
hsY 37500000 39583332 0.000000
hsY 39583333 41666665 0.000000
hsY 41666666 43749999 0.000000
hsY 43750000 45833332 0.000000
hsY 45833333 47916665 0.000000
hsY 47916666 49999999 0.000000
hsY 50000000 52083332 0.000000
hsY 52083333 54166665 0.000000
hsY 54166666 56249999 0.000000
hsY 56250000 58333332 0.043391
hs1 0 2083332 0.472001
hs1 2083333 4166665 0.536402
hs1 4166666 6249999 0.233371
hs1 6250000 8333332 0.736233
hs1 8333333 10416665 0.695558
hs1 10416666 12499999 0.641947
hs1 12500000 14583332 0.217784
hs1 14583333 16666665 0.717340
hs1 16666666 18749999 0.481329
hs1 18750000 20833332 0.467182
hs1 20833333 22916665 0.620963
hs1 22916666 24999999 0.536247
hs1 25000000 27083332 0.526891
hs1 27083333 29166665 0.629494
hs1 29166666 31249999 0.225891
hs1 31250000 33333332 0.543635
hs1 33333333 35416665 0.497792
hs1 35416666 37499999 0.530899
hs1 37500000 39583332 0.372805
hs1 39583333 41666665 0.547713
hs1 41666666 43749999 0.523024
hs1 43750000 45833332 0.751574
hs1 45833333 47916665 0.529019
hs1 47916666 49999999 0.747908
hs1 50000000 52083332 0.710492
hs1 52083333 54166665 0.718102
hs1 54166666 56249999 0.408006
hs1 56250000 58333332 0.697520
hs1 58333333 60416665 0.444507
hs1 60416666 62499999 0.429331
hs1 62500000 64583332 0.534696
hs1 64583333 66666665 0.714852
hs1 66666666 68749999 0.495423
hs1 68750000 70833332 0.292204
hs1 70833333 72916665 0.524626
hs1 72916666 74999999 0.331035
hs1 75000000 77083332 0.567167
hs1 77083333 79166665 0.645297
hs1 79166666 81249999 0.037641
hs1 81250000 83333332 0.092173
hs1 83333333 85416665 0.397270
hs1 85416666 87499999 0.619869
hs1 87500000 89583332 0.194830
hs1 89583333 91666665 0.291692
hs1 91666666 93749999 0.618179
hs1 93750000 95833332 0.380922
hs1 95833333 97916665 0.333218
hs1 97916666 99999999 0.289546
hs1 100000000 102083332 0.357567
hs1 102083333 104166665 0.278644
hs1 104166666 106249999 0.166411
hs1 106250000 108333332 0.354362
hs1 108333333 110416665 0.507768
hs1 110416666 112499999 0.386991
hs1 112500000 114583332 0.489546
hs1 114583333 116666665 0.379706
hs1 116666666 118749999 0.464120
hs1 118750000 120833332 0.270044
hs1 120833333 122916665 0.025333
hs1 122916666 124999999 0.000000
hs1 125000000 127083332 0.000000
hs1 127083333 129166665 0.000000
hs1 129166666 131249999 0.000000
hs1 131250000 133333332 0.000000
hs1 133333333 135416665 0.000000
hs1 135416666 137499999 0.000000
hs1 137500000 139583332 0.000000
hs1 139583333 141666665 0.000000
hs1 141666666 143749999 0.291719
hs1 143750000 145833332 0.449011
hs1 145833333 147916665 0.212578
hs1 147916666 149999999 0.608114
hs1 150000000 152083332 0.228059
hs1 152083333 154166665 0.748347
hs1 154166666 156249999 0.459346
hs1 156250000 158333332 0.257838
hs1 158333333 160416665 0.573171
hs1 160416666 162499999 0.276549
hs1 162500000 164583332 0.431438
hs1 164583333 166666665 0.503867
hs1 166666666 168749999 0.398699
hs1 168750000 170833332 0.596259
hs1 170833333 172916665 0.471916
hs1 172916666 174999999 0.672035
hs1 175000000 177083332 0.509490
hs1 177083333 179166665 0.744226
hs1 179166666 181249999 0.346737
hs1 181250000 183333332 0.693336
hs1 183333333 185416665 0.465926
hs1 185416666 187499999 0.000000
hs1 187500000 189583332 0.182383
hs1 189583333 191666665 0.161157
hs1 191666666 193749999 0.000000
hs1 193750000 195833332 0.491018
hs1 195833333 197916665 0.241039
hs1 197916666 199999999 0.398555
hs1 200000000 202083332 0.620063
hs1 202083333 204166665 0.545506
hs1 204166666 206249999 0.478426
hs1 206250000 208333332 0.276023
hs1 208333333 210416665 0.636742
hs1 210416666 212499999 0.333519
hs1 212500000 214583332 0.727046
hs1 214583333 216666665 0.616444
hs1 216666666 218749999 0.173690
hs1 218750000 220833332 0.153069
hs1 220833333 222916665 0.450833
hs1 222916666 224999999 0.579964
hs1 225000000 227083332 0.454526
hs1 227083333 229166665 0.343336
hs1 229166666 231249999 0.689455
hs1 231250000 233333332 0.425748
hs1 233333333 235416665 0.673980
hs1 235416666 237499999 0.349080
hs1 237500000 239583332 0.654786
hs1 239583333 241666665 0.543152
hs1 241666666 243749999 0.619367
hs1 243750000 245833332 0.672334
hs1 245833333 247916665 0.129659
hs19 0 2083332 0.572785
hs19 2083333 4166665 0.697677
hs19 4166666 6249999 0.646159
hs19 6250000 8333332 0.548720
hs19 8333333 10416665 0.503000
hs19 10416666 12499999 0.602988
hs19 12500000 14583332 0.608155
hs19 14583333 16666665 0.488931
hs19 16666666 18749999 0.714772
hs19 18750000 20833332 0.539748
hs19 20833333 22916665 0.260100
hs19 22916666 24999999 0.096395
hs19 25000000 27083332 0.000000
hs19 27083333 29166665 0.000000
hs19 29166666 31249999 0.000000
hs19 31250000 33333332 0.001655
hs19 33333333 35416665 0.082055
hs19 35416666 37499999 0.125044
hs19 37500000 39583332 0.558480
hs19 39583333 41666665 0.440016
hs19 41666666 43749999 0.662734
hs19 43750000 45833332 0.549926
hs19 45833333 47916665 0.453542
hs19 47916666 49999999 0.445932
hs19 50000000 52083332 0.504623
hs19 52083333 54166665 0.681946
hs19 54166666 56249999 0.637618
hs19 56250000 58333332 0.521711
hs19 58333333 60416665 0.538833
hs19 60416666 62499999 0.482680
hs19 62500000 64583332 0.319363
hs2 0 2083332 0.505208
hs2 2083333 4166665 0.317695
hs2 4166666 6249999 0.030004
hs2 6250000 8333332 0.105232
hs2 8333333 10416665 0.462642
hs2 10416666 12499999 0.342939
hs2 12500000 14583332 0.012414
hs2 14583333 16666665 0.250545
hs2 16666666 18749999 0.180763
hs2 18750000 20833332 0.173330
hs2 20833333 22916665 0.045899
hs2 22916666 24999999 0.560922
hs2 25000000 27083332 0.719374
hs2 27083333 29166665 0.709246
hs2 29166666 31249999 0.647894
hs2 31250000 33333332 0.713697
hs2 33333333 35416665 0.139640
hs2 35416666 37499999 0.387147
hs2 37500000 39583332 0.457086
hs2 39583333 41666665 0.238068
hs2 41666666 43749999 0.387646
hs2 43750000 45833332 0.580444
hs2 45833333 47916665 0.566095
hs2 47916666 49999999 0.343346
hs2 50000000 52083332 0.534326
hs2 52083333 54166665 0.220954
hs2 54166666 56249999 0.580068
hs2 56250000 58333332 0.190810
hs2 58333333 60416665 0.000000
hs2 60416666 62499999 0.505543
hs2 62500000 64583332 0.533977
hs2 64583333 66666665 0.241476
hs2 66666666 68749999 0.167254
hs2 68750000 70833332 0.547828
hs2 70833333 72916665 0.589360
hs2 72916666 74999999 0.590387
hs2 75000000 77083332 0.268907
hs2 77083333 79166665 0.251336
hs2 79166666 81249999 0.551543
hs2 81250000 83333332 0.000465
hs2 83333333 85416665 0.324702
hs2 85416666 87499999 0.519746
hs2 87500000 89583332 0.318109
hs2 89583333 91666665 0.015068
hs2 91666666 93749999 0.000000
hs2 93750000 95833332 0.156869
hs2 95833333 97916665 0.475708
hs2 97916666 99999999 0.783911
hs2 100000000 102083332 0.463669
hs2 102083333 104166665 0.199864
hs2 104166666 106249999 0.266331
hs2 106250000 108333332 0.139114
hs2 108333333 110416665 0.691364
hs2 110416666 112499999 0.588797
hs2 112500000 114583332 0.414943
hs2 114583333 116666665 0.673165
hs2 116666666 118749999 0.066144
hs2 118750000 120833332 0.390189
hs2 120833333 122916665 0.288056
hs2 122916666 124999999 0.240320
hs2 125000000 127083332 0.186880
hs2 127083333 129166665 0.381332
hs2 129166666 131249999 0.119457
hs2 131250000 133333332 0.456409
hs2 133333333 135416665 0.604563
hs2 135416666 137499999 0.463359
hs2 137500000 139583332 0.426373
hs2 139583333 141666665 0.461376
hs2 141666666 143749999 0.600192
hs2 143750000 145833332 0.487158
hs2 145833333 147916665 0.065306
hs2 147916666 149999999 0.639357
hs2 150000000 152083332 0.111507
hs2 152083333 154166665 0.477232
hs2 154166666 156249999 0.355194
hs2 156250000 158333332 0.185097
hs2 158333333 160416665 0.732278
hs2 160416666 162499999 0.487918
hs2 162500000 164583332 0.422615
hs2 164583333 166666665 0.500718
hs2 166666666 168749999 0.433169
hs2 168750000 170833332 0.714891
hs2 170833333 172916665 0.599052
hs2 172916666 174999999 0.468069
hs2 175000000 177083332 0.326218
hs2 177083333 179166665 0.655770
hs2 179166666 181249999 0.475302
hs2 181250000 183333332 0.424200
hs2 183333333 185416665 0.225301
hs2 185416666 187499999 0.190040
hs2 187500000 189583332 0.283788
hs2 189583333 191666665 0.472493
hs2 191666666 193749999 0.255792
hs2 193750000 195833332 0.000000
hs2 195833333 197916665 0.611585
hs2 197916666 199999999 0.378812
hs2 200000000 202083332 0.534728
hs2 202083333 204166665 0.688567
hs2 204166666 206249999 0.543546
hs2 206250000 208333332 0.426872
hs2 208333333 210416665 0.397294
hs2 210416666 212499999 0.570367
hs2 212500000 214583332 0.715005
hs2 214583333 216666665 0.524209
hs2 216666666 218749999 0.482550
hs2 218750000 220833332 0.480304
hs2 220833333 222916665 0.125007
hs2 222916666 224999999 0.287353
hs2 225000000 227083332 0.310033
hs2 227083333 229166665 0.476880
hs2 229166666 231249999 0.592308
hs2 231250000 233333332 0.539504
hs2 233333333 235416665 0.759750
hs2 235416666 237499999 0.481371
hs2 237500000 239583332 0.381506
hs2 239583333 241666665 0.394768
hs2 241666666 243749999 0.353088
hs8 0 2083332 0.346469
hs8 2083333 4166665 0.665464
hs8 4166666 6249999 0.323074
hs8 6250000 8333332 0.390411
hs8 8333333 10416665 0.365047
hs8 10416666 12499999 0.497002
hs8 12500000 14583332 0.570061
hs8 14583333 16666665 0.415722
hs8 16666666 18749999 0.577929
hs8 18750000 20833332 0.317550
hs8 20833333 22916665 0.461502
hs8 22916666 24999999 0.253740
hs8 25000000 27083332 0.399620
hs8 27083333 29166665 0.687729
hs8 29166666 31249999 0.359244
hs8 31250000 33333332 0.540140
hs8 33333333 35416665 0.175199
hs8 35416666 37499999 0.243293
hs8 37500000 39583332 0.574188
hs8 39583333 41666665 0.408689
hs8 41666666 43749999 0.509833
hs8 43750000 45833332 0.000000
hs8 45833333 47916665 0.007152
hs8 47916666 49999999 0.363575
hs8 50000000 52083332 0.424595
hs8 52083333 54166665 0.477571
hs8 54166666 56249999 0.228549
hs8 56250000 58333332 0.337380
hs8 58333333 60416665 0.302593
hs8 60416666 62499999 0.250395
hs8 62500000 64583332 0.544691
hs8 64583333 66666665 0.100444
hs8 66666666 68749999 0.625385
hs8 68750000 70833332 0.485799
hs8 70833333 72916665 0.329626
hs8 72916666 74999999 0.570041
hs8 75000000 77083332 0.134771
hs8 77083333 79166665 0.134012
hs8 79166666 81249999 0.249346
hs8 81250000 83333332 0.270101
hs8 83333333 85416665 0.076156
hs8 85416666 87499999 0.459690
hs8 87500000 89583332 0.533955
hs8 89583333 91666665 0.089081
hs8 91666666 93749999 0.315362
hs8 93750000 95833332 0.270780
hs8 95833333 97916665 0.310742
hs8 97916666 99999999 0.581260
hs8 100000000 102083332 0.650540
hs8 102083333 104166665 0.443942
hs8 104166666 106249999 0.550061
hs8 106250000 108333332 0.471015
hs8 108333333 110416665 0.312654
hs8 110416666 112499999 0.157453
hs8 112500000 114583332 0.582806
hs8 114583333 116666665 0.084848
hs8 116666666 118749999 0.232134
hs8 118750000 120833332 0.461603
hs8 120833333 122916665 0.463155
hs8 122916666 124999999 0.333643
hs8 125000000 127083332 0.436053
hs8 127083333 129166665 0.164403
hs8 129166666 131249999 0.129377
hs8 131250000 133333332 0.386939
hs8 133333333 135416665 0.483430
hs8 135416666 137499999 0.237006
hs8 137500000 139583332 0.176064
hs8 139583333 141666665 0.578124
hs8 141666666 143749999 0.419435
hs8 143750000 145833332 0.479680
hs8 145833333 147916665 0.079742
hs6 0 2083332 0.457970
hs6 2083333 4166665 0.351978
hs6 4166666 6249999 0.524622
hs6 6250000 8333332 0.461571
hs6 8333333 10416665 0.011584
hs6 10416666 12499999 0.453414
hs6 12500000 14583332 0.464835
hs6 14583333 16666665 0.360692
hs6 16666666 18749999 0.445922
hs6 18750000 20833332 0.190807
hs6 20833333 22916665 0.507254
hs6 22916666 24999999 0.290551
hs6 25000000 27083332 0.437145
hs6 27083333 29166665 0.169637
hs6 29166666 31249999 0.301835
hs6 31250000 33333332 0.452745
hs6 33333333 35416665 0.555679
hs6 35416666 37499999 0.628484
hs6 37500000 39583332 0.748428
hs6 39583333 41666665 0.368910
hs6 41666666 43749999 0.710424
hs6 43750000 45833332 0.522733
hs6 45833333 47916665 0.494904
hs6 47916666 49999999 0.182416
hs6 50000000 52083332 0.281612
hs6 52083333 54166665 0.429429
hs6 54166666 56249999 0.426586
hs6 56250000 58333332 0.347306
hs6 58333333 60416665 0.019952
hs6 60416666 62499999 0.025045
hs6 62500000 64583332 0.371104
hs6 64583333 66666665 0.908214
hs6 66666666 68749999 0.000000
hs6 68750000 70833332 0.516166
hs6 70833333 72916665 0.468261
hs6 72916666 74999999 0.567448
hs6 75000000 77083332 0.376093
hs6 77083333 79166665 0.000564
hs6 79166666 81249999 0.308963
hs6 81250000 83333332 0.042570
hs6 83333333 85416665 0.459748
hs6 85416666 87499999 0.096852
hs6 87500000 89583332 0.391412
hs6 89583333 91666665 0.593344
hs6 91666666 93749999 0.000000
hs6 93750000 95833332 0.119503
hs6 95833333 97916665 0.347664
hs6 97916666 99999999 0.104815
hs6 100000000 102083332 0.363222
hs6 102083333 104166665 0.259833
hs6 104166666 106249999 0.213840
hs6 106250000 108333332 0.528633
hs6 108333333 110416665 0.615936
hs6 110416666 112499999 0.578916
hs6 112500000 114583332 0.118630
hs6 114583333 116666665 0.127503
hs6 116666666 118749999 0.585929
hs6 118750000 120833332 0.315830
hs6 120833333 122916665 0.198281
hs6 122916666 124999999 0.729215
hs6 125000000 127083332 0.344067
hs6 127083333 129166665 0.496073
hs6 129166666 131249999 0.508779
hs6 131250000 133333332 0.410701
hs6 133333333 135416665 0.346997
hs6 135416666 137499999 0.984895
hs6 137500000 139583332 0.330552
hs6 139583333 141666665 0.026112
hs6 141666666 143749999 0.391589
hs6 143750000 145833332 0.552139
hs6 145833333 147916665 0.515843
hs6 147916666 149999999 0.381649
hs6 150000000 152083332 0.586778
hs6 152083333 154166665 0.519891
hs6 154166666 156249999 0.452160
hs6 156250000 158333332 0.411622
hs6 158333333 160416665 0.495371
hs6 160416666 162499999 0.736284
hs6 162500000 164583332 0.641103
hs6 164583333 166666665 0.219715
hs6 166666666 168749999 0.495877
hs6 168750000 170833332 0.283787
hs14 0 2083332 0.000000
hs14 2083333 4166665 0.000000
hs14 4166666 6249999 0.000000
hs14 6250000 8333332 0.000000
hs14 8333333 10416665 0.000000
hs14 10416666 12499999 0.000000
hs14 12500000 14583332 0.000000
hs14 14583333 16666665 0.000000
hs14 16666666 18749999 0.015629
hs14 18750000 20833332 0.175612
hs14 20833333 22916665 0.277439
hs14 22916666 24999999 0.323752
hs14 25000000 27083332 0.072899
hs14 27083333 29166665 0.036435
hs14 29166666 31249999 0.507168
hs14 31250000 33333332 0.764553
hs14 33333333 35416665 0.435741
hs14 35416666 37499999 0.451593
hs14 37500000 39583332 0.130652
hs14 39583333 41666665 0.142556
hs14 41666666 43749999 0.000000
hs14 43750000 45833332 0.157769
hs14 45833333 47916665 0.401267
hs14 47916666 49999999 0.280271
hs14 50000000 52083332 0.525828
hs14 52083333 54166665 0.281794
hs14 54166666 56249999 0.452929
hs14 56250000 58333332 0.372312
hs14 58333333 60416665 0.430343
hs14 60416666 62499999 0.429375
hs14 62500000 64583332 0.677131
hs14 64583333 66666665 0.499459
hs14 66666666 68749999 0.740468
hs14 68750000 70833332 0.538013
hs14 70833333 72916665 0.697368
hs14 72916666 74999999 0.608005
hs14 75000000 77083332 0.678041
hs14 77083333 79166665 0.733355
hs14 79166666 81249999 0.534077
hs14 81250000 83333332 0.000000
hs14 83333333 85416665 0.046936
hs14 85416666 87499999 0.014827
hs14 87500000 89583332 0.633880
hs14 89583333 91666665 0.699497
hs14 91666666 93749999 0.687711
hs14 93750000 95833332 0.316421
hs14 95833333 97916665 0.178475
hs14 97916666 99999999 0.394698
hs14 100000000 102083332 0.403507
hs14 102083333 104166665 0.499854
hs14 104166666 106249999 0.252126
hs17 0 2083332 0.746982
hs17 2083333 4166665 0.666306
hs17 4166666 6249999 0.435027
hs17 6250000 8333332 0.576891
hs17 8333333 10416665 0.757693
hs17 10416666 12499999 0.445610
hs17 12500000 14583332 0.299820
hs17 14583333 16666665 0.450319
hs17 16666666 18749999 0.609124
hs17 18750000 20833332 0.467856
hs17 20833333 22916665 0.172654
hs17 22916666 24999999 0.598680
hs17 25000000 27083332 0.715905
hs17 27083333 29166665 0.751789
hs17 29166666 31249999 0.507106
hs17 31250000 33333332 0.526623
hs17 33333333 35416665 0.553579
hs17 35416666 37499999 0.407035
hs17 37500000 39583332 0.620497
hs17 39583333 41666665 0.586650
hs17 41666666 43749999 0.612610
hs17 43750000 45833332 0.445489
hs17 45833333 47916665 0.544471
hs17 47916666 49999999 0.001121
hs17 50000000 52083332 0.351764
hs17 52083333 54166665 0.545958
hs17 54166666 56249999 0.743264
hs17 56250000 58333332 0.659481
hs17 58333333 60416665 0.692998
hs17 60416666 62499999 0.645274
hs17 62500000 64583332 0.595599
hs17 64583333 66666665 0.211773
hs17 66666666 68749999 0.244427
hs17 68750000 70833332 0.556044
hs17 70833333 72916665 0.671896
hs17 72916666 74999999 0.580402
hs17 75000000 77083332 0.620389
hs17 77083333 79166665 0.532880
hs21 0 2083332 0.000000
hs21 2083333 4166665 0.000000
hs21 4166666 6249999 0.000000
hs21 6250000 8333332 0.000000
hs21 8333333 10416665 0.210078
hs21 10416666 12499999 0.000000
hs21 12500000 14583332 0.133963
hs21 14583333 16666665 0.307599
hs21 16666666 18749999 0.263150
hs21 18750000 20833332 0.000000
hs21 20833333 22916665 0.288527
hs21 22916666 24999999 0.000000
hs21 25000000 27083332 0.289368
hs21 27083333 29166665 0.047212
hs21 29166666 31249999 0.413933
hs21 31250000 33333332 0.551229
hs21 33333333 35416665 0.572796
hs21 35416666 37499999 0.391215
hs21 37500000 39583332 0.524632
hs21 39583333 41666665 0.627995
hs21 41666666 43749999 0.487659
hs21 43750000 45833332 0.662875
hs21 45833333 47916665 0.292254
