hsX 0 6249999 0.251640
hsX 6250000 12499999 0.407663
hsX 12500000 18749999 0.464009
hsX 18750000 24999999 0.417449
hsX 25000000 31249999 0.286276
hsX 31250000 37499999 0.422311
hsX 37500000 43749999 0.257208
hsX 43750000 49999999 0.466462
hsX 50000000 56249999 0.303157
hsX 56250000 62499999 0.062162
hsX 62500000 68749999 0.246466
hsX 68750000 74999999 0.557304
hsX 75000000 81249999 0.173852
hsX 81250000 87499999 0.256418
hsX 87500000 93749999 0.143583
hsX 93750000 99999999 0.265385
hsX 100000000 106249999 0.487766
hsX 106250000 112499999 0.492536
hsX 112500000 118749999 0.241052
hsX 118750000 124999999 0.321413
hsX 125000000 131249999 0.178694
hsX 131250000 137499999 0.327068
hsX 137500000 143749999 0.157864
hsX 143750000 149999999 0.211698
hsX 150000000 156249999 0.334687
hs12 0 6249999 0.637351
hs12 6250000 12499999 0.504571
hs12 12500000 18749999 0.402425
hs12 18750000 24999999 0.479569
hs12 25000000 31249999 0.420720
hs12 31250000 37499999 0.195000
hs12 37500000 43749999 0.534572
hs12 43750000 49999999 0.462700
hs12 50000000 56249999 0.451201
hs12 56250000 62499999 0.248185
hs12 62500000 68749999 0.390463
hs12 68750000 74999999 0.296536
hs12 75000000 81249999 0.452048
hs12 81250000 87499999 0.333543
hs12 87500000 93749999 0.191912
hs12 93750000 99999999 0.522024
hs12 100000000 106249999 0.532045
hs12 106250000 112499999 0.628808
hs12 112500000 118749999 0.414704
hs12 118750000 124999999 0.620601
hs12 125000000 131249999 0.363314
hs12 131250000 137499999 0.107281
hs11 0 6249999 0.469843
hs11 6250000 12499999 0.576780
hs11 12500000 18749999 0.526568
hs11 18750000 24999999 0.451174
hs11 25000000 31249999 0.240323
hs11 31250000 37499999 0.480702
hs11 37500000 43749999 0.070402
hs11 43750000 49999999 0.467064
hs11 50000000 56249999 0.071931
hs11 56250000 62499999 0.395562
hs11 62500000 68749999 0.573530
hs11 68750000 74999999 0.566146
hs11 75000000 81249999 0.447679
hs11 81250000 87499999 0.557609
hs11 87500000 93749999 0.369033
hs11 93750000 99999999 0.370390
hs11 100000000 106249999 0.390102
hs11 106250000 112499999 0.400970
hs11 112500000 118749999 0.474712
hs11 118750000 124999999 0.394427
hs11 125000000 131249999 0.417370
hs11 131250000 137499999 0.313106
hs22 0 6249999 0.000000
hs22 6250000 12499999 0.000000
hs22 12500000 18749999 0.279219
hs22 18750000 24999999 0.585171
hs22 25000000 31249999 0.607008
hs22 31250000 37499999 0.531253
hs22 37500000 43749999 0.659743
hs22 43750000 49999999 0.409428
hs10 0 6249999 0.337729
hs10 6250000 12499999 0.295322
hs10 12500000 18749999 0.674800
hs10 18750000 24999999 0.476968
hs10 25000000 31249999 0.436216
hs10 31250000 37499999 0.396887
hs10 37500000 43749999 0.124966
hs10 43750000 49999999 0.328775
hs10 50000000 56249999 0.609086
hs10 56250000 62499999 0.214229
hs10 62500000 68749999 0.437207
hs10 68750000 74999999 0.684856
hs10 75000000 81249999 0.559385
hs10 81250000 87499999 0.307882
hs10 87500000 93749999 0.530823
hs10 93750000 99999999 0.659271
hs10 100000000 106249999 0.687916
hs10 106250000 112499999 0.264248
hs10 112500000 118749999 0.536119
hs10 118750000 124999999 0.399602
hs10 125000000 131249999 0.404225
hs10 131250000 137499999 0.241958
hs7 0 6249999 0.599237
hs7 6250000 12499999 0.335923
hs7 12500000 18749999 0.364446
hs7 18750000 24999999 0.385633
hs7 25000000 31249999 0.457797
hs7 31250000 37499999 0.571637
hs7 37500000 43749999 0.495469
hs7 43750000 49999999 0.372441
hs7 50000000 56249999 0.248624
hs7 56250000 62499999 0.016757
hs7 62500000 68749999 0.225147
hs7 68750000 74999999 0.689190
hs7 75000000 81249999 0.533282
hs7 81250000 87499999 0.440859
hs7 87500000 93749999 0.414316
hs7 93750000 99999999 0.453330
hs7 100000000 106249999 0.666096
hs7 106250000 112499999 0.494425
hs7 112500000 118749999 0.315469
hs7 118750000 124999999 0.365245
hs7 125000000 131249999 0.524793
hs7 131250000 137499999 0.579852
hs7 137500000 143749999 0.424539
hs7 143750000 149999999 0.560953
hs7 150000000 156249999 0.467392
hs7 156250000 162499999 0.290259
hs4 0 6249999 0.583768
hs4 6250000 12499999 0.352774
hs4 12500000 18749999 0.274839
hs4 18750000 24999999 0.383889
hs4 25000000 31249999 0.170693
hs4 31250000 37499999 0.109128
hs4 37500000 43749999 0.506898
hs4 43750000 49999999 0.393809
hs4 50000000 56249999 0.231532
hs4 56250000 62499999 0.184932
hs4 62500000 68749999 0.172348
hs4 68750000 74999999 0.348730
hs4 75000000 81249999 0.439161
hs4 81250000 87499999 0.465615
hs4 87500000 93749999 0.580049
hs4 93750000 99999999 0.519292
hs4 100000000 106249999 0.334922
hs4 106250000 112499999 0.436348
hs4 112500000 118749999 0.269088
hs4 118750000 124999999 0.400072
hs4 125000000 131249999 0.171374
hs4 131250000 137499999 0.007629
hs4 137500000 143749999 0.346706
hs4 143750000 149999999 0.423214
hs4 150000000 156249999 0.433977
hs4 156250000 162499999 0.216220
hs4 162500000 168749999 0.445111
hs4 168750000 174999999 0.446265
hs4 175000000 181249999 0.242134
hs4 181250000 187499999 0.344992
hs4 187500000 193749999 0.044480
hs16 0 6249999 0.604659
hs16 6250000 12499999 0.559792
hs16 12500000 18749999 0.412619
hs16 18750000 24999999 0.590821
hs16 25000000 31249999 0.456266
hs16 31250000 37499999 0.044152
hs16 37500000 43749999 0.000000
hs16 43750000 49999999 0.329184
hs16 50000000 56249999 0.368577
hs16 56250000 62499999 0.158488
hs16 62500000 68749999 0.537644
hs16 68750000 74999999 0.450629
hs16 75000000 81249999 0.477359
hs16 81250000 87499999 0.488693
hs16 87500000 93749999 0.137738
hs20 0 6249999 0.440389
hs20 6250000 12499999 0.318308
hs20 12500000 18749999 0.657131
hs20 18750000 24999999 0.324299
hs20 25000000 31249999 0.242498
hs20 31250000 37499999 0.626053
hs20 37500000 43749999 0.453584
hs20 43750000 49999999 0.484292
hs20 50000000 56249999 0.234409
hs20 56250000 62499999 0.491101
hs13 0 6249999 0.000000
hs13 6250000 12499999 0.000000
hs13 12500000 18749999 0.021945
hs13 18750000 24999999 0.413816
hs13 25000000 31249999 0.432518
hs13 31250000 37499999 0.553038
hs13 37500000 43749999 0.458672
hs13 43750000 49999999 0.408305
hs13 50000000 56249999 0.195466
hs13 56250000 62499999 0.136722
hs13 62500000 68749999 0.185789
hs13 68750000 74999999 0.303443
hs13 75000000 81249999 0.240176
hs13 81250000 87499999 0.069425
hs13 87500000 93749999 0.413512
hs13 93750000 99999999 0.625281
hs13 100000000 106249999 0.276533
hs13 106250000 112499999 0.395940
hs13 112500000 118749999 0.157892
hs18 0 6249999 0.340884
hs18 6250000 12499999 0.475805
hs18 12500000 18749999 0.324237
hs18 18750000 24999999 0.419529
hs18 25000000 31249999 0.416890
hs18 31250000 37499999 0.342099
hs18 37500000 43749999 0.339534
hs18 43750000 49999999 0.470222
hs18 50000000 56249999 0.380543
hs18 56250000 62499999 0.249467
hs18 62500000 68749999 0.208744
hs18 68750000 74999999 0.222857
hs18 75000000 81249999 0.115719
hs3 0 6249999 0.351255
hs3 6250000 12499999 0.592489
hs3 12500000 18749999 0.522886
hs3 18750000 24999999 0.304220
hs3 25000000 31249999 0.298881
hs3 31250000 37499999 0.389392
hs3 37500000 43749999 0.574138
hs3 43750000 49999999 0.598101
hs3 50000000 56249999 0.758676
hs3 56250000 62499999 0.718584
hs3 62500000 68749999 0.527488
hs3 68750000 74999999 0.372486
hs3 75000000 81249999 0.294850
hs3 81250000 87499999 0.237748
hs3 87500000 93749999 0.065061
hs3 93750000 99999999 0.243867
hs3 100000000 106249999 0.338531
hs3 106250000 112499999 0.306808
hs3 112500000 118749999 0.556113
hs3 118750000 124999999 0.589765
hs3 125000000 131249999 0.582904
hs3 131250000 137499999 0.588803
hs3 137500000 143749999 0.513110
hs3 143750000 149999999 0.209183
hs3 150000000 156249999 0.339175
hs3 156250000 162499999 0.565087
hs3 162500000 168749999 0.072237
hs3 168750000 174999999 0.628356
hs3 175000000 181249999 0.420748
hs3 181250000 187499999 0.398326
hs3 187500000 193749999 0.416638
hs3 193750000 199999999 0.448732
hs9 0 6249999 0.449782
hs9 6250000 12499999 0.474761
hs9 12500000 18749999 0.432826
hs9 18750000 24999999 0.296360
hs9 25000000 31249999 0.224456
hs9 31250000 37499999 0.482325
hs9 37500000 43749999 0.187251
hs9 43750000 49999999 0.019878
hs9 50000000 56249999 0.000000
hs9 56250000 62499999 0.000000
hs9 62500000 68749999 0.054661
hs9 68750000 74999999 0.470610
hs9 75000000 81249999 0.325192
hs9 81250000 87499999 0.246203
hs9 87500000 93749999 0.279642
hs9 93750000 99999999 0.571324
hs9 100000000 106249999 0.326257
hs9 106250000 112499999 0.395874
hs9 112500000 118749999 0.577207
hs9 118750000 124999999 0.460174
hs9 125000000 131249999 0.678735
hs9 131250000 137499999 0.540627
hs9 137500000 143749999 0.289445
hs15 0 6249999 0.000000
hs15 6250000 12499999 0.000000
hs15 12500000 18749999 0.000000
hs15 18750000 24999999 0.281297
hs15 25000000 31249999 0.490374
hs15 31250000 37499999 0.350763
hs15 37500000 43749999 0.691337
hs15 43750000 49999999 0.524896
hs15 50000000 56249999 0.536721
hs15 56250000 62499999 0.516733
hs15 62500000 68749999 0.539528
hs15 68750000 74999999 0.661826
hs15 75000000 81249999 0.423777
hs15 81250000 87499999 0.536266
hs15 87500000 93749999 0.343835
hs15 93750000 99999999 0.351016
hs15 100000000 106249999 0.016666
hs5 0 6249999 0.199230
hs5 6250000 12499999 0.439915
hs5 12500000 18749999 0.354844
hs5 18750000 24999999 0.309833
hs5 25000000 31249999 0.028549
hs5 31250000 37499999 0.477692
hs5 37500000 43749999 0.421335
hs5 43750000 49999999 0.091978
hs5 50000000 56249999 0.313631
hs5 56250000 62499999 0.491206
hs5 62500000 68749999 0.384930
hs5 68750000 74999999 0.635540
hs5 75000000 81249999 0.611895
hs5 81250000 87499999 0.223791
hs5 87500000 93749999 0.330559
hs5 93750000 99999999 0.296450
hs5 100000000 106249999 0.094966
hs5 106250000 112499999 0.511488
hs5 112500000 118749999 0.282551
hs5 118750000 124999999 0.193380
hs5 125000000 131249999 0.371146
hs5 131250000 137499999 0.468691
hs5 137500000 143749999 1.309572
hs5 143750000 149999999 0.470845
hs5 150000000 156249999 0.320516
hs5 156250000 162499999 0.351276
hs5 162500000 168749999 0.306300
hs5 168750000 174999999 0.426123
hs5 175000000 181249999 0.483077
hsY 0 6249999 0.265955
hsY 6250000 12499999 0.218523
hsY 12500000 18749999 0.133047
hsY 18750000 24999999 0.247432
hsY 25000000 31249999 0.087500
hsY 31250000 37499999 0.000000
hsY 37500000 43749999 0.000000
hsY 43750000 49999999 0.000000
hsY 50000000 56249999 0.000000
hsY 56250000 62499999 0.014464
hs1 0 6249999 0.413925
hs1 6250000 12499999 0.691246
hs1 12500000 18749999 0.472151
hs1 18750000 24999999 0.541464
hs1 25000000 31249999 0.460758
hs1 31250000 37499999 0.524108
hs1 37500000 43749999 0.481181
hs1 43750000 49999999 0.676167
hs1 50000000 56249999 0.612200
hs1 56250000 62499999 0.523786
hs1 62500000 68749999 0.581657
hs1 68750000 74999999 0.382622
hs1 75000000 81249999 0.416701
hs1 81250000 87499999 0.369770
hs1 87500000 93749999 0.368233
hs1 93750000 99999999 0.334562
hs1 100000000 106249999 0.267541
hs1 106250000 112499999 0.416374
hs1 112500000 118749999 0.444457
hs1 118750000 124999999 0.098459
hs1 125000000 131249999 0.000000
hs1 131250000 137499999 0.000000
hs1 137500000 143749999 0.097240
hs1 143750000 149999999 0.423234
hs1 150000000 156249999 0.478584
hs1 156250000 162499999 0.369186
hs1 162500000 168749999 0.444668
hs1 168750000 174999999 0.580070
hs1 175000000 181249999 0.533484
hs1 181250000 187499999 0.386421
hs1 187500000 193749999 0.114513
hs1 193750000 199999999 0.376871
hs1 200000000 206249999 0.547998
hs1 206250000 212499999 0.415428
hs1 212500000 218749999 0.505727
hs1 218750000 224999999 0.394622
hs1 225000000 231249999 0.495772
hs1 231250000 237499999 0.482936
hs1 237500000 243749999 0.605768
hs1 243750000 249999999 0.267331
hs19 0 6249999 0.638873
hs19 6250000 12499999 0.551569
hs19 12500000 18749999 0.603953
hs19 18750000 24999999 0.298748
hs19 25000000 31249999 0.000000
hs19 31250000 37499999 0.069585
hs19 37500000 43749999 0.553743
hs19 43750000 49999999 0.483133
hs19 50000000 56249999 0.608062
hs19 56250000 62499999 0.514408
hs19 62500000 68749999 0.106454
hs2 0 6249999 0.284302
hs2 6250000 12499999 0.303604
hs2 12500000 18749999 0.147907
hs2 18750000 24999999 0.260050
hs2 25000000 31249999 0.692171
hs2 31250000 37499999 0.413495
hs2 37500000 43749999 0.360933
hs2 43750000 49999999 0.496629
hs2 50000000 56249999 0.445116
hs2 56250000 62499999 0.232117
hs2 62500000 68749999 0.314236
hs2 68750000 74999999 0.575858
hs2 75000000 81249999 0.357262
hs2 81250000 87499999 0.281638
hs2 87500000 93749999 0.111059
hs2 93750000 99999999 0.472163
hs2 100000000 106249999 0.309955
hs2 106250000 112499999 0.473092
hs2 112500000 118749999 0.384751
hs2 118750000 124999999 0.306188
hs2 125000000 131249999 0.229223
hs2 131250000 137499999 0.508111
hs2 137500000 143749999 0.495980
hs2 143750000 149999999 0.397274
hs2 150000000 156249999 0.314645
hs2 156250000 162499999 0.468431
hs2 162500000 168749999 0.452167
hs2 168750000 174999999 0.594004
hs2 175000000 181249999 0.485763
hs2 181250000 187499999 0.279847
hs2 187500000 193749999 0.337357
hs2 193750000 199999999 0.330132
hs2 200000000 206249999 0.588947
hs2 206250000 212499999 0.464844
hs2 212500000 218749999 0.573921
hs2 218750000 224999999 0.297555
hs2 225000000 231249999 0.459740
hs2 231250000 237499999 0.593542
hs2 237500000 243749999 0.376454
hs8 0 6249999 0.445002
hs8 6250000 12499999 0.417486
hs8 12500000 18749999 0.521237
hs8 18750000 24999999 0.344264
hs8 25000000 31249999 0.482197
hs8 31250000 37499999 0.319544
hs8 37500000 43749999 0.497570
hs8 43750000 49999999 0.123576
hs8 50000000 56249999 0.376905
hs8 56250000 62499999 0.296790
hs8 62500000 68749999 0.423507
hs8 68750000 74999999 0.461822
hs8 75000000 81249999 0.172710
hs8 81250000 87499999 0.268649
hs8 87500000 93749999 0.312799
hs8 93750000 99999999 0.387594
hs8 100000000 106249999 0.548181
hs8 106250000 112499999 0.313707
hs8 112500000 118749999 0.299929
hs8 118750000 124999999 0.419467
hs8 125000000 131249999 0.243278
hs8 131250000 137499999 0.369125
hs8 137500000 143749999 0.391208
hs8 143750000 149999999 0.186474
hs6 0 6249999 0.444857
hs6 6250000 12499999 0.308856
hs6 12500000 18749999 0.423816
hs6 18750000 24999999 0.329537
hs6 25000000 31249999 0.302872
hs6 31250000 37499999 0.545636
hs6 37500000 43749999 0.609254
hs6 43750000 49999999 0.400017
hs6 50000000 56249999 0.379209
hs6 56250000 62499999 0.130768
hs6 62500000 68749999 0.426439
hs6 68750000 74999999 0.517292
hs6 75000000 81249999 0.228540
hs6 81250000 87499999 0.199724
hs6 87500000 93749999 0.328252
hs6 93750000 99999999 0.190661
hs6 100000000 106249999 0.278965
hs6 106250000 112499999 0.574495
hs6 112500000 118749999 0.277354
hs6 118750000 124999999 0.414442
hs6 125000000 131249999 0.449640
hs6 131250000 137499999 0.580864
hs6 137500000 143749999 0.249417
hs6 143750000 149999999 0.483211
hs6 150000000 156249999 0.519610
hs6 156250000 162499999 0.547759
hs6 162500000 168749999 0.452232
hs6 168750000 174999999 0.094596
hs14 0 6249999 0.000000
hs14 6250000 12499999 0.000000
hs14 12500000 18749999 0.005210
hs14 18750000 24999999 0.258934
hs14 25000000 31249999 0.205500
hs14 31250000 37499999 0.550629
hs14 37500000 43749999 0.091069
hs14 43750000 49999999 0.279769
hs14 50000000 56249999 0.420184
hs14 56250000 62499999 0.410677
hs14 62500000 68749999 0.639019
hs14 68750000 74999999 0.614462
hs14 75000000 81249999 0.648491
hs14 81250000 87499999 0.020588
hs14 87500000 93749999 0.673696
hs14 93750000 99999999 0.296531
hs14 100000000 106249999 0.385162
hs17 0 6249999 0.616105
hs17 6250000 12499999 0.593398
hs17 12500000 18749999 0.453088
hs17 18750000 24999999 0.413063
hs17 25000000 31249999 0.658267
hs17 31250000 37499999 0.495745
hs17 37500000 43749999 0.606586
hs17 43750000 49999999 0.330361
hs17 50000000 56249999 0.546995
hs17 56250000 62499999 0.665917
hs17 62500000 68749999 0.350600
hs17 68750000 74999999 0.602780
hs17 75000000 81249999 0.384423
hs21 0 6249999 0.000000
hs21 6250000 12499999 0.070026
hs21 12500000 18749999 0.234904
hs21 18750000 24999999 0.096176
hs21 25000000 31249999 0.250171
hs21 31250000 37499999 0.505080
hs21 37500000 43749999 0.546762
hs21 43750000 49999999 0.318376
