hsX 0 8333332 0.220922
hsX 8333333 16666665 0.463313
hsX 16666666 24999999 0.471335
hsX 25000000 33333332 0.456825
hsX 33333333 41666665 0.239578
hsX 41666666 49999999 0.377790
hsX 50000000 58333332 0.273495
hsX 58333333 66666665 0.097962
hsX 66666666 74999999 0.505360
hsX 75000000 83333332 0.149176
hsX 83333333 91666665 0.264516
hsX 91666666 99999999 0.215737
hsX 100000000 108333332 0.481391
hsX 108333333 116666665 0.326508
hsX 116666666 124999999 0.349176
hsX 125000000 133333332 0.258070
hsX 133333333 141666665 0.234718
hsX 141666666 149999999 0.163704
hsX 150000000 158333332 0.251015
hs12 0 8333332 0.606163
hs12 8333333 16666665 0.501841
hs12 16666666 24999999 0.409934
hs12 25000000 33333332 0.431653
hs12 33333333 41666665 0.278722
hs12 41666666 49999999 0.499368
hs12 50000000 58333332 0.369591
hs12 58333333 66666665 0.366498
hs12 66666666 74999999 0.303701
hs12 75000000 83333332 0.407961
hs12 83333333 91666665 0.220396
hs12 91666666 99999999 0.496289
hs12 100000000 108333332 0.538320
hs12 108333333 116666665 0.498209
hs12 116666666 124999999 0.610590
hs12 125000000 133333332 0.352946
hs11 0 8333332 0.463119
hs11 8333333 16666665 0.562337
hs11 16666666 24999999 0.492817
hs11 25000000 33333332 0.319912
hs11 33333333 41666665 0.242447
hs11 41666666 49999999 0.381510
hs11 50000000 58333332 0.138123
hs11 58333333 66666665 0.510143
hs11 66666666 74999999 0.557111
hs11 75000000 83333332 0.431693
hs11 83333333 91666665 0.468881
hs11 91666666 99999999 0.407959
hs11 100000000 108333332 0.452900
hs11 108333333 116666665 0.329863
hs11 116666666 124999999 0.462396
hs11 125000000 133333332 0.508788
hs11 133333333 141666665 0.039069
hs22 0 8333332 0.000000
hs22 8333333 16666665 0.069207
hs22 16666666 24999999 0.579085
hs22 25000000 33333332 0.604531
hs22 33333333 41666665 0.559463
hs22 41666666 49999999 0.491580
hs10 0 8333332 0.360775
hs10 8333333 16666665 0.414856
hs10 16666666 24999999 0.562983
hs10 25000000 33333332 0.456038
hs10 33333333 41666665 0.204763
hs10 41666666 49999999 0.304333
hs10 50000000 58333332 0.457275
hs10 58333333 66666665 0.299075
hs10 66666666 74999999 0.702684
hs10 75000000 83333332 0.466592
hs10 83333333 91666665 0.487479
hs10 91666666 99999999 0.588950
hs10 100000000 108333332 0.592024
hs10 108333333 116666665 0.347201
hs10 116666666 124999999 0.476688
hs10 125000000 133333332 0.374792
hs10 133333333 141666665 0.109846
hs7 0 8333332 0.571234
hs7 8333333 16666665 0.336471
hs7 16666666 24999999 0.356223
hs7 25000000 33333332 0.451825
hs7 33333333 41666665 0.573703
hs7 41666666 49999999 0.397480
hs7 50000000 58333332 0.196530
hs7 58333333 66666665 0.165586
hs7 66666666 74999999 0.522672
hs7 75000000 83333332 0.542492
hs7 83333333 91666665 0.390252
hs7 91666666 99999999 0.448597
hs7 100000000 108333332 0.659094
hs7 108333333 116666665 0.387826
hs7 116666666 124999999 0.334006
hs7 125000000 133333332 0.581699
hs7 133333333 141666665 0.519981
hs7 141666666 149999999 0.465923
hs7 150000000 158333332 0.541324
hs7 158333333 166666665 0.026914
hs4 0 8333332 0.619013
hs4 8333333 16666665 0.235466
hs4 16666666 24999999 0.341974
hs4 25000000 33333332 0.128020
hs4 33333333 41666665 0.380975
hs4 41666666 49999999 0.376401
hs4 50000000 58333332 0.257800
hs4 58333333 66666665 0.126804
hs4 66666666 74999999 0.318553
hs4 75000000 83333332 0.432488
hs4 83333333 91666665 0.515317
hs4 91666666 99999999 0.555283
hs4 100000000 108333332 0.368640
hs4 108333333 116666665 0.411381
hs4 116666666 124999999 0.300302
hs4 125000000 133333332 0.128531
hs4 133333333 141666665 0.129901
hs4 141666666 149999999 0.453260
hs4 150000000 158333332 0.391549
hs4 158333333 166666665 0.342117
hs4 166666666 174999999 0.422514
hs4 175000000 183333332 0.182272
hs4 183333333 191666665 0.291433
hs16 0 8333332 0.627895
hs16 8333333 16666665 0.492487
hs16 16666666 24999999 0.505536
hs16 25000000 33333332 0.371410
hs16 33333333 41666665 0.003904
hs16 41666666 49999999 0.246888
hs16 50000000 58333332 0.349236
hs16 58333333 66666665 0.261092
hs16 66666666 74999999 0.526176
hs16 75000000 83333332 0.557552
hs16 83333333 91666665 0.270290
hs20 0 8333332 0.375934
hs20 8333333 16666665 0.566539
hs20 16666666 24999999 0.362623
hs20 25000000 33333332 0.344923
hs20 33333333 41666665 0.509677
hs20 41666666 49999999 0.500222
hs20 50000000 58333332 0.287202
hs20 58333333 66666665 0.256931
hs13 0 8333332 0.000000
hs13 8333333 16666665 0.000000
hs13 16666666 24999999 0.326821
hs13 25000000 33333332 0.456503
hs13 33333333 41666665 0.510102
hs13 41666666 49999999 0.422794
hs13 50000000 58333332 0.167342
hs13 58333333 66666665 0.189419
hs13 66666666 74999999 0.259304
hs13 75000000 83333332 0.180132
hs13 83333333 91666665 0.155354
hs13 91666666 99999999 0.675810
hs13 100000000 108333332 0.333348
hs13 108333333 116666665 0.289425
hs18 0 8333332 0.398343
hs18 8333333 16666665 0.367021
hs18 16666666 24999999 0.404977
hs18 25000000 33333332 0.490994
hs18 33333333 41666665 0.198323
hs18 41666666 49999999 0.487242
hs18 50000000 58333332 0.341353
hs18 58333333 66666665 0.272373
hs18 66666666 74999999 0.182483
hs18 75000000 83333332 0.086789
hs3 0 8333332 0.380551
hs3 8333333 16666665 0.613554
hs3 16666666 24999999 0.334032
hs3 25000000 33333332 0.364931
hs3 33333333 41666665 0.433107
hs3 41666666 49999999 0.597346
hs3 50000000 58333332 0.765821
hs3 58333333 66666665 0.635935
hs3 66666666 74999999 0.381170
hs3 75000000 83333332 0.253790
hs3 83333333 91666665 0.194455
hs3 91666666 99999999 0.182901
hs3 100000000 108333332 0.307036
hs3 108333333 116666665 0.504219
hs3 116666666 124999999 0.532158
hs3 125000000 133333332 0.608233
hs3 133333333 141666665 0.513138
hs3 141666666 149999999 0.299129
hs3 150000000 158333332 0.393163
hs3 158333333 166666665 0.302312
hs3 166666666 174999999 0.508166
hs3 175000000 183333332 0.348966
hs3 183333333 191666665 0.490016
hs3 191666666 199999999 0.424351
hs9 0 8333332 0.421081
hs9 8333333 16666665 0.468898
hs9 16666666 24999999 0.350318
hs9 25000000 33333332 0.231914
hs9 33333333 41666665 0.402549
hs9 41666666 49999999 0.050970
hs9 50000000 58333332 0.000000
hs9 58333333 66666665 0.004580
hs9 66666666 74999999 0.389374
hs9 75000000 83333332 0.262468
hs9 83333333 91666665 0.313644
hs9 91666666 99999999 0.490660
hs9 100000000 108333332 0.315826
hs9 108333333 116666665 0.513694
hs9 116666666 124999999 0.490114
hs9 125000000 133333332 0.644786
hs9 133333333 141666665 0.486820
hs15 0 8333332 0.000000
hs15 8333333 16666665 0.000000
hs15 16666666 24999999 0.210972
hs15 25000000 33333332 0.523661
hs15 33333333 41666665 0.471552
hs15 41666666 49999999 0.547814
hs15 50000000 58333332 0.517491
hs15 58333333 66666665 0.595102
hs15 66666666 74999999 0.578514
hs15 75000000 83333332 0.470738
hs15 83333333 91666665 0.484881
hs15 91666666 99999999 0.285552
hs15 100000000 108333332 0.012499
hs5 0 8333332 0.232421
hs5 8333333 16666665 0.462141
hs5 16666666 24999999 0.283305
hs5 25000000 33333332 0.129475
hs5 33333333 41666665 0.454123
hs5 41666666 49999999 0.181068
hs5 50000000 58333332 0.288661
hs5 58333333 66666665 0.562645
hs5 66666666 74999999 0.517675
hs5 75000000 83333332 0.561571
hs5 83333333 91666665 0.203224
hs5 91666666 99999999 0.332226
hs5 100000000 108333332 0.195902
hs5 108333333 116666665 0.417201
hs5 116666666 124999999 0.198686
hs5 125000000 133333332 0.404405
hs5 133333333 141666665 1.090426
hs5 141666666 149999999 0.470359
hs5 150000000 158333332 0.340530
hs5 158333333 166666665 0.173368
hs5 166666666 174999999 0.539263
hs5 175000000 183333332 0.362308
hsY 0 8333332 0.249916
hsY 8333333 16666665 0.207089
hsY 16666666 24999999 0.191713
hsY 25000000 33333332 0.065625
hsY 33333333 41666665 0.000000
hsY 41666666 49999999 0.000000
hsY 50000000 58333332 0.010848
hs1 0 8333332 0.494502
hs1 8333333 16666665 0.568157
hs1 16666666 24999999 0.526430
hs1 25000000 33333332 0.481477
hs1 33333333 41666665 0.487302
hs1 41666666 49999999 0.637881
hs1 50000000 58333332 0.633530
hs1 58333333 66666665 0.530846
hs1 66666666 74999999 0.410822
hs1 75000000 83333332 0.335569
hs1 83333333 91666665 0.375915
hs1 91666666 99999999 0.405466
hs1 100000000 108333332 0.289246
hs1 108333333 116666665 0.441003
hs1 116666666 124999999 0.189874
hs1 125000000 133333332 0.000000
hs1 133333333 141666665 0.000000
hs1 141666666 149999999 0.390355
hs1 150000000 158333332 0.423398
hs1 158333333 166666665 0.446256
hs1 166666666 174999999 0.534727
hs1 175000000 183333332 0.573447
hs1 183333333 191666665 0.202367
hs1 191666666 199999999 0.282653
hs1 200000000 208333332 0.480004
hs1 208333333 216666665 0.578438
hs1 216666666 224999999 0.339389
hs1 225000000 233333332 0.478266
hs1 233333333 241666665 0.555249
hs1 241666666 249999999 0.355340
hs19 0 8333332 0.616335
hs19 8333333 16666665 0.550769
hs19 16666666 24999999 0.402754
hs19 25000000 33333332 0.000414
hs19 33333333 41666665 0.301398
hs19 41666666 49999999 0.528033
hs19 50000000 58333332 0.586474
hs19 58333333 66666665 0.335219
hs2 0 8333332 0.239535
hs2 8333333 16666665 0.267135
hs2 16666666 24999999 0.240228
hs2 25000000 33333332 0.697553
hs2 33333333 41666665 0.305485
hs2 41666666 49999999 0.469383
hs2 50000000 58333332 0.381540
hs2 58333333 66666665 0.320249
hs2 66666666 74999999 0.473707
hs2 75000000 83333332 0.268062
hs2 83333333 91666665 0.294406
hs2 91666666 99999999 0.354122
hs2 100000000 108333332 0.267245
hs2 108333333 116666665 0.592067
hs2 116666666 124999999 0.246177
hs2 125000000 133333332 0.286020
hs2 133333333 141666665 0.488918
hs2 141666666 149999999 0.448003
hs2 150000000 158333332 0.282258
hs2 158333333 166666665 0.535882
hs2 166666666 174999999 0.553795
hs2 175000000 183333332 0.470373
hs2 183333333 191666665 0.292906
hs2 191666666 199999999 0.311547
hs2 200000000 208333332 0.548428
hs2 208333333 216666665 0.551719
hs2 216666666 224999999 0.343804
hs2 225000000 233333332 0.479681
hs2 233333333 241666665 0.504349
hs2 241666666 249999999 0.088272
hs8 0 8333332 0.431355
hs8 8333333 16666665 0.461958
hs8 16666666 24999999 0.402680
hs8 25000000 33333332 0.496683
hs8 33333333 41666665 0.350342
hs8 41666666 49999999 0.220140
hs8 50000000 58333332 0.367024
hs8 58333333 66666665 0.299531
hs8 66666666 74999999 0.502713
hs8 75000000 83333332 0.197057
hs8 83333333 91666665 0.289721
hs8 91666666 99999999 0.369536
hs8 100000000 108333332 0.528889
hs8 108333333 116666665 0.284440
hs8 116666666 124999999 0.372634
hs8 125000000 133333332 0.279193
hs8 133333333 141666665 0.368656
hs8 141666666 149999999 0.244714
hs6 0 8333332 0.449035
hs6 8333333 16666665 0.322631
hs6 16666666 24999999 0.358633
hs6 25000000 33333332 0.340340
hs6 33333333 41666665 0.575375
hs6 41666666 49999999 0.477619
hs6 50000000 58333332 0.371233
hs6 58333333 66666665 0.331079
hs6 66666666 74999999 0.387969
hs6 75000000 83333332 0.182047
hs6 83333333 91666665 0.385339
hs6 91666666 99999999 0.142996
hs6 100000000 108333332 0.341382
hs6 108333333 116666665 0.360246
hs6 116666666 124999999 0.457314
hs6 125000000 133333332 0.439905
hs6 133333333 141666665 0.422139
hs6 141666666 149999999 0.460305
hs6 150000000 158333332 0.492613
hs6 158333333 166666665 0.523118
hs6 166666666 174999999 0.194916
hs14 0 8333332 0.000000
hs14 8333333 16666665 0.000000
hs14 16666666 24999999 0.198108
hs14 25000000 33333332 0.345264
hs14 33333333 41666665 0.290135
hs14 41666666 49999999 0.209827
hs14 50000000 58333332 0.408216
hs14 58333333 66666665 0.509077
hs14 66666666 74999999 0.645964
hs14 75000000 83333332 0.486368
hs14 83333333 91666665 0.348785
hs14 91666666 99999999 0.394326
hs14 100000000 108333332 0.288872
hs17 0 8333332 0.606302
hs17 8333333 16666665 0.488361
hs17 16666666 24999999 0.462078
hs17 25000000 33333332 0.625356
hs17 33333333 41666665 0.541940
hs17 41666666 49999999 0.400923
hs17 50000000 58333332 0.575117
hs17 58333333 66666665 0.536411
hs17 66666666 74999999 0.513192
hs17 75000000 83333332 0.288317
hs21 0 8333332 0.000000
hs21 8333333 16666665 0.162910
hs21 16666666 24999999 0.137919
hs21 25000000 33333332 0.325436
hs21 33333333 41666665 0.529159
hs21 41666666 49999999 0.360697
