hsX 0 2499999 0.287855
hsX 2500000 4999999 0.205795
hsX 5000000 7499999 0.229844
hsX 7500000 9999999 0.308855
hsX 10000000 12499999 0.615908
hsX 12500000 14999999 0.361761
hsX 15000000 17499999 0.475181
hsX 17500000 19999999 0.678411
hsX 20000000 22499999 0.333807
hsX 22500000 24999999 0.354486
hsX 25000000 27499999 0.004580
hsX 27500000 29999999 0.555534
hsX 30000000 32499999 0.655577
hsX 32500000 34999999 0.321031
hsX 35000000 37499999 0.234746
hsX 37500000 39999999 0.249016
hsX 40000000 42499999 0.301086
hsX 42500000 44999999 0.296108
hsX 45000000 47499999 0.293881
hsX 47500000 49999999 0.669086
hsX 50000000 52499999 0.241364
hsX 52500000 54999999 0.455578
hsX 55000000 57499999 0.197430
hsX 57500000 59999999 0.017280
hsX 60000000 62499999 0.001645
hsX 62500000 64999999 0.267416
hsX 65000000 67499999 0.258012
hsX 67500000 69999999 0.514548
hsX 70000000 72499999 0.464461
hsX 72500000 74999999 0.504990
hsX 75000000 77499999 0.238738
hsX 77500000 79999999 0.121898
hsX 80000000 82499999 0.073994
hsX 82500000 84999999 0.231897
hsX 85000000 87499999 0.409149
hsX 87500000 89999999 0.003401
hsX 90000000 92499999 0.339180
hsX 92500000 94999999 0.016376
hsX 95000000 97499999 0.367318
hsX 97500000 99999999 0.296144
hsX 100000000 102499999 0.429624
hsX 102500000 104999999 0.577784
hsX 105000000 107499999 0.464882
hsX 107500000 109999999 0.450363
hsX 110000000 112499999 0.528101
hsX 112500000 114999999 0.230069
hsX 115000000 117499999 0.141571
hsX 117500000 119999999 0.533638
hsX 120000000 122499999 0.123603
hsX 122500000 124999999 0.377281
hsX 125000000 127499999 0.003816
hsX 127500000 129999999 0.324767
hsX 130000000 132499999 0.349035
hsX 132500000 134999999 0.420611
hsX 135000000 137499999 0.166177
hsX 137500000 139999999 0.347520
hsX 140000000 142499999 0.037548
hsX 142500000 144999999 0.017410
hsX 145000000 147499999 0.084054
hsX 147500000 149999999 0.437373
hsX 150000000 152499999 0.302902
hsX 152500000 154999999 0.533815
hs12 0 2499999 0.829044
hs12 2500000 4999999 0.499010
hs12 5000000 7499999 0.579989
hs12 7500000 9999999 0.347906
hs12 10000000 12499999 0.598856
hs12 12500000 14999999 0.484142
hs12 15000000 17499999 0.354397
hs12 17500000 19999999 0.312531
hs12 20000000 22499999 0.517213
hs12 22500000 24999999 0.536702
hs12 25000000 27499999 0.528109
hs12 27500000 29999999 0.438714
hs12 30000000 32499999 0.341665
hs12 32500000 34999999 0.158529
hs12 35000000 37499999 0.072282
hs12 37500000 39999999 0.561903
hs12 40000000 42499999 0.375177
hs12 42500000 44999999 0.641600
hs12 45000000 47499999 0.243384
hs12 47500000 49999999 0.671116
hs12 50000000 52499999 0.477596
hs12 52500000 54999999 0.375426
hs12 55000000 57499999 0.359618
hs12 57500000 59999999 0.056244
hs12 60000000 62499999 0.479582
hs12 62500000 64999999 0.541481
hs12 65000000 67499999 0.247596
hs12 67500000 69999999 0.432335
hs12 70000000 72499999 0.345040
hs12 72500000 74999999 0.151046
hs12 75000000 77499999 0.299183
hs12 77500000 79999999 0.561550
hs12 80000000 82499999 0.499137
hs12 82500000 84999999 0.179652
hs12 85000000 87499999 0.424456
hs12 87500000 89999999 0.095710
hs12 90000000 92499999 0.156945
hs12 92500000 94999999 0.501914
hs12 95000000 97499999 0.186562
hs12 97500000 99999999 0.843709
hs12 100000000 102499999 0.411943
hs12 102500000 104999999 0.532077
hs12 105000000 107499999 0.628974
hs12 107500000 109999999 0.640228
hs12 110000000 112499999 0.688910
hs12 112500000 114999999 0.134918
hs12 115000000 117499999 0.650962
hs12 117500000 119999999 0.549952
hs12 120000000 122499999 0.734885
hs12 122500000 124999999 0.517545
hs12 125000000 127499999 0.084962
hs12 127500000 129999999 0.590460
hs12 130000000 132499999 0.501066
hs11 0 2499999 0.579257
hs11 2500000 4999999 0.495425
hs11 5000000 7499999 0.331982
hs11 7500000 9999999 0.639496
hs11 10000000 12499999 0.570395
hs11 12500000 14999999 0.541727
hs11 15000000 17499999 0.471683
hs11 17500000 19999999 0.622366
hs11 20000000 22499999 0.535636
hs11 22500000 24999999 0.272941
hs11 25000000 27499999 0.283588
hs11 27500000 29999999 0.225249
hs11 30000000 32499999 0.336862
hs11 32500000 34999999 0.523949
hs11 35000000 37499999 0.432915
hs11 37500000 39999999 0.000000
hs11 40000000 42499999 0.071965
hs11 42500000 44999999 0.344956
hs11 45000000 47499999 0.614790
hs11 47500000 49999999 0.311955
hs11 50000000 52499999 0.012849
hs11 52500000 54999999 0.004385
hs11 55000000 57499999 0.308702
hs11 57500000 59999999 0.300521
hs11 60000000 62499999 0.542276
hs11 62500000 64999999 0.595843
hs11 65000000 67499999 0.550615
hs11 67500000 69999999 0.415281
hs11 70000000 72499999 0.649682
hs11 72500000 74999999 0.637768
hs11 75000000 77499999 0.639034
hs11 77500000 79999999 0.480165
hs11 80000000 82499999 0.080608
hs11 82500000 84999999 0.905838
hs11 85000000 87499999 0.407577
hs11 87500000 89999999 0.488693
hs11 90000000 92499999 0.223014
hs11 92500000 94999999 0.378597
hs11 95000000 97499999 0.224010
hs11 97500000 99999999 0.534242
hs11 100000000 102499999 0.444144
hs11 102500000 104999999 0.288307
hs11 105000000 107499999 0.493002
hs11 107500000 109999999 0.378149
hs11 110000000 112499999 0.374078
hs11 112500000 114999999 0.455045
hs11 115000000 117499999 0.422712
hs11 117500000 119999999 0.463976
hs11 120000000 122499999 0.451706
hs11 122500000 124999999 0.379407
hs11 125000000 127499999 0.397544
hs11 127500000 129999999 0.427866
hs11 130000000 132499999 0.686752
hs11 132500000 134999999 0.314028
hs22 0 2499999 0.000000
hs22 2500000 4999999 0.000000
hs22 5000000 7499999 0.000000
hs22 7500000 9999999 0.000000
hs22 10000000 12499999 0.000000
hs22 12500000 14999999 0.013036
hs22 15000000 17499999 0.400260
hs22 17500000 19999999 0.494160
hs22 20000000 22499999 0.398706
hs22 22500000 24999999 0.854814
hs22 25000000 27499999 0.559804
hs22 27500000 29999999 0.655294
hs22 30000000 32499999 0.741441
hs22 32500000 34999999 0.285096
hs22 35000000 37499999 0.604020
hs22 37500000 39999999 0.632150
hs22 40000000 42499999 0.669002
hs22 42500000 44999999 0.623461
hs22 45000000 47499999 0.422724
hs22 47500000 49999999 0.325589
hs10 0 2499999 0.543641
hs10 2500000 4999999 0.087506
hs10 5000000 7499999 0.401115
hs10 7500000 9999999 0.170323
hs10 10000000 12499999 0.380042
hs10 12500000 14999999 0.725135
hs10 15000000 17499999 0.557052
hs10 17500000 19999999 0.503058
hs10 20000000 22499999 0.540185
hs10 22500000 24999999 0.553992
hs10 25000000 27499999 0.595137
hs10 27500000 29999999 0.382033
hs10 30000000 32499999 0.310996
hs10 32500000 34999999 0.519530
hs10 35000000 37499999 0.275063
hs10 37500000 39999999 0.119910
hs10 40000000 42499999 0.057914
hs10 42500000 44999999 0.190328
hs10 45000000 47499999 0.355972
hs10 47500000 49999999 0.410228
hs10 50000000 52499999 0.627637
hs10 52500000 54999999 0.495670
hs10 55000000 57499999 0.399407
hs10 57500000 59999999 0.079852
hs10 60000000 62499999 0.455721
hs10 62500000 64999999 0.440383
hs10 65000000 67499999 0.082604
hs10 67500000 69999999 0.948950
hs10 70000000 72499999 0.570114
hs10 72500000 74999999 0.763107
hs10 75000000 77499999 0.626976
hs10 77500000 79999999 0.588646
hs10 80000000 82499999 0.339685
hs10 82500000 84999999 0.444747
hs10 85000000 87499999 0.168114
hs10 87500000 89999999 0.652708
hs10 90000000 92499999 0.363138
hs10 92500000 94999999 0.616191
hs10 95000000 97499999 0.647191
hs10 97500000 99999999 0.696007
hs10 100000000 102499999 0.651753
hs10 102500000 104999999 0.689760
hs10 105000000 107499999 0.627931
hs10 107500000 109999999 0.236349
hs10 110000000 112499999 0.174616
hs10 112500000 114999999 0.402026
hs10 115000000 117499999 0.626864
hs10 117500000 119999999 0.483910
hs10 120000000 122499999 0.373137
hs10 122500000 124999999 0.453362
hs10 125000000 127499999 0.369180
hs10 127500000 129999999 0.603560
hs10 130000000 132499999 0.188834
hs10 132500000 134999999 0.385158
hs10 135000000 137499999 0.068726
hs7 0 2499999 0.516312
hs7 2500000 4999999 0.659029
hs7 5000000 7499999 0.555250
hs7 7500000 9999999 0.301746
hs7 10000000 12499999 0.305561
hs7 12500000 14999999 0.353481
hs7 15000000 17499999 0.398056
hs7 17500000 19999999 0.288940
hs7 20000000 22499999 0.446832
hs7 22500000 24999999 0.387887
hs7 25000000 27499999 0.226413
hs7 27500000 29999999 0.705849
hs7 30000000 32499999 0.392766
hs7 32500000 34999999 0.701347
hs7 35000000 37499999 0.547212
hs7 37500000 39999999 0.512462
hs7 40000000 42499999 0.482636
hs7 42500000 44999999 0.555612
hs7 45000000 47499999 0.220231
hs7 47500000 49999999 0.398834
hs7 50000000 52499999 0.363898
hs7 52500000 54999999 0.014560
hs7 55000000 57499999 0.267289
hs7 57500000 59999999 0.009354
hs7 60000000 62499999 0.008351
hs7 62500000 64999999 0.232691
hs7 65000000 67499999 0.310912
hs7 67500000 69999999 0.477593
hs7 70000000 72499999 0.742014
hs7 72500000 74999999 0.522632
hs7 75000000 77499999 0.576086
hs7 77500000 79999999 0.628354
hs7 80000000 82499999 0.437710
hs7 82500000 84999999 0.311332
hs7 85000000 87499999 0.481873
hs7 87500000 89999999 0.383078
hs7 90000000 92499999 0.501391
hs7 92500000 94999999 0.429993
hs7 95000000 97499999 0.291001
hs7 97500000 99999999 0.563649
hs7 100000000 102499999 0.681729
hs7 102500000 104999999 0.817228
hs7 105000000 107499999 0.524267
hs7 107500000 109999999 0.174152
hs7 110000000 112499999 0.703925
hs7 112500000 114999999 0.301563
hs7 115000000 117499999 0.471877
hs7 117500000 119999999 0.134849
hs7 120000000 122499999 0.592084
hs7 122500000 124999999 0.201412
hs7 125000000 127499999 0.514043
hs7 127500000 129999999 0.545442
hs7 130000000 132499999 0.581525
hs7 132500000 134999999 0.692420
hs7 135000000 137499999 0.428185
hs7 137500000 139999999 0.636174
hs7 140000000 142499999 0.311530
hs7 142500000 144999999 0.267288
hs7 145000000 147499999 0.822288
hs7 147500000 149999999 0.426450
hs7 150000000 152499999 0.560422
hs7 152500000 154999999 0.492587
hs7 155000000 157499999 0.453210
hs7 157500000 159999999 0.387911
hs4 0 2499999 0.658644
hs4 2500000 4999999 0.408072
hs4 5000000 7499999 0.697560
hs4 7500000 9999999 0.479991
hs4 10000000 12499999 0.097090
hs4 12500000 14999999 0.121093
hs4 15000000 17499999 0.512970
hs4 17500000 19999999 0.107300
hs4 20000000 22499999 0.697300
hs4 22500000 24999999 0.208156
hs4 25000000 27499999 0.256178
hs4 27500000 29999999 0.000000
hs4 30000000 32499999 0.170555
hs4 32500000 34999999 0.000000
hs4 35000000 37499999 0.272821
hs4 37500000 39999999 0.568220
hs4 40000000 42499999 0.644068
hs4 42500000 44999999 0.195326
hs4 45000000 47499999 0.481275
hs4 47500000 49999999 0.362878
hs4 50000000 52499999 0.029492
hs4 52500000 54999999 0.398566
hs4 55000000 57499999 0.372940
hs4 57500000 59999999 0.058334
hs4 60000000 62499999 0.181827
hs4 62500000 64999999 0.100704
hs4 65000000 67499999 0.140149
hs4 67500000 69999999 0.313332
hs4 70000000 72499999 0.381594
hs4 72500000 74999999 0.366917
hs4 75000000 77499999 0.399666
hs4 77500000 79999999 0.581394
hs4 80000000 82499999 0.442630
hs4 82500000 84999999 0.325179
hs4 85000000 87499999 0.513072
hs4 87500000 89999999 0.562987
hs4 90000000 92499999 0.668007
hs4 92500000 94999999 0.684624
hs4 95000000 97499999 0.450674
hs4 97500000 99999999 0.382059
hs4 100000000 102499999 0.370218
hs4 102500000 104999999 0.459437
hs4 105000000 107499999 0.353345
hs4 107500000 109999999 0.274119
hs4 110000000 112499999 0.471057
hs4 112500000 114999999 0.494198
hs4 115000000 117499999 0.177712
hs4 117500000 119999999 0.190294
hs4 120000000 122499999 0.337176
hs4 122500000 124999999 0.473520
hs4 125000000 127499999 0.118470
hs4 127500000 129999999 0.212182
hs4 130000000 132499999 0.097784
hs4 132500000 134999999 0.016906
hs4 135000000 137499999 0.002166
hs4 137500000 139999999 0.036726
hs4 140000000 142499999 0.558748
hs4 142500000 144999999 0.502120
hs4 145000000 147499999 0.332339
hs4 147500000 149999999 0.494867
hs4 150000000 152499999 0.423285
hs4 152500000 154999999 0.520084
hs4 155000000 157499999 0.239496
hs4 157500000 159999999 0.330084
hs4 160000000 162499999 0.112544
hs4 162500000 164999999 0.480363
hs4 165000000 167499999 0.431932
hs4 167500000 169999999 0.467150
hs4 170000000 172499999 0.281398
hs4 172500000 174999999 0.567597
hs4 175000000 177499999 0.430922
hs4 177500000 179999999 0.174412
hs4 180000000 182499999 0.000000
hs4 182500000 184999999 0.329857
hs4 185000000 187499999 0.532624
hs4 187500000 189999999 0.075638
hs4 190000000 192499999 0.035562
hs16 0 2499999 0.735235
hs16 2500000 4999999 0.652345
hs16 5000000 7499999 0.624067
hs16 7500000 9999999 0.302126
hs16 10000000 12499999 0.597354
hs16 12500000 14999999 0.456958
hs16 15000000 17499999 0.513946
hs16 17500000 19999999 0.387637
hs16 20000000 22499999 0.601967
hs16 22500000 24999999 0.548092
hs16 25000000 27499999 0.331849
hs16 27500000 29999999 0.532769
hs16 30000000 32499999 0.361658
hs16 32500000 34999999 0.024769
hs16 35000000 37499999 0.000000
hs16 37500000 39999999 0.000000
hs16 40000000 42499999 0.000000
hs16 42500000 44999999 0.000000
hs16 45000000 47499999 0.506102
hs16 47500000 49999999 0.316858
hs16 50000000 52499999 0.304016
hs16 52500000 54999999 0.304958
hs16 55000000 57499999 0.555147
hs16 57500000 59999999 0.000420
hs16 60000000 62499999 0.153121
hs16 62500000 64999999 0.202083
hs16 65000000 67499999 0.754058
hs16 67500000 69999999 0.779796
hs16 70000000 72499999 0.312614
hs16 72500000 74999999 0.422134
hs16 75000000 77499999 0.542294
hs16 77500000 79999999 0.420434
hs16 80000000 82499999 0.691660
hs16 82500000 84999999 0.376205
hs16 85000000 87499999 0.384537
hs16 87500000 89999999 0.344346
hs20 0 2499999 0.370119
hs20 2500000 4999999 0.546289
hs20 5000000 7499999 0.189432
hs20 7500000 9999999 0.639769
hs20 10000000 12499999 0.151134
hs20 12500000 14999999 0.728350
hs20 15000000 17499999 0.648977
hs20 17500000 19999999 0.554421
hs20 20000000 22499999 0.346277
hs20 22500000 24999999 0.175552
hs20 25000000 27499999 0.196785
hs20 27500000 29999999 0.151815
hs20 30000000 32499999 0.531210
hs20 32500000 34999999 0.777982
hs20 35000000 37499999 0.513588
hs20 37500000 39999999 0.201025
hs20 40000000 42499999 0.662444
hs20 42500000 44999999 0.522948
hs20 45000000 47499999 0.514453
hs20 47500000 49999999 0.443821
hs20 50000000 52499999 0.320021
hs20 52500000 54999999 0.150196
hs20 55000000 57499999 0.329502
hs20 57500000 59999999 0.438267
hs20 60000000 62499999 0.575791
hs13 0 2499999 0.000000
hs13 2500000 4999999 0.000000
hs13 5000000 7499999 0.000000
hs13 7500000 9999999 0.000000
hs13 10000000 12499999 0.000000
hs13 12500000 14999999 0.000000
hs13 15000000 17499999 0.000000
hs13 17500000 19999999 0.318154
hs13 20000000 22499999 0.266161
hs13 22500000 24999999 0.505088
hs13 25000000 27499999 0.443915
hs13 27500000 29999999 0.506002
hs13 30000000 32499999 0.466143
hs13 32500000 34999999 0.404593
hs13 35000000 37499999 0.643236
hs13 37500000 39999999 0.323408
hs13 40000000 42499999 0.534924
hs13 42500000 44999999 0.516317
hs13 45000000 47499999 0.303780
hs13 47500000 49999999 0.489013
hs13 50000000 52499999 0.479346
hs13 52500000 54999999 0.009318
hs13 55000000 57499999 0.069141
hs13 57500000 59999999 0.251923
hs13 60000000 62499999 0.020741
hs13 62500000 64999999 0.002054
hs13 65000000 67499999 0.371001
hs13 67500000 69999999 0.267595
hs13 70000000 72499999 0.314758
hs13 72500000 74999999 0.267671
hs13 75000000 77499999 0.353168
hs13 77500000 79999999 0.247272
hs13 80000000 82499999 0.000000
hs13 82500000 84999999 0.168137
hs13 85000000 87499999 0.005426
hs13 87500000 89999999 0.000039
hs13 90000000 92499999 0.604573
hs13 92500000 94999999 0.668641
hs13 95000000 97499999 0.599925
hs13 97500000 99999999 0.723805
hs13 100000000 102499999 0.646346
hs13 102500000 104999999 0.016947
hs13 105000000 107499999 0.307472
hs13 107500000 109999999 0.439706
hs13 110000000 112499999 0.270711
hs13 112500000 114999999 0.394730
hs18 0 2499999 0.239462
hs18 2500000 4999999 0.401094
hs18 5000000 7499999 0.376845
hs18 7500000 9999999 0.628858
hs18 10000000 12499999 0.395464
hs18 12500000 14999999 0.504545
hs18 15000000 17499999 0.223837
hs18 17500000 19999999 0.471215
hs18 20000000 22499999 0.421185
hs18 22500000 24999999 0.238632
hs18 25000000 27499999 0.132838
hs18 27500000 29999999 0.620806
hs18 30000000 32499999 0.563131
hs18 32500000 34999999 0.346539
hs18 35000000 37499999 0.234160
hs18 37500000 39999999 0.203390
hs18 40000000 42499999 0.461685
hs18 42500000 44999999 0.401599
hs18 45000000 47499999 0.453252
hs18 47500000 49999999 0.504464
hs18 50000000 52499999 0.258970
hs18 52500000 54999999 0.554818
hs18 55000000 57499999 0.163406
hs18 57500000 59999999 0.505597
hs18 60000000 62499999 0.092234
hs18 62500000 64999999 0.156607
hs18 65000000 67499999 0.314120
hs18 67500000 69999999 0.085124
hs18 70000000 72499999 0.359880
hs18 72500000 74999999 0.163272
hs18 75000000 77499999 0.289296
hs3 0 2499999 0.362342
hs3 2500000 4999999 0.478665
hs3 5000000 7499999 0.286011
hs3 7500000 9999999 0.585544
hs3 10000000 12499999 0.646798
hs3 12500000 14999999 0.559263
hs3 15000000 17499999 0.607858
hs3 17500000 19999999 0.332825
hs3 20000000 22499999 0.200678
hs3 22500000 24999999 0.367141
hs3 25000000 27499999 0.254943
hs3 27500000 29999999 0.379062
hs3 30000000 32499999 0.390463
hs3 32500000 34999999 0.358264
hs3 35000000 37499999 0.337950
hs3 37500000 39999999 0.615406
hs3 40000000 42499999 0.511382
hs3 42500000 44999999 0.512376
hs3 45000000 47499999 0.531953
hs3 47500000 49999999 0.759481
hs3 50000000 52499999 0.740067
hs3 52500000 54999999 0.820584
hs3 55000000 57499999 0.762837
hs3 57500000 59999999 0.527483
hs3 60000000 62499999 0.842180
hs3 62500000 64999999 0.489790
hs3 65000000 67499999 0.497311
hs3 67500000 69999999 0.603310
hs3 70000000 72499999 0.327549
hs3 72500000 74999999 0.331976
hs3 75000000 77499999 0.157115
hs3 77500000 79999999 0.580011
hs3 80000000 82499999 0.108841
hs3 82500000 84999999 0.000000
hs3 85000000 87499999 0.485530
hs3 87500000 89999999 0.162652
hs3 90000000 92499999 0.000000
hs3 92500000 94999999 0.000000
hs3 95000000 97499999 0.125028
hs3 97500000 99999999 0.484640
hs3 100000000 102499999 0.646548
hs3 102500000 104999999 0.199778
hs3 105000000 107499999 0.168325
hs3 107500000 109999999 0.428028
hs3 110000000 112499999 0.170666
hs3 112500000 114999999 0.634827
hs3 115000000 117499999 0.693724
hs3 117500000 119999999 0.061731
hs3 120000000 122499999 0.682684
hs3 122500000 124999999 0.791730
hs3 125000000 127499999 0.669345
hs3 127500000 129999999 0.514983
hs3 130000000 132499999 0.601663
hs3 132500000 134999999 0.664208
hs3 135000000 137499999 0.479068
hs3 137500000 139999999 0.497805
hs3 140000000 142499999 0.440311
hs3 142500000 144999999 0.704715
hs3 145000000 147499999 0.088614
hs3 147500000 149999999 0.074288
hs3 150000000 152499999 0.528055
hs3 152500000 154999999 0.208944
hs3 155000000 157499999 0.368953
hs3 157500000 159999999 0.561124
hs3 160000000 162499999 0.593579
hs3 162500000 164999999 0.013772
hs3 165000000 167499999 0.069650
hs3 167500000 169999999 0.449461
hs3 170000000 172499999 0.590167
hs3 172500000 174999999 0.628432
hs3 175000000 177499999 0.572052
hs3 177500000 179999999 0.175836
hs3 180000000 182499999 0.361989
hs3 182500000 184999999 0.365296
hs3 185000000 187499999 0.572511
hs3 187500000 189999999 0.454300
hs3 190000000 192499999 0.383887
hs3 192500000 194999999 0.480424
hs3 195000000 197499999 0.363310
hs3 197500000 199999999 0.481507
hs9 0 2499999 0.361499
hs9 2500000 4999999 0.508002
hs9 5000000 7499999 0.521143
hs9 7500000 9999999 0.679626
hs9 10000000 12499999 0.241090
hs9 12500000 14999999 0.288040
hs9 15000000 17499999 0.592399
hs9 17500000 19999999 0.490228
hs9 20000000 22499999 0.397914
hs9 22500000 24999999 0.054384
hs9 25000000 27499999 0.233030
hs9 27500000 29999999 0.328108
hs9 30000000 32499999 0.048374
hs9 32500000 34999999 0.567429
hs9 35000000 37499999 0.590011
hs9 37500000 39999999 0.314641
hs9 40000000 42499999 0.095597
hs9 42500000 44999999 0.082764
hs9 45000000 47499999 0.024821
hs9 47500000 49999999 0.000000
hs9 50000000 52499999 0.000000
hs9 52500000 54999999 0.000000
hs9 55000000 57499999 0.000000
hs9 57500000 59999999 0.000000
hs9 60000000 62499999 0.000000
hs9 62500000 64999999 0.000000
hs9 65000000 67499999 0.030666
hs9 67500000 69999999 0.161695
hs9 70000000 72499999 0.667194
hs9 72500000 74999999 0.453624
hs9 75000000 77499999 0.197180
hs9 77500000 79999999 0.590222
hs9 80000000 82499999 0.087490
hs9 82500000 84999999 0.084748
hs9 85000000 87499999 0.468848
hs9 87500000 89999999 0.264858
hs9 90000000 92499999 0.240224
hs9 92500000 94999999 0.569806
hs9 95000000 97499999 0.529749
hs9 97500000 99999999 0.522779
hs9 100000000 102499999 0.559254
hs9 102500000 104999999 0.237525
hs9 105000000 107499999 0.225068
hs9 107500000 109999999 0.111812
hs9 110000000 112499999 0.671670
hs9 112500000 114999999 0.588587
hs9 115000000 117499999 0.525613
hs9 117500000 119999999 0.521050
hs9 120000000 122499999 0.196515
hs9 122500000 124999999 0.761687
hs9 125000000 127499999 0.757811
hs9 127500000 129999999 0.633985
hs9 130000000 132499999 0.541937
hs9 132500000 134999999 0.704992
hs9 135000000 137499999 0.409680
hs9 137500000 139999999 0.646111
hs9 140000000 142499999 0.077502
hs15 0 2499999 0.000000
hs15 2500000 4999999 0.000000
hs15 5000000 7499999 0.000000
hs15 7500000 9999999 0.000000
hs15 10000000 12499999 0.000000
hs15 12500000 14999999 0.000000
hs15 15000000 17499999 0.000000
hs15 17500000 19999999 0.104329
hs15 20000000 22499999 0.174852
hs15 22500000 24999999 0.424060
hs15 25000000 27499999 0.631570
hs15 27500000 29999999 0.356773
hs15 30000000 32499999 0.673599
hs15 32500000 34999999 0.274335
hs15 35000000 37499999 0.166565
hs15 37500000 39999999 0.664081
hs15 40000000 42499999 0.797852
hs15 42500000 44999999 0.440871
hs15 45000000 47499999 0.432844
hs15 47500000 49999999 0.704933
hs15 50000000 52499999 0.514066
hs15 52500000 54999999 0.495456
hs15 55000000 57499999 0.658891
hs15 57500000 59999999 0.424362
hs15 60000000 62499999 0.540861
hs15 62500000 64999999 0.661877
hs15 65000000 67499999 0.641396
hs15 67500000 69999999 0.458958
hs15 70000000 72499999 0.584114
hs15 72500000 74999999 0.657041
hs15 75000000 77499999 0.418637
hs15 77500000 79999999 0.347463
hs15 80000000 82499999 0.656739
hs15 82500000 84999999 0.573580
hs15 85000000 87499999 0.403690
hs15 87500000 89999999 0.529571
hs15 90000000 92499999 0.255715
hs15 92500000 94999999 0.109956
hs15 95000000 97499999 0.246150
hs15 97500000 99999999 0.595734
hs15 100000000 102499999 0.041664
hs5 0 2499999 0.379180
hs5 2500000 4999999 0.005637
hs5 5000000 7499999 0.211993
hs5 7500000 9999999 0.487947
hs5 10000000 12499999 0.513104
hs5 12500000 14999999 0.434620
hs5 15000000 17499999 0.452490
hs5 17500000 19999999 0.196435
hs5 20000000 22499999 0.350877
hs5 22500000 24999999 0.227270
hs5 25000000 27499999 0.063193
hs5 27500000 29999999 0.000000
hs5 30000000 32499999 0.329570
hs5 32500000 34999999 0.345844
hs5 35000000 37499999 0.526996
hs5 37500000 39999999 0.445788
hs5 40000000 42499999 0.319708
hs5 42500000 44999999 0.323954
hs5 45000000 47499999 0.174748
hs5 47500000 49999999 0.019086
hs5 50000000 52499999 0.194764
hs5 52500000 54999999 0.402638
hs5 55000000 57499999 0.239944
hs5 57500000 59999999 0.771977
hs5 60000000 62499999 0.402770
hs5 62500000 64999999 0.449427
hs5 65000000 67499999 0.376166
hs5 67500000 69999999 0.843748
hs5 70000000 72499999 0.490782
hs5 72500000 74999999 0.391054
hs5 75000000 77499999 0.547211
hs5 77500000 79999999 0.616976
hs5 80000000 82499999 0.532398
hs5 82500000 84999999 0.328533
hs5 85000000 87499999 0.064097
hs5 87500000 89999999 0.239795
hs5 90000000 92499999 0.220307
hs5 92500000 94999999 0.800798
hs5 95000000 97499999 0.243182
hs5 97500000 99999999 0.063440
hs5 100000000 102499999 0.196899
hs5 102500000 104999999 0.040516
hs5 105000000 107499999 0.228548
hs5 107500000 109999999 0.533687
hs5 110000000 112499999 0.516485
hs5 112500000 114999999 0.326542
hs5 115000000 117499999 0.200999
hs5 117500000 119999999 0.289405
hs5 120000000 122499999 0.235593
hs5 122500000 124999999 0.137289
hs5 125000000 127499999 0.320308
hs5 127500000 129999999 0.392361
hs5 130000000 132499999 0.463589
hs5 132500000 134999999 0.452715
hs5 135000000 137499999 0.470619
hs5 137500000 139999999 0.692858
hs5 140000000 142499999 2.386339
hs5 142500000 144999999 0.229588
hs5 145000000 147499999 0.580837
hs5 147500000 149999999 0.561420
hs5 150000000 152499999 0.273557
hs5 152500000 154999999 0.350523
hs5 155000000 157499999 0.399886
hs5 157500000 159999999 0.401132
hs5 160000000 162499999 0.254381
hs5 162500000 164999999 0.024616
hs5 165000000 167499999 0.342232
hs5 167500000 169999999 0.780035
hs5 170000000 172499999 0.578078
hs5 172500000 174999999 0.106097
hs5 175000000 177499999 0.512816
hs5 177500000 179999999 0.617431
hs5 180000000 182499999 0.077445
hsY 0 2499999 0.287855
hsY 2500000 4999999 0.106878
hsY 5000000 7499999 0.435260
hsY 7500000 9999999 0.327237
hsY 10000000 12499999 0.053966
hsY 12500000 14999999 0.183608
hsY 15000000 17499999 0.128545
hsY 17500000 19999999 0.181406
hsY 20000000 22499999 0.169372
hsY 22500000 24999999 0.288266
hsY 25000000 27499999 0.218750
hsY 27500000 29999999 0.000000
hsY 30000000 32499999 0.000000
hsY 32500000 34999999 0.000000
hsY 35000000 37499999 0.000000
hsY 37500000 39999999 0.000000
hsY 40000000 42499999 0.000000
hsY 42500000 44999999 0.000000
hsY 45000000 47499999 0.000000
hsY 47500000 49999999 0.000000
hsY 50000000 52499999 0.000000
hsY 52500000 54999999 0.000000
hsY 55000000 57499999 0.000000
hsY 57500000 59999999 0.036159
hs1 0 2499999 0.507674
hs1 2500000 4999999 0.389216
hs1 5000000 7499999 0.588274
hs1 7500000 9999999 0.605120
hs1 10000000 12499999 0.672644
hs1 12500000 14999999 0.262367
hs1 15000000 17499999 0.668481
hs1 17500000 19999999 0.555280
hs1 20000000 22499999 0.544222
hs1 22500000 24999999 0.503687
hs1 25000000 27499999 0.515790
hs1 27500000 29999999 0.575742
hs1 30000000 32499999 0.317195
hs1 32500000 34999999 0.554411
hs1 35000000 37499999 0.499030
hs1 37500000 39999999 0.434212
hs1 40000000 42499999 0.534628
hs1 42500000 44999999 0.615366
hs1 45000000 47499999 0.643260
hs1 47500000 49999999 0.665903
hs1 50000000 52499999 0.714164
hs1 52500000 54999999 0.699337
hs1 55000000 57499999 0.364933
hs1 57500000 59999999 0.632029
hs1 60000000 62499999 0.429502
hs1 62500000 64999999 0.541140
hs1 65000000 67499999 0.740825
hs1 67500000 69999999 0.172799
hs1 70000000 72499999 0.671723
hs1 72500000 74999999 0.284209
hs1 75000000 77499999 0.603447
hs1 77500000 79999999 0.438306
hs1 80000000 82499999 0.076811
hs1 82500000 84999999 0.221737
hs1 85000000 87499999 0.625878
hs1 87500000 89999999 0.242764
hs1 90000000 92499999 0.349332
hs1 92500000 94999999 0.530441
hs1 95000000 97499999 0.226496
hs1 97500000 99999999 0.407955
hs1 100000000 102499999 0.367885
hs1 102500000 104999999 0.162291
hs1 105000000 107499999 0.146072
hs1 107500000 109999999 0.652292
hs1 110000000 112499999 0.381246
hs1 112500000 114999999 0.489456
hs1 115000000 117499999 0.396025
hs1 117500000 119999999 0.339935
hs1 120000000 122499999 0.131875
hs1 122500000 124999999 0.000000
hs1 125000000 127499999 0.000000
hs1 127500000 129999999 0.000000
hs1 130000000 132499999 0.000000
hs1 132500000 134999999 0.000000
hs1 135000000 137499999 0.000000
hs1 137500000 139999999 0.000000
hs1 140000000 142499999 0.008539
hs1 142500000 144999999 0.512934
hs1 145000000 147499999 0.247730
hs1 147500000 149999999 0.531981
hs1 150000000 152499999 0.347150
hs1 152500000 154999999 0.661150
hs1 155000000 157499999 0.328429
hs1 157500000 159999999 0.414681
hs1 160000000 162499999 0.368016
hs1 162500000 164999999 0.368060
hs1 165000000 167499999 0.493754
hs1 167500000 169999999 0.465625
hs1 170000000 172499999 0.507120
hs1 172500000 174999999 0.727284
hs1 175000000 177499999 0.540207
hs1 177500000 179999999 0.652385
hs1 180000000 182499999 0.502058
hs1 182500000 184999999 0.541080
hs1 185000000 187499999 0.064033
hs1 187500000 189999999 0.151986
hs1 190000000 192499999 0.134298
hs1 192500000 194999999 0.191286
hs1 195000000 197499999 0.418761
hs1 197500000 199999999 0.332129
hs1 200000000 202499999 0.588583
hs1 202500000 204999999 0.548332
hs1 205000000 207499999 0.321912
hs1 207500000 209999999 0.578127
hs1 210000000 212499999 0.371611
hs1 212500000 214999999 0.740600
hs1 215000000 217499999 0.401750
hs1 217500000 219999999 0.226551
hs1 220000000 222499999 0.319165
hs1 222500000 224999999 0.562808
hs1 225000000 227499999 0.389371
hs1 227500000 229999999 0.567856
hs1 230000000 232499999 0.584874
hs1 232500000 234999999 0.512553
hs1 235000000 237499999 0.392118
hs1 237500000 239999999 0.650176
hs1 240000000 242499999 0.517942
hs1 242500000 244999999 0.791528
hs1 245000000 247499999 0.223102
hs19 0 2499999 0.589582
hs19 2500000 4999999 0.692216
hs19 5000000 7499999 0.599902
hs19 7500000 9999999 0.481020
hs19 10000000 12499999 0.613386
hs19 12500000 14999999 0.576375
hs19 15000000 17499999 0.591942
hs19 17500000 19999999 0.715300
hs19 20000000 22499999 0.273954
hs19 22500000 24999999 0.099180
hs19 25000000 27499999 0.000000
hs19 27500000 29999999 0.000000
hs19 30000000 32499999 0.000000
hs19 32500000 34999999 0.037658
hs19 35000000 37499999 0.136303
hs19 37500000 39999999 0.512853
hs19 40000000 42499999 0.481750
hs19 42500000 44999999 0.629137
hs19 45000000 47499999 0.536345
hs19 47500000 49999999 0.432106
hs19 50000000 52499999 0.529174
hs19 52500000 54999999 0.691144
hs19 55000000 57499999 0.528679
hs19 57500000 59999999 0.536178
hs19 60000000 62499999 0.521000
hs19 62500000 64999999 0.266136
hs2 0 2499999 0.516446
hs2 2500000 4999999 0.169306
hs2 5000000 7499999 0.090941
hs2 7500000 9999999 0.318932
hs2 10000000 12499999 0.374141
hs2 12500000 14999999 0.013288
hs2 15000000 17499999 0.223424
hs2 17500000 19999999 0.148596
hs2 20000000 22499999 0.167150
hs2 22500000 24999999 0.467435
hs2 25000000 27499999 0.712704
hs2 27500000 29999999 0.796679
hs2 30000000 32499999 0.484278
hs2 32500000 34999999 0.447882
hs2 35000000 37499999 0.322623
hs2 37500000 39999999 0.419178
hs2 40000000 42499999 0.233884
hs2 42500000 44999999 0.600254
hs2 45000000 47499999 0.537907
hs2 47500000 49999999 0.352682
hs2 50000000 52499999 0.445272
hs2 52500000 54999999 0.437676
hs2 55000000 57499999 0.310664
hs2 57500000 59999999 0.078187
hs2 60000000 62499999 0.421286
hs2 62500000 64999999 0.481368
hs2 65000000 67499999 0.170081
hs2 67500000 69999999 0.451466
hs2 70000000 72499999 0.467656
hs2 72500000 74999999 0.654664
hs2 75000000 77499999 0.390756
hs2 77500000 79999999 0.209605
hs2 80000000 82499999 0.292794
hs2 82500000 84999999 0.160824
hs2 85000000 87499999 0.543270
hs2 87500000 89999999 0.265091
hs2 90000000 92499999 0.012557
hs2 92500000 94999999 0.040595
hs2 95000000 97499999 0.371798
hs2 97500000 99999999 0.768014
hs2 100000000 102499999 0.479412
hs2 102500000 104999999 0.105499
hs2 105000000 107499999 0.251679
hs2 107500000 109999999 0.532764
hs2 110000000 112499999 0.588262
hs2 112500000 114999999 0.379238
hs2 115000000 117499999 0.527518
hs2 117500000 119999999 0.160772
hs2 120000000 122499999 0.459553
hs2 122500000 124999999 0.200267
hs2 125000000 127499999 0.171959
hs2 127500000 129999999 0.301551
hs2 130000000 132499999 0.257992
hs2 132500000 134999999 0.613594
hs2 135000000 137499999 0.498238
hs2 137500000 139999999 0.355311
hs2 140000000 142499999 0.717814
hs2 142500000 144999999 0.572791
hs2 145000000 147499999 0.054422
hs2 147500000 149999999 0.532797
hs2 150000000 152499999 0.231288
hs2 152500000 154999999 0.484660
hs2 155000000 157499999 0.134382
hs2 157500000 159999999 0.574536
hs2 160000000 162499999 0.532823
hs2 162500000 164999999 0.352179
hs2 165000000 167499999 0.535071
hs2 167500000 169999999 0.588388
hs2 170000000 172499999 0.691676
hs2 172500000 174999999 0.448114
hs2 175000000 177499999 0.271878
hs2 177500000 179999999 0.749821
hs2 180000000 182499999 0.322228
hs2 182500000 184999999 0.313601
hs2 185000000 187499999 0.256498
hs2 187500000 189999999 0.296630
hs2 190000000 192499999 0.437981
hs2 192500000 194999999 0.108782
hs2 195000000 197499999 0.428248
hs2 197500000 199999999 0.397082
hs2 200000000 202499999 0.587181
hs2 202500000 204999999 0.457177
hs2 205000000 207499999 0.683158
hs2 207500000 209999999 0.280142
hs2 210000000 212499999 0.626820
hs2 212500000 214999999 0.762011
hs2 215000000 217499999 0.410123
hs2 217500000 219999999 0.598910
hs2 220000000 222499999 0.125719
hs2 222500000 224999999 0.281928
hs2 225000000 227499999 0.321785
hs2 227500000 229999999 0.460689
hs2 230000000 232499999 0.587004
hs2 232500000 234999999 0.860982
hs2 235000000 237499999 0.402746
hs2 237500000 239999999 0.459885
hs2 240000000 242499999 0.452599
hs2 242500000 244999999 0.028651
hs8 0 2499999 0.288724
hs8 2500000 4999999 0.823782
hs8 5000000 7499999 0.237238
hs8 7500000 9999999 0.262786
hs8 10000000 12499999 0.543692
hs8 12500000 14999999 0.641747
hs8 15000000 17499999 0.360162
hs8 17500000 19999999 0.537015
hs8 20000000 22499999 0.286018
hs8 22500000 24999999 0.338811
hs8 25000000 27499999 0.440940
hs8 27500000 29999999 0.498535
hs8 30000000 32499999 0.619294
hs8 32500000 34999999 0.161179
hs8 35000000 37499999 0.284404
hs8 37500000 39999999 0.604049
hs8 40000000 42499999 0.454581
hs8 42500000 44999999 0.185296
hs8 45000000 47499999 0.000000
hs8 47500000 49999999 0.308939
hs8 50000000 52499999 0.395954
hs8 52500000 54999999 0.446546
hs8 55000000 57499999 0.364229
hs8 57500000 59999999 0.191116
hs8 60000000 62499999 0.286392
hs8 62500000 64999999 0.453909
hs8 65000000 67499999 0.224171
hs8 67500000 69999999 0.673320
hs8 70000000 72499999 0.386754
hs8 72500000 74999999 0.475168
hs8 75000000 77499999 0.112309
hs8 77500000 79999999 0.197125
hs8 80000000 82499999 0.290698
hs8 82500000 84999999 0.056725
hs8 85000000 87499999 0.446539
hs8 87500000 89999999 0.444962
hs8 90000000 92499999 0.282519
hs8 92500000 94999999 0.129258
hs8 95000000 97499999 0.286601
hs8 97500000 99999999 0.607643
hs8 100000000 102499999 0.545876
hs8 102500000 104999999 0.609012
hs8 105000000 107499999 0.469153
hs8 107500000 109999999 0.348991
hs8 110000000 112499999 0.181689
hs8 112500000 114999999 0.485672
hs8 115000000 117499999 0.104202
hs8 117500000 119999999 0.457930
hs8 120000000 122499999 0.459168
hs8 122500000 124999999 0.291520
hs8 125000000 127499999 0.363377
hs8 127500000 129999999 0.143439
hs8 130000000 132499999 0.299326
hs8 132500000 134999999 0.527360
hs8 135000000 137499999 0.197505
hs8 137500000 139999999 0.277024
hs8 140000000 142499999 0.547800
hs8 142500000 144999999 0.336138
hs8 145000000 147499999 0.283242
hs6 0 2499999 0.424647
hs6 2500000 4999999 0.353661
hs6 5000000 7499999 0.589677
hs6 7500000 9999999 0.138453
hs6 10000000 12499999 0.377845
hs6 12500000 14999999 0.387363
hs6 15000000 17499999 0.386706
hs6 17500000 19999999 0.286792
hs6 20000000 22499999 0.579968
hs6 22500000 24999999 0.242556
hs6 25000000 27499999 0.392756
hs6 27500000 29999999 0.159125
hs6 30000000 32499999 0.492071
hs6 32500000 34999999 0.438727
hs6 35000000 37499999 0.638591
hs6 37500000 39999999 0.763556
hs6 40000000 42499999 0.434469
hs6 42500000 44999999 0.490115
hs6 45000000 47499999 0.579637
hs6 47500000 49999999 0.255401
hs6 50000000 52499999 0.308329
hs6 52500000 54999999 0.383954
hs6 55000000 57499999 0.496627
hs6 57500000 59999999 0.065161
hs6 60000000 62499999 0.020871
hs6 62500000 64999999 0.475920
hs6 65000000 67499999 0.590178
hs6 67500000 69999999 0.239059
hs6 70000000 72499999 0.475978
hs6 72500000 74999999 0.578192
hs6 75000000 77499999 0.313411
hs6 77500000 79999999 0.083401
hs6 80000000 82499999 0.174537
hs6 82500000 84999999 0.418598
hs6 85000000 87499999 0.080710
hs6 87500000 89999999 0.419418
hs6 90000000 92499999 0.401212
hs6 92500000 94999999 0.099586
hs6 95000000 97499999 0.155173
hs6 97500000 99999999 0.221894
hs6 100000000 102499999 0.469352
hs6 102500000 104999999 0.049860
hs6 105000000 107499999 0.346573
hs6 107500000 109999999 0.683456
hs6 110000000 112499999 0.584410
hs6 112500000 114999999 0.098858
hs6 115000000 117499999 0.306378
hs6 117500000 119999999 0.551341
hs6 120000000 122499999 0.107660
hs6 122500000 124999999 0.665254
hs6 125000000 127499999 0.294026
hs6 127500000 129999999 0.683488
hs6 130000000 132499999 0.380064
hs6 132500000 134999999 0.347468
hs6 135000000 137499999 0.871214
hs6 137500000 139999999 0.297219
hs6 140000000 142499999 0.005277
hs6 142500000 144999999 0.694818
hs6 145000000 147499999 0.424876
hs6 147500000 149999999 0.409380
hs6 150000000 152499999 0.648284
hs6 152500000 154999999 0.491530
hs6 155000000 157499999 0.302910
hs6 157500000 159999999 0.528899
hs6 160000000 162499999 0.696801
hs6 162500000 164999999 0.534252
hs6 165000000 167499999 0.413903
hs6 167500000 169999999 0.355277
hs6 170000000 172499999 0.063636
hs14 0 2499999 0.000000
hs14 2500000 4999999 0.000000
hs14 5000000 7499999 0.000000
hs14 7500000 9999999 0.000000
hs14 10000000 12499999 0.000000
hs14 12500000 14999999 0.000000
hs14 15000000 17499999 0.000000
hs14 17500000 19999999 0.082373
hs14 20000000 22499999 0.224509
hs14 22500000 24999999 0.353478
hs14 25000000 27499999 0.060749
hs14 27500000 29999999 0.150356
hs14 30000000 32499999 0.606440
hs14 32500000 34999999 0.568665
hs14 35000000 37499999 0.504113
hs14 37500000 39999999 0.108877
hs14 40000000 42499999 0.118797
hs14 42500000 44999999 0.131474
hs14 45000000 47499999 0.334389
hs14 47500000 49999999 0.233559
hs14 50000000 52499999 0.566210
hs14 52500000 54999999 0.333052
hs14 55000000 57499999 0.268870
hs14 57500000 59999999 0.475246
hs14 60000000 62499999 0.433773
hs14 62500000 64999999 0.614624
hs14 65000000 67499999 0.642604
hs14 67500000 69999999 0.647994
hs14 70000000 72499999 0.581837
hs14 72500000 74999999 0.646645
hs14 75000000 77499999 0.685435
hs14 77500000 79999999 0.590131
hs14 80000000 82499999 0.345662
hs14 82500000 84999999 0.000000
hs14 85000000 87499999 0.051470
hs14 87500000 89999999 0.610368
hs14 90000000 92499999 0.705665
hs14 92500000 94999999 0.561830
hs14 95000000 97499999 0.213103
hs14 97500000 99999999 0.334601
hs14 100000000 102499999 0.458742
hs14 102500000 104999999 0.480574
hs14 105000000 107499999 0.023590
hs17 0 2499999 0.753589
hs17 2500000 4999999 0.629242
hs17 5000000 7499999 0.448642
hs17 7500000 9999999 0.729973
hs17 10000000 12499999 0.462311
hs17 12500000 14999999 0.250244
hs17 15000000 17499999 0.531474
hs17 17500000 19999999 0.623648
hs17 20000000 22499999 0.215894
hs17 22500000 24999999 0.544118
hs17 25000000 27499999 0.657099
hs17 27500000 29999999 0.733548
hs17 30000000 32499999 0.429206
hs17 32500000 34999999 0.616336
hs17 35000000 37499999 0.448841
hs17 37500000 39999999 0.612588
hs17 40000000 42499999 0.592936
hs17 42500000 44999999 0.531607
hs17 45000000 47499999 0.567349
hs17 47500000 49999999 0.037885
hs17 50000000 52499999 0.348474
hs17 52500000 54999999 0.630929
hs17 55000000 57499999 0.780412
hs17 57500000 59999999 0.635945
hs17 60000000 62499999 0.636522
hs17 62500000 64999999 0.624452
hs17 65000000 67499999 0.048359
hs17 67500000 69999999 0.447910
hs17 70000000 72499999 0.694946
hs17 72500000 74999999 0.567784
hs17 75000000 77499999 0.609198
hs17 77500000 79999999 0.351860
hs21 0 2499999 0.000000
hs21 2500000 4999999 0.000000
hs21 5000000 7499999 0.000000
hs21 7500000 9999999 0.028555
hs21 10000000 12499999 0.146510
hs21 12500000 14999999 0.145805
hs21 15000000 17499999 0.317186
hs21 17500000 19999999 0.124270
hs21 20000000 22499999 0.240439
hs21 22500000 24999999 0.000000
hs21 25000000 27499999 0.264474
hs21 27500000 29999999 0.254087
hs21 30000000 32499999 0.394165
hs21 32500000 34999999 0.533888
hs21 35000000 37499999 0.441514
hs21 37500000 39999999 0.508290
hs21 40000000 42499999 0.624704
hs21 42500000 44999999 0.590055
hs21 45000000 47499999 0.439798
