hsX 0 4999999 0.246825
hsX 5000000 9999999 0.269350
hsX 10000000 14999999 0.488835
hsX 15000000 19999999 0.576796
hsX 20000000 24999999 0.344146
hsX 25000000 29999999 0.280057
hsX 30000000 34999999 0.488304
hsX 35000000 39999999 0.241881
hsX 40000000 44999999 0.298597
hsX 45000000 49999999 0.481483
hsX 50000000 54999999 0.348471
hsX 55000000 59999999 0.107355
hsX 60000000 64999999 0.134531
hsX 65000000 69999999 0.386280
hsX 70000000 74999999 0.484725
hsX 75000000 79999999 0.180318
hsX 80000000 84999999 0.152945
hsX 85000000 89999999 0.206275
hsX 90000000 94999999 0.177778
hsX 95000000 99999999 0.331731
hsX 100000000 104999999 0.503704
hsX 105000000 109999999 0.457622
hsX 110000000 114999999 0.379085
hsX 115000000 119999999 0.337605
hsX 120000000 124999999 0.250442
hsX 125000000 129999999 0.164291
hsX 130000000 134999999 0.384823
hsX 135000000 139999999 0.256848
hsX 140000000 144999999 0.027479
hsX 145000000 149999999 0.260713
hsX 150000000 154999999 0.418359
hs12 0 4999999 0.664027
hs12 5000000 9999999 0.463947
hs12 10000000 14999999 0.541499
hs12 15000000 19999999 0.333464
hs12 20000000 24999999 0.526958
hs12 25000000 29999999 0.483411
hs12 30000000 34999999 0.250097
hs12 35000000 39999999 0.317092
hs12 40000000 44999999 0.508388
hs12 45000000 49999999 0.457250
hs12 50000000 54999999 0.426511
hs12 55000000 59999999 0.207931
hs12 60000000 64999999 0.510532
hs12 65000000 69999999 0.339965
hs12 70000000 74999999 0.248043
hs12 75000000 79999999 0.430367
hs12 80000000 84999999 0.339394
hs12 85000000 89999999 0.260083
hs12 90000000 94999999 0.329429
hs12 95000000 99999999 0.515136
hs12 100000000 104999999 0.472010
hs12 105000000 109999999 0.634601
hs12 110000000 114999999 0.411914
hs12 115000000 119999999 0.600457
hs12 120000000 124999999 0.626215
hs12 125000000 129999999 0.337711
hs12 130000000 134999999 0.250533
hs11 0 4999999 0.537341
hs11 5000000 9999999 0.485739
hs11 10000000 14999999 0.556061
hs11 15000000 19999999 0.547025
hs11 20000000 24999999 0.404288
hs11 25000000 29999999 0.254419
hs11 30000000 34999999 0.430406
hs11 35000000 39999999 0.216458
hs11 40000000 44999999 0.208461
hs11 45000000 49999999 0.463372
hs11 50000000 54999999 0.008617
hs11 55000000 59999999 0.304612
hs11 60000000 64999999 0.569060
hs11 65000000 69999999 0.482948
hs11 70000000 74999999 0.643725
hs11 75000000 79999999 0.559599
hs11 80000000 84999999 0.493223
hs11 85000000 89999999 0.448135
hs11 90000000 94999999 0.300806
hs11 95000000 99999999 0.379126
hs11 100000000 104999999 0.366225
hs11 105000000 109999999 0.435575
hs11 110000000 114999999 0.414562
hs11 115000000 119999999 0.443344
hs11 120000000 124999999 0.415557
hs11 125000000 129999999 0.412705
hs11 130000000 134999999 0.500390
hs22 0 4999999 0.000000
hs22 5000000 9999999 0.000000
hs22 10000000 14999999 0.006518
hs22 15000000 19999999 0.447210
hs22 20000000 24999999 0.626760
hs22 25000000 29999999 0.607549
hs22 30000000 34999999 0.513268
hs22 35000000 39999999 0.618085
hs22 40000000 44999999 0.646232
hs22 45000000 49999999 0.374157
hs10 0 4999999 0.315574
hs10 5000000 9999999 0.285719
hs10 10000000 14999999 0.552588
hs10 15000000 19999999 0.530055
hs10 20000000 24999999 0.547088
hs10 25000000 29999999 0.488585
hs10 30000000 34999999 0.415263
hs10 35000000 39999999 0.197487
hs10 40000000 44999999 0.124121
hs10 45000000 49999999 0.383100
hs10 50000000 54999999 0.561654
hs10 55000000 59999999 0.239630
hs10 60000000 64999999 0.448052
hs10 65000000 69999999 0.515777
hs10 70000000 74999999 0.666611
hs10 75000000 79999999 0.607811
hs10 80000000 84999999 0.392216
hs10 85000000 89999999 0.410411
hs10 90000000 94999999 0.489665
hs10 95000000 99999999 0.671599
hs10 100000000 104999999 0.670757
hs10 105000000 109999999 0.432140
hs10 110000000 114999999 0.288321
hs10 115000000 119999999 0.555387
hs10 120000000 124999999 0.413250
hs10 125000000 129999999 0.486370
hs10 130000000 134999999 0.286996
hs10 135000000 139999999 0.034363
hs7 0 4999999 0.587670
hs7 5000000 9999999 0.428498
hs7 10000000 14999999 0.329521
hs7 15000000 19999999 0.343498
hs7 20000000 24999999 0.417360
hs7 25000000 29999999 0.466131
hs7 30000000 34999999 0.547056
hs7 35000000 39999999 0.529837
hs7 40000000 44999999 0.519124
hs7 45000000 49999999 0.309533
hs7 50000000 54999999 0.189229
hs7 55000000 59999999 0.138321
hs7 60000000 64999999 0.120521
hs7 65000000 69999999 0.394252
hs7 70000000 74999999 0.632323
hs7 75000000 79999999 0.602220
hs7 80000000 84999999 0.374521
hs7 85000000 89999999 0.432476
hs7 90000000 94999999 0.465692
hs7 95000000 99999999 0.427325
hs7 100000000 104999999 0.749479
hs7 105000000 109999999 0.349210
hs7 110000000 114999999 0.502744
hs7 115000000 119999999 0.303363
hs7 120000000 124999999 0.396748
hs7 125000000 129999999 0.529742
hs7 130000000 134999999 0.636972
hs7 135000000 139999999 0.532180
hs7 140000000 144999999 0.289409
hs7 145000000 149999999 0.624369
hs7 150000000 154999999 0.526504
hs7 155000000 159999999 0.420560
hs4 0 4999999 0.533358
hs4 5000000 9999999 0.588775
hs4 10000000 14999999 0.109092
hs4 15000000 19999999 0.310135
hs4 20000000 24999999 0.452728
hs4 25000000 29999999 0.128089
hs4 30000000 34999999 0.085278
hs4 35000000 39999999 0.420521
hs4 40000000 44999999 0.419697
hs4 45000000 49999999 0.422076
hs4 50000000 54999999 0.214029
hs4 55000000 59999999 0.215637
hs4 60000000 64999999 0.141265
hs4 65000000 69999999 0.226741
hs4 70000000 74999999 0.374256
hs4 75000000 79999999 0.490530
hs4 80000000 84999999 0.383905
hs4 85000000 89999999 0.538029
hs4 90000000 94999999 0.676316
hs4 95000000 99999999 0.416367
hs4 100000000 104999999 0.414828
hs4 105000000 109999999 0.313732
hs4 110000000 114999999 0.482627
hs4 115000000 119999999 0.184003
hs4 120000000 124999999 0.405348
hs4 125000000 129999999 0.165326
hs4 130000000 134999999 0.057345
hs4 135000000 139999999 0.019446
hs4 140000000 144999999 0.530434
hs4 145000000 149999999 0.413603
hs4 150000000 154999999 0.471684
hs4 155000000 159999999 0.284790
hs4 160000000 164999999 0.296454
hs4 165000000 169999999 0.449541
hs4 170000000 174999999 0.424497
hs4 175000000 179999999 0.302667
hs4 180000000 184999999 0.164928
hs4 185000000 189999999 0.304131
hs4 190000000 194999999 0.017781
hs16 0 4999999 0.693790
hs16 5000000 9999999 0.463096
hs16 10000000 14999999 0.527156
hs16 15000000 19999999 0.450791
hs16 20000000 24999999 0.575030
hs16 25000000 29999999 0.432309
hs16 30000000 34999999 0.193213
hs16 35000000 39999999 0.000000
hs16 40000000 44999999 0.000000
hs16 45000000 49999999 0.411480
hs16 50000000 54999999 0.304487
hs16 55000000 59999999 0.277784
hs16 60000000 64999999 0.177602
hs16 65000000 69999999 0.766927
hs16 70000000 74999999 0.367374
hs16 75000000 79999999 0.481364
hs16 80000000 84999999 0.533933
hs16 85000000 89999999 0.364442
hs20 0 4999999 0.458204
hs20 5000000 9999999 0.414600
hs20 10000000 14999999 0.439742
hs20 15000000 19999999 0.601699
hs20 20000000 24999999 0.260915
hs20 25000000 29999999 0.174300
hs20 30000000 34999999 0.654596
hs20 35000000 39999999 0.357306
hs20 40000000 44999999 0.592696
hs20 45000000 49999999 0.479137
hs20 50000000 54999999 0.235108
hs20 55000000 59999999 0.383885
hs20 60000000 64999999 0.287895
hs13 0 4999999 0.000000
hs13 5000000 9999999 0.000000
hs13 10000000 14999999 0.000000
hs13 15000000 19999999 0.159077
hs13 20000000 24999999 0.385625
hs13 25000000 29999999 0.474959
hs13 30000000 34999999 0.435368
hs13 35000000 39999999 0.483322
hs13 40000000 44999999 0.525621
hs13 45000000 49999999 0.396396
hs13 50000000 54999999 0.244332
hs13 55000000 59999999 0.160532
hs13 60000000 64999999 0.011397
hs13 65000000 69999999 0.319298
hs13 70000000 74999999 0.291215
hs13 75000000 79999999 0.300220
hs13 80000000 84999999 0.084068
hs13 85000000 89999999 0.002732
hs13 90000000 94999999 0.636607
hs13 95000000 99999999 0.661865
hs13 100000000 104999999 0.331647
hs13 105000000 109999999 0.373589
hs13 110000000 114999999 0.332721
hs18 0 4999999 0.320278
hs18 5000000 9999999 0.502852
hs18 10000000 14999999 0.450004
hs18 15000000 19999999 0.347526
hs18 20000000 24999999 0.329909
hs18 25000000 29999999 0.376822
hs18 30000000 34999999 0.454835
hs18 35000000 39999999 0.218775
hs18 40000000 44999999 0.431642
hs18 45000000 49999999 0.478858
hs18 50000000 54999999 0.406894
hs18 55000000 59999999 0.334502
hs18 60000000 64999999 0.124421
hs18 65000000 69999999 0.199622
hs18 70000000 74999999 0.261576
hs18 75000000 79999999 0.144648
hs3 0 4999999 0.420503
hs3 5000000 9999999 0.435778
hs3 10000000 14999999 0.603030
hs3 15000000 19999999 0.470342
hs3 20000000 24999999 0.283909
hs3 25000000 29999999 0.317003
hs3 30000000 34999999 0.374364
hs3 35000000 39999999 0.476678
hs3 40000000 44999999 0.511879
hs3 45000000 49999999 0.645717
hs3 50000000 54999999 0.780326
hs3 55000000 59999999 0.645160
hs3 60000000 64999999 0.665985
hs3 65000000 69999999 0.550311
hs3 70000000 74999999 0.329762
hs3 75000000 79999999 0.368563
hs3 80000000 84999999 0.054420
hs3 85000000 89999999 0.324091
hs3 90000000 94999999 0.000000
hs3 95000000 99999999 0.304834
hs3 100000000 104999999 0.423163
hs3 105000000 109999999 0.298177
hs3 110000000 114999999 0.402747
hs3 115000000 119999999 0.377728
hs3 120000000 124999999 0.737207
hs3 125000000 129999999 0.592164
hs3 130000000 134999999 0.632936
hs3 135000000 139999999 0.488436
hs3 140000000 144999999 0.572513
hs3 145000000 149999999 0.081451
hs3 150000000 154999999 0.368499
hs3 155000000 159999999 0.465039
hs3 160000000 164999999 0.303675
hs3 165000000 169999999 0.259556
hs3 170000000 174999999 0.609300
hs3 175000000 179999999 0.373944
hs3 180000000 184999999 0.363643
hs3 185000000 189999999 0.513405
hs3 190000000 194999999 0.432155
hs3 195000000 199999999 0.422408
hs9 0 4999999 0.434750
hs9 5000000 9999999 0.600384
hs9 10000000 14999999 0.264565
hs9 15000000 19999999 0.541314
hs9 20000000 24999999 0.226149
hs9 25000000 29999999 0.280569
hs9 30000000 34999999 0.307901
hs9 35000000 39999999 0.452326
hs9 40000000 44999999 0.089180
hs9 45000000 49999999 0.012411
hs9 50000000 54999999 0.000000
hs9 55000000 59999999 0.000000
hs9 60000000 64999999 0.000000
hs9 65000000 69999999 0.096180
hs9 70000000 74999999 0.560409
hs9 75000000 79999999 0.393701
hs9 80000000 84999999 0.086119
hs9 85000000 89999999 0.366853
hs9 90000000 94999999 0.405015
hs9 95000000 99999999 0.526264
hs9 100000000 104999999 0.398390
hs9 105000000 109999999 0.168440
hs9 110000000 114999999 0.630129
hs9 115000000 119999999 0.523331
hs9 120000000 124999999 0.479101
hs9 125000000 129999999 0.695898
hs9 130000000 134999999 0.623465
hs9 135000000 139999999 0.527896
hs9 140000000 144999999 0.038751
hs15 0 4999999 0.000000
hs15 5000000 9999999 0.000000
hs15 10000000 14999999 0.000000
hs15 15000000 19999999 0.052165
hs15 20000000 24999999 0.299456
hs15 25000000 29999999 0.494171
hs15 30000000 34999999 0.473967
hs15 35000000 39999999 0.415323
hs15 40000000 44999999 0.619362
hs15 45000000 49999999 0.568889
hs15 50000000 54999999 0.504761
hs15 55000000 59999999 0.541626
hs15 60000000 64999999 0.601369
hs15 65000000 69999999 0.550177
hs15 70000000 74999999 0.620577
hs15 75000000 79999999 0.383050
hs15 80000000 84999999 0.615159
hs15 85000000 89999999 0.466631
hs15 90000000 94999999 0.182835
hs15 95000000 99999999 0.420942
hs15 100000000 104999999 0.020832
hs5 0 4999999 0.192409
hs5 5000000 9999999 0.349970
hs5 10000000 14999999 0.473862
hs5 15000000 19999999 0.324462
hs5 20000000 24999999 0.289074
hs5 25000000 29999999 0.031596
hs5 30000000 34999999 0.337707
hs5 35000000 39999999 0.486392
hs5 40000000 44999999 0.321831
hs5 45000000 49999999 0.096917
hs5 50000000 54999999 0.298701
hs5 55000000 59999999 0.505960
hs5 60000000 64999999 0.426099
hs5 65000000 69999999 0.609957
hs5 70000000 74999999 0.440918
hs5 75000000 79999999 0.582093
hs5 80000000 84999999 0.430466
hs5 85000000 89999999 0.151946
hs5 90000000 94999999 0.510553
hs5 95000000 99999999 0.153311
hs5 100000000 104999999 0.118708
hs5 105000000 109999999 0.381118
hs5 110000000 114999999 0.421514
hs5 115000000 119999999 0.245202
hs5 120000000 124999999 0.186441
hs5 125000000 129999999 0.356335
hs5 130000000 134999999 0.458152
hs5 135000000 139999999 0.581739
hs5 140000000 144999999 1.307964
hs5 145000000 149999999 0.571129
hs5 150000000 154999999 0.312040
hs5 155000000 159999999 0.400509
hs5 160000000 164999999 0.139498
hs5 165000000 169999999 0.561134
hs5 170000000 174999999 0.342087
hs5 175000000 179999999 0.565124
hs5 180000000 184999999 0.038723
hsY 0 4999999 0.197366
hsY 5000000 9999999 0.381248
hsY 10000000 14999999 0.118787
hsY 15000000 19999999 0.154975
hsY 20000000 24999999 0.228819
hsY 25000000 29999999 0.109375
hsY 30000000 34999999 0.000000
hsY 35000000 39999999 0.000000
hsY 40000000 44999999 0.000000
hsY 45000000 49999999 0.000000
hsY 50000000 54999999 0.000000
hsY 55000000 59999999 0.018079
hs1 0 4999999 0.448445
hs1 5000000 9999999 0.596697
hs1 10000000 14999999 0.467505
hs1 15000000 19999999 0.611880
hs1 20000000 24999999 0.523955
hs1 25000000 29999999 0.545766
hs1 30000000 34999999 0.435803
hs1 35000000 39999999 0.466621
hs1 40000000 44999999 0.574997
hs1 45000000 49999999 0.654582
hs1 50000000 54999999 0.706751
hs1 55000000 59999999 0.498481
hs1 60000000 64999999 0.485321
hs1 65000000 69999999 0.456812
hs1 70000000 74999999 0.477966
hs1 75000000 79999999 0.520877
hs1 80000000 84999999 0.149274
hs1 85000000 89999999 0.434321
hs1 90000000 94999999 0.439887
hs1 95000000 99999999 0.317226
hs1 100000000 104999999 0.265088
hs1 105000000 109999999 0.399182
hs1 110000000 114999999 0.435351
hs1 115000000 119999999 0.367980
hs1 120000000 124999999 0.065938
hs1 125000000 129999999 0.000000
hs1 130000000 134999999 0.000000
hs1 135000000 139999999 0.000000
hs1 140000000 144999999 0.260737
hs1 145000000 149999999 0.389856
hs1 150000000 154999999 0.504150
hs1 155000000 159999999 0.371555
hs1 160000000 164999999 0.368038
hs1 165000000 169999999 0.479689
hs1 170000000 174999999 0.617202
hs1 175000000 179999999 0.596296
hs1 180000000 184999999 0.521569
hs1 185000000 189999999 0.108009
hs1 190000000 194999999 0.162792
hs1 195000000 199999999 0.375445
hs1 200000000 204999999 0.568458
hs1 205000000 209999999 0.450019
hs1 210000000 214999999 0.556105
hs1 215000000 219999999 0.314150
hs1 220000000 224999999 0.440986
hs1 225000000 229999999 0.478614
hs1 230000000 234999999 0.548713
hs1 235000000 239999999 0.521147
hs1 240000000 244999999 0.654735
hs1 245000000 249999999 0.111551
hs19 0 4999999 0.640899
hs19 5000000 9999999 0.540461
hs19 10000000 14999999 0.594881
hs19 15000000 19999999 0.653621
hs19 20000000 24999999 0.186567
hs19 25000000 29999999 0.000000
hs19 30000000 34999999 0.018829
hs19 35000000 39999999 0.324578
hs19 40000000 44999999 0.555443
hs19 45000000 49999999 0.484225
hs19 50000000 54999999 0.610159
hs19 55000000 59999999 0.532429
hs19 60000000 64999999 0.393568
hs2 0 4999999 0.342876
hs2 5000000 9999999 0.204937
hs2 10000000 14999999 0.193715
hs2 15000000 19999999 0.186010
hs2 20000000 24999999 0.317292
hs2 25000000 29999999 0.754691
hs2 30000000 34999999 0.466080
hs2 35000000 39999999 0.370901
hs2 40000000 44999999 0.417069
hs2 45000000 49999999 0.445294
hs2 50000000 54999999 0.441474
hs2 55000000 59999999 0.194426
hs2 60000000 64999999 0.451327
hs2 65000000 69999999 0.310774
hs2 70000000 74999999 0.561160
hs2 75000000 79999999 0.300180
hs2 80000000 84999999 0.226809
hs2 85000000 89999999 0.404180
hs2 90000000 94999999 0.026576
hs2 95000000 99999999 0.569906
hs2 100000000 104999999 0.292455
hs2 105000000 109999999 0.392222
hs2 110000000 114999999 0.483750
hs2 115000000 119999999 0.344145
hs2 120000000 124999999 0.329910
hs2 125000000 129999999 0.236755
hs2 130000000 134999999 0.435793
hs2 135000000 139999999 0.426775
hs2 140000000 144999999 0.645303
hs2 145000000 149999999 0.293610
hs2 150000000 154999999 0.357974
hs2 155000000 159999999 0.354459
hs2 160000000 164999999 0.442501
hs2 165000000 169999999 0.561730
hs2 170000000 174999999 0.569895
hs2 175000000 179999999 0.510849
hs2 180000000 184999999 0.317915
hs2 185000000 189999999 0.276564
hs2 190000000 194999999 0.273382
hs2 195000000 199999999 0.412665
hs2 200000000 204999999 0.522179
hs2 205000000 209999999 0.481650
hs2 210000000 214999999 0.694415
hs2 215000000 219999999 0.504516
hs2 220000000 224999999 0.203824
hs2 225000000 229999999 0.391237
hs2 230000000 234999999 0.723993
hs2 235000000 239999999 0.431316
hs2 240000000 244999999 0.240625
hs8 0 4999999 0.556253
hs8 5000000 9999999 0.250012
hs8 10000000 14999999 0.592720
hs8 15000000 19999999 0.448588
hs8 20000000 24999999 0.312415
hs8 25000000 29999999 0.469738
hs8 30000000 34999999 0.390237
hs8 35000000 39999999 0.444226
hs8 40000000 44999999 0.319938
hs8 45000000 49999999 0.154470
hs8 50000000 54999999 0.421250
hs8 55000000 59999999 0.277673
hs8 60000000 64999999 0.370150
hs8 65000000 69999999 0.448745
hs8 70000000 74999999 0.430961
hs8 75000000 79999999 0.154717
hs8 80000000 84999999 0.173712
hs8 85000000 89999999 0.445751
hs8 90000000 94999999 0.205888
hs8 95000000 99999999 0.447122
hs8 100000000 104999999 0.577444
hs8 105000000 109999999 0.409072
hs8 110000000 114999999 0.333680
hs8 115000000 119999999 0.281066
hs8 120000000 124999999 0.375344
hs8 125000000 129999999 0.253408
hs8 130000000 134999999 0.413343
hs8 135000000 139999999 0.237265
hs8 140000000 144999999 0.441969
hs8 145000000 149999999 0.141621
hs6 0 4999999 0.389154
hs6 5000000 9999999 0.364065
hs6 10000000 14999999 0.382604
hs6 15000000 19999999 0.336749
hs6 20000000 24999999 0.411262
hs6 25000000 29999999 0.275940
hs6 30000000 34999999 0.465399
hs6 35000000 39999999 0.701074
hs6 40000000 44999999 0.462292
hs6 45000000 49999999 0.417519
hs6 50000000 54999999 0.346142
hs6 55000000 59999999 0.280894
hs6 60000000 64999999 0.248395
hs6 65000000 69999999 0.414619
hs6 70000000 74999999 0.527085
hs6 75000000 79999999 0.198406
hs6 80000000 84999999 0.296568
hs6 85000000 89999999 0.250064
hs6 90000000 94999999 0.250399
hs6 95000000 99999999 0.188533
hs6 100000000 104999999 0.259606
hs6 105000000 109999999 0.515014
hs6 110000000 114999999 0.341634
hs6 115000000 119999999 0.428859
hs6 120000000 124999999 0.386457
hs6 125000000 129999999 0.488757
hs6 130000000 134999999 0.363766
hs6 135000000 139999999 0.584217
hs6 140000000 144999999 0.350047
hs6 145000000 149999999 0.417128
hs6 150000000 154999999 0.569907
hs6 155000000 159999999 0.415904
hs6 160000000 164999999 0.615527
hs6 165000000 169999999 0.384590
hs6 170000000 174999999 0.031818
hs14 0 4999999 0.000000
hs14 5000000 9999999 0.000000
hs14 10000000 14999999 0.000000
hs14 15000000 19999999 0.041187
hs14 20000000 24999999 0.288994
hs14 25000000 29999999 0.105553
hs14 30000000 34999999 0.587552
hs14 35000000 39999999 0.306495
hs14 40000000 44999999 0.125136
hs14 45000000 49999999 0.283974
hs14 50000000 54999999 0.449631
hs14 55000000 59999999 0.372058
hs14 60000000 64999999 0.524198
hs14 65000000 69999999 0.645299
hs14 70000000 74999999 0.614241
hs14 75000000 79999999 0.637783
hs14 80000000 84999999 0.172831
hs14 85000000 89999999 0.330919
hs14 90000000 94999999 0.633748
hs14 95000000 99999999 0.273852
hs14 100000000 104999999 0.469658
hs14 105000000 109999999 0.011795
hs17 0 4999999 0.691416
hs17 5000000 9999999 0.589308
hs17 10000000 14999999 0.356277
hs17 15000000 19999999 0.577561
hs17 20000000 24999999 0.380006
hs17 25000000 29999999 0.695324
hs17 30000000 34999999 0.522771
hs17 35000000 39999999 0.530715
hs17 40000000 44999999 0.562272
hs17 45000000 49999999 0.302617
hs17 50000000 54999999 0.489701
hs17 55000000 59999999 0.708178
hs17 60000000 64999999 0.630487
hs17 65000000 69999999 0.248135
hs17 70000000 74999999 0.631365
hs17 75000000 79999999 0.480529
hs21 0 4999999 0.000000
hs21 5000000 9999999 0.014277
hs21 10000000 14999999 0.146157
hs21 15000000 19999999 0.220728
hs21 20000000 24999999 0.120219
hs21 25000000 29999999 0.259280
hs21 30000000 34999999 0.464026
hs21 35000000 39999999 0.474902
hs21 40000000 44999999 0.607379
hs21 45000000 49999999 0.219899
