hsX 0 1515150 0.180171
hsX 1515151 3030302 0.530192
hsX 3030303 4545453 0.104159
hsX 4545454 6060605 0.160066
hsX 6060606 7575756 0.219177
hsX 7575757 9090908 0.168924
hsX 9090909 10606059 0.595249
hsX 10606060 12121211 0.511686
hsX 12121212 13636362 0.497478
hsX 13636363 15151514 0.349428
hsX 15151515 16666665 0.446765
hsX 16666666 18181817 0.545367
hsX 18181818 19696968 0.750050
hsX 19696969 21212120 0.279675
hsX 21212121 22727271 0.432351
hsX 22727272 24242423 0.242952
hsX 24242424 25757574 0.341949
hsX 25757575 27272726 0.005490
hsX 27272727 28787877 0.195298
hsX 28787878 30303029 0.741283
hsX 30303030 31818180 0.613819
hsX 31818181 33333332 0.956648
hsX 33333333 34848483 0.021652
hsX 34848484 36363635 0.214802
hsX 36363636 37878786 0.282823
hsX 37878787 39393938 0.218769
hsX 39393939 40909089 0.224172
hsX 40909090 42424241 0.355835
hsX 42424242 43939392 0.184548
hsX 43939393 45454544 0.304030
hsX 45454545 46969695 0.357241
hsX 46969696 48484847 0.340345
hsX 48484848 49999999 0.891308
hsX 50000000 51515150 0.272390
hsX 51515151 53030302 0.251841
hsX 53030303 54545453 0.540496
hsX 54545454 56060605 0.185797
hsX 56060606 57575756 0.246544
hsX 57575757 59090908 0.007158
hsX 59090909 60606059 0.000000
hsX 60606060 62121211 0.000000
hsX 62121212 63636362 0.289507
hsX 63636363 65151514 0.154445
hsX 65151515 66666665 0.094837
hsX 66666666 68181817 0.459439
hsX 68181818 69696968 0.520446
hsX 69696969 71212120 0.551671
hsX 71212121 72727271 0.463338
hsX 72727272 74242423 0.625427
hsX 74242424 75757574 0.165075
hsX 75757575 77272726 0.345716
hsX 77272727 78787877 0.067149
hsX 78787878 80303029 0.207403
hsX 80303030 81818180 0.090954
hsX 81818181 83333332 0.103328
hsX 83333333 84848483 0.279303
hsX 84848484 86363635 0.574553
hsX 86363636 87878786 0.100542
hsX 87878787 89393938 0.005612
hsX 89393939 90909089 0.002631
hsX 90909090 92424241 0.557016
hsX 92424242 93939392 0.027020
hsX 93939393 95454544 0.000000
hsX 95454545 96969695 0.606075
hsX 96969696 98484847 0.000000
hsX 98484848 99999999 0.488638
hsX 100000000 101515150 0.507441
hsX 101515151 103030302 0.261598
hsX 103030303 104545453 0.629294
hsX 104545454 106060605 0.536750
hsX 106060606 107575756 0.543899
hsX 107575757 109090908 0.308312
hsX 109090909 110606059 0.662621
hsX 110606060 112121211 0.593829
hsX 112121212 113636362 0.000000
hsX 113636363 115151514 0.379614
hsX 115151515 116666665 0.020086
hsX 116666666 118181817 0.461351
hsX 118181818 119696968 0.338499
hsX 119696969 121212120 0.295700
hsX 121212121 122727271 0.289923
hsX 122727272 124242423 0.534995
hsX 124242424 125757574 0.004010
hsX 125757575 127272726 0.002286
hsX 127272727 128787877 0.137122
hsX 128787878 130303029 0.430137
hsX 130303030 131818180 0.395296
hsX 131818181 133333332 0.450538
hsX 133333333 134848483 0.344012
hsX 134848484 136363635 0.318965
hsX 136363636 137878786 0.228554
hsX 137878787 139393938 0.338726
hsX 139393939 140909089 0.058748
hsX 140909090 142424241 0.007475
hsX 142424242 143939392 0.021591
hsX 143939393 145454544 0.012900
hsX 145454545 146969695 0.065976
hsX 146969696 148484847 0.373309
hsX 148484848 149999999 0.421068
hsX 150000000 151515150 0.317526
hsX 151515151 153030302 0.388234
hsX 153030303 154545453 0.615162
hsX 154545454 156060605 0.059662
hs12 0 1515150 0.823452
hs12 1515151 3030302 0.790885
hs12 3030303 4545453 0.448678
hs12 4545454 6060605 0.512357
hs12 6060606 7575756 0.594684
hs12 7575757 9090908 0.355796
hs12 9090909 10606059 0.327145
hs12 10606060 12121211 0.662823
hs12 12121212 13636362 0.480951
hs12 13636363 15151514 0.522175
hs12 15151515 16666665 0.575071
hs12 16666666 18181817 0.006147
hs12 18181818 19696968 0.509530
hs12 19696969 21212120 0.387339
hs12 21212121 22727271 0.562851
hs12 22727272 24242423 0.444530
hs12 24242424 25757574 0.591650
hs12 25757575 27272726 0.512237
hs12 27272727 28787877 0.502280
hs12 28787878 30303029 0.333330
hs12 30303030 31818180 0.361988
hs12 31818181 33333332 0.416849
hs12 33333333 34848483 0.046484
hs12 34848484 36363635 0.000000
hs12 36363636 37878786 0.175819
hs12 37878787 39393938 0.548567
hs12 39393939 40909089 0.579157
hs12 40909090 42424241 0.323705
hs12 42424242 43939392 0.754084
hs12 43939393 45454544 0.358864
hs12 45454545 46969695 0.285311
hs12 46969696 48484847 0.466724
hs12 48484848 49999999 0.740779
hs12 50000000 51515150 0.460640
hs12 51515151 53030302 0.510012
hs12 53030303 54545453 0.238135
hs12 54545454 56060605 0.576482
hs12 56060606 57575756 0.231130
hs12 57575757 59090908 0.077258
hs12 59090909 60606059 0.143717
hs12 60606060 62121211 0.555910
hs12 62121212 63636362 0.541415
hs12 63636363 65151514 0.537606
hs12 65151515 66666665 0.176181
hs12 66666666 68181817 0.297372
hs12 68181818 69696968 0.532722
hs12 69696969 71212120 0.502877
hs12 71212121 72727271 0.088155
hs12 72727272 74242423 0.218603
hs12 74242424 75757574 0.220414
hs12 75757575 77272726 0.303861
hs12 77272727 78787877 0.517132
hs12 78787878 80303029 0.606937
hs12 80303030 81818180 0.471616
hs12 81818181 83333332 0.154451
hs12 83333333 84848483 0.228555
hs12 84848484 86363635 0.567366
hs12 86363636 87878786 0.200856
hs12 87878787 89393938 0.123487
hs12 89393939 90909089 0.064850
hs12 90909090 92424241 0.224331
hs12 92424242 93939392 0.401226
hs12 93939393 95454544 0.560283
hs12 95454545 96969695 0.153567
hs12 96969696 98484847 0.659921
hs12 98484848 99999999 0.757320
hs12 100000000 101515150 0.497453
hs12 101515151 103030302 0.502755
hs12 103030303 104545453 0.545053
hs12 104545454 106060605 0.640401
hs12 106060606 107575756 0.431565
hs12 107575757 109090908 0.699836
hs12 109090909 110606059 0.675368
hs12 110606060 112121211 0.662030
hs12 112121212 113636362 0.277980
hs12 113636363 115151514 0.178757
hs12 115151515 116666665 0.589708
hs12 116666666 118181817 0.514615
hs12 118181818 119696968 0.653090
hs12 119696969 121212120 0.726545
hs12 121212121 122727271 0.708022
hs12 122727272 124242423 0.536571
hs12 124242424 125757574 0.239404
hs12 125757575 127272726 0.000000
hs12 127272727 128787877 0.838166
hs12 128787878 130303029 0.411694
hs12 130303030 131818180 0.471986
hs12 131818181 133333332 0.199357
hs11 0 1515150 0.559087
hs11 1515151 3030302 0.748577
hs11 3030303 4545453 0.423802
hs11 4545454 6060605 0.173889
hs11 6060606 7575756 0.465641
hs11 7575757 9090908 0.582752
hs11 9090909 10606059 0.704387
hs11 10606060 12121211 0.436617
hs11 12121212 13636362 0.532104
hs11 13636363 15151514 0.627873
hs11 15151515 16666665 0.385280
hs11 16666666 18181817 0.590928
hs11 18181818 19696968 0.585412
hs11 19696969 21212120 0.771451
hs11 21212121 22727271 0.369007
hs11 22727272 24242423 0.047280
hs11 24242424 25757574 0.386517
hs11 25757575 27272726 0.322912
hs11 27272727 28787877 0.472128
hs11 28787878 30303029 0.008444
hs11 30303030 31818180 0.507665
hs11 31818181 33333332 0.408263
hs11 33333333 34848483 0.425101
hs11 34848484 36363635 0.668434
hs11 36363636 37878786 0.121180
hs11 37878787 39393938 0.000000
hs11 39393939 40909089 0.118743
hs11 40909090 42424241 0.000000
hs11 42424242 43939392 0.256222
hs11 43939393 45454544 0.430023
hs11 45454545 46969695 0.608985
hs11 46969696 48484847 0.594504
hs11 48484848 49999999 0.208573
hs11 50000000 51515150 0.021201
hs11 51515151 53030302 0.000000
hs11 53030303 54545453 0.000000
hs11 54545454 56060605 0.146198
hs11 56060606 57575756 0.389393
hs11 57575757 59090908 0.271571
hs11 59090909 60606059 0.396357
hs11 60606060 62121211 0.545881
hs11 62121212 63636362 0.620556
hs11 63636363 65151514 0.581488
hs11 65151515 66666665 0.592817
hs11 66666666 68181817 0.570987
hs11 68181818 69696968 0.249477
hs11 69696969 71212120 0.578004
hs11 71212121 72727271 0.687841
hs11 72727272 74242423 0.695594
hs11 74242424 75757574 0.593417
hs11 75757575 77272726 0.647542
hs11 77272727 78787877 0.860557
hs11 78787878 80303029 0.027368
hs11 80303030 81818180 0.000000
hs11 81818181 83333332 0.527636
hs11 83333333 84848483 1.000000
hs11 84848484 86363635 0.571260
hs11 86363636 87878786 0.263168
hs11 87878787 89393938 0.690246
hs11 89393939 90909089 0.054172
hs11 90909090 92424241 0.367974
hs11 92424242 93939392 0.422077
hs11 93939393 95454544 0.372788
hs11 95454545 96969695 0.199436
hs11 96969696 98484847 0.057927
hs11 98484848 99999999 0.823572
hs11 100000000 101515150 0.471425
hs11 101515151 103030302 0.496241
hs11 103030303 104545453 0.231644
hs11 104545454 106060605 0.286518
hs11 106060606 107575756 0.580079
hs11 107575757 109090908 0.429693
hs11 109090909 110606059 0.208860
hs11 110606060 112121211 0.451266
hs11 112121212 113636362 0.549726
hs11 113636363 115151514 0.308544
hs11 115151515 116666665 0.291197
hs11 116666666 118181817 0.701801
hs11 118181818 119696968 0.365735
hs11 119696969 121212120 0.554345
hs11 121212121 122727271 0.342277
hs11 122727272 124242423 0.228510
hs11 124242424 125757574 0.604160
hs11 125757575 127272726 0.402296
hs11 127272727 128787877 0.384901
hs11 128787878 130303029 0.347885
hs11 130303030 131818180 0.656333
hs11 131818181 133333332 0.753267
hs11 133333333 134848483 0.214880
hs22 0 1515150 0.000000
hs22 1515151 3030302 0.000000
hs22 3030303 4545453 0.000000
hs22 4545454 6060605 0.000000
hs22 6060606 7575756 0.000000
hs22 7575757 9090908 0.000000
hs22 9090909 10606059 0.000000
hs22 10606060 12121211 0.000000
hs22 12121212 13636362 0.000000
hs22 13636363 15151514 0.021509
hs22 15151515 16666665 0.359130
hs22 16666666 18181817 0.550993
hs22 18181818 19696968 0.530246
hs22 19696969 21212120 0.339224
hs22 21212121 22727271 0.415677
hs22 22727272 24242423 0.659560
hs22 24242424 25757574 0.968216
hs22 25757575 27272726 0.510081
hs22 27272727 28787877 0.723492
hs22 28787878 30303029 0.626639
hs22 30303030 31818180 0.758510
hs22 31818181 33333332 0.427255
hs22 33333333 34848483 0.327726
hs22 34848484 36363635 0.510705
hs22 36363636 37878786 0.622132
hs22 37878787 39393938 0.732792
hs22 39393939 40909089 0.645232
hs22 40909090 42424241 0.628719
hs22 42424242 43939392 0.647954
hs22 43939393 45454544 0.658596
hs22 45454545 46969695 0.313864
hs22 46969696 48484847 0.203083
hs22 48484848 49999999 0.489931
hs10 0 1515150 0.708959
hs10 1515151 3030302 0.188049
hs10 3030303 4545453 0.074987
hs10 4545454 6060605 0.352956
hs10 6060606 7575756 0.378281
hs10 7575757 9090908 0.281033
hs10 9090909 10606059 0.000000
hs10 10606060 12121211 0.462042
hs10 12121212 13636362 0.651164
hs10 13636363 15151514 0.759921
hs10 15151515 16666665 0.408583
hs10 16666666 18181817 0.806562
hs10 18181818 19696968 0.484451
hs10 19696969 21212120 0.374191
hs10 21212121 22727271 0.561480
hs10 22727272 24242423 0.387371
hs10 24242424 25757574 0.794050
hs10 25757575 27272726 0.566943
hs10 27272727 28787877 0.507435
hs10 28787878 30303029 0.268980
hs10 30303030 31818180 0.331455
hs10 31818181 33333332 0.521697
hs10 33333333 34848483 0.374489
hs10 34848484 36363635 0.524016
hs10 36363636 37878786 0.070430
hs10 37878787 39393938 0.157261
hs10 39393939 40909089 0.000000
hs10 40909090 42424241 0.075919
hs10 42424242 43939392 0.241714
hs10 43939393 45454544 0.254281
hs10 45454545 46969695 0.349316
hs10 46969696 48484847 0.258109
hs10 48484848 49999999 0.494490
hs10 50000000 51515150 0.607235
hs10 51515151 53030302 0.778421
hs10 53030303 54545453 0.467801
hs10 54545454 56060605 0.546524
hs10 56060606 57575756 0.112498
hs10 57575757 59090908 0.002532
hs10 59090909 60606059 0.301728
hs10 60606060 62121211 0.481414
hs10 62121212 63636362 0.335147
hs10 63636363 65151514 0.525732
hs10 65151515 66666665 0.000892
hs10 66666666 68181817 0.549178
hs10 68181818 69696968 0.958252
hs10 69696969 71212120 0.627394
hs10 71212121 72727271 0.526890
hs10 72727272 74242423 0.776175
hs10 74242424 75757574 0.790900
hs10 75757575 77272726 0.520483
hs10 77272727 78787877 0.793927
hs10 78787878 80303029 0.327338
hs10 80303030 81818180 0.336799
hs10 81818181 83333332 0.223681
hs10 83333333 84848483 0.733832
hs10 84848484 86363635 0.177920
hs10 86363636 87878786 0.349467
hs10 87878787 89393938 0.635604
hs10 89393939 90909089 0.564559
hs10 90909090 92424241 0.219750
hs10 92424242 93939392 0.632642
hs10 93939393 95454544 0.605794
hs10 95454545 96969695 0.567138
hs10 96969696 98484847 0.758810
hs10 98484848 99999999 0.674842
hs10 100000000 101515150 0.707236
hs10 101515151 103030302 0.539984
hs10 103030303 104545453 0.741785
hs10 104545454 106060605 0.767406
hs10 106060606 107575756 0.493172
hs10 107575757 109090908 0.389976
hs10 109090909 110606059 0.000000
hs10 110606060 112121211 0.184840
hs10 112121212 113636362 0.260814
hs10 113636363 115151514 0.505807
hs10 115151515 116666665 0.574718
hs10 116666666 118181817 0.773226
hs10 118181818 119696968 0.349523
hs10 119696969 121212120 0.472928
hs10 121212121 122727271 0.316572
hs10 122727272 124242423 0.493118
hs10 124242424 125757574 0.333761
hs10 125757575 127272726 0.416358
hs10 127272727 128787877 0.646049
hs10 128787878 130303029 0.425270
hs10 130303030 131818180 0.283059
hs10 131818181 133333332 0.173276
hs10 133333333 134848483 0.420681
hs10 134848484 136363635 0.183470
hs7 0 1515150 0.429449
hs7 1515151 3030302 0.681841
hs7 3030303 4545453 0.651655
hs7 4545454 6060605 0.614202
hs7 6060606 7575756 0.507766
hs7 7575757 9090908 0.467421
hs7 9090909 10606059 0.001022
hs7 10606060 12121211 0.438579
hs7 12121212 13636362 0.123086
hs7 13636363 15151514 0.525754
hs7 15151515 16666665 0.551602
hs7 16666666 18181817 0.204742
hs7 18181818 19696968 0.332952
hs7 19696969 21212120 0.251441
hs7 21212121 22727271 0.534323
hs7 22727272 24242423 0.394634
hs7 24242424 25757574 0.278164
hs7 25757575 27272726 0.336555
hs7 27272727 28787877 0.699818
hs7 28787878 30303029 0.541373
hs7 30303030 31818180 0.394730
hs7 31818181 33333332 0.475536
hs7 33333333 34848483 0.791839
hs7 34848484 36363635 0.373671
hs7 36363636 37878786 0.612357
hs7 37878787 39393938 0.647449
hs7 39393939 40909089 0.730052
hs7 40909090 42424241 0.247922
hs7 42424242 43939392 0.473825
hs7 43939393 45454544 0.524573
hs7 45454545 46969695 0.137385
hs7 46969696 48484847 0.560217
hs7 48484848 49999999 0.242217
hs7 50000000 51515150 0.600431
hs7 51515151 53030302 0.000000
hs7 53030303 54545453 0.001630
hs7 54545454 56060605 0.374867
hs7 56060606 57575756 0.103988
hs7 57575757 59090908 0.000000
hs7 59090909 60606059 0.000000
hs7 60606060 62121211 0.000000
hs7 62121212 63636362 0.107482
hs7 63636363 65151514 0.342288
hs7 65151515 66666665 0.460954
hs7 66666666 68181817 0.000000
hs7 68181818 69696968 0.656785
hs7 69696969 71212120 0.732178
hs7 71212121 72727271 0.716612
hs7 72727272 74242423 0.563484
hs7 74242424 75757574 0.517334
hs7 75757575 77272726 0.528145
hs7 77272727 78787877 0.968757
hs7 78787878 80303029 0.291143
hs7 80303030 81818180 0.364592
hs7 81818181 83333332 0.519370
hs7 83333333 84848483 0.239538
hs7 84848484 86363635 0.158690
hs7 86363636 87878786 0.779442
hs7 87878787 89393938 0.382277
hs7 89393939 90909089 0.440419
hs7 90909090 92424241 0.493635
hs7 92424242 93939392 0.273882
hs7 93939393 95454544 0.589333
hs7 95454545 96969695 0.299975
hs7 96969696 98484847 0.325028
hs7 98484848 99999999 0.631444
hs7 100000000 101515150 0.578144
hs7 101515151 103030302 0.862224
hs7 103030303 104545453 0.782356
hs7 104545454 106060605 0.523308
hs7 106060606 107575756 0.630883
hs7 107575757 109090908 0.248103
hs7 109090909 110606059 0.363760
hs7 110606060 112121211 0.702387
hs7 112121212 113636362 0.210939
hs7 113636363 115151514 0.382621
hs7 115151515 116666665 0.473334
hs7 116666666 118181817 0.330395
hs7 118181818 119696968 0.000000
hs7 119696969 121212120 0.623287
hs7 121212121 122727271 0.608069
hs7 122727272 124242423 0.204264
hs7 124242424 125757574 0.071015
hs7 125757575 127272726 0.693913
hs7 127272727 128787877 0.555274
hs7 128787878 130303029 0.530163
hs7 130303030 131818180 0.622726
hs7 131818181 133333332 0.797270
hs7 133333333 134848483 0.589387
hs7 134848484 136363635 0.277777
hs7 136363636 137878786 0.545046
hs7 137878787 139393938 0.791348
hs7 139393939 140909089 0.365006
hs7 140909090 142424241 0.350235
hs7 142424242 143939392 0.294963
hs7 143939393 145454544 0.154999
hs7 145454545 146969695 1.000070
hs7 146969696 148484847 0.715816
hs7 148484848 149999999 0.337826
hs7 150000000 151515150 0.672777
hs7 151515151 153030302 0.251919
hs7 153030303 154545453 0.791351
hs7 154545454 156060605 0.131176
hs7 156060606 157575756 0.688036
hs7 157575757 159090908 0.590054
hs4 0 1515150 0.635542
hs4 1515151 3030302 0.701063
hs4 3030303 4545453 0.388171
hs4 4545454 6060605 0.570294
hs4 6060606 7575756 0.665985
hs4 7575757 9090908 0.570508
hs4 9090909 10606059 0.311450
hs4 10606060 12121211 0.020226
hs4 12121212 13636362 0.122701
hs4 13636363 15151514 0.161463
hs4 15151515 16666665 0.552233
hs4 16666666 18181817 0.297313
hs4 18181818 19696968 0.000000
hs4 19696969 21212120 0.835821
hs4 21212121 22727271 0.404265
hs4 22727272 24242423 0.102469
hs4 24242424 25757574 0.362035
hs4 25757575 27272726 0.301646
hs4 27272727 28787877 0.000000
hs4 28787878 30303029 0.000000
hs4 30303030 31818180 0.281416
hs4 31818181 33333332 0.000000
hs4 33333333 34848483 0.000000
hs4 34848484 36363635 0.160046
hs4 36363636 37878786 0.478164
hs4 37878787 39393938 0.497059
hs4 39393939 40909089 0.706858
hs4 40909090 42424241 0.608303
hs4 42424242 43939392 0.136031
hs4 43939393 45454544 0.186257
hs4 45454545 46969695 0.474863
hs4 46969696 48484847 0.833496
hs4 48484848 49999999 0.084493
hs4 50000000 51515150 0.000000
hs4 51515151 53030302 0.106355
hs4 53030303 54545453 0.515697
hs4 54545454 56060605 0.251242
hs4 56060606 57575756 0.481488
hs4 57575757 59090908 0.063117
hs4 59090909 60606059 0.000000
hs4 60606060 62121211 0.050014
hs4 62121212 63636362 0.329704
hs4 63636363 65151514 0.086457
hs4 65151515 66666665 0.231246
hs4 66666666 68181817 0.091863
hs4 68181818 69696968 0.397032
hs4 69696969 71212120 0.248508
hs4 71212121 72727271 0.512627
hs4 72727272 74242423 0.359585
hs4 74242424 75757574 0.277702
hs4 75757575 77272726 0.422164
hs4 77272727 78787877 0.516706
hs4 78787878 80303029 0.593349
hs4 80303030 81818180 0.398657
hs4 81818181 83333332 0.312535
hs4 83333333 84848483 0.506949
hs4 84848484 86363635 0.270888
hs4 86363636 87878786 0.732498
hs4 87878787 89393938 0.499683
hs4 89393939 90909089 0.475696
hs4 90909090 92424241 0.848942
hs4 92424242 93939392 0.536562
hs4 93939393 95454544 0.708740
hs4 95454545 96969695 0.677025
hs4 96969696 98484847 0.000916
hs4 98484848 99999999 0.630398
hs4 100000000 101515150 0.315975
hs4 101515151 103030302 0.360566
hs4 103030303 104545453 0.606359
hs4 104545454 106060605 0.098654
hs4 106060606 107575756 0.570396
hs4 107575757 109090908 0.218011
hs4 109090909 110606059 0.547712
hs4 110606060 112121211 0.463817
hs4 112121212 113636362 0.156783
hs4 113636363 115151514 0.711073
hs4 115151515 116666665 0.240766
hs4 116666666 118181817 0.000029
hs4 118181818 119696968 0.222341
hs4 119696969 121212120 0.396639
hs4 121212121 122727271 0.265622
hs4 122727272 124242423 0.482441
hs4 124242424 125757574 0.331430
hs4 125757575 127272726 0.148635
hs4 127272727 128787877 0.009466
hs4 128787878 130303029 0.501979
hs4 130303030 131818180 0.000000
hs4 131818181 133333332 0.000000
hs4 133333333 134848483 0.027894
hs4 134848484 136363635 0.003575
hs4 136363636 137878786 0.000000
hs4 137878787 139393938 0.060599
hs4 139393939 140909089 0.258086
hs4 140909090 142424241 0.663847
hs4 142424242 143939392 0.572630
hs4 143939393 145454544 0.314865
hs4 145454545 146969695 0.338119
hs4 146969696 148484847 0.418550
hs4 148484848 149999999 0.549224
hs4 150000000 151515150 0.190500
hs4 151515151 153030302 0.735458
hs4 153030303 154545453 0.458357
hs4 154545454 156060605 0.405842
hs4 156060606 157575756 0.161569
hs4 157575757 159090908 0.300233
hs4 159090909 160606059 0.430104
hs4 160606060 162121211 0.000000
hs4 162121212 163636362 0.514892
hs4 163636363 165151514 0.377707
hs4 165151515 166666665 0.460501
hs4 166666666 168181817 0.344053
hs4 168181818 169696968 0.378930
hs4 169696969 171212120 0.644506
hs4 171212121 172727271 0.019801
hs4 172727272 174242423 0.809810
hs4 174242424 175757574 0.212536
hs4 175757575 177272726 0.489581
hs4 177272727 178787877 0.250494
hs4 178787878 180303029 0.172916
hs4 180303030 181818180 0.000000
hs4 181818181 183333332 0.003695
hs4 183333333 184848483 0.525220
hs4 184848484 186363635 0.385095
hs4 186363636 187878786 0.611112
hs4 187878787 189393938 0.022775
hs4 189393939 190909089 0.000000
hs4 190909090 192424241 0.058678
hs16 0 1515150 0.663521
hs16 1515151 3030302 0.753996
hs16 3030303 4545453 0.610330
hs16 4545454 6060605 0.341370
hs16 6060606 7575756 1.000000
hs16 7575757 9090908 0.268161
hs16 9090909 10606059 0.372503
hs16 10606060 12121211 0.543477
hs16 12121212 13636362 0.618633
hs16 13636363 15151514 0.445709
hs16 15151515 16666665 0.544402
hs16 16666666 18181817 0.243249
hs16 18181818 19696968 0.542375
hs16 19696969 21212120 0.593010
hs16 21212121 22727271 0.497461
hs16 22727272 24242423 0.686585
hs16 24242424 25757574 0.380615
hs16 25757575 27272726 0.266155
hs16 27272727 28787877 0.666655
hs16 28787878 30303029 0.480473
hs16 30303030 31818180 0.434543
hs16 31818181 33333332 0.032080
hs16 33333333 34848483 0.021470
hs16 34848484 36363635 0.000000
hs16 36363636 37878786 0.000000
hs16 37878787 39393938 0.000000
hs16 39393939 40909089 0.000000
hs16 40909090 42424241 0.000000
hs16 42424242 43939392 0.000000
hs16 43939393 45454544 0.167680
hs16 45454545 46969695 0.615565
hs16 46969696 48484847 0.293268
hs16 48484848 49999999 0.281371
hs16 50000000 51515150 0.072467
hs16 51515151 53030302 0.567131
hs16 53030303 54545453 0.158456
hs16 54545454 56060605 0.646549
hs16 56060606 57575756 0.476197
hs16 57575757 59090908 0.000693
hs16 59090909 60606059 0.238475
hs16 60606060 62121211 0.014175
hs16 62121212 63636362 0.064799
hs16 63636363 65151514 0.338525
hs16 65151515 66666665 0.779337
hs16 66666666 68181817 0.723681
hs16 68181818 69696968 0.849625
hs16 69696969 71212120 0.441207
hs16 71212121 72727271 0.182935
hs16 72727272 74242423 0.605613
hs16 74242424 75757574 0.190329
hs16 75757575 77272726 0.645364
hs16 77272727 78787877 0.355223
hs16 78787878 80303029 0.664445
hs16 80303030 81818180 0.579654
hs16 81818181 83333332 0.722431
hs16 83333333 84848483 0.274811
hs16 84848484 86363635 0.245272
hs16 86363636 87878786 0.523428
hs16 87878787 89393938 0.443086
hs20 0 1515150 0.387479
hs20 1515151 3030302 0.468244
hs20 3030303 4545453 0.502609
hs20 4545454 6060605 0.458273
hs20 6060606 7575756 0.008030
hs20 7575757 9090908 0.621459
hs20 9090909 10606059 0.659924
hs20 10606060 12121211 0.023607
hs20 12121212 13636362 0.320903
hs20 13636363 15151514 0.980874
hs20 15151515 16666665 0.752199
hs20 16666666 18181817 0.404831
hs20 18181818 19696968 0.616541
hs20 19696969 21212120 0.595595
hs20 21212121 22727271 0.095546
hs20 22727272 24242423 0.090101
hs20 24242424 25757574 0.480192
hs20 25757575 27272726 0.036315
hs20 27272727 28787877 0.014606
hs20 28787878 30303029 0.374746
hs20 30303030 31818180 0.536520
hs20 31818181 33333332 0.646509
hs20 33333333 34848483 0.744929
hs20 34848484 36363635 0.605938
hs20 36363636 37878786 0.334833
hs20 37878787 39393938 0.171626
hs20 39393939 40909089 0.671093
hs20 40909090 42424241 0.536331
hs20 42424242 43939392 0.569673
hs20 43939393 45454544 0.603028
hs20 45454545 46969695 0.329070
hs20 46969696 48484847 0.540945
hs20 48484848 49999999 0.446976
hs20 50000000 51515150 0.396557
hs20 51515151 53030302 0.247272
hs20 53030303 54545453 0.125440
hs20 54545454 56060605 0.185153
hs20 56060606 57575756 0.365114
hs20 57575757 59090908 0.260076
hs20 59090909 60606059 0.698834
hs20 60606060 62121211 0.605999
hs20 62121212 63636362 0.108286
hs13 0 1515150 0.000000
hs13 1515151 3030302 0.000000
hs13 3030303 4545453 0.000000
hs13 4545454 6060605 0.000000
hs13 6060606 7575756 0.000000
hs13 7575757 9090908 0.000000
hs13 9090909 10606059 0.000000
hs13 10606060 12121211 0.000000
hs13 12121212 13636362 0.000000
hs13 13636363 15151514 0.000000
hs13 15151515 16666665 0.000000
hs13 16666666 18181817 0.000000
hs13 18181818 19696968 0.439303
hs13 19696969 21212120 0.524817
hs13 21212121 22727271 0.048981
hs13 22727272 24242423 0.498177
hs13 24242424 25757574 0.642844
hs13 25757575 27272726 0.343635
hs13 27272727 28787877 0.531573
hs13 28787878 30303029 0.382244
hs13 30303030 31818180 0.461737
hs13 31818181 33333332 0.434972
hs13 33333333 34848483 0.356020
hs13 34848484 36363635 0.928244
hs13 36363636 37878786 0.279101
hs13 37878787 39393938 0.436554
hs13 39393939 40909089 0.439885
hs13 40909090 42424241 0.501544
hs13 42424242 43939392 0.543348
hs13 43939393 45454544 0.461624
hs13 45454545 46969695 0.339015
hs13 46969696 48484847 0.271745
hs13 48484848 49999999 0.573850
hs13 50000000 51515150 0.521481
hs13 51515151 53030302 0.284765
hs13 53030303 54545453 0.000051
hs13 54545454 56060605 0.000000
hs13 56060606 57575756 0.114083
hs13 57575757 59090908 0.000000
hs13 59090909 60606059 0.446042
hs13 60606060 62121211 0.003853
hs13 62121212 63636362 0.003389
hs13 63636363 65151514 0.000000
hs13 65151515 66666665 0.588521
hs13 66666666 68181817 0.023631
hs13 68181818 69696968 0.441532
hs13 69696969 71212120 0.199335
hs13 71212121 72727271 0.332249
hs13 72727272 74242423 0.295627
hs13 74242424 75757574 0.335475
hs13 75757575 77272726 0.328217
hs13 77272727 78787877 0.351437
hs13 78787878 80303029 0.109395
hs13 80303030 81818180 0.000000
hs13 81818181 83333332 0.000000
hs13 83333333 84848483 0.277426
hs13 84848484 86363635 0.004332
hs13 86363636 87878786 0.004621
hs13 87878787 89393938 0.000000
hs13 89393939 90909089 0.068067
hs13 90909090 92424241 0.929542
hs13 92424242 93939392 0.806050
hs13 93939393 95454544 0.572469
hs13 95454545 96969695 0.668004
hs13 96969696 98484847 0.538311
hs13 98484848 99999999 0.702579
hs13 100000000 101515150 0.687374
hs13 101515151 103030302 0.390448
hs13 103030303 104545453 0.000000
hs13 104545454 106060605 0.062876
hs13 106060606 107575756 0.461064
hs13 107575757 109090908 0.446170
hs13 109090909 110606059 0.406570
hs13 110606060 112121211 0.145369
hs13 112121212 113636362 0.666160
hs13 113636363 115151514 0.159225
hs18 0 1515150 0.395112
hs18 1515151 3030302 0.259809
hs18 3030303 4545453 0.401995
hs18 4545454 6060605 0.224230
hs18 6060606 7575756 0.409738
hs18 7575757 9090908 0.641960
hs18 9090909 10606059 0.423721
hs18 10606060 12121211 0.495121
hs18 12121212 13636362 0.711383
hs18 13636363 15151514 0.238273
hs18 15151515 16666665 0.008161
hs18 16666666 18181817 0.493968
hs18 18181818 19696968 0.472116
hs18 19696969 21212120 0.547723
hs18 21212121 22727271 0.357926
hs18 22727272 24242423 0.355640
hs18 24242424 25757574 0.000000
hs18 25757575 27272726 0.131551
hs18 27272727 28787877 0.471362
hs18 28787878 30303029 0.678513
hs18 30303030 31818180 0.500085
hs18 31818181 33333332 0.918957
hs18 33333333 34848483 0.044000
hs18 34848484 36363635 0.359748
hs18 36363636 37878786 0.085746
hs18 37878787 39393938 0.276464
hs18 39393939 40909089 0.256304
hs18 40909090 42424241 0.461419
hs18 42424242 43939392 0.356338
hs18 43939393 45454544 0.536409
hs18 45454545 46969695 0.556301
hs18 46969696 48484847 0.245958
hs18 48484848 49999999 0.591922
hs18 50000000 51515150 0.383572
hs18 51515151 53030302 0.275642
hs18 53030303 54545453 0.562780
hs18 54545454 56060605 0.346796
hs18 56060606 57575756 0.043580
hs18 57575757 59090908 0.574948
hs18 59090909 60606059 0.259287
hs18 60606060 62121211 0.086255
hs18 62121212 63636362 0.072631
hs18 63636363 65151514 0.251702
hs18 65151515 66666665 0.518299
hs18 66666666 68181817 0.000000
hs18 68181818 69696968 0.084371
hs18 69696969 71212120 0.526834
hs18 71212121 72727271 0.164083
hs18 72727272 74242423 0.170594
hs18 74242424 75757574 0.374872
hs18 75757575 77272726 0.160241
hs3 0 1515150 0.345246
hs3 1515151 3030302 0.602618
hs3 3030303 4545453 0.225052
hs3 4545454 6060605 0.276012
hs3 6060606 7575756 0.460651
hs3 7575757 9090908 0.512079
hs3 9090909 10606059 0.714848
hs3 10606060 12121211 0.598097
hs3 12121212 13636362 0.556567
hs3 13636363 15151514 0.598253
hs3 15151515 16666665 0.578157
hs3 16666666 18181817 0.522214
hs3 18181818 19696968 0.315551
hs3 19696969 21212120 0.174977
hs3 21212121 22727271 0.218649
hs3 22727272 24242423 0.428312
hs3 24242424 25757574 0.347829
hs3 25757575 27272726 0.120131
hs3 27272727 28787877 0.292172
hs3 28787878 30303029 0.481196
hs3 30303030 31818180 0.330020
hs3 31818181 33333332 0.613243
hs3 33333333 34848483 0.274389
hs3 34848484 36363635 0.100469
hs3 36363636 37878786 0.679174
hs3 37878787 39393938 0.626664
hs3 39393939 40909089 0.407976
hs3 40909090 42424241 0.600669
hs3 42424242 43939392 0.510985
hs3 43939393 45454544 0.438234
hs3 45454545 46969695 0.448200
hs3 46969696 48484847 0.783234
hs3 48484848 49999999 0.797500
hs3 50000000 51515150 0.862322
hs3 51515151 53030302 0.683592
hs3 53030303 54545453 0.717659
hs3 54545454 56060605 0.740967
hs3 56060606 57575756 0.853654
hs3 57575757 59090908 0.654558
hs3 59090909 60606059 0.591350
hs3 60606060 62121211 0.796143
hs3 62121212 63636362 0.661864
hs3 63636363 65151514 0.339743
hs3 65151515 66666665 0.807804
hs3 66666666 68181817 0.232805
hs3 68181818 69696968 0.690457
hs3 69696969 71212120 0.233376
hs3 71212121 72727271 0.439576
hs3 72727272 74242423 0.329531
hs3 74242424 75757574 0.179643
hs3 75757575 77272726 0.100288
hs3 77272727 78787877 0.373182
hs3 78787878 80303029 0.733836
hs3 80303030 81818180 0.129784
hs3 81818181 83333332 0.049804
hs3 83333333 84848483 0.000000
hs3 84848484 86363635 0.736194
hs3 86363636 87878786 0.064930
hs3 87878787 89393938 0.123153
hs3 89393939 90909089 0.145224
hs3 90909090 92424241 0.000000
hs3 92424242 93939392 0.000000
hs3 93939393 95454544 0.171275
hs3 95454545 96969695 0.035022
hs3 96969696 98484847 0.309364
hs3 98484848 99999999 0.490292
hs3 100000000 101515150 0.636394
hs3 101515151 103030302 0.671506
hs3 103030303 104545453 0.088540
hs3 104545454 106060605 0.000000
hs3 106060606 107575756 0.277737
hs3 107575757 109090908 0.362506
hs3 109090909 110606059 0.528070
hs3 110606060 112121211 0.056218
hs3 112121212 113636362 0.587009
hs3 113636363 115151514 0.583357
hs3 115151515 116666665 0.670567
hs3 116666666 118181817 0.494085
hs3 118181818 119696968 0.000000
hs3 119696969 121212120 0.604237
hs3 121212121 122727271 0.667793
hs3 122727272 124242423 0.759450
hs3 124242424 125757574 0.808834
hs3 125757575 127272726 0.625981
hs3 127272727 128787877 0.442203
hs3 128787878 130303029 0.562779
hs3 130303030 131818180 0.555301
hs3 131818181 133333332 0.751486
hs3 133333333 134848483 0.656461
hs3 134848484 136363635 0.583651
hs3 136363636 137878786 0.493289
hs3 137878787 139393938 0.243616
hs3 139393939 140909089 0.495477
hs3 140909090 142424241 0.521955
hs3 142424242 143939392 0.716448
hs3 143939393 145454544 0.534403
hs3 145454545 146969695 0.000000
hs3 146969696 148484847 0.173966
hs3 148484848 149999999 0.048203
hs3 150000000 151515150 0.454128
hs3 151515151 153030302 0.602176
hs3 153030303 154545453 0.147729
hs3 154545454 156060605 0.195065
hs3 156060606 157575756 0.475721
hs3 157575757 159090908 0.499757
hs3 159090909 160606059 0.611054
hs3 160606060 162121211 0.610807
hs3 162121212 163636362 0.156366
hs3 163636363 165151514 0.000000
hs3 165151515 166666665 0.072311
hs3 166666666 168181817 0.042612
hs3 168181818 169696968 0.541548
hs3 169696969 171212120 0.714248
hs3 171212121 172727271 0.565779
hs3 172727272 174242423 0.600466
hs3 174242424 175757574 0.649574
hs3 175757575 177272726 0.624571
hs3 177272727 178787877 0.116495
hs3 178787878 180303029 0.239341
hs3 180303030 181818180 0.444239
hs3 181818181 183333332 0.175353
hs3 183333333 184848483 0.423499
hs3 184848484 186363635 0.569148
hs3 186363636 187878786 0.560037
hs3 187878787 189393938 0.256275
hs3 189393939 190909089 0.611097
hs3 190909090 192424241 0.383558
hs3 192424242 193939392 0.491919
hs3 193939393 195454544 0.341920
hs3 195454545 196969695 0.436723
hs3 196969696 198484847 0.619720
hs3 198484848 199999999 0.335123
hs9 0 1515150 0.478807
hs9 1515151 3030302 0.230939
hs9 3030303 4545453 0.557619
hs9 4545454 6060605 0.577224
hs9 6060606 7575756 0.449973
hs9 7575757 9090908 0.521382
hs9 9090909 10606059 0.997798
hs9 10606060 12121211 0.000000
hs9 12121212 13636362 0.138333
hs9 13636363 15151514 0.343350
hs9 15151515 16666665 0.599460
hs9 16666666 18181817 0.515573
hs9 18181818 19696968 0.612113
hs9 19696969 21212120 0.480160
hs9 21212121 22727271 0.229170
hs9 22727272 24242423 0.089734
hs9 24242424 25757574 0.001631
hs9 25757575 27272726 0.252623
hs9 27272727 28787877 0.671522
hs9 28787878 30303029 0.000104
hs9 30303030 31818180 0.000000
hs9 31818181 33333332 0.349648
hs9 33333333 34848483 0.644609
hs9 34848484 36363635 0.582638
hs9 36363636 37878786 0.593183
hs9 37878787 39393938 0.309898
hs9 39393939 40909089 0.051291
hs9 40909090 42424241 0.131489
hs9 42424242 43939392 0.099248
hs9 43939393 45454544 0.041042
hs9 45454545 46969695 0.040955
hs9 46969696 48484847 0.000000
hs9 48484848 49999999 0.000000
hs9 50000000 51515150 0.000000
hs9 51515151 53030302 0.000000
hs9 53030303 54545453 0.000000
hs9 54545454 56060605 0.000000
hs9 56060606 57575756 0.000000
hs9 57575757 59090908 0.000000
hs9 59090909 60606059 0.000000
hs9 60606060 62121211 0.000000
hs9 62121212 63636362 0.000000
hs9 63636363 65151514 0.000000
hs9 65151515 66666665 0.025190
hs9 66666666 68181817 0.082575
hs9 68181818 69696968 0.166036
hs9 69696969 71212120 0.583286
hs9 71212121 72727271 0.711251
hs9 72727272 74242423 0.344001
hs9 74242424 75757574 0.254406
hs9 75757575 77272726 0.325346
hs9 77272727 78787877 0.459896
hs9 78787878 80303029 0.556175
hs9 80303030 81818180 0.102155
hs9 81818181 83333332 0.000000
hs9 83333333 84848483 0.127043
hs9 84848484 86363635 0.453903
hs9 86363636 87878786 0.472878
hs9 87878787 89393938 0.186239
hs9 89393939 90909089 0.272790
hs9 90909090 92424241 0.220313
hs9 92424242 93939392 0.393843
hs9 93939393 95454544 0.789689
hs9 95454545 96969695 0.496479
hs9 96969696 98484847 0.479509
hs9 98484848 99999999 0.530984
hs9 100000000 101515150 0.511231
hs9 101515151 103030302 0.543176
hs9 103030303 104545453 0.244980
hs9 104545454 106060605 0.046424
hs9 106060606 107575756 0.390236
hs9 107575757 109090908 0.102613
hs9 109090909 110606059 0.031877
hs9 110606060 112121211 0.935007
hs9 112121212 113636362 0.610581
hs9 113636363 115151514 0.612165
hs9 115151515 116666665 0.534068
hs9 116666666 118181817 0.428288
hs9 118181818 119696968 0.686309
hs9 119696969 121212120 0.133870
hs9 121212121 122727271 0.283319
hs9 122727272 124242423 0.935867
hs9 124242424 125757574 0.652904
hs9 125757575 127272726 0.675461
hs9 127272727 128787877 0.562882
hs9 128787878 130303029 0.777345
hs9 130303030 131818180 0.557164
hs9 131818181 133333332 0.548543
hs9 133333333 134848483 0.749652
hs9 134848484 136363635 0.487925
hs9 136363636 137878786 0.368734
hs9 137878787 139393938 0.588671
hs9 139393939 140909089 0.482526
hs15 0 1515150 0.000000
hs15 1515151 3030302 0.000000
hs15 3030303 4545453 0.000000
hs15 4545454 6060605 0.000000
hs15 6060606 7575756 0.000000
hs15 7575757 9090908 0.000000
hs15 9090909 10606059 0.000000
hs15 10606060 12121211 0.000000
hs15 12121212 13636362 0.000000
hs15 13636363 15151514 0.000000
hs15 15151515 16666665 0.000000
hs15 16666666 18181817 0.000000
hs15 18181818 19696968 0.108766
hs15 19696969 21212120 0.317752
hs15 21212121 22727271 0.105006
hs15 22727272 24242423 0.268989
hs15 24242424 25757574 0.713548
hs15 25757575 27272726 0.537282
hs15 27272727 28787877 0.465448
hs15 28787878 30303029 0.365740
hs15 30303030 31818180 0.582901
hs15 31818181 33333332 0.575052
hs15 33333333 34848483 0.240647
hs15 34848484 36363635 0.224722
hs15 36363636 37878786 0.255656
hs15 37878787 39393938 0.644633
hs15 39393939 40909089 0.802239
hs15 40909090 42424241 0.786982
hs15 42424242 43939392 0.500148
hs15 43939393 45454544 0.299160
hs15 45454545 46969695 0.407081
hs15 46969696 48484847 0.754618
hs15 48484848 49999999 0.690627
hs15 50000000 51515150 0.416878
hs15 51515151 53030302 0.568676
hs15 53030303 54545453 0.589327
hs15 54545454 56060605 0.561945
hs15 56060606 57575756 0.654398
hs15 57575757 59090908 0.473091
hs15 59090909 60606059 0.284878
hs15 60606060 62121211 0.580270
hs15 62121212 63636362 0.702035
hs15 63636363 65151514 0.610233
hs15 65151515 66666665 0.677528
hs15 66666666 68181817 0.441197
hs15 68181818 69696968 0.515777
hs15 69696969 71212120 0.642827
hs15 71212121 72727271 0.580171
hs15 72727272 74242423 0.553485
hs15 74242424 75757574 0.679674
hs15 75757575 77272726 0.441479
hs15 77272727 78787877 0.313664
hs15 78787878 80303029 0.342064
hs15 80303030 81818180 0.651445
hs15 81818181 83333332 0.609098
hs15 83333333 84848483 0.605033
hs15 84848484 86363635 0.442337
hs15 86363636 87878786 0.465577
hs15 87878787 89393938 0.599071
hs15 89393939 90909089 0.412070
hs15 90909090 92424241 0.142756
hs15 92424242 93939392 0.171934
hs15 93939393 95454544 0.010924
hs15 95454545 96969695 0.146635
hs15 96969696 98484847 0.635044
hs15 98484848 99999999 0.605999
hs15 100000000 101515150 0.068746
hs5 0 1515150 0.531652
hs5 1515151 3030302 0.099765
hs5 3030303 4545453 0.003532
hs5 4545454 6060605 0.186874
hs5 6060606 7575756 0.212914
hs5 7575757 9090908 0.245408
hs5 9090909 10606059 0.625243
hs5 10606060 12121211 0.731083
hs5 12121212 13636362 0.152016
hs5 13636363 15151514 0.565107
hs5 15151515 16666665 0.466495
hs5 16666666 18181817 0.280114
hs5 18181818 19696968 0.124117
hs5 19696969 21212120 0.215914
hs5 21212121 22727271 0.713034
hs5 22727272 24242423 0.120913
hs5 24242424 25757574 0.104084
hs5 25757575 27272726 0.104268
hs5 27272727 28787877 0.000000
hs5 28787878 30303029 0.000000
hs5 30303030 31818180 0.188707
hs5 31818181 33333332 0.419137
hs5 33333333 34848483 0.420759
hs5 34848484 36363635 0.573672
hs5 36363636 37878786 0.587993
hs5 37878787 39393938 0.489638
hs5 39393939 40909089 0.115592
hs5 40909090 42424241 0.425003
hs5 42424242 43939392 0.501484
hs5 43939393 45454544 0.164813
hs5 45454545 46969695 0.183106
hs5 46969696 48484847 0.000000
hs5 48484848 49999999 0.031491
hs5 50000000 51515150 0.125215
hs5 51515151 53030302 0.280639
hs5 53030303 54545453 0.361879
hs5 54545454 56060605 0.466440
hs5 56060606 57575756 0.147449
hs5 57575757 59090908 0.706014
hs5 59090909 60606059 0.837136
hs5 60606060 62121211 0.395183
hs5 62121212 63636362 0.092537
hs5 63636363 65151514 0.748965
hs5 65151515 66666665 0.520727
hs5 66666666 68181817 0.049625
hs5 68181818 69696968 1.131158
hs5 69696969 71212120 0.658369
hs5 71212121 72727271 0.364106
hs5 72727272 74242423 0.362912
hs5 74242424 75757574 0.484371
hs5 75757575 77272726 0.589946
hs5 77272727 78787877 0.707437
hs5 78787878 80303029 0.564807
hs5 80303030 81818180 0.657504
hs5 81818181 83333332 0.365619
hs5 83333333 84848483 0.252803
hs5 84848484 86363635 0.011816
hs5 86363636 87878786 0.146797
hs5 87878787 89393938 0.213503
hs5 89393939 90909089 0.492813
hs5 90909090 92424241 0.000000
hs5 92424242 93939392 0.729432
hs5 93939393 95454544 0.720100
hs5 95454545 96969695 0.273036
hs5 96969696 98484847 0.065030
hs5 98484848 99999999 0.039645
hs5 100000000 101515150 0.063590
hs5 101515151 103030302 0.327733
hs5 103030303 104545453 0.000412
hs5 104545454 106060605 0.000000
hs5 106060606 107575756 0.427104
hs5 107575757 109090908 0.504666
hs5 109090909 110606059 0.442626
hs5 110606060 112121211 0.537670
hs5 112121212 113636362 0.485913
hs5 113636363 115151514 0.250704
hs5 115151515 116666665 0.331648
hs5 116666666 118181817 0.000000
hs5 118181818 119696968 0.363944
hs5 119696969 121212120 0.147145
hs5 121212121 122727271 0.401648
hs5 122727272 124242423 0.180037
hs5 124242424 125757574 0.022367
hs5 125757575 127272726 0.430808
hs5 127272727 128787877 0.353077
hs5 128787878 130303029 0.369653
hs5 130303030 131818180 0.509149
hs5 131818181 133333332 0.539173
hs5 133333333 134848483 0.456801
hs5 134848484 136363635 0.238577
hs5 136363636 137878786 0.718173
hs5 137878787 139393938 0.653514
hs5 139393939 140909089 3.752191
hs5 140909090 142424241 0.451520
hs5 142424242 143939392 0.428820
hs5 143939393 145454544 0.149679
hs5 145454545 146969695 0.630121
hs5 146969696 148484847 0.434775
hs5 148484848 149999999 0.670149
hs5 150000000 151515150 0.442301
hs5 151515151 153030302 0.127886
hs5 153030303 154545453 0.459545
hs5 154545454 156060605 0.247013
hs5 156060606 157575756 0.412798
hs5 157575757 159090908 0.395131
hs5 159090909 160606059 0.411043
hs5 160606060 162121211 0.275423
hs5 162121212 163636362 0.040616
hs5 163636363 165151514 0.000000
hs5 165151515 166666665 0.014682
hs5 166666666 168181817 0.892059
hs5 168181818 169696968 0.748309
hs5 169696969 171212120 0.611236
hs5 171212121 172727271 0.564322
hs5 172727272 174242423 0.114645
hs5 174242424 175757574 0.232282
hs5 175757575 177272726 0.606407
hs5 177272727 178787877 0.584130
hs5 178787878 180303029 0.539210
hs5 180303030 181818180 0.066038
hsY 0 1515150 0.180171
hsY 1515151 3030302 0.423160
hsY 3030303 4545453 0.000632
hsY 4545454 6060605 0.489719
hsY 6060606 7575756 0.275803
hsY 7575757 9090908 0.028404
hsY 9090909 10606059 0.600582
hsY 10606060 12121211 0.000000
hsY 12121212 13636362 0.146068
hsY 13636363 15151514 0.161924
hsY 15151515 16666665 0.207060
hsY 16666666 18181817 0.020836
hsY 18181818 19696968 0.277347
hsY 19696969 21212120 0.119316
hsY 21212121 22727271 0.199967
hsY 22727272 24242423 0.415375
hsY 24242424 25757574 0.360934
hsY 25757575 27272726 0.021582
hsY 27272727 28787877 0.000000
hsY 28787878 30303029 0.000000
hsY 30303030 31818180 0.000000
hsY 31818181 33333332 0.000000
hsY 33333333 34848483 0.000000
hsY 34848484 36363635 0.000000
hsY 36363636 37878786 0.000000
hsY 37878787 39393938 0.000000
hsY 39393939 40909089 0.000000
hsY 40909090 42424241 0.000000
hsY 42424242 43939392 0.000000
hsY 43939393 45454544 0.000000
hsY 45454545 46969695 0.000000
hsY 46969696 48484847 0.000000
hsY 48484848 49999999 0.000000
hsY 50000000 51515150 0.000000
hsY 51515151 53030302 0.000000
hsY 53030303 54545453 0.000000
hsY 54545454 56060605 0.000000
hsY 56060606 57575756 0.009681
hsY 57575757 59090908 0.049981
hs1 0 1515150 0.329912
hs1 1515151 3030302 0.581203
hs1 3030303 4545453 0.483779
hs1 4545454 6060605 0.204634
hs1 6060606 7575756 0.900992
hs1 7575757 9090908 0.609025
hs1 9090909 10606059 0.685807
hs1 10606060 12121211 0.545578
hs1 12121212 13636362 0.412386
hs1 13636363 15151514 0.338420
hs1 15151515 16666665 0.752890
hs1 16666666 18181817 0.479800
hs1 18181818 19696968 0.568432
hs1 19696969 21212120 0.483230
hs1 21212121 22727271 0.583206
hs1 22727272 24242423 0.494395
hs1 24242424 25757574 0.516807
hs1 25757575 27272726 0.539661
hs1 27272727 28787877 0.652328
hs1 28787878 30303029 0.378535
hs1 30303030 31818180 0.274617
hs1 31818181 33333332 0.572481
hs1 33333333 34848483 0.587444
hs1 34848484 36363635 0.508140
hs1 36363636 37878786 0.393096
hs1 37878787 39393938 0.313377
hs1 39393939 40909089 0.618262
hs1 40909090 42424241 0.542717
hs1 42424242 43939392 0.531198
hs1 43939393 45454544 0.790305
hs1 45454545 46969695 0.675906
hs1 46969696 48484847 0.268740
hs1 48484848 49999999 0.959324
hs1 50000000 51515150 0.679772
hs1 51515151 53030302 0.751851
hs1 53030303 54545453 0.702717
hs1 54545454 56060605 0.390986
hs1 56060606 57575756 0.459090
hs1 57575757 59090908 0.676273
hs1 59090909 60606059 0.434924
hs1 60606060 62121211 0.376444
hs1 62121212 63636362 0.496086
hs1 63636363 65151514 0.710687
hs1 65151515 66666665 0.725240
hs1 66666666 68181817 0.560335
hs1 68181818 69696968 0.120872
hs1 69696969 71212120 0.481969
hs1 71212121 72727271 0.641172
hs1 72727272 74242423 0.000000
hs1 74242424 75757574 0.689619
hs1 75757575 77272726 0.655599
hs1 77272727 78787877 0.725176
hs1 78787878 80303029 0.103673
hs1 80303030 81818180 0.000000
hs1 81818181 83333332 0.126738
hs1 83333333 84848483 0.330461
hs1 84848484 86363635 0.718522
hs1 86363636 87878786 0.363082
hs1 87878787 89393938 0.220012
hs1 89393939 90909089 0.266404
hs1 90909090 92424241 0.448496
hs1 92424242 93939392 0.678027
hs1 93939393 95454544 0.407664
hs1 95454545 96969695 0.015184
hs1 96969696 98484847 0.611761
hs1 98484848 99999999 0.237983
hs1 100000000 101515150 0.463527
hs1 101515151 103030302 0.143483
hs1 103030303 104545453 0.267780
hs1 104545454 106060605 0.228815
hs1 106060606 107575756 0.062204
hs1 107575757 109090908 0.582292
hs1 109090909 110606059 0.590965
hs1 110606060 112121211 0.342102
hs1 112121212 113636362 0.409837
hs1 113636363 115151514 0.604771
hs1 115151515 116666665 0.320592
hs1 116666666 118181817 0.421396
hs1 118181818 119696968 0.359311
hs1 119696969 121212120 0.263601
hs1 121212121 122727271 0.000000
hs1 122727272 124242423 0.000000
hs1 124242424 125757574 0.000000
hs1 125757575 127272726 0.000000
hs1 127272727 128787877 0.000000
hs1 128787878 130303029 0.000000
hs1 130303030 131818180 0.000000
hs1 131818181 133333332 0.000000
hs1 133333333 134848483 0.000000
hs1 134848484 136363635 0.000000
hs1 136363636 137878786 0.000000
hs1 137878787 139393938 0.000000
hs1 139393939 140909089 0.000000
hs1 140909090 142424241 0.000000
hs1 142424242 143939392 0.451854
hs1 143939393 145454544 0.483847
hs1 145454545 146969695 0.304680
hs1 146969696 148484847 0.237630
hs1 148484848 149999999 0.668942
hs1 150000000 151515150 0.167342
hs1 151515151 153030302 0.620674
hs1 153030303 154545453 0.712236
hs1 154545454 156060605 0.453285
hs1 156060606 157575756 0.264938
hs1 157575757 159090908 0.417915
hs1 159090909 160606059 0.605471
hs1 160606060 162121211 0.255192
hs1 162121212 163636362 0.295082
hs1 163636363 165151514 0.335247
hs1 165151515 166666665 0.655715
hs1 166666666 168181817 0.440480
hs1 168181818 169696968 0.353342
hs1 169696969 171212120 0.588826
hs1 171212121 172727271 0.509303
hs1 172727272 174242423 0.717965
hs1 174242424 175757574 0.656746
hs1 175757575 177272726 0.444255
hs1 177272727 178787877 0.771782
hs1 178787878 180303029 0.455435
hs1 180303030 181818180 0.507266
hs1 181818181 183333332 0.649559
hs1 183333333 184848483 0.529307
hs1 184848484 186363635 0.111341
hs1 186363636 187878786 0.000000
hs1 187878787 189393938 0.250776
hs1 189393939 190909089 0.070000
hs1 190909090 192424241 0.151591
hs1 192424242 193939392 0.000000
hs1 193939393 195454544 0.478878
hs1 195454545 196969695 0.512062
hs1 196969696 198484847 0.115147
hs1 198484848 199999999 0.448504
hs1 200000000 201515150 0.701765
hs1 201515151 203030302 0.456285
hs1 203030303 204545453 0.510827
hs1 204545454 206060605 0.573952
hs1 206060606 207575756 0.164234
hs1 207575757 209090908 0.631934
hs1 209090909 210606059 0.528081
hs1 210606060 212121211 0.375437
hs1 212121212 213636362 0.519877
hs1 213636363 215151514 0.833728
hs1 215151515 216666665 0.525311
hs1 216666666 218181817 0.047073
hs1 218181818 219696968 0.337453
hs1 219696969 221212120 0.178145
hs1 221212121 222727271 0.476247
hs1 222727272 224242423 0.587453
hs1 224242424 225757574 0.504998
hs1 225757575 227272726 0.360244
hs1 227272727 228787877 0.334313
hs1 228787878 230303029 0.944313
hs1 230303030 231818180 0.344263
hs1 231818181 233333332 0.382602
hs1 233333333 234848483 0.708373
hs1 234848484 236363635 0.694618
hs1 236363636 237878786 0.016781
hs1 237878787 239393938 0.762268
hs1 239393939 240909089 0.636124
hs1 240909090 242424241 0.515940
hs1 242424242 243939392 0.692213
hs1 243939393 245454544 0.733729
hs1 245454545 246969695 0.216027
hs1 246969696 248484847 0.032170
hs19 0 1515150 0.556296
hs19 1515151 3030302 0.666637
hs19 3030303 4545453 0.710444
hs19 4545454 6060605 0.617475
hs19 6060606 7575756 0.581333
hs19 7575757 9090908 0.488321
hs19 9090909 10606059 0.539326
hs19 10606060 12121211 0.659570
hs19 12121212 13636362 0.595066
hs19 13636363 15151514 0.475772
hs19 15151515 16666665 0.528832
hs19 16666666 18181817 0.722953
hs19 18181818 19696968 0.782107
hs19 19696969 21212120 0.321370
hs19 21212121 22727271 0.247079
hs19 22727272 24242423 0.141637
hs19 24242424 25757574 0.000000
hs19 25757575 27272726 0.000000
hs19 27272727 28787877 0.000000
hs19 28787878 30303029 0.000000
hs19 30303030 31818180 0.000000
hs19 31818181 33333332 0.002276
hs19 33333333 34848483 0.038964
hs19 34848484 36363635 0.196731
hs19 36363636 37878786 0.190043
hs19 37878787 39393938 0.524507
hs19 39393939 40909089 0.429627
hs19 40909090 42424241 0.542521
hs19 42424242 43939392 0.755730
hs19 43939393 45454544 0.447585
hs19 45454545 46969695 0.536578
hs19 46969696 48484847 0.403890
hs19 48484848 49999999 0.495699
hs19 50000000 51515150 0.550292
hs19 51515151 53030302 0.548075
hs19 53030303 54545453 0.685436
hs19 54545454 56060605 0.667733
hs19 56060606 57575756 0.475652
hs19 57575757 59090908 0.513419
hs19 59090909 60606059 0.610040
hs19 60606060 62121211 0.506821
hs19 62121212 63636362 0.450179
hs19 63636363 65151514 0.061667
hs2 0 1515150 0.407936
hs2 1515151 3030302 0.444199
hs2 3030303 4545453 0.279356
hs2 4545454 6060605 0.041256
hs2 6060606 7575756 0.108797
hs2 7575757 9090908 0.206453
hs2 9090909 10606059 0.516140
hs2 10606060 12121211 0.420977
hs2 12121212 13636362 0.017069
hs2 13636363 15151514 0.004856
hs2 15151515 16666665 0.339643
hs2 16666666 18181817 0.226983
hs2 18181818 19696968 0.026270
hs2 19696969 21212120 0.296735
hs2 21212121 22727271 0.000000
hs2 22727272 24242423 0.445450
hs2 24242424 25757574 0.694946
hs2 25757575 27272726 0.691511
hs2 27272727 28787877 0.739586
hs2 28787878 30303029 0.699266
hs2 30303030 31818180 0.497686
hs2 31818181 33333332 0.839362
hs2 33333333 34848483 0.192005
hs2 34848484 36363635 0.000000
hs2 36363636 37878786 0.551194
hs2 37878787 39393938 0.527929
hs2 39393939 40909089 0.409041
hs2 40909090 42424241 0.114645
hs2 42424242 43939392 0.538425
hs2 43939393 45454544 0.464608
hs2 45454545 46969695 0.687926
hs2 46969696 48484847 0.392534
hs2 48484848 49999999 0.383467
hs2 50000000 51515150 0.734698
hs2 51515151 53030302 0.000000
hs2 53030303 54545453 0.457107
hs2 54545454 56060605 0.644099
hs2 56060606 57575756 0.133555
hs2 57575757 59090908 0.129008
hs2 59090909 60606059 0.049008
hs2 60606060 62121211 0.564204
hs2 62121212 63636362 0.625821
hs2 63636363 65151514 0.283302
hs2 65151515 66666665 0.239034
hs2 66666666 68181817 0.022389
hs2 68181818 69696968 0.614055
hs2 69696969 71212120 0.454420
hs2 71212121 72727271 0.584330
hs2 72727272 74242423 0.616025
hs2 74242424 75757574 0.493169
hs2 75757575 77272726 0.315749
hs2 77272727 78787877 0.218067
hs2 78787878 80303029 0.477781
hs2 80303030 81818180 0.283110
hs2 81818181 83333332 0.000639
hs2 83333333 84848483 0.190645
hs2 84848484 86363635 0.588271
hs2 86363636 87878786 0.495706
hs2 87878787 89393938 0.323896
hs2 89393939 90909089 0.000000
hs2 90909090 92424241 0.020719
hs2 92424242 93939392 0.000000
hs2 93939393 95454544 0.205484
hs2 95454545 96969695 0.338623
hs2 96969696 98484847 0.588025
hs2 98484848 99999999 0.815539
hs2 100000000 101515150 0.483603
hs2 101515151 103030302 0.428756
hs2 103030303 104545453 0.051751
hs2 104545454 106060605 0.247481
hs2 106060606 107575756 0.168782
hs2 107575757 109090908 0.364770
hs2 109090909 110606059 0.688818
hs2 110606060 112121211 0.636093
hs2 112121212 113636362 0.500833
hs2 113636363 115151514 0.384922
hs2 115151515 116666665 0.770405
hs2 116666666 118181817 0.000000
hs2 118181818 119696968 0.131315
hs2 119696969 121212120 0.497474
hs2 121212121 122727271 0.394747
hs2 122727272 124242423 0.000000
hs2 124242424 125757574 0.587401
hs2 125757575 127272726 0.026772
hs2 127272727 128787877 0.494415
hs2 128787878 130303029 0.003144
hs2 130303030 131818180 0.354467
hs2 131818181 133333332 0.437349
hs2 133333333 134848483 0.547374
hs2 134848484 136363635 0.843240
hs2 136363636 137878786 0.327778
hs2 137878787 139393938 0.336264
hs2 139393939 140909089 0.134392
hs2 140909090 142424241 1.000000
hs2 142424242 143939392 0.450263
hs2 143939393 145454544 0.544843
hs2 145454545 146969695 0.087200
hs2 146969696 148484847 0.109828
hs2 148484848 149999999 0.771884
hs2 150000000 151515150 0.050186
hs2 151515151 153030302 0.564643
hs2 153030303 154545453 0.266484
hs2 154545454 156060605 0.416595
hs2 156060606 157575756 0.105135
hs2 157575757 159090908 0.547254
hs2 159090909 160606059 0.709748
hs2 160606060 162121211 0.364940
hs2 162121212 163636362 0.701554
hs2 163636363 165151514 0.146747
hs2 165151515 166666665 0.626482
hs2 166666666 168181817 0.408556
hs2 168181818 169696968 0.604601
hs2 169696969 171212120 0.815426
hs2 171212121 172727271 0.573696
hs2 172727272 174242423 0.434546
hs2 174242424 175757574 0.541178
hs2 175757575 177272726 0.116470
hs2 177272727 178787877 0.551918
hs2 178787878 180303029 0.875415
hs2 180303030 181818180 0.182648
hs2 181818181 183333332 0.528469
hs2 183333333 184848483 0.147872
hs2 184848484 186363635 0.259486
hs2 186363636 187878786 0.163737
hs2 187878787 189393938 0.366410
hs2 189393939 190909089 0.417912
hs2 190909090 192424241 0.427787
hs2 192424242 193939392 0.179490
hs2 193939393 195454544 0.000000
hs2 195454545 196969695 0.427358
hs2 196969696 198484847 0.673384
hs2 198484848 199999999 0.261054
hs2 200000000 201515150 0.419841
hs2 201515151 203030302 0.651598
hs2 203030303 204545453 0.651751
hs2 204545454 206060605 0.621618
hs2 206060606 207575756 0.525340
hs2 207575757 209090908 0.440516
hs2 209090909 210606059 0.375339
hs2 210606060 212121211 0.410884
hs2 212121212 213636362 0.695767
hs2 213636363 215151514 0.909824
hs2 215151515 216666665 0.348329
hs2 216666666 218181817 0.444486
hs2 218181818 219696968 0.655537
hs2 219696969 221212120 0.223900
hs2 221212121 222727271 0.101815
hs2 222727272 224242423 0.300085
hs2 224242424 225757574 0.424323
hs2 225757575 227272726 0.167068
hs2 227272727 228787877 0.655711
hs2 228787878 230303029 0.398847
hs2 230303030 231818180 0.642026
hs2 231818181 233333332 0.515369
hs2 233333333 234848483 1.042011
hs2 234848484 236363635 0.266576
hs2 236363636 237878786 0.406804
hs2 237878787 239393938 0.515722
hs2 239393939 240909089 0.288726
hs2 240909090 242424241 0.683970
hs2 242424242 243939392 0.055606
hs8 0 1515150 0.199329
hs8 1515151 3030302 0.442079
hs8 3030303 4545453 1.000000
hs8 4545454 6060605 0.194227
hs8 6060606 7575756 0.391442
hs8 7575757 9090908 0.248385
hs8 9090909 10606059 0.458305
hs8 10606060 12121211 0.575061
hs8 12121212 13636362 0.442323
hs8 13636363 15151514 0.758007
hs8 15151515 16666665 0.204060
hs8 16666666 18181817 0.576273
hs8 18181818 19696968 0.566013
hs8 19696969 21212120 0.088998
hs8 21212121 22727271 0.548840
hs8 22727272 24242423 0.351004
hs8 24242424 25757574 0.290640
hs8 25757575 27272726 0.406033
hs8 27272727 28787877 0.641790
hs8 28787878 30303029 0.362993
hs8 30303030 31818180 0.504128
hs8 31818181 33333332 0.609787
hs8 33333333 34848483 0.106159
hs8 34848484 36363635 0.369077
hs8 36363636 37878786 0.189840
hs8 37878787 39393938 0.637856
hs8 39393939 40909089 0.512755
hs8 40909090 42424241 0.456477
hs8 42424242 43939392 0.355738
hs8 43939393 45454544 0.000000
hs8 45454545 46969695 0.000000
hs8 46969696 48484847 0.108012
hs8 48484848 49999999 0.401737
hs8 50000000 51515150 0.350950
hs8 51515151 53030302 0.610036
hs8 53030303 54545453 0.296599
hs8 54545454 56060605 0.249344
hs8 56060606 57575756 0.487981
hs8 57575757 59090908 0.041166
hs8 59090909 60606059 0.398622
hs8 60606060 62121211 0.253925
hs8 62121212 63636362 0.488448
hs8 63636363 65151514 0.350870
hs8 65151515 66666665 0.138111
hs8 66666666 68181817 0.537632
hs8 68181818 69696968 0.675200
hs8 69696969 71212120 0.395146
hs8 71212121 72727271 0.372915
hs8 72727272 74242423 0.487781
hs8 74242424 75757574 0.410701
hs8 75757575 77272726 0.070856
hs8 77272727 78787877 0.184267
hs8 78787878 80303029 0.140990
hs8 80303030 81818180 0.294935
hs8 81818181 83333332 0.278314
hs8 83333333 84848483 0.000000
hs8 84848484 86363635 0.554255
hs8 86363636 87878786 0.382211
hs8 87878787 89393938 0.524680
hs8 89393939 90909089 0.031825
hs8 90909090 92424241 0.407655
hs8 92424242 93939392 0.126460
hs8 93939393 95454544 0.197146
hs8 95454545 96969695 0.318690
hs8 96969696 98484847 0.490137
hs8 98484848 99999999 0.592852
hs8 100000000 101515150 0.782431
hs8 101515151 103030302 0.408430
hs8 103030303 104545453 0.438924
hs8 104545454 106060605 0.631462
hs8 106060606 107575756 0.468421
hs8 107575757 109090908 0.414374
hs8 109090909 110606059 0.307347
hs8 110606060 112121211 0.103901
hs8 112121212 113636362 0.219140
hs8 113636363 115151514 0.582218
hs8 115151515 116666665 0.116666
hs8 116666666 118181817 0.255921
hs8 118181818 119696968 0.550707
hs8 119696969 121212120 0.335862
hs8 121212121 122727271 0.448236
hs8 122727272 124242423 0.198931
hs8 124242424 125757574 0.567514
hs8 125757575 127272726 0.291888
hs8 127272727 128787877 0.030463
hs8 128787878 130303029 0.206211
hs8 130303030 131818180 0.322097
hs8 131818181 133333332 0.377218
hs8 133333333 134848483 0.664716
hs8 134848484 136363635 0.188841
hs8 136363636 137878786 0.137042
hs8 137878787 139393938 0.120445
hs8 139393939 140909089 0.460607
hs8 140909090 142424241 0.772795
hs8 142424242 143939392 0.297092
hs8 143939393 145454544 0.434357
hs8 145454545 146969695 0.297644
hs6 0 1515150 0.287998
hs6 1515151 3030302 0.544553
hs6 3030303 4545453 0.281127
hs6 4545454 6060605 0.615300
hs6 6060606 7575756 0.563650
hs6 7575757 9090908 0.192995
hs6 9090909 10606059 0.019749
hs6 10606060 12121211 0.498817
hs6 12121212 13636362 0.589420
hs6 13636363 15151514 0.154607
hs6 15151515 16666665 0.495951
hs6 16666666 18181817 0.468477
hs6 18181818 19696968 0.144665
hs6 19696969 21212120 0.512359
hs6 21212121 22727271 0.447474
hs6 22727272 24242423 0.005301
hs6 24242424 25757574 0.669825
hs6 25757575 27272726 0.343724
hs6 27272727 28787877 0.190192
hs6 28787878 30303029 0.202623
hs6 30303030 31818180 0.354760
hs6 31818181 33333332 0.504954
hs6 33333333 34848483 0.487508
hs6 34848484 36363635 0.733566
hs6 36363636 37878786 0.493522
hs6 37878787 39393938 0.825995
hs6 39393939 40909089 0.484446
hs6 40909090 42424241 0.529928
hs6 42424242 43939392 0.606089
hs6 43939393 45454544 0.585413
hs6 45454545 46969695 0.503717
hs6 46969696 48484847 0.416300
hs6 48484848 49999999 0.124984
hs6 50000000 51515150 0.075512
hs6 51515151 53030302 0.563336
hs6 53030303 54545453 0.440553
hs6 54545454 56060605 0.379413
hs6 56060606 57575756 0.552887
hs6 57575757 59090908 0.057516
hs6 59090909 60606059 0.000000
hs6 60606060 62121211 0.000000
hs6 62121212 63636362 0.400116
hs6 63636363 65151514 0.519588
hs6 65151515 66666665 0.873794
hs6 66666666 68181817 0.000000
hs6 68181818 69696968 0.194447
hs6 69696969 71212120 0.690105
hs6 71212121 72727271 0.344035
hs6 72727272 74242423 0.757447
hs6 74242424 75757574 0.147794
hs6 75757575 77272726 0.517128
hs6 77272727 78787877 0.000775
hs6 78787878 80303029 0.171671
hs6 80303030 81818180 0.253153
hs6 81818181 83333332 0.058533
hs6 83333333 84848483 0.558090
hs6 84848484 86363635 0.182540
hs6 86363636 87878786 0.083417
hs6 87878787 89393938 0.354470
hs6 89393939 90909089 0.791810
hs6 90909090 92424241 0.149038
hs6 92424242 93939392 0.000000
hs6 93939393 95454544 0.164316
hs6 95454545 96969695 0.152830
hs6 96969696 98484847 0.325209
hs6 98484848 99999999 0.144121
hs6 100000000 101515150 0.413794
hs6 101515151 103030302 0.442906
hs6 103030303 104545453 0.000000
hs6 104545454 106060605 0.294031
hs6 106060606 107575756 0.305752
hs6 107575757 109090908 0.744561
hs6 109090909 110606059 0.575177
hs6 110606060 112121211 0.614172
hs6 112121212 113636362 0.249874
hs6 113636363 115151514 0.043373
hs6 115151515 116666665 0.175317
hs6 116666666 118181817 0.534952
hs6 118181818 119696968 0.694633
hs6 119696969 121212120 0.010334
hs6 121212121 122727271 0.177638
hs6 122727272 124242423 0.597669
hs6 124242424 125757574 0.816784
hs6 125757575 127272726 0.156308
hs6 127272727 128787877 0.618948
hs6 128787878 130303029 0.588900
hs6 130303030 131818180 0.381308
hs6 131818181 133333332 0.357230
hs6 133333333 134848483 0.393848
hs6 134848484 136363635 0.882150
hs6 136363636 137878786 0.590977
hs6 137878787 139393938 0.380675
hs6 139393939 140909089 0.074113
hs6 140909090 142424241 0.000000
hs6 142424242 143939392 0.603999
hs6 143939393 145454544 0.693628
hs6 145454545 146969695 0.419479
hs6 146969696 148484847 0.300487
hs6 148484848 149999999 0.514086
hs6 150000000 151515150 0.563746
hs6 151515151 153030302 0.836073
hs6 153030303 154545453 0.254031
hs6 154545454 156060605 0.489542
hs6 156060606 157575756 0.285680
hs6 157575757 159090908 0.678259
hs6 159090909 160606059 0.357821
hs6 160606060 162121211 0.687746
hs6 162121212 163636362 1.000443
hs6 163636363 165151514 0.131073
hs6 165151515 166666665 0.302108
hs6 166666666 168181817 0.544340
hs6 168181818 169696968 0.267247
hs6 169696969 171212120 0.260450
hs14 0 1515150 0.000000
hs14 1515151 3030302 0.000000
hs14 3030303 4545453 0.000000
hs14 4545454 6060605 0.000000
hs14 6060606 7575756 0.000000
hs14 7575757 9090908 0.000000
hs14 9090909 10606059 0.000000
hs14 10606060 12121211 0.000000
hs14 12121212 13636362 0.000000
hs14 13636363 15151514 0.000000
hs14 15151515 16666665 0.000000
hs14 16666666 18181817 0.000000
hs14 18181818 19696968 0.053121
hs14 19696969 21212120 0.350498
hs14 21212121 22727271 0.207460
hs14 22727272 24242423 0.321572
hs14 24242424 25757574 0.156943
hs14 25757575 27272726 0.100236
hs14 27272727 28787877 0.016287
hs14 28787878 30303029 0.346785
hs14 30303030 31818180 0.538757
hs14 31818181 33333332 0.896884
hs14 33333333 34848483 0.380909
hs14 34848484 36363635 0.374007
hs14 36363636 37878786 0.470001
hs14 37878787 39393938 0.174814
hs14 39393939 40909089 0.000000
hs14 40909090 42424241 0.196015
hs14 42424242 43939392 0.000000
hs14 43939393 45454544 0.216933
hs14 45454545 46969695 0.390673
hs14 46969696 48484847 0.161068
hs14 48484848 49999999 0.385372
hs14 50000000 51515150 0.578329
hs14 51515151 53030302 0.432866
hs14 53030303 54545453 0.292467
hs14 54545454 56060605 0.383578
hs14 56060606 57575756 0.263409
hs14 57575757 59090908 0.469344
hs14 59090909 60606059 0.540056
hs14 60606060 62121211 0.298090
hs14 62121212 63636362 0.654253
hs14 63636363 65151514 0.629036
hs14 65151515 66666665 0.503682
hs14 66666666 68181817 0.873978
hs14 68181818 69696968 0.573768
hs14 69696969 71212120 0.408004
hs14 71212121 72727271 0.745529
hs14 72727272 74242423 0.714684
hs14 74242424 75757574 0.786071
hs14 75757575 77272726 0.471309
hs14 77272727 78787877 0.670126
hs14 78787878 80303029 0.592516
hs14 80303030 81818180 0.391840
hs14 81818181 83333332 0.000000
hs14 83333333 84848483 0.000000
hs14 84848484 86363635 0.064537
hs14 86363636 87878786 0.143248
hs14 87878787 89393938 0.626117
hs14 89393939 90909089 0.720231
hs14 90909090 92424241 0.676384
hs14 92424242 93939392 0.705228
hs14 93939393 95454544 0.285019
hs14 95454545 96969695 0.288977
hs14 96969696 98484847 0.038719
hs14 98484848 99999999 0.538651
hs14 100000000 101515150 0.243999
hs14 101515151 103030302 0.667940
hs14 103030303 104545453 0.450861
hs14 104545454 106060605 0.225995
hs17 0 1515150 0.706693
hs17 1515151 3030302 0.736798
hs17 3030303 4545453 0.648080
hs17 4545454 6060605 0.449861
hs17 6060606 7575756 0.517829
hs17 7575757 9090908 0.630627
hs17 9090909 10606059 0.736640
hs17 10606060 12121211 0.562672
hs17 12121212 13636362 0.287940
hs17 13636363 15151514 0.150841
hs17 15151515 16666665 0.592661
hs17 16666666 18181817 0.655420
hs17 18181818 19696968 0.528822
hs17 19696969 21212120 0.408579
hs17 21212121 22727271 0.063712
hs17 22727272 24242423 0.548542
hs17 24242424 25757574 0.770693
hs17 25757575 27272726 0.580382
hs17 27272727 28787877 0.753360
hs17 28787878 30303029 0.542315
hs17 30303030 31818180 0.478879
hs17 31818181 33333332 0.650183
hs17 33333333 34848483 0.523738
hs17 34848484 36363635 0.545483
hs17 36363636 37878786 0.445349
hs17 37878787 39393938 0.563327
hs17 39393939 40909089 0.610895
hs17 40909090 42424241 0.621166
hs17 42424242 43939392 0.587362
hs17 43939393 45454544 0.427506
hs17 45454545 46969695 0.509773
hs17 46969696 48484847 0.349605
hs17 48484848 49999999 0.001542
hs17 50000000 51515150 0.265172
hs17 51515151 53030302 0.558981
hs17 53030303 54545453 0.645667
hs17 54545454 56060605 0.670204
hs17 56060606 57575756 0.763670
hs17 57575757 59090908 0.634245
hs17 59090909 60606059 0.637247
hs17 60606060 62121211 0.690918
hs17 62121212 63636362 0.625145
hs17 63636363 65151514 0.575403
hs17 65151515 66666665 0.046748
hs17 66666666 68181817 0.022136
hs17 68181818 69696968 0.602687
hs17 69696969 71212120 0.688709
hs17 71212121 72727271 0.626768
hs17 72727272 74242423 0.470929
hs17 74242424 75757574 0.556341
hs17 75757575 77272726 0.797413
hs17 77272727 78787877 0.643319
hs21 0 1515150 0.000000
hs21 1515151 3030302 0.000000
hs21 3030303 4545453 0.000000
hs21 4545454 6060605 0.000000
hs21 6060606 7575756 0.000000
hs21 7575757 9090908 0.000000
hs21 9090909 10606059 0.288857
hs21 10606060 12121211 0.000000
hs21 12121212 13636362 0.052855
hs21 13636363 15151514 0.187722
hs21 15151515 16666665 0.366570
hs21 16666666 18181817 0.258161
hs21 18181818 19696968 0.103671
hs21 19696969 21212120 0.039939
hs21 21212121 22727271 0.356785
hs21 22727272 24242423 0.000000
hs21 24242424 25757574 0.030281
hs21 25757575 27272726 0.406100
hs21 27272727 28787877 0.025545
hs21 28787878 30303029 0.558689
hs21 30303030 31818180 0.279231
hs21 31818181 33333332 0.490050
hs21 33333333 34848483 0.532856
hs21 34848484 36363635 0.271946
hs21 36363636 37878786 0.655266
hs21 37878787 39393938 0.512817
hs21 39393939 40909089 0.667527
hs21 40909090 42424241 0.541958
hs21 42424242 43939392 0.507991
hs21 43939393 45454544 0.675772
hs21 45454545 46969695 0.528077
