hsX 0 1063828 0.108216
hsX 1063829 2127658 0.289985
hsX 2127659 3191488 0.623347
hsX 3191489 4255318 0.138529
hsX 4255319 5319147 0.000000
hsX 5319148 6382977 0.318308
hsX 6382978 7446807 0.221826
hsX 7446808 8510637 0.082429
hsX 8510638 9574467 0.330307
hsX 9574468 10638296 0.705935
hsX 10638297 11702126 0.645471
hsX 11702127 12765956 0.583358
hsX 12765957 13829786 0.355986
hsX 13829787 14893616 0.319847
hsX 14893617 15957445 0.468316
hsX 15957446 17021275 0.407169
hsX 17021276 18085105 0.469459
hsX 18085106 19148935 0.752840
hsX 19148936 20212764 0.781831
hsX 20212765 21276594 0.000000
hsX 21276595 22340424 0.615773
hsX 22340425 23404254 0.060213
hsX 23404255 24468084 0.358646
hsX 24468085 25531913 0.414183
hsX 25531914 26595743 0.007819
hsX 26595744 27659573 0.002944
hsX 27659574 28723403 0.214602
hsX 28723404 29787233 1.000000
hsX 29787234 30851062 0.265173
hsX 30851063 31914892 0.816335
hsX 31914893 32978722 1.000000
hsX 32978723 34042552 0.271589
hsX 34042553 35106381 0.032833
hsX 35106382 36170211 0.169380
hsX 36170212 37234041 0.239205
hsX 37234042 38297871 0.485147
hsX 38297872 39361701 0.124590
hsX 39361702 40425530 0.191946
hsX 40425531 41489360 0.466926
hsX 41489361 42553190 0.168017
hsX 42553191 43617020 0.185069
hsX 43617021 44680850 0.295205
hsX 44680851 45744679 0.214970
hsX 45744680 46808509 0.422036
hsX 46808510 47872339 0.407774
hsX 47872340 48936169 0.388004
hsX 48936170 49999999 1.044949
hsX 50000000 51063828 0.374095
hsX 51063829 52127658 0.121592
hsX 52127659 53191488 0.286175
hsX 53191489 54255318 0.545215
hsX 54255319 55319147 0.407034
hsX 55319148 56382977 0.099108
hsX 56382978 57446807 0.218556
hsX 57446808 58510637 0.090608
hsX 58510638 59574467 0.000000
hsX 59574468 60638296 0.000000
hsX 60638297 61702126 0.000000
hsX 61702127 62765956 0.130236
hsX 62765957 63829786 0.282092
hsX 63829787 64893616 0.219967
hsX 64893617 65957445 0.135070
hsX 65957446 67021275 0.169432
hsX 67021276 68085105 0.484921
hsX 68085106 69148935 0.402659
hsX 69148936 70212764 0.678215
hsX 70212765 71276594 0.511189
hsX 71276595 72340424 0.523132
hsX 72340425 73404254 0.570995
hsX 73404255 74468084 0.467827
hsX 74468085 75531913 0.155233
hsX 75531914 76595743 0.003561
hsX 76595744 77659573 0.552524
hsX 77659574 78723403 0.035413
hsX 78723404 79787233 0.119215
hsX 79787234 80851062 0.305718
hsX 80851063 81914892 0.000000
hsX 81914893 82978722 0.001418
hsX 82978723 84042552 0.319276
hsX 84042553 85106381 0.321595
hsX 85106382 86170211 0.720973
hsX 86170212 87234041 0.143197
hsX 87234042 88297871 0.007105
hsX 88297872 89361701 0.000887
hsX 89361702 90425530 0.000000
hsX 90425531 91489360 0.538087
hsX 91489361 92553190 0.258987
hsX 92553191 93617020 0.038484
hsX 93617021 94680850 0.000000
hsX 94680851 95744679 0.000769
hsX 95744680 96808509 0.862429
hsX 96808510 97872339 0.000000
hsX 97872340 98936169 0.312940
hsX 98936170 99999999 0.382999
hsX 100000000 101063828 0.473222
hsX 101063829 102127658 0.506224
hsX 102127659 103191488 0.125904
hsX 103191489 104255318 0.611844
hsX 104255319 105319147 0.758300
hsX 105319148 106382977 0.503519
hsX 106382978 107446807 0.430868
hsX 107446808 108510637 0.368392
hsX 108510638 109574467 0.611505
hsX 109574468 110638296 0.523738
hsX 110638297 111702126 0.737245
hsX 111702127 112765956 0.108512
hsX 112765957 113829786 0.099026
hsX 113829787 114893616 0.441636
hsX 114893617 115957445 0.028608
hsX 115957446 117021275 0.099144
hsX 117021276 118085105 0.490302
hsX 118085106 119148935 0.345146
hsX 119148936 120212764 0.625737
hsX 120212765 121276594 0.000000
hsX 121276595 122340424 0.182970
hsX 122340425 123404254 0.502085
hsX 123404255 124468084 0.489827
hsX 124468085 125531913 0.005711
hsX 125531914 126595743 0.001902
hsX 126595744 127659573 0.001355
hsX 127659574 128723403 0.152035
hsX 128723404 129787233 0.538171
hsX 129787234 130851062 0.238894
hsX 130851063 131914892 0.532720
hsX 131914893 132978722 0.542114
hsX 132978723 134042552 0.301947
hsX 134042553 135106381 0.312854
hsX 135106382 136170211 0.338092
hsX 136170212 137234041 0.005560
hsX 137234042 138297871 0.541857
hsX 138297872 139361701 0.260527
hsX 139361702 140425530 0.016574
hsX 140425531 141489360 0.069869
hsX 141489361 142553190 0.028615
hsX 142553191 143617020 0.010010
hsX 143617021 144680850 0.008106
hsX 144680851 145744679 0.011440
hsX 145744680 146808509 0.017566
hsX 146808510 147872339 0.528787
hsX 147872340 148936169 0.238633
hsX 148936170 149999999 0.439193
hsX 150000000 151063828 0.184831
hsX 151063829 152127658 0.421888
hsX 152127659 153191488 0.501104
hsX 153191489 154255318 0.646973
hsX 154255319 155319147 0.211491
hs12 0 1063828 0.782256
hs12 1063829 2127658 0.815997
hs12 2127659 3191488 0.827580
hs12 3191489 4255318 0.358921
hs12 4255319 5319147 0.338868
hs12 5319148 6382977 0.685953
hs12 6382978 7446807 0.635591
hs12 7446808 8510637 0.345004
hs12 8510638 9574467 0.392787
hs12 9574468 10638296 0.310241
hs12 10638297 11702126 0.709504
hs12 11702127 12765956 0.668775
hs12 12765957 13829786 0.426956
hs12 13829787 14893616 0.508354
hs12 14893617 15957445 0.599665
hs12 15957446 17021275 0.272907
hs12 17021276 18085105 0.000000
hs12 18085106 19148935 0.424951
hs12 19148936 20212764 0.309497
hs12 20212765 21276594 0.612271
hs12 21276595 22340424 0.560215
hs12 22340425 23404254 0.187963
hs12 23404255 24468084 0.838164
hs12 24468085 25531913 0.479268
hs12 25531914 26595743 0.509837
hs12 26595744 27659573 0.649078
hs12 27659574 28723403 0.437194
hs12 28723404 29787233 0.435520
hs12 29787234 30851062 0.144310
hs12 30851063 31914892 0.411465
hs12 31914893 32978722 0.592699
hs12 32978723 34042552 0.060544
hs12 34042553 35106381 0.005661
hs12 35106382 36170211 0.000000
hs12 36170212 37234041 0.012195
hs12 37234042 38297871 0.441957
hs12 38297872 39361701 0.557514
hs12 39361702 40425530 0.718049
hs12 40425531 41489360 0.387400
hs12 41489361 42553190 0.289631
hs12 42553191 43617020 0.866937
hs12 43617021 44680850 0.524890
hs12 44680851 45744679 0.152545
hs12 45744680 46808509 0.328751
hs12 46808510 47872339 0.343472
hs12 47872340 48936169 0.643093
hs12 48936170 49999999 0.762400
hs12 50000000 51063828 0.510170
hs12 51063829 52127658 0.427140
hs12 52127659 53191488 0.521454
hs12 53191489 54255318 0.133382
hs12 54255319 55319147 0.610525
hs12 55319148 56382977 0.506219
hs12 56382978 57446807 0.140811
hs12 57446808 58510637 0.132174
hs12 58510638 59574467 0.000000
hs12 59574468 60638296 0.234991
hs12 60638297 61702126 0.755455
hs12 61702127 62765956 0.363255
hs12 62765957 63829786 0.480532
hs12 63829787 64893616 0.510351
hs12 64893617 65957445 0.391492
hs12 65957446 67021275 0.116218
hs12 67021276 68085105 0.325850
hs12 68085106 69148935 0.409149
hs12 69148936 70212764 0.497169
hs12 70212765 71276594 0.658770
hs12 71276595 72340424 0.064948
hs12 72340425 73404254 0.003454
hs12 73404255 74468084 0.307890
hs12 74468085 75531913 0.242868
hs12 75531914 76595743 0.145007
hs12 76595744 77659573 0.358820
hs12 77659574 78723403 0.675915
hs12 78723404 79787233 0.575342
hs12 79787234 80851062 0.701447
hs12 80851063 81914892 0.410846
hs12 81914893 82978722 0.129066
hs12 82978723 84042552 0.153808
hs12 84042553 85106381 0.368372
hs12 85106382 86170211 0.611405
hs12 86170212 87234041 0.203656
hs12 87234042 88297871 0.086606
hs12 88297872 89361701 0.171683
hs12 89361702 90425530 0.092362
hs12 90425531 91489360 0.021759
hs12 91489361 92553190 0.303742
hs12 92553191 93617020 0.533742
hs12 93617021 94680850 0.463453
hs12 94680851 95744679 0.476487
hs12 95744680 96808509 0.108457
hs12 96808510 97872339 0.364130
hs12 97872340 98936169 0.970566
hs12 98936170 99999999 0.683799
hs12 100000000 101063828 0.579043
hs12 101063829 102127658 0.206647
hs12 102127659 103191488 0.713095
hs12 103191489 104255318 0.669981
hs12 104255319 105319147 0.196127
hs12 105319148 106382977 0.885872
hs12 106382978 107446807 0.408779
hs12 107446808 108510637 0.707306
hs12 108510638 109574467 0.669933
hs12 109574468 110638296 0.679647
hs12 110638297 111702126 0.618496
hs12 111702127 112765956 0.510497
hs12 112765957 113829786 0.179567
hs12 113829787 114893616 0.012081
hs12 114893617 115957445 0.567926
hs12 115957446 117021275 0.799509
hs12 117021276 118085105 0.432774
hs12 118085106 119148935 0.667458
hs12 119148936 120212764 0.576979
hs12 120212765 121276594 0.792228
hs12 121276595 122340424 0.711631
hs12 122340425 123404254 0.605824
hs12 123404255 124468084 0.484058
hs12 124468085 125531913 0.255457
hs12 125531914 126595743 0.000000
hs12 126595744 127659573 0.321174
hs12 127659574 128723403 0.811973
hs12 128723404 129787233 0.374965
hs12 129787234 130851062 0.355323
hs12 130851063 131914892 0.673183
hs12 131914893 132978722 0.199643
hs11 0 1063828 0.565935
hs11 1063829 2127658 0.642686
hs11 2127659 3191488 0.732001
hs11 3191489 4255318 0.513203
hs11 4255319 5319147 0.088391
hs11 5319148 6382977 0.233325
hs11 6382978 7446807 0.497712
hs11 7446808 8510637 0.486716
hs11 8510638 9574467 0.736341
hs11 9574468 10638296 0.744062
hs11 10638297 11702126 0.406574
hs11 11702127 12765956 0.616076
hs11 12765957 13829786 0.386607
hs11 13829787 14893616 0.767054
hs11 14893617 15957445 0.148813
hs11 15957446 17021275 0.698960
hs11 17021276 18085105 0.588633
hs11 18085106 19148935 0.465591
hs11 19148936 20212764 0.771906
hs11 20212765 21276594 0.776884
hs11 21276595 22340424 0.368090
hs11 22340425 23404254 0.164199
hs11 23404255 24468084 0.000000
hs11 24468085 25531913 0.550494
hs11 25531914 26595743 0.280804
hs11 26595744 27659573 0.503473
hs11 27659574 28723403 0.348051
hs11 28723404 29787233 0.000000
hs11 29787234 30851062 0.213754
hs11 30851063 31914892 0.521311
hs11 31914893 32978722 0.366343
hs11 32978723 34042552 0.448169
hs11 34042553 35106381 0.479651
hs11 35106382 36170211 0.707802
hs11 36170212 37234041 0.309549
hs11 37234042 38297871 0.000000
hs11 38297872 39361701 0.000000
hs11 39361702 40425530 0.169118
hs11 40425531 41489360 0.000000
hs11 41489361 42553190 0.000000
hs11 42553191 43617020 0.158689
hs11 43617021 44680850 0.472572
hs11 44680851 45744679 0.361861
hs11 45744680 46808509 0.726875
hs11 46808510 47872339 0.780620
hs11 47872340 48936169 0.190823
hs11 48936170 49999999 0.297059
hs11 50000000 51063828 0.028314
hs11 51063829 52127658 0.001882
hs11 52127659 53191488 0.000000
hs11 53191489 54255318 0.000000
hs11 54255319 55319147 0.016636
hs11 55319148 56382977 0.390919
hs11 56382978 57446807 0.328200
hs11 57446808 58510637 0.338815
hs11 58510638 59574467 0.233251
hs11 59574468 60638296 0.417368
hs11 60638297 61702126 0.554444
hs11 61702127 62765956 0.588540
hs11 62765957 63829786 0.664576
hs11 63829787 64893616 0.547838
hs11 64893617 65957445 0.531157
hs11 65957446 67021275 0.728737
hs11 67021276 68085105 0.469617
hs11 68085106 69148935 0.278666
hs11 69148936 70212764 0.497653
hs11 70212765 71276594 0.478379
hs11 71276595 72340424 0.698373
hs11 72340425 73404254 0.740277
hs11 73404255 74468084 0.641943
hs11 74468085 75531913 0.672036
hs11 75531914 76595743 0.505140
hs11 76595744 77659573 0.710661
hs11 77659574 78723403 0.909230
hs11 78723404 79787233 0.099584
hs11 79787234 80851062 0.000000
hs11 80851063 81914892 0.000000
hs11 81914893 82978722 0.418149
hs11 82978723 84042552 1.000000
hs11 84042553 85106381 0.961991
hs11 85106382 86170211 0.589928
hs11 86170212 87234041 0.292800
hs11 87234042 88297871 0.495223
hs11 88297872 89361701 0.580710
hs11 89361702 90425530 0.085581
hs11 90425531 91489360 0.000000
hs11 91489361 92553190 0.554816
hs11 92553191 93617020 0.462889
hs11 93617021 94680850 0.396082
hs11 94680851 95744679 0.506097
hs11 95744680 96808509 0.020326
hs11 96808510 97872339 0.000000
hs11 97872340 98936169 0.506745
hs11 98936170 99999999 0.748723
hs11 100000000 101063828 0.505438
hs11 101063829 102127658 0.437270
hs11 102127659 103191488 0.435483
hs11 103191489 104255318 0.244147
hs11 104255319 105319147 0.398920
hs11 105319148 106382977 0.395588
hs11 106382978 107446807 0.425909
hs11 107446808 108510637 0.704958
hs11 108510638 109574467 0.080398
hs11 109574468 110638296 0.229693
hs11 110638297 111702126 0.636715
hs11 111702127 112765956 0.348989
hs11 112765957 113829786 0.476086
hs11 113829787 114893616 0.397310
hs11 114893617 115957445 0.000000
hs11 115957446 117021275 0.723532
hs11 117021276 118085105 0.649846
hs11 118085106 119148935 0.443835
hs11 119148936 120212764 0.432439
hs11 120212765 121276594 0.475034
hs11 121276595 122340424 0.361814
hs11 122340425 123404254 0.266785
hs11 123404255 124468084 0.335902
hs11 124468085 125531913 0.562252
hs11 125531914 126595743 0.719623
hs11 126595744 127659573 0.000000
hs11 127659574 128723403 0.513612
hs11 128723404 129787233 0.450336
hs11 129787234 130851062 0.178872
hs11 130851063 131914892 0.926533
hs11 131914893 132978722 0.933158
hs11 132978723 134042552 0.354809
hs22 0 1063828 0.000000
hs22 1063829 2127658 0.000000
hs22 2127659 3191488 0.000000
hs22 3191489 4255318 0.000000
hs22 4255319 5319147 0.000000
hs22 5319148 6382977 0.000000
hs22 6382978 7446807 0.000000
hs22 7446808 8510637 0.000000
hs22 8510638 9574467 0.000000
hs22 9574468 10638296 0.000000
hs22 10638297 11702126 0.000000
hs22 11702127 12765956 0.000000
hs22 12765957 13829786 0.000000
hs22 13829787 14893616 0.030634
hs22 14893617 15957445 0.159073
hs22 15957446 17021275 0.606430
hs22 17021276 18085105 0.473207
hs22 18085106 19148935 0.438219
hs22 19148936 20212764 0.509338
hs22 20212765 21276594 0.366003
hs22 21276595 22340424 0.368139
hs22 22340425 23404254 0.766439
hs22 23404255 24468084 0.533657
hs22 24468085 25531913 1.224439
hs22 25531914 26595743 0.067032
hs22 26595744 27659573 0.917943
hs22 27659574 28723403 0.740485
hs22 28723404 29787233 0.589742
hs22 29787234 30851062 0.682455
hs22 30851063 31914892 0.732038
hs22 31914893 32978722 0.608515
hs22 32978723 34042552 0.072280
hs22 34042553 35106381 0.553229
hs22 35106382 36170211 0.484023
hs22 36170212 37234041 0.641405
hs22 37234042 38297871 0.478877
hs22 38297872 39361701 0.893175
hs22 39361702 40425530 0.613064
hs22 40425531 41489360 0.522487
hs22 41489361 42553190 0.789425
hs22 42553191 43617020 0.653001
hs22 43617021 44680850 0.607120
hs22 44680851 45744679 0.736678
hs22 45744680 46808509 0.201383
hs22 46808510 47872339 0.253612
hs22 47872340 48936169 0.287244
hs22 48936170 49999999 0.446164
hs10 0 1063828 0.631041
hs10 1063829 2127658 0.646516
hs10 2127659 3191488 0.085367
hs10 3191489 4255318 0.021433
hs10 4255319 5319147 0.196907
hs10 5319148 6382977 0.466354
hs10 6382978 7446807 0.334348
hs10 7446808 8510637 0.444109
hs10 8510638 9574467 0.000000
hs10 9574468 10638296 0.000000
hs10 10638297 11702126 0.479671
hs10 11702127 12765956 0.663427
hs10 12765957 13829786 0.581505
hs10 13829787 14893616 0.789141
hs10 14893617 15957445 0.656032
hs10 15957446 17021275 0.401548
hs10 17021276 18085105 0.703183
hs10 18085106 19148935 0.813917
hs10 19148936 20212764 0.063345
hs10 20212765 21276594 0.530199
hs10 21276595 22340424 0.675890
hs10 22340425 23404254 0.353248
hs10 23404255 24468084 0.473770
hs10 24468085 25531913 0.706677
hs10 25531914 26595743 0.684525
hs10 26595744 27659573 0.547314
hs10 27659574 28723403 0.510457
hs10 28723404 29787233 0.122072
hs10 29787234 30851062 0.377881
hs10 30851063 31914892 0.393345
hs10 31914893 32978722 0.431233
hs10 32978723 34042552 0.421629
hs10 34042553 35106381 0.627816
hs10 35106382 36170211 0.503901
hs10 36170212 37234041 0.000000
hs10 37234042 38297871 0.145111
hs10 38297872 39361701 0.179176
hs10 39361702 40425530 0.000000
hs10 40425531 41489360 0.000000
hs10 41489361 42553190 0.136099
hs10 42553191 43617020 0.316288
hs10 43617021 44680850 0.014044
hs10 44680851 45744679 0.462184
hs10 45744680 46808509 0.352671
hs10 46808510 47872339 0.154544
hs10 47872340 48936169 0.276605
hs10 48936170 49999999 0.671504
hs10 50000000 51063828 0.734199
hs10 51063829 52127658 0.578104
hs10 52127659 53191488 0.816586
hs10 53191489 54255318 0.510882
hs10 54255319 55319147 0.081412
hs10 55319148 56382977 0.857195
hs10 56382978 57446807 0.000000
hs10 57446808 58510637 0.003607
hs10 58510638 59574467 0.000000
hs10 59574468 60638296 0.459762
hs10 60638297 61702126 0.545297
hs10 61702127 62765956 0.249932
hs10 62765957 63829786 0.420423
hs10 63829787 64893616 0.565300
hs10 64893617 65957445 0.100773
hs10 65957446 67021275 0.001270
hs10 67021276 68085105 0.691253
hs10 68085106 69148935 1.142971
hs10 69148936 70212764 0.711999
hs10 70212765 71276594 0.536532
hs10 71276595 72340424 0.628299
hs10 72340425 73404254 0.609977
hs10 73404255 74468084 0.730603
hs10 74468085 75531913 0.759286
hs10 75531914 76595743 0.848808
hs10 76595744 77659573 0.468021
hs10 77659574 78723403 0.706503
hs10 78723404 79787233 0.526815
hs10 79787234 80851062 0.393354
hs10 80851063 81914892 0.130691
hs10 81914893 82978722 0.274214
hs10 82978723 84042552 0.392454
hs10 84042553 85106381 0.652701
hs10 85106382 86170211 0.161238
hs10 86170212 87234041 0.092162
hs10 87234042 88297871 0.802352
hs10 88297872 89361701 0.600629
hs10 89361702 90425530 0.593217
hs10 90425531 91489360 0.490629
hs10 91489361 92553190 0.092077
hs10 92553191 93617020 0.606900
hs10 93617021 94680850 0.659328
hs10 94680851 95744679 0.489334
hs10 95744680 96808509 0.722840
hs10 96808510 97872339 0.635849
hs10 97872340 98936169 0.784318
hs10 98936170 99999999 0.655997
hs10 100000000 101063828 0.807735
hs10 101063829 102127658 0.636511
hs10 102127659 103191488 0.414512
hs10 103191489 104255318 0.730792
hs10 104255319 105319147 0.781824
hs10 105319148 106382977 0.670133
hs10 106382978 107446807 0.586688
hs10 107446808 108510637 0.175994
hs10 108510638 109574467 0.379426
hs10 109574468 110638296 0.000000
hs10 110638297 111702126 0.055262
hs10 111702127 112765956 0.575816
hs10 112765957 113829786 0.003642
hs10 113829787 114893616 0.698012
hs10 114893617 115957445 0.355024
hs10 115957446 117021275 0.690486
hs10 117021276 118085105 0.850768
hs10 118085106 119148935 0.479900
hs10 119148936 120212764 0.287795
hs10 120212765 121276594 0.475207
hs10 121276595 122340424 0.370393
hs10 122340425 123404254 0.167774
hs10 123404255 124468084 0.690146
hs10 124468085 125531913 0.271228
hs10 125531914 126595743 0.487131
hs10 126595744 127659573 0.468454
hs10 127659574 128723403 0.600314
hs10 128723404 129787233 0.640702
hs10 129787234 130851062 0.025591
hs10 130851063 131914892 0.443761
hs10 131914893 132978722 0.186194
hs10 132978723 134042552 0.285647
hs10 134042553 135106381 0.492100
hs10 135106382 136170211 0.102687
hs7 0 1063828 0.461529
hs7 1063829 2127658 0.521869
hs7 2127659 3191488 0.617964
hs7 3191489 4255318 0.890851
hs7 4255319 5319147 0.363849
hs7 5319148 6382977 0.712063
hs7 6382978 7446807 0.448764
hs7 7446808 8510637 0.524076
hs7 8510638 9574467 0.233572
hs7 9574468 10638296 0.001456
hs7 10638297 11702126 0.496594
hs7 11702127 12765956 0.303354
hs7 12765957 13829786 0.000000
hs7 13829787 14893616 0.748801
hs7 14893617 15957445 0.410942
hs7 15957446 17021275 0.479840
hs7 17021276 18085105 0.186436
hs7 18085106 19148935 0.473601
hs7 19148936 20212764 0.131268
hs7 20212765 21276594 0.227447
hs7 21276595 22340424 0.663742
hs7 22340425 23404254 0.382485
hs7 23404255 24468084 0.284052
hs7 24468085 25531913 0.388954
hs7 25531914 26595743 0.224415
hs7 26595744 27659573 0.375231
hs7 27659574 28723403 0.815796
hs7 28723404 29787233 0.589498
hs7 29787234 30851062 0.508871
hs7 30851063 31914892 0.386383
hs7 31914893 32978722 0.308820
hs7 32978723 34042552 0.662752
hs7 34042553 35106381 0.888785
hs7 35106382 36170211 0.225411
hs7 36170212 37234041 0.801495
hs7 37234042 38297871 0.359489
hs7 38297872 39361701 0.763552
hs7 39361702 40425530 0.655204
hs7 40425531 41489360 0.414871
hs7 41489361 42553190 0.353101
hs7 42553191 43617020 0.472093
hs7 43617021 44680850 0.728038
hs7 44680851 45744679 0.375385
hs7 45744680 46808509 0.042114
hs7 46808510 47872339 0.363722
hs7 47872340 48936169 0.597966
hs7 48936170 49999999 0.181174
hs7 50000000 51063828 0.584269
hs7 51063829 52127658 0.270890
hs7 52127659 53191488 0.001194
hs7 53191489 54255318 0.001127
hs7 54255319 55319147 0.208906
hs7 55319148 56382977 0.394277
hs7 56382978 57446807 0.056843
hs7 57446808 58510637 0.021981
hs7 58510638 59574467 0.000000
hs7 59574468 60638296 0.000000
hs7 60638297 61702126 0.000000
hs7 61702127 62765956 0.019625
hs7 62765957 63829786 0.199830
hs7 63829787 64893616 0.324144
hs7 64893617 65957445 0.455697
hs7 65957446 67021275 0.297796
hs7 67021276 68085105 0.000000
hs7 68085106 69148935 0.420270
hs7 69148936 70212764 0.702073
hs7 70212765 71276594 0.916482
hs7 71276595 72340424 0.768902
hs7 72340425 73404254 0.441132
hs7 73404255 74468084 0.644582
hs7 74468085 75531913 0.562652
hs7 75531914 76595743 0.386672
hs7 76595744 77659573 0.755297
hs7 77659574 78723403 1.011480
hs7 78723404 79787233 0.265089
hs7 79787234 80851062 0.288733
hs7 80851063 81914892 0.527927
hs7 81914893 82978722 0.523057
hs7 82978723 84042552 0.351798
hs7 84042553 85106381 0.118794
hs7 85106382 86170211 0.055504
hs7 86170212 87234041 0.853707
hs7 87234042 88297871 0.495346
hs7 88297872 89361701 0.476026
hs7 89361702 90425530 0.386003
hs7 90425531 91489360 0.325141
hs7 91489361 92553190 0.619176
hs7 92553191 93617020 0.355601
hs7 93617021 94680850 0.445709
hs7 94680851 95744679 0.680447
hs7 95744680 96808509 0.174907
hs7 96808510 97872339 0.281731
hs7 97872340 98936169 0.468867
hs7 98936170 99999999 0.611650
hs7 100000000 101063828 0.570426
hs7 101063829 102127658 0.700810
hs7 102127659 103191488 0.931712
hs7 103191489 104255318 0.757986
hs7 104255319 105319147 0.825779
hs7 105319148 106382977 0.165770
hs7 106382978 107446807 0.756252
hs7 107446808 108510637 0.454171
hs7 108510638 109574467 0.000929
hs7 109574468 110638296 0.547457
hs7 110638297 111702126 0.845846
hs7 111702127 112765956 0.269598
hs7 112765957 113829786 0.336870
hs7 113829787 114893616 0.363127
hs7 114893617 115957445 0.148878
hs7 115957446 117021275 0.736749
hs7 117021276 118085105 0.259078
hs7 118085106 119148935 0.000000
hs7 119148936 120212764 0.448067
hs7 120212765 121276594 0.439646
hs7 121276595 122340424 0.783848
hs7 122340425 123404254 0.352316
hs7 123404255 124468084 0.121939
hs7 124468085 125531913 0.000000
hs7 125531914 126595743 0.686158
hs7 126595744 127659573 0.540709
hs7 127659574 128723403 0.491674
hs7 128723404 129787233 0.628655
hs7 129787234 130851062 0.697564
hs7 130851063 131914892 0.467290
hs7 131914893 132978722 0.711263
hs7 132978723 134042552 0.640406
hs7 134042553 135106381 0.693065
hs7 135106382 136170211 0.095322
hs7 136170212 137234041 0.701201
hs7 137234042 138297871 0.551177
hs7 138297872 139361701 0.763478
hs7 139361702 140425530 0.536090
hs7 140425531 141489360 0.366306
hs7 141489361 142553190 0.153745
hs7 142553191 143617020 0.226525
hs7 143617021 144680850 0.394400
hs7 144680851 145744679 0.282277
hs7 145744680 146808509 1.000100
hs7 146808510 147872339 0.884079
hs7 147872340 148936169 0.464116
hs7 148936170 149999999 0.303962
hs7 150000000 151063828 0.625591
hs7 151063829 152127658 0.639006
hs7 152127659 153191488 0.052394
hs7 153191489 154255318 0.977570
hs7 154255319 155319147 0.335758
hs7 155319148 156382977 0.236556
hs7 156382978 157446807 0.622738
hs7 157446808 158510637 0.850825
hs7 158510638 159574467 0.110767
hs4 0 1063828 0.691904
hs4 1063829 2127658 0.576463
hs4 2127659 3191488 0.771849
hs4 3191489 4255318 0.230548
hs4 4255319 5319147 0.442448
hs4 5319148 6382977 0.760052
hs4 6382978 7446807 0.618385
hs4 7446808 8510637 0.868260
hs4 8510638 9574467 0.202150
hs4 9574468 10638296 0.311323
hs4 10638297 11702126 0.028807
hs4 11702127 12765956 0.000000
hs4 12765957 13829786 0.174755
hs4 13829787 14893616 0.063431
hs4 14893617 15957445 0.579618
hs4 15957446 17021275 0.373426
hs4 17021276 18085105 0.423446
hs4 18085106 19148935 0.000000
hs4 19148936 20212764 0.327630
hs4 20212765 21276594 0.923386
hs4 21276595 22340424 0.430691
hs4 22340425 23404254 0.085897
hs4 23404255 24468084 0.196199
hs4 24468085 25531913 0.455781
hs4 25531914 26595743 0.399844
hs4 26595744 27659573 0.037937
hs4 27659574 28723403 0.000000
hs4 28723404 29787233 0.000000
hs4 29787234 30851062 0.400805
hs4 30851063 31914892 0.000000
hs4 31914893 32978722 0.000000
hs4 32978723 34042552 0.000000
hs4 34042553 35106381 0.000000
hs4 35106382 36170211 0.227944
hs4 36170212 37234041 0.288104
hs4 37234042 38297871 0.399644
hs4 38297872 39361701 0.684397
hs4 39361702 40425530 0.588909
hs4 40425531 41489360 0.771157
hs4 41489361 42553190 0.529850
hs4 42553191 43617020 0.129149
hs4 43617021 44680850 0.329867
hs4 44680851 45744679 0.011409
hs4 45744680 46808509 0.513397
hs4 46808510 47872339 0.894868
hs4 47872340 48936169 0.564086
hs4 48936170 49999999 0.000000
hs4 50000000 51063828 0.000000
hs4 51063829 52127658 0.000000
hs4 52127659 53191488 0.188703
hs4 53191489 54255318 0.697250
hs4 54255319 55319147 0.197803
hs4 55319148 56382977 0.278357
hs4 56382978 57446807 0.497390
hs4 57446808 58510637 0.159928
hs4 58510638 59574467 0.000000
hs4 59574468 60638296 0.000000
hs4 60638297 61702126 0.000000
hs4 61702127 62765956 0.540811
hs4 62765957 63829786 0.000000
hs4 63829787 64893616 0.062828
hs4 64893617 65957445 0.144503
hs4 65957446 67021275 0.245155
hs4 67021276 68085105 0.060652
hs4 68085106 69148935 0.543285
hs4 69148936 70212764 0.172110
hs4 70212765 71276594 0.282180
hs4 71276595 72340424 0.424850
hs4 72340425 73404254 0.482996
hs4 73404255 74468084 0.421295
hs4 74468085 75531913 0.284145
hs4 75531914 76595743 0.172018
hs4 76595744 77659573 0.714890
hs4 77659574 78723403 0.439859
hs4 78723404 79787233 0.724104
hs4 79787234 80851062 0.157985
hs4 80851063 81914892 0.648571
hs4 81914893 82978722 0.354216
hs4 82978723 84042552 0.364517
hs4 84042553 85106381 0.357501
hs4 85106382 86170211 0.385811
hs4 86170212 87234041 0.569907
hs4 87234042 88297871 0.778505
hs4 88297872 89361701 0.406513
hs4 89361702 90425530 0.614083
hs4 90425531 91489360 0.393143
hs4 91489361 92553190 1.000591
hs4 92553191 93617020 0.339952
hs4 93617021 94680850 1.000000
hs4 94680851 95744679 0.482705
hs4 95744680 96808509 0.793990
hs4 96808510 97872339 0.001305
hs4 97872340 98936169 0.222894
hs4 98936170 99999999 0.674945
hs4 100000000 101063828 0.420022
hs4 101063829 102127658 0.145390
hs4 102127659 103191488 0.549661
hs4 103191489 104255318 0.633412
hs4 104255319 105319147 0.201204
hs4 105319148 106382977 0.107830
hs4 106382978 107446807 0.681061
hs4 107446808 108510637 0.149096
hs4 108510638 109574467 0.371073
hs4 109574468 110638296 0.642179
hs4 110638297 111702126 0.609844
hs4 111702127 112765956 0.020441
hs4 112765957 113829786 0.337315
hs4 113829787 114893616 0.815668
hs4 114893617 115957445 0.157023
hs4 115957446 117021275 0.268941
hs4 117021276 118085105 0.000041
hs4 118085106 119148935 0.001906
hs4 119148936 120212764 0.607349
hs4 120212765 121276594 0.272323
hs4 121276595 122340424 0.313388
hs4 122340425 123404254 0.321035
hs4 123404255 124468084 0.635573
hs4 124468085 125531913 0.267463
hs4 125531914 126595743 0.176166
hs4 126595744 127659573 0.035526
hs4 127659574 128723403 0.000000
hs4 128723404 129787233 0.451843
hs4 129787234 130851062 0.276578
hs4 130851063 131914892 0.000000
hs4 131914893 132978722 0.000000
hs4 132978723 134042552 0.000000
hs4 134042553 135106381 0.039728
hs4 135106382 136170211 0.005091
hs4 136170212 137234041 0.000000
hs4 137234042 138297871 0.000000
hs4 138297872 139361701 0.066330
hs4 139361702 140425530 0.138479
hs4 140425531 141489360 0.697518
hs4 141489361 142553190 0.497037
hs4 142553191 143617020 0.512534
hs4 143617021 144680850 0.537330
hs4 144680851 145744679 0.214143
hs4 145744680 146808509 0.367868
hs4 146808510 147872339 0.508517
hs4 147872340 148936169 0.381016
hs4 148936170 149999999 0.602508
hs4 150000000 151063828 0.000000
hs4 151063829 152127658 0.849677
hs4 152127659 153191488 0.469111
hs4 153191489 154255318 0.419923
hs4 154255319 155319147 0.478204
hs4 155319148 156382977 0.340644
hs4 156382978 157446807 0.222172
hs4 157446808 158510637 0.424168
hs4 158510638 159574467 0.091336
hs4 159574468 160638296 0.524672
hs4 160638297 161702126 0.000000
hs4 161702127 162765956 0.226971
hs4 162765957 163829786 0.506359
hs4 163829787 164893616 0.295522
hs4 164893617 165957445 0.593090
hs4 165957446 167021275 0.312171
hs4 167021276 168085105 0.392134
hs4 168085106 169148935 0.288778
hs4 169148936 170212764 0.729002
hs4 170212765 171276594 0.558950
hs4 171276595 172340424 0.000000
hs4 172340425 173404254 0.407120
hs4 173404255 174468084 0.879357
hs4 174468085 175531913 0.138838
hs4 175531914 176595743 0.263021
hs4 176595744 177659573 0.658184
hs4 177659574 178723403 0.163595
hs4 178723404 179787233 0.246274
hs4 179787234 180851062 0.000000
hs4 180851063 181914892 0.000000
hs4 181914893 182978722 0.000000
hs4 182978723 184042552 0.455562
hs4 184042553 185106381 0.359909
hs4 185106382 186170211 0.436168
hs4 186170212 187234041 0.668363
hs4 187234042 188297871 0.255144
hs4 188297872 189361701 0.029433
hs4 189361702 190425530 0.000000
hs4 190425531 191489360 0.083572
hs16 0 1063828 0.700040
hs16 1063829 2127658 0.733220
hs16 2127659 3191488 0.626250
hs16 3191489 4255318 0.633324
hs16 4255319 5319147 0.633122
hs16 5319148 6382977 0.351415
hs16 6382978 7446807 1.000000
hs16 7446808 8510637 0.241142
hs16 8510638 9574467 0.288335
hs16 9574468 10638296 0.513066
hs16 10638297 11702126 0.486864
hs16 11702127 12765956 0.803992
hs16 12765957 13829786 0.355401
hs16 13829787 14893616 0.509162
hs16 14893617 15957445 0.579627
hs16 15957446 17021275 0.321368
hs16 17021276 18085105 0.346445
hs16 18085106 19148935 0.384238
hs16 19148936 20212764 0.526708
hs16 20212765 21276594 0.731995
hs16 21276595 22340424 0.562391
hs16 22340425 23404254 0.486318
hs16 23404255 24468084 0.657365
hs16 24468085 25531913 0.358582
hs16 25531914 26595743 0.418924
hs16 26595744 27659573 0.416911
hs16 27659574 28723403 0.608598
hs16 28723404 29787233 0.370269
hs16 29787234 30851062 0.539606
hs16 30851063 31914892 0.432240
hs16 31914893 32978722 0.015209
hs16 32978723 34042552 0.013690
hs16 34042553 35106381 0.030498
hs16 35106382 36170211 0.000000
hs16 36170212 37234041 0.000000
hs16 37234042 38297871 0.000000
hs16 38297872 39361701 0.000000
hs16 39361702 40425530 0.000000
hs16 40425531 41489360 0.000000
hs16 41489361 42553190 0.000000
hs16 42553191 43617020 0.000000
hs16 43617021 44680850 0.000000
hs16 44680851 45744679 0.358868
hs16 45744680 46808509 0.620336
hs16 46808510 47872339 0.212964
hs16 47872340 48936169 0.519328
hs16 48936170 49999999 0.222459
hs16 50000000 51063828 0.032346
hs16 51063829 52127658 0.392026
hs16 52127659 53191488 0.486570
hs16 53191489 54255318 0.116516
hs16 54255319 55319147 0.519593
hs16 55319148 56382977 0.730278
hs16 56382978 57446807 0.458355
hs16 57446808 58510637 0.000987
hs16 58510638 59574467 0.000000
hs16 59574468 60638296 0.359835
hs16 60638297 61702126 0.000000
hs16 61702127 62765956 0.000000
hs16 62765957 63829786 0.164724
hs16 63829787 64893616 0.274295
hs16 64893617 65957445 0.715722
hs16 65957446 67021275 0.843969
hs16 67021276 68085105 0.692523
hs16 68085106 69148935 0.728518
hs16 69148936 70212764 0.709157
hs16 70212765 71276594 0.424643
hs16 71276595 72340424 0.260544
hs16 72340425 73404254 0.333051
hs16 73404255 74468084 0.535520
hs16 74468085 75531913 0.265043
hs16 75531914 76595743 0.363396
hs16 76595744 77659573 0.919395
hs16 77659574 78723403 0.142288
hs16 78723404 79787233 0.562320
hs16 79787234 80851062 0.645482
hs16 80851063 81914892 0.655006
hs16 81914893 82978722 0.737388
hs16 82978723 84042552 0.430802
hs16 84042553 85106381 0.177920
hs16 85106382 86170211 0.181297
hs16 86170212 87234041 0.500841
hs16 87234042 88297871 0.721474
hs16 88297872 89361701 0.305560
hs20 0 1063828 0.322214
hs20 1063829 2127658 0.389327
hs20 2127659 3191488 0.625404
hs20 3191489 4255318 0.597649
hs20 4255319 5319147 0.314983
hs20 5319148 6382977 0.337709
hs20 6382978 7446807 0.011437
hs20 7446808 8510637 0.512757
hs20 8510638 9574467 0.788665
hs20 9574468 10638296 0.523579
hs20 10638297 11702126 0.000000
hs20 11702127 12765956 0.033622
hs20 12765957 13829786 0.603399
hs20 13829787 14893616 1.008222
hs20 14893617 15957445 0.999999
hs20 15957446 17021275 0.320488
hs20 17021276 18085105 0.539820
hs20 18085106 19148935 0.395904
hs20 19148936 20212764 0.871771
hs20 20212765 21276594 0.530683
hs20 21276595 22340424 0.064585
hs20 22340425 23404254 0.104411
hs20 23404255 24468084 0.119471
hs20 24468085 25531913 0.550643
hs20 25531914 26595743 0.118951
hs20 26595744 27659573 0.000000
hs20 27659574 28723403 0.020802
hs20 28723404 29787233 0.180965
hs20 29787234 30851062 0.613748
hs20 30851063 31914892 0.567655
hs20 31914893 32978722 0.615790
hs20 32978723 34042552 0.792073
hs20 34042553 35106381 0.699159
hs20 35106382 36170211 0.591342
hs20 36170212 37234041 0.548453
hs20 37234042 38297871 0.010311
hs20 38297872 39361701 0.244013
hs20 39361702 40425530 0.501679
hs20 40425531 41489360 0.776855
hs20 41489361 42553190 0.520924
hs20 42553191 43617020 0.551672
hs20 43617021 44680850 0.530421
hs20 44680851 45744679 0.678086
hs20 45744680 46808509 0.234180
hs20 46808510 47872339 0.605478
hs20 47872340 48936169 0.445868
hs20 48936170 49999999 0.420851
hs20 50000000 51063828 0.140551
hs20 51063829 52127658 0.580928
hs20 52127659 53191488 0.195490
hs20 53191489 54255318 0.007067
hs20 54255319 55319147 0.273000
hs20 55319148 56382977 0.298274
hs20 56382978 57446807 0.384030
hs20 57446808 58510637 0.370412
hs20 58510638 59574467 0.294704
hs20 59574468 60638296 0.700605
hs20 60638297 61702126 0.550013
hs20 61702127 62765956 0.467301
hs13 0 1063828 0.000000
hs13 1063829 2127658 0.000000
hs13 2127659 3191488 0.000000
hs13 3191489 4255318 0.000000
hs13 4255319 5319147 0.000000
hs13 5319148 6382977 0.000000
hs13 6382978 7446807 0.000000
hs13 7446808 8510637 0.000000
hs13 8510638 9574467 0.000000
hs13 9574468 10638296 0.000000
hs13 10638297 11702126 0.000000
hs13 11702127 12765956 0.000000
hs13 12765957 13829786 0.000000
hs13 13829787 14893616 0.000000
hs13 14893617 15957445 0.000000
hs13 15957446 17021275 0.000000
hs13 17021276 18085105 0.000000
hs13 18085106 19148935 0.338408
hs13 19148936 20212764 0.555724
hs13 20212765 21276594 0.479008
hs13 21276595 22340424 0.000000
hs13 22340425 23404254 0.491416
hs13 23404255 24468084 0.466491
hs13 24468085 25531913 0.698944
hs13 25531914 26595743 0.330459
hs13 26595744 27659573 0.359403
hs13 27659574 28723403 0.534039
hs13 28723404 29787233 0.500128
hs13 29787234 30851062 0.311100
hs13 30851063 31914892 0.536999
hs13 31914893 32978722 0.493379
hs13 32978723 34042552 0.139582
hs13 34042553 35106381 0.803552
hs13 35106382 36170211 0.872863
hs13 36170212 37234041 0.337320
hs13 37234042 38297871 0.244212
hs13 38297872 39361701 0.491380
hs13 39361702 40425530 0.428788
hs13 40425531 41489360 0.581612
hs13 41489361 42553190 0.422512
hs13 42553191 43617020 0.627615
hs13 43617021 44680850 0.331145
hs13 44680851 45744679 0.548402
hs13 45744680 46808509 0.314914
hs13 46808510 47872339 0.200052
hs13 47872340 48936169 0.562850
hs13 48936170 49999999 0.441431
hs13 50000000 51063828 0.416029
hs13 51063829 52127658 0.640796
hs13 52127659 53191488 0.091464
hs13 53191489 54255318 0.000073
hs13 54255319 55319147 0.000000
hs13 55319148 56382977 0.000000
hs13 56382978 57446807 0.162482
hs13 57446808 58510637 0.000000
hs13 58510638 59574467 0.410540
hs13 59574468 60638296 0.224731
hs13 60638297 61702126 0.005488
hs13 61702127 62765956 0.000000
hs13 62765957 63829786 0.004827
hs13 63829787 64893616 0.000000
hs13 64893617 65957445 0.171530
hs13 65957446 67021275 0.700323
hs13 67021276 68085105 0.000000
hs13 68085106 69148935 0.214832
hs13 69148936 70212764 0.414016
hs13 70212765 71276594 0.344507
hs13 71276595 72340424 0.255896
hs13 72340425 73404254 0.388041
hs13 73404255 74468084 0.189704
hs13 74468085 75531913 0.477797
hs13 75531914 76595743 0.111264
hs13 76595744 77659573 0.431444
hs13 77659574 78723403 0.406564
hs13 78723404 79787233 0.169849
hs13 79787234 80851062 0.004677
hs13 80851063 81914892 0.000000
hs13 81914893 82978722 0.000000
hs13 82978723 84042552 0.395121
hs13 84042553 85106381 0.000000
hs13 85106382 86170211 0.006169
hs13 86170212 87234041 0.006582
hs13 87234042 88297871 0.000000
hs13 88297872 89361701 0.000000
hs13 89361702 90425530 0.033597
hs13 90425531 91489360 0.608801
hs13 91489361 92553190 0.778438
hs13 92553191 93617020 0.883546
hs13 93617021 94680850 0.511994
hs13 94680851 95744679 0.805418
hs13 95744680 96808509 0.648321
hs13 96808510 97872339 0.395418
hs13 97872340 98936169 0.676691
hs13 98936170 99999999 0.760685
hs13 100000000 101063828 0.558889
hs13 101063829 102127658 0.812405
hs13 102127659 103191488 0.163786
hs13 103191489 104255318 0.000000
hs13 104255319 105319147 0.023659
hs13 105319148 106382977 0.065891
hs13 106382978 107446807 0.656667
hs13 107446808 108510637 0.496598
hs13 108510638 109574467 0.169624
hs13 109574468 110638296 0.578589
hs13 110638297 111702126 0.132885
hs13 111702127 112765956 0.465388
hs13 112765957 113829786 0.602440
hs13 113829787 114893616 0.151572
hs18 0 1063828 0.476894
hs18 1063829 2127658 0.085841
hs18 2127659 3191488 0.496635
hs18 3191489 4255318 0.445935
hs18 4255319 5319147 0.066100
hs18 5319148 6382977 0.556287
hs18 6382978 7446807 0.263199
hs18 7446808 8510637 0.795017
hs18 8510638 9574467 0.463817
hs18 9574468 10638296 0.276290
hs18 10638297 11702126 0.471420
hs18 11702127 12765956 0.589236
hs18 12765957 13829786 0.759979
hs18 13829787 14893616 0.237077
hs18 14893617 15957445 0.011623
hs18 15957446 17021275 0.152384
hs18 17021276 18085105 0.551146
hs18 18085106 19148935 0.227800
hs18 19148936 20212764 0.890465
hs18 20212765 21276594 0.334234
hs18 21276595 22340424 0.329655
hs18 22340425 23404254 0.473709
hs18 23404255 24468084 0.212926
hs18 24468085 25531913 0.000000
hs18 25531914 26595743 0.000048
hs18 26595744 27659573 0.330799
hs18 27659574 28723403 0.512324
hs18 28723404 29787233 0.727893
hs18 29787234 30851062 0.666405
hs18 30851063 31914892 0.372765
hs18 31914893 32978722 0.919211
hs18 32978723 34042552 0.379345
hs18 34042553 35106381 0.061567
hs18 35106382 36170211 0.450801
hs18 36170212 37234041 0.000000
hs18 37234042 38297871 0.156581
hs18 38297872 39361701 0.359293
hs18 39361702 40425530 0.000000
hs18 40425531 41489360 0.403201
hs18 41489361 42553190 0.719465
hs18 42553191 43617020 0.305308
hs18 43617021 44680850 0.406453
hs18 44680851 45744679 0.621261
hs18 45744680 46808509 0.564890
hs18 46808510 47872339 0.073281
hs18 47872340 48936169 0.766693
hs18 48936170 49999999 0.418798
hs18 50000000 51063828 0.223852
hs18 51063829 52127658 0.322448
hs18 52127659 53191488 0.408036
hs18 53191489 54255318 0.594647
hs18 54255319 55319147 0.496579
hs18 55319148 56382977 0.190128
hs18 56382978 57446807 0.060716
hs18 57446808 58510637 0.429381
hs18 58510638 59574467 0.585382
hs18 59574468 60638296 0.173391
hs18 60638297 61702126 0.122848
hs18 61702127 62765956 0.093903
hs18 62765957 63829786 0.009541
hs18 63829787 64893616 0.358485
hs18 64893617 65957445 0.636855
hs18 65957446 67021275 0.101328
hs18 67021276 68085105 0.000000
hs18 68085106 69148935 0.120165
hs18 69148936 70212764 0.156964
hs18 70212765 71276594 0.610073
hs18 71276595 72340424 0.129254
hs18 72340425 73404254 0.330709
hs18 73404255 74468084 0.000000
hs18 74468085 75531913 0.432738
hs18 75531914 76595743 0.329392
hs3 0 1063828 0.199702
hs3 1063829 2127658 0.301800
hs3 2127659 3191488 0.972830
hs3 3191489 4255318 0.049990
hs3 4255319 5319147 0.539301
hs3 5319148 6382977 0.000000
hs3 6382978 7446807 0.534867
hs3 7446808 8510637 0.549162
hs3 8510638 9574467 0.624436
hs3 9574468 10638296 0.695056
hs3 10638297 11702126 0.671468
hs3 11702127 12765956 0.567258
hs3 12765957 13829786 0.513402
hs3 13829787 14893616 0.551863
hs3 14893617 15957445 0.714791
hs3 15957446 17021275 0.413865
hs3 17021276 18085105 0.631128
hs3 18085106 19148935 0.085529
hs3 19148936 20212764 0.613103
hs3 20212765 21276594 0.000000
hs3 21276595 22340424 0.311410
hs3 22340425 23404254 0.173400
hs3 23404255 24468084 0.648742
hs3 24468085 25531913 0.122567
hs3 25531914 26595743 0.210922
hs3 26595744 27659573 0.306267
hs3 27659574 28723403 0.230734
hs3 28723404 29787233 0.460062
hs3 29787234 30851062 0.409526
hs3 30851063 31914892 0.376690
hs3 31914893 32978722 0.548092
hs3 32978723 34042552 0.625202
hs3 34042553 35106381 0.000000
hs3 35106382 36170211 0.143092
hs3 36170212 37234041 0.471649
hs3 37234042 38297871 0.836972
hs3 38297872 39361701 0.551208
hs3 39361702 40425530 0.520797
hs3 40425531 41489360 0.311492
hs3 41489361 42553190 0.638965
hs3 42553191 43617020 0.642885
hs3 43617021 44680850 0.308137
hs3 44680851 45744679 0.588176
hs3 45744680 46808509 0.353542
hs3 46808510 47872339 0.795654
hs3 47872340 48936169 0.701349
hs3 48936170 49999999 0.817173
hs3 50000000 51063828 0.810518
hs3 51063829 52127658 0.683630
hs3 52127659 53191488 0.790332
hs3 53191489 54255318 0.666670
hs3 54255319 55319147 0.794988
hs3 55319148 56382977 0.836085
hs3 56382978 57446807 0.827974
hs3 57446808 58510637 0.683807
hs3 58510638 59574467 0.333250
hs3 59574468 60638296 0.872529
hs3 60638297 61702126 0.708499
hs3 61702127 62765956 0.920624
hs3 62765957 63829786 0.477138
hs3 63829787 64893616 0.423868
hs3 64893617 65957445 0.603951
hs3 65957446 67021275 0.546558
hs3 67021276 68085105 0.288636
hs3 68085106 69148935 0.733692
hs3 69148936 70212764 0.507791
hs3 70212765 71276594 0.177820
hs3 71276595 72340424 0.497752
hs3 72340425 73404254 0.309161
hs3 73404255 74468084 0.297130
hs3 74468085 75531913 0.173852
hs3 75531914 76595743 0.060884
hs3 76595744 77659573 0.458336
hs3 77659574 78723403 0.112593
hs3 78723404 79787233 0.994668
hs3 79787234 80851062 0.105765
hs3 80851063 81914892 0.255776
hs3 81914893 82978722 0.000000
hs3 82978723 84042552 0.000000
hs3 84042553 85106381 0.014626
hs3 85106382 86170211 1.000000
hs3 86170212 87234041 0.083840
hs3 87234042 88297871 0.072626
hs3 88297872 89361701 0.114999
hs3 89361702 90425530 0.237137
hs3 90425531 91489360 0.000000
hs3 91489361 92553190 0.000000
hs3 92553191 93617020 0.000000
hs3 93617021 94680850 0.000000
hs3 94680851 95744679 0.243938
hs3 95744680 96808509 0.049879
hs3 96808510 97872339 0.000000
hs3 97872340 98936169 0.864853
hs3 98936170 99999999 0.274051
hs3 100000000 101063828 0.314471
hs3 101063829 102127658 1.073892
hs3 102127659 103191488 0.550873
hs3 103191489 104255318 0.049632
hs3 104255319 105319147 0.000000
hs3 105319148 106382977 0.000000
hs3 106382978 107446807 0.395564
hs3 107446808 108510637 0.187299
hs3 108510638 109574467 0.535550
hs3 109574468 110638296 0.570713
hs3 110638297 111702126 0.054904
hs3 111702127 112765956 0.079469
hs3 112765957 113829786 0.860467
hs3 113829787 114893616 0.532142
hs3 114893617 115957445 0.781967
hs3 115957446 117021275 0.476517
hs3 117021276 118085105 0.595069
hs3 118085106 119148935 0.000000
hs3 119148936 120212764 0.103961
hs3 120212765 121276594 0.817225
hs3 121276595 122340424 0.533120
hs3 122340425 123404254 0.810664
hs3 123404255 124468084 0.778487
hs3 124468085 125531913 0.789717
hs3 125531914 126595743 0.877424
hs3 126595744 127659573 0.399444
hs3 127659574 128723403 0.444122
hs3 128723404 129787233 0.596833
hs3 129787234 130851062 0.505586
hs3 130851063 131914892 0.591617
hs3 131914893 132978722 0.738820
hs3 132978723 134042552 0.678224
hs3 134042553 135106381 0.646556
hs3 135106382 136170211 0.501965
hs3 136170212 137234041 0.337056
hs3 137234042 138297871 0.784333
hs3 138297872 139361701 0.092077
hs3 139361702 140425530 0.526648
hs3 140425531 141489360 0.528401
hs3 141489361 142553190 0.496742
hs3 142553191 143617020 0.660297
hs3 143617021 144680850 0.669982
hs3 144680851 145744679 0.366397
hs3 145744680 146808509 0.000000
hs3 146808510 147872339 0.247770
hs3 147872340 148936169 0.026227
hs3 148936170 149999999 0.042426
hs3 150000000 151063828 0.548240
hs3 151063829 152127658 0.276513
hs3 152127659 153191488 0.687620
hs3 153191489 154255318 0.196600
hs3 154255319 155319147 0.022974
hs3 155319148 156382977 0.357386
hs3 156382978 157446807 0.459652
hs3 157446808 158510637 0.590303
hs3 158510638 159574467 0.500278
hs3 159574468 160638296 0.642999
hs3 160638297 161702126 0.623354
hs3 161702127 162765956 0.438983
hs3 162765957 163829786 0.000000
hs3 163829787 164893616 0.000000
hs3 164893617 165957445 0.000000
hs3 165957446 167021275 0.148006
hs3 167021276 168085105 0.015672
hs3 168085106 169148935 0.458528
hs3 169148936 170212764 0.626909
hs3 170212765 171276594 0.738998
hs3 171276595 172340424 0.468691
hs3 172340425 173404254 0.667625
hs3 173404255 174468084 0.582193
hs3 174468085 175531913 0.831782
hs3 175531914 176595743 0.503784
hs3 176595744 177659573 0.385756
hs3 177659574 178723403 0.165918
hs3 178723404 179787233 0.047298
hs3 179787234 180851062 0.563993
hs3 180851063 181914892 0.420382
hs3 181914893 182978722 0.191657
hs3 182978723 184042552 0.045655
hs3 184042553 185106381 0.761093
hs3 185106382 186170211 0.458642
hs3 186170212 187234041 0.610893
hs3 187234042 188297871 0.536914
hs3 188297872 189361701 0.130766
hs3 189361702 190425530 0.737706
hs3 190425531 191489360 0.498282
hs3 191489361 192553190 0.319642
hs3 192553191 193617020 0.301647
hs3 193617021 194680850 0.607528
hs3 194680851 195744679 0.272683
hs3 195744680 196808509 0.466550
hs3 196808510 197872339 0.487153
hs3 197872340 198936169 0.596723
hs3 198936170 199999999 0.330665
hs9 0 1063828 0.681937
hs9 1063829 2127658 0.114979
hs9 2127659 3191488 0.213934
hs9 3191489 4255318 0.700425
hs9 4255319 5319147 0.470424
hs9 5319148 6382977 0.464111
hs9 6382978 7446807 0.622203
hs9 7446808 8510637 0.197120
hs9 8510638 9574467 1.000000
hs9 9574468 10638296 0.966561
hs9 10638297 11702126 0.000000
hs9 11702127 12765956 0.016758
hs9 12765957 13829786 0.180261
hs9 13829787 14893616 0.457264
hs9 14893617 15957445 0.630204
hs9 15957446 17021275 0.437795
hs9 17021276 18085105 0.551827
hs9 18085106 19148935 0.569170
hs9 19148936 20212764 0.377788
hs9 20212765 21276594 0.610358
hs9 21276595 22340424 0.319443
hs9 22340425 23404254 0.005296
hs9 23404255 24468084 0.127802
hs9 24468085 25531913 0.000000
hs9 25531914 26595743 0.002323
hs9 26595744 27659573 0.591675
hs9 27659574 28723403 0.724530
hs9 28723404 29787233 0.000148
hs9 29787234 30851062 0.000000
hs9 30851063 31914892 0.000000
hs9 31914893 32978722 0.185214
hs9 32978723 34042552 0.798507
hs9 34042553 35106381 0.511054
hs9 35106382 36170211 0.637319
hs9 36170212 37234041 0.538532
hs9 37234042 38297871 0.578839
hs9 38297872 39361701 0.282622
hs9 39361702 40425530 0.040981
hs9 40425531 41489360 0.043834
hs9 41489361 42553190 0.180818
hs9 42553191 43617020 0.136042
hs9 43617021 44680850 0.057272
hs9 44680851 45744679 0.002361
hs9 45744680 46808509 0.057150
hs9 46808510 47872339 0.000000
hs9 47872340 48936169 0.000000
hs9 48936170 49999999 0.000000
hs9 50000000 51063828 0.000000
hs9 51063829 52127658 0.000000
hs9 52127659 53191488 0.000000
hs9 53191489 54255318 0.000000
hs9 54255319 55319147 0.000000
hs9 55319148 56382977 0.000000
hs9 56382978 57446807 0.000000
hs9 57446808 58510637 0.000000
hs9 58510638 59574467 0.000000
hs9 59574468 60638296 0.000000
hs9 60638297 61702126 0.000000
hs9 61702127 62765956 0.000000
hs9 62765957 63829786 0.000000
hs9 63829787 64893616 0.000000
hs9 64893617 65957445 0.025122
hs9 65957446 67021275 0.045757
hs9 67021276 68085105 0.082603
hs9 68085106 69148935 0.180427
hs9 69148936 70212764 0.226502
hs9 70212765 71276594 0.701953
hs9 71276595 72340424 0.607586
hs9 72340425 73404254 0.550860
hs9 73404255 74468084 0.435878
hs9 74468085 75531913 0.229280
hs9 75531914 76595743 0.242878
hs9 76595744 77659573 0.220494
hs9 77659574 78723403 0.655003
hs9 78723404 79787233 0.686167
hs9 79787234 80851062 0.105962
hs9 80851063 81914892 0.145493
hs9 81914893 82978722 0.000000
hs9 82978723 84042552 0.123273
hs9 84042553 85106381 0.126885
hs9 85106382 86170211 0.574410
hs9 86170212 87234041 0.336579
hs9 87234042 88297871 0.474389
hs9 88297872 89361701 0.100313
hs9 89361702 90425530 0.310674
hs9 90425531 91489360 0.377330
hs9 91489361 92553190 0.064042
hs9 92553191 93617020 0.330953
hs9 93617021 94680850 0.859352
hs9 94680851 95744679 0.501404
hs9 95744680 96808509 0.541005
hs9 96808510 97872339 0.506470
hs9 97872340 98936169 0.463724
hs9 98936170 99999999 0.609578
hs9 100000000 101063828 0.728117
hs9 101063829 102127658 0.430716
hs9 102127659 103191488 0.457132
hs9 103191489 104255318 0.234677
hs9 104255319 105319147 0.021788
hs9 105319148 106382977 0.048024
hs9 106382978 107446807 0.477124
hs9 107446808 108510637 0.076392
hs9 108510638 109574467 0.190128
hs9 109574468 110638296 0.000000
hs9 110638297 111702126 0.876421
hs9 111702127 112765956 0.883595
hs9 112765957 113829786 0.475331
hs9 113829787 114893616 0.670356
hs9 114893617 115957445 0.563045
hs9 115957446 117021275 0.555585
hs9 117021276 118085105 0.328548
hs9 118085106 119148935 0.991761
hs9 119148936 120212764 0.076618
hs9 120212765 121276594 0.190663
hs9 121276595 122340424 0.140559
hs9 122340425 123404254 0.628513
hs9 123404255 124468084 0.975384
hs9 124468085 125531913 0.733547
hs9 125531914 126595743 0.659982
hs9 126595744 127659573 0.816285
hs9 127659574 128723403 0.415134
hs9 128723404 129787233 0.864613
hs9 129787234 130851062 0.729383
hs9 130851063 131914892 0.448305
hs9 131914893 132978722 0.518058
hs9 132978723 134042552 0.611491
hs9 134042553 135106381 0.748438
hs9 135106382 136170211 0.579681
hs9 136170212 137234041 0.355490
hs9 137234042 138297871 0.386399
hs9 138297872 139361701 0.596555
hs9 139361702 140425530 0.717537
hs15 0 1063828 0.000000
hs15 1063829 2127658 0.000000
hs15 2127659 3191488 0.000000
hs15 3191489 4255318 0.000000
hs15 4255319 5319147 0.000000
hs15 5319148 6382977 0.000000
hs15 6382978 7446807 0.000000
hs15 7446808 8510637 0.000000
hs15 8510638 9574467 0.000000
hs15 9574468 10638296 0.000000
hs15 10638297 11702126 0.000000
hs15 11702127 12765956 0.000000
hs15 12765957 13829786 0.000000
hs15 13829787 14893616 0.000000
hs15 14893617 15957445 0.000000
hs15 15957446 17021275 0.000000
hs15 17021276 18085105 0.000000
hs15 18085106 19148935 0.035252
hs15 19148936 20212764 0.209922
hs15 20212765 21276594 0.362291
hs15 21276595 22340424 0.013196
hs15 22340425 23404254 0.346042
hs15 23404255 24468084 0.294023
hs15 24468085 25531913 0.816743
hs15 25531914 26595743 0.571129
hs15 26595744 27659573 0.629417
hs15 27659574 28723403 0.306507
hs15 28723404 29787233 0.390703
hs15 29787234 30851062 0.279806
hs15 30851063 31914892 0.771496
hs15 31914893 32978722 0.651761
hs15 32978723 34042552 0.241065
hs15 34042553 35106381 0.383517
hs15 35106382 36170211 0.085144
hs15 36170212 37234041 0.202369
hs15 37234042 38297871 0.477322
hs15 38297872 39361701 0.612424
hs15 39361702 40425530 0.761960
hs15 40425531 41489360 0.848103
hs15 41489361 42553190 0.783191
hs15 42553191 43617020 0.510001
hs15 43617021 44680850 0.182505
hs15 44680851 45744679 0.335615
hs15 45744680 46808509 0.446866
hs15 46808510 47872339 0.806051
hs15 47872340 48936169 0.693665
hs15 48936170 49999999 0.691581
hs15 50000000 51063828 0.593735
hs15 51063829 52127658 0.264319
hs15 52127659 53191488 0.545614
hs15 53191489 54255318 0.666107
hs15 54255319 55319147 0.602601
hs15 55319148 56382977 0.495341
hs15 56382978 57446807 0.747831
hs15 57446808 58510637 0.196764
hs15 58510638 59574467 0.741677
hs15 59574468 60638296 0.200923
hs15 60638297 61702126 0.501206
hs15 61702127 62765956 0.840858
hs15 62765957 63829786 0.651422
hs15 63829787 64893616 0.696056
hs15 64893617 65957445 0.666310
hs15 65957446 67021275 0.500976
hs15 67021276 68085105 0.385116
hs15 68085106 69148935 0.328914
hs15 69148936 70212764 0.908111
hs15 70212765 71276594 0.520539
hs15 71276595 72340424 0.539111
hs15 72340425 73404254 0.474250
hs15 73404255 74468084 0.713743
hs15 74468085 75531913 0.745630
hs15 75531914 76595743 0.363170
hs15 76595744 77659573 0.377872
hs15 77659574 78723403 0.371366
hs15 78723404 79787233 0.407773
hs15 79787234 80851062 0.410334
hs15 80851063 81914892 0.616604
hs15 81914893 82978722 0.622613
hs15 82978723 84042552 0.677219
hs15 84042553 85106381 0.664478
hs15 85106382 86170211 0.253485
hs15 86170212 87234041 0.512373
hs15 87234042 88297871 0.534333
hs15 88297872 89361701 0.598869
hs15 89361702 90425530 0.408039
hs15 90425531 91489360 0.386996
hs15 91489361 92553190 0.000000
hs15 92553191 93617020 0.174607
hs15 93617021 94680850 0.080363
hs15 94680851 95744679 0.005463
hs15 95744680 96808509 0.146216
hs15 96808510 97872339 0.657854
hs15 97872340 98936169 0.661411
hs15 98936170 99999999 0.510908
hs15 100000000 101063828 0.097911
hs5 0 1063828 0.516306
hs5 1063829 2127658 0.374768
hs5 2127659 3191488 0.008217
hs5 3191489 4255318 0.005030
hs5 4255319 5319147 0.151664
hs5 5319148 6382977 0.132750
hs5 6382978 7446807 0.166152
hs5 7446808 8510637 0.465745
hs5 8510638 9574467 0.457151
hs5 9574468 10638296 0.455563
hs5 10638297 11702126 0.781943
hs5 11702127 12765956 0.369395
hs5 12765957 13829786 0.167969
hs5 13829787 14893616 0.694284
hs5 14893617 15957445 0.409288
hs5 15957446 17021275 0.545662
hs5 17021276 18085105 0.137796
hs5 18085106 19148935 0.000000
hs5 19148936 20212764 0.484286
hs5 20212765 21276594 0.000000
hs5 21276595 22340424 0.651897
hs5 22340425 23404254 0.516120
hs5 23404255 24468084 0.019725
hs5 24468085 25531913 0.148241
hs5 25531914 26595743 0.000000
hs5 26595744 27659573 0.148503
hs5 27659574 28723403 0.000000
hs5 28723404 29787233 0.000000
hs5 29787234 30851062 0.000000
hs5 30851063 31914892 0.344064
hs5 31914893 32978722 0.521653
hs5 32978723 34042552 0.427172
hs5 34042553 35106381 0.355303
hs5 35106382 36170211 0.490869
hs5 36170212 37234041 0.484186
hs5 37234042 38297871 0.499593
hs5 38297872 39361701 0.663692
hs5 39361702 40425530 0.086732
hs5 40425531 41489360 0.495982
hs5 41489361 42553190 0.305333
hs5 42553191 43617020 0.529724
hs5 43617021 44680850 0.175374
hs5 44680851 45744679 0.416853
hs5 45744680 46808509 0.000000
hs5 46808510 47872339 0.000000
hs5 47872340 48936169 0.000000
hs5 48936170 49999999 0.044851
hs5 50000000 51063828 0.178337
hs5 51063829 52127658 0.014942
hs5 52127659 53191488 0.384755
hs5 53191489 54255318 0.428152
hs5 54255319 55319147 0.618984
hs5 55319148 56382977 0.254679
hs5 56382978 57446807 0.087915
hs5 57446808 58510637 0.460080
hs5 58510638 59574467 1.000000
hs5 59574468 60638296 0.737739
hs5 60638297 61702126 0.326189
hs5 61702127 62765956 0.236647
hs5 62765957 63829786 0.195799
hs5 63829787 64893616 0.762645
hs5 64893617 65957445 0.456947
hs5 65957446 67021275 0.524753
hs5 67021276 68085105 0.070678
hs5 68085106 69148935 0.917103
hs5 69148936 70212764 1.121420
hs5 70212765 71276594 0.510197
hs5 71276595 72340424 0.429384
hs5 72340425 73404254 0.422741
hs5 73404255 74468084 0.250670
hs5 74468085 75531913 0.483463
hs5 75531914 76595743 0.679716
hs5 76595744 77659573 0.574401
hs5 77659574 78723403 0.672119
hs5 78723404 79787233 0.532291
hs5 79787234 80851062 0.767958
hs5 80851063 81914892 0.501223
hs5 81914893 82978722 0.395351
hs5 82978723 84042552 0.485432
hs5 84042553 85106381 0.000000
hs5 85106382 86170211 0.016829
hs5 86170212 87234041 0.133800
hs5 87234042 88297871 0.379354
hs5 88297872 89361701 0.000000
hs5 89361702 90425530 0.584163
hs5 90425531 91489360 0.117723
hs5 91489361 92553190 0.000000
hs5 92553191 93617020 0.735793
hs5 93617021 94680850 0.957192
hs5 94680851 95744679 0.371501
hs5 95744680 96808509 0.388870
hs5 96808510 97872339 0.000000
hs5 97872340 98936169 0.092619
hs5 98936170 99999999 0.056464
hs5 100000000 101063828 0.090568
hs5 101063829 102127658 0.178255
hs5 102127659 103191488 0.288516
hs5 103191489 104255318 0.000000
hs5 104255319 105319147 0.000588
hs5 105319148 106382977 0.000000
hs5 106382978 107446807 0.487087
hs5 107446808 108510637 0.656222
hs5 108510638 109574467 0.444055
hs5 109574468 110638296 0.400412
hs5 110638297 111702126 0.611133
hs5 111702127 112765956 0.656084
hs5 112765957 113829786 0.257952
hs5 113829787 114893616 0.166216
hs5 114893617 115957445 0.565554
hs5 115957446 117021275 0.000000
hs5 117021276 118085105 0.000000
hs5 118085106 119148935 0.518344
hs5 119148936 120212764 0.209570
hs5 120212765 121276594 0.000822
hs5 121276595 122340424 0.417603
hs5 122340425 123404254 0.308330
hs5 123404255 124468084 0.101705
hs5 124468085 125531913 0.000000
hs5 125531914 126595743 0.440945
hs5 126595744 127659573 0.397654
hs5 127659574 128723403 0.309699
hs5 128723404 129787233 0.526476
hs5 129787234 130851062 0.220780
hs5 130851063 131914892 0.522254
hs5 131914893 132978722 0.737615
hs5 132978723 134042552 0.327517
hs5 134042553 135106381 0.350087
hs5 135106382 136170211 0.301935
hs5 136170212 137234041 0.618358
hs5 137234042 138297871 0.649327
hs5 138297872 139361701 0.678893
hs5 139361702 140425530 2.843194
hs5 140425531 141489360 2.761437
hs5 141489361 142553190 0.533988
hs5 142553191 143617020 0.282622
hs5 143617021 144680850 0.206910
hs5 144680851 145744679 0.369616
hs5 145744680 146808509 0.718690
hs5 146808510 147872339 0.430359
hs5 147872340 148936169 0.490427
hs5 148936170 149999999 0.675211
hs5 150000000 151063828 0.487445
hs5 151063829 152127658 0.155414
hs5 152127659 153191488 0.303946
hs5 153191489 154255318 0.448889
hs5 154255319 155319147 0.070893
hs5 155319148 156382977 0.458631
hs5 156382978 157446807 0.481100
hs5 157446808 158510637 0.379635
hs5 158510638 159574467 0.359679
hs5 159574468 160638296 0.408874
hs5 160638297 161702126 0.392269
hs5 161702127 162765956 0.000000
hs5 162765957 163829786 0.057847
hs5 163829787 164893616 0.000000
hs5 164893617 165957445 0.000000
hs5 165957446 167021275 0.354245
hs5 167021276 168085105 0.846163
hs5 168085106 169148935 0.704118
hs5 169148936 170212764 0.851752
hs5 170212765 171276594 0.523573
hs5 171276595 172340424 0.589734
hs5 172340425 173404254 0.259569
hs5 173404255 174468084 0.065602
hs5 174468085 175531913 0.197195
hs5 175531914 176595743 0.646070
hs5 176595744 177659573 0.514508
hs5 177659574 178723403 0.668666
hs5 178723404 179787233 0.563266
hs5 179787234 180851062 0.298755
hsY 0 1063828 0.108216
hsY 1063829 2127658 0.289985
hsY 2127659 3191488 0.461090
hsY 3191489 4255318 0.000901
hsY 4255319 5319147 0.367429
hsY 5319148 6382977 0.433504
hsY 6382978 7446807 0.289357
hsY 7446808 8510637 0.007193
hsY 8510638 9574467 0.358861
hsY 9574468 10638296 0.529775
hsY 10638297 11702126 0.000000
hsY 11702127 12765956 0.000000
hsY 12765957 13829786 0.208036
hsY 13829787 14893616 0.223444
hsY 14893617 15957445 0.302080
hsY 15957446 17021275 0.000000
hsY 17021276 18085105 0.000000
hsY 18085106 19148935 0.088804
hsY 19148936 20212764 0.393229
hsY 20212765 21276594 0.112588
hsY 21276595 22340424 0.134801
hsY 22340425 23404254 0.345019
hsY 23404255 24468084 0.396578
hsY 24468085 25531913 0.451073
hsY 25531914 26595743 0.093723
hsY 26595744 27659573 0.000000
hsY 27659574 28723403 0.000000
hsY 28723404 29787233 0.000000
hsY 29787234 30851062 0.000000
hsY 30851063 31914892 0.000000
hsY 31914893 32978722 0.000000
hsY 32978723 34042552 0.000000
hsY 34042553 35106381 0.000000
hsY 35106382 36170211 0.000000
hsY 36170212 37234041 0.000000
hsY 37234042 38297871 0.000000
hsY 38297872 39361701 0.000000
hsY 39361702 40425530 0.000000
hsY 40425531 41489360 0.000000
hsY 41489361 42553190 0.000000
hsY 42553191 43617020 0.000000
hsY 43617021 44680850 0.000000
hsY 44680851 45744679 0.000000
hsY 45744680 46808509 0.000000
hsY 46808510 47872339 0.000000
hsY 47872340 48936169 0.000000
hsY 48936170 49999999 0.000000
hsY 50000000 51063828 0.000000
hsY 51063829 52127658 0.000000
hsY 52127659 53191488 0.000000
hsY 53191489 54255318 0.000000
hsY 54255319 55319147 0.000000
hsY 55319148 56382977 0.000000
hsY 56382978 57446807 0.000000
hsY 57446808 58510637 0.084973
hs1 0 1063828 0.201139
hs1 1063829 2127658 0.770013
hs1 2127659 3191488 0.478010
hs1 3191489 4255318 0.525627
hs1 4255319 5319147 0.132900
hs1 5319148 6382977 0.442947
hs1 6382978 7446807 0.889498
hs1 7446808 8510637 0.598516
hs1 8510638 9574467 0.559724
hs1 9574468 10638296 0.831935
hs1 10638297 11702126 0.522177
hs1 11702127 12765956 0.637244
hs1 12765957 13829786 0.212294
hs1 13829787 14893616 0.207418
hs1 14893617 15957445 0.881007
hs1 15957446 17021275 0.556576
hs1 17021276 18085105 0.560490
hs1 18085106 19148935 0.461228
hs1 19148936 20212764 0.554251
hs1 20212765 21276594 0.542948
hs1 21276595 22340424 0.696678
hs1 22340425 23404254 0.463779
hs1 23404255 24468084 0.430305
hs1 24468085 25531913 0.462578
hs1 25531914 26595743 0.635572
hs1 26595744 27659573 0.511798
hs1 27659574 28723403 0.651720
hs1 28723404 29787233 0.594594
hs1 29787234 30851062 0.000000
hs1 30851063 31914892 0.444841
hs1 31914893 32978722 0.560980
hs1 32978723 34042552 0.644486
hs1 34042553 35106381 0.418700
hs1 35106382 36170211 0.567438
hs1 36170212 37234041 0.548463
hs1 37234042 38297871 0.407966
hs1 38297872 39361701 0.149865
hs1 39361702 40425530 0.665753
hs1 40425531 41489360 0.615184
hs1 41489361 42553190 0.524093
hs1 42553191 43617020 0.448223
hs1 43617021 44680850 0.663510
hs1 44680851 45744679 0.817204
hs1 45744680 46808509 0.677549
hs1 46808510 47872339 0.401504
hs1 47872340 48936169 0.418584
hs1 48936170 49999999 1.046069
hs1 50000000 51063828 0.757916
hs1 51063829 52127658 0.665297
hs1 52127659 53191488 0.746294
hs1 53191489 54255318 0.672562
hs1 54255319 55319147 0.628194
hs1 55319148 56382977 0.126411
hs1 56382978 57446807 0.532643
hs1 57446808 58510637 0.979472
hs1 58510638 59574467 0.155796
hs1 59574468 60638296 0.568558
hs1 60638297 61702126 0.362384
hs1 61702127 62765956 0.615767
hs1 62765957 63829786 0.427956
hs1 63829787 64893616 0.655259
hs1 64893617 65957445 0.679290
hs1 65957446 67021275 0.770431
hs1 67021276 68085105 0.574770
hs1 68085106 69148935 0.172151
hs1 69148936 70212764 0.202398
hs1 70212765 71276594 0.544648
hs1 71276595 72340424 0.682965
hs1 72340425 73404254 0.169615
hs1 73404255 74468084 0.200143
hs1 74468085 75531913 0.569920
hs1 75531914 76595743 0.731814
hs1 76595744 77659573 0.695392
hs1 77659574 78723403 0.704794
hs1 78723404 79787233 0.194336
hs1 79787234 80851062 0.000000
hs1 80851063 81914892 0.000000
hs1 81914893 82978722 0.180505
hs1 82978723 84042552 0.000000
hs1 84042553 85106381 0.572509
hs1 85106382 86170211 0.739678
hs1 86170212 87234041 0.535263
hs1 87234042 88297871 0.163672
hs1 88297872 89361701 0.288343
hs1 89361702 90425530 0.404431
hs1 90425531 91489360 0.105311
hs1 91489361 92553190 0.624157
hs1 92553191 93617020 0.662000
hs1 93617021 94680850 0.451173
hs1 94680851 95744679 0.354701
hs1 95744680 96808509 0.000000
hs1 96808510 97872339 0.610886
hs1 97872340 98936169 0.303914
hs1 98936170 99999999 0.304780
hs1 100000000 101063828 0.520005
hs1 101063829 102127658 0.238352
hs1 102127659 103191488 0.178438
hs1 103191489 104255318 0.309118
hs1 104255319 105319147 0.177693
hs1 105319148 106382977 0.148196
hs1 106382978 107446807 0.002483
hs1 107446808 108510637 0.721245
hs1 108510638 109574467 0.568996
hs1 109574468 110638296 0.466870
hs1 110638297 111702126 0.236499
hs1 111702127 112765956 0.474198
hs1 112765957 113829786 0.449349
hs1 113829787 114893616 0.596530
hs1 114893617 115957445 0.400252
hs1 115957446 117021275 0.426906
hs1 117021276 118085105 0.405322
hs1 118085106 119148935 0.308731
hs1 119148936 120212764 0.344985
hs1 120212765 121276594 0.233462
hs1 121276595 122340424 0.000000
hs1 122340425 123404254 0.000000
hs1 123404255 124468084 0.000000
hs1 124468085 125531913 0.000000
hs1 125531914 126595743 0.000000
hs1 126595744 127659573 0.000000
hs1 127659574 128723403 0.000000
hs1 128723404 129787233 0.000000
hs1 129787234 130851062 0.000000
hs1 130851063 131914892 0.000000
hs1 131914893 132978722 0.000000
hs1 132978723 134042552 0.000000
hs1 134042553 135106381 0.000000
hs1 135106382 136170211 0.000000
hs1 136170212 137234041 0.000000
hs1 137234042 138297871 0.000000
hs1 138297872 139361701 0.000000
hs1 139361702 140425530 0.000000
hs1 140425531 141489360 0.000000
hs1 141489361 142553190 0.074330
hs1 142553191 143617020 0.371953
hs1 143617021 144680850 0.691159
hs1 144680851 145744679 0.313154
hs1 145744680 146808509 0.261699
hs1 146808510 147872339 0.144194
hs1 147872340 148936169 0.514000
hs1 148936170 149999999 0.687295
hs1 150000000 151063828 0.207520
hs1 151063829 152127658 0.280761
hs1 152127659 153191488 0.727728
hs1 153191489 154255318 0.740166
hs1 154255319 155319147 0.670754
hs1 155319148 156382977 0.262272
hs1 156382978 157446807 0.252111
hs1 157446808 158510637 0.300553
hs1 158510638 159574467 0.559385
hs1 159574468 160638296 0.632903
hs1 160638297 161702126 0.346496
hs1 161702127 162765956 0.000000
hs1 162765957 163829786 0.579180
hs1 163829787 164893616 0.285762
hs1 164893617 165957445 0.534364
hs1 165957446 167021275 0.472206
hs1 167021276 168085105 0.521914
hs1 168085106 169148935 0.310123
hs1 169148936 170212764 0.558455
hs1 170212765 171276594 0.538861
hs1 171276595 172340424 0.411891
hs1 172340425 173404254 0.859082
hs1 173404255 174468084 0.665489
hs1 174468085 175531913 0.746829
hs1 175531914 176595743 0.290982
hs1 176595744 177659573 0.627045
hs1 177659574 178723403 0.799578
hs1 178723404 179787233 0.421163
hs1 179787234 180851062 0.375867
hs1 180851063 181914892 0.652568
hs1 181914893 182978722 0.628215
hs1 182978723 184042552 0.488295
hs1 184042553 185106381 0.545653
hs1 185106382 186170211 0.111254
hs1 186170212 187234041 0.000000
hs1 187234042 188297871 0.000000
hs1 188297872 189361701 0.357166
hs1 189361702 190425530 0.025714
hs1 190425531 191489360 0.288755
hs1 191489361 192553190 0.001131
hs1 192553191 193617020 0.000000
hs1 193617021 194680850 0.206157
hs1 194680851 195744679 0.673450
hs1 195744680 196808509 0.442492
hs1 196808510 197872339 0.111513
hs1 197872340 198936169 0.234738
hs1 198936170 199999999 0.545765
hs1 200000000 201063828 0.796767
hs1 201063829 202127658 0.432645
hs1 202127659 203191488 0.539392
hs1 203191489 204255318 0.525560
hs1 204255319 205319147 0.525022
hs1 205319148 206382977 0.513624
hs1 206382978 207446807 0.095232
hs1 207446808 208510637 0.410593
hs1 208510638 209574467 0.816627
hs1 209574468 210638296 0.455225
hs1 210638297 211702126 0.504411
hs1 211702127 212765956 0.264246
hs1 212765957 213829786 0.497269
hs1 213829787 214893616 0.923923
hs1 214893617 215957445 0.724561
hs1 215957446 217021275 0.282874
hs1 217021276 218085105 0.036676
hs1 218085106 219148935 0.488152
hs1 219148936 220212764 0.044243
hs1 220212765 221276594 0.247275
hs1 221276595 222340424 0.430836
hs1 222340425 223404254 0.539336
hs1 223404255 224468084 0.580548
hs1 224468085 225531913 0.613576
hs1 225531914 226595743 0.467663
hs1 226595744 227659573 0.154450
hs1 227659574 228723403 0.405209
hs1 228723404 229787233 0.522660
hs1 229787234 230851062 0.932753
hs1 230851063 231914892 0.433131
hs1 231914893 232978722 0.491619
hs1 232978723 234042552 0.583444
hs1 234042553 235106381 0.574881
hs1 235106382 236170211 0.839873
hs1 236170212 237234041 0.005295
hs1 237234042 238297871 0.263525
hs1 238297872 239361701 0.810430
hs1 239361702 240425530 0.626952
hs1 240425531 241489360 0.478387
hs1 241489361 242553190 0.565783
hs1 242553191 243617020 0.688809
hs1 243617021 244680850 0.956561
hs1 244680851 245744679 0.449196
hs1 245744680 246808509 0.239187
hs1 246808510 247872339 0.050626
hs19 0 1063828 0.533415
hs19 1063829 2127658 0.618120
hs19 2127659 3191488 0.680183
hs19 3191489 4255318 0.714016
hs19 4255319 5319147 0.692005
hs19 5319148 6382977 0.580587
hs19 6382978 7446807 0.571285
hs19 7446808 8510637 0.559964
hs19 8510638 9574467 0.396376
hs19 9574468 10638296 0.601732
hs19 10638297 11702126 0.719328
hs19 11702127 12765956 0.497782
hs19 12765957 13829786 0.609180
hs19 13829787 14893616 0.540287
hs19 14893617 15957445 0.398359
hs19 15957446 17021275 0.698353
hs19 17021276 18085105 0.692476
hs19 18085106 19148935 0.754915
hs19 19148936 20212764 0.642225
hs19 20212765 21276594 0.253149
hs19 21276595 22340424 0.281032
hs19 22340425 23404254 0.109182
hs19 23404255 24468084 0.153267
hs19 24468085 25531913 0.000000
hs19 25531914 26595743 0.000000
hs19 26595744 27659573 0.000000
hs19 27659574 28723403 0.000000
hs19 28723404 29787233 0.000000
hs19 29787234 30851062 0.000000
hs19 30851063 31914892 0.000000
hs19 31914893 32978722 0.003241
hs19 32978723 34042552 0.000000
hs19 34042553 35106381 0.091893
hs19 35106382 36170211 0.243299
hs19 36170212 37234041 0.070377
hs19 37234042 38297871 0.526416
hs19 38297872 39361701 0.391094
hs19 39361702 40425530 0.465167
hs19 40425531 41489360 0.480088
hs19 41489361 42553190 0.502545
hs19 42553191 43617020 0.762931
hs19 43617021 44680850 0.635967
hs19 44680851 45744679 0.490085
hs19 45744680 46808509 0.498229
hs19 46808510 47872339 0.465844
hs19 47872340 48936169 0.370403
hs19 48936170 49999999 0.502879
hs19 50000000 51063828 0.659754
hs19 51063829 52127658 0.341520
hs19 52127659 53191488 0.613296
hs19 53191489 54255318 0.759661
hs19 54255319 55319147 0.725556
hs19 55319148 56382977 0.518511
hs19 56382978 57446807 0.462697
hs19 57446808 58510637 0.582758
hs19 58510638 59574467 0.490490
hs19 59574468 60638296 0.625632
hs19 60638297 61702126 0.524705
hs19 61702127 62765956 0.400910
hs19 62765957 63829786 0.514442
hs2 0 1063828 0.199855
hs2 1063829 2127658 0.831176
hs2 2127659 3191488 0.201172
hs2 3191489 4255318 0.379314
hs2 4255319 5319147 0.000000
hs2 5319148 6382977 0.058758
hs2 6382978 7446807 0.154953
hs2 7446808 8510637 0.051126
hs2 8510638 9574467 0.532100
hs2 9574468 10638296 0.455279
hs2 10638297 11702126 0.502965
hs2 11702127 12765956 0.087253
hs2 12765957 13829786 0.024310
hs2 13829787 14893616 0.006917
hs2 14893617 15957445 0.407848
hs2 15957446 17021275 0.117198
hs2 17021276 18085105 0.281966
hs2 18085106 19148935 0.030714
hs2 19148936 20212764 0.124306
hs2 20212765 21276594 0.305017
hs2 21276595 22340424 0.000000
hs2 22340425 23404254 0.000000
hs2 23404255 24468084 0.801606
hs2 24468085 25531913 0.617586
hs2 25531914 26595743 0.788230
hs2 26595744 27659573 0.659623
hs2 27659574 28723403 0.795384
hs2 28723404 29787233 0.785032
hs2 29787234 30851062 0.471645
hs2 30851063 31914892 0.448074
hs2 31914893 32978722 0.853745
hs2 32978723 34042552 0.615172
hs2 34042553 35106381 0.000000
hs2 35106382 36170211 0.000000
hs2 36170212 37234041 0.601022
hs2 37234042 38297871 0.373093
hs2 38297872 39361701 0.532516
hs2 39361702 40425530 0.455380
hs2 40425531 41489360 0.157496
hs2 41489361 42553190 0.202053
hs2 42553191 43617020 0.470863
hs2 43617021 44680850 0.748994
hs2 44680851 45744679 0.390599
hs2 45744680 46808509 0.697007
hs2 46808510 47872339 0.453230
hs2 47872340 48936169 0.532455
hs2 48936170 49999999 0.181632
hs2 50000000 51063828 0.999999
hs2 51063829 52127658 0.046389
hs2 52127659 53191488 0.000000
hs2 53191489 54255318 0.488543
hs2 54255319 55319147 0.725103
hs2 55319148 56382977 0.466147
hs2 56382978 57446807 0.078806
hs2 57446808 58510637 0.183739
hs2 58510638 59574467 0.000000
hs2 59574468 60638296 0.096193
hs2 60638297 61702126 0.603520
hs2 61702127 62765956 0.306963
hs2 62765957 63829786 0.807058
hs2 63829787 64893616 0.307501
hs2 64893617 65957445 0.258263
hs2 65957446 67021275 0.129119
hs2 67021276 68085105 0.012307
hs2 68085106 69148935 0.472577
hs2 69148936 70212764 0.615427
hs2 70212765 71276594 0.483270
hs2 71276595 72340424 0.438663
hs2 72340425 73404254 0.772283
hs2 73404255 74468084 0.639718
hs2 74468085 75531913 0.430753
hs2 75531914 76595743 0.132645
hs2 76595744 77659573 0.728167
hs2 77659574 78723403 0.000114
hs2 78723404 79787233 0.195627
hs2 79787234 80851062 0.888065
hs2 80851063 81914892 0.000000
hs2 81914893 82978722 0.000910
hs2 82978723 84042552 0.000000
hs2 84042553 85106381 0.428390
hs2 85106382 86170211 0.504760
hs2 86170212 87234041 0.720561
hs2 87234042 88297871 0.453701
hs2 88297872 89361701 0.169263
hs2 89361702 90425530 0.000000
hs2 90425531 91489360 0.028252
hs2 91489361 92553190 0.001257
hs2 92553191 93617020 0.000000
hs2 93617021 94680850 0.000000
hs2 94680851 95744679 0.307201
hs2 95744680 96808509 0.333567
hs2 96808510 97872339 0.556362
hs2 97872340 98936169 0.756057
hs2 98936170 99999999 0.820768
hs2 100000000 101063828 0.465413
hs2 101063829 102127658 0.442607
hs2 102127659 103191488 0.391401
hs2 103191489 104255318 0.000000
hs2 104255319 105319147 0.193815
hs2 105319148 106382977 0.332528
hs2 106382978 107446807 0.140224
hs2 107446808 108510637 0.193351
hs2 108510638 109574467 0.763112
hs2 109574468 110638296 0.574682
hs2 110638297 111702126 0.754955
hs2 111702127 112765956 0.510816
hs2 112765957 113829786 0.438319
hs2 113829787 114893616 0.211772
hs2 114893617 115957445 0.978613
hs2 115957446 117021275 0.339668
hs2 117021276 118085105 0.000000
hs2 118085106 119148935 0.129533
hs2 119148936 120212764 0.356537
hs2 120212765 121276594 0.414422
hs2 121276595 122340424 0.557271
hs2 122340425 123404254 0.000000
hs2 123404255 124468084 0.000000
hs2 124468085 125531913 0.836601
hs2 125531914 126595743 0.000000
hs2 126595744 127659573 0.095425
hs2 127659574 128723403 0.601419
hs2 128723404 129787233 0.049932
hs2 129787234 130851062 0.164696
hs2 130851063 131914892 0.343598
hs2 131914893 132978722 0.284668
hs2 132978723 134042552 1.001394
hs2 134042553 135106381 0.353868
hs2 135106382 136170211 0.810909
hs2 136170212 137234041 0.226987
hs2 137234042 138297871 0.645617
hs2 138297872 139361701 0.220588
hs2 139361702 140425530 0.001741
hs2 140425531 141489360 0.736862
hs2 141489361 142553190 1.000000
hs2 142553191 143617020 0.217041
hs2 143617021 144680850 0.833001
hs2 144680851 145744679 0.246018
hs2 145744680 146808509 0.124194
hs2 146808510 147872339 0.003698
hs2 147872340 148936169 0.577491
hs2 148936170 149999999 0.674583
hs2 150000000 151063828 0.071478
hs2 151063829 152127658 0.188557
hs2 152127659 153191488 0.767146
hs2 153191489 154255318 0.125767
hs2 154255319 155319147 0.599603
hs2 155319148 156382977 0.095986
hs2 156382978 157446807 0.149738
hs2 157446808 158510637 0.313594
hs2 158510638 159574467 0.669829
hs2 159574468 160638296 0.826882
hs2 160638297 161702126 0.301206
hs2 161702127 162765956 0.652814
hs2 162765957 163829786 0.544896
hs2 163829787 164893616 0.120693
hs2 164893617 165957445 0.575779
hs2 165957446 167021275 0.623143
hs2 167021276 168085105 0.363533
hs2 168085106 169148935 0.445202
hs2 169148936 170212764 0.767717
hs2 170212765 171276594 0.816875
hs2 171276595 172340424 0.557022
hs2 172340425 173404254 0.469359
hs2 173404255 174468084 0.402268
hs2 174468085 175531913 0.633548
hs2 175531914 176595743 0.209235
hs2 176595744 177659573 0.093867
hs2 177659574 178723403 0.767022
hs2 178723404 179787233 0.947716
hs2 179787234 180851062 0.500208
hs2 180851063 181914892 0.078058
hs2 181914893 182978722 0.601255
hs2 182978723 184042552 0.362019
hs2 184042553 185106381 0.000000
hs2 185106382 186170211 0.320656
hs2 186170212 187234041 0.177542
hs2 187234042 188297871 0.288284
hs2 188297872 189361701 0.336854
hs2 189361702 190425530 0.396055
hs2 190425531 191489360 0.415917
hs2 191489361 192553190 0.422189
hs2 192553191 193617020 0.227250
hs2 193617021 194680850 0.000000
hs2 194680851 195744679 0.000000
hs2 195744680 196808509 0.457146
hs2 196808510 197872339 0.740540
hs2 197872340 198936169 0.593760
hs2 198936170 199999999 0.148080
hs2 200000000 201063828 0.263041
hs2 201063829 202127658 0.825800
hs2 202127659 203191488 0.540939
hs2 203191489 204255318 0.765838
hs2 204255319 205319147 0.246987
hs2 205319148 206382977 0.926154
hs2 206382978 207446807 0.490902
hs2 207446808 208510637 0.352181
hs2 208510638 209574467 0.303347
hs2 209574468 210638296 0.564877
hs2 210638297 211702126 0.392721
hs2 211702127 212765956 0.768235
hs2 212765957 213829786 0.467804
hs2 213829787 214893616 0.974082
hs2 214893617 215957445 0.567696
hs2 215957446 217021275 0.407988
hs2 217021276 218085105 0.301372
hs2 218085106 219148935 0.711887
hs2 219148936 220212764 0.629503
hs2 220212765 221276594 0.002051
hs2 221276595 222340424 0.145009
hs2 222340425 223404254 0.341525
hs2 223404255 224468084 0.181796
hs2 224468085 225531913 0.429770
hs2 225531914 226595743 0.316587
hs2 226595744 227659573 0.295753
hs2 227659574 228723403 0.608808
hs2 228723404 229787233 0.208214
hs2 229787234 230851062 0.754406
hs2 230851063 231914892 0.640073
hs2 231914893 232978722 0.462165
hs2 232978723 234042552 0.745631
hs2 234042553 235106381 0.923150
hs2 235106382 236170211 0.194082
hs2 236170212 237234041 0.748603
hs2 237234042 238297871 0.268848
hs2 238297872 239361701 0.478268
hs2 239361702 240425530 0.333614
hs2 240425531 241489360 0.364519
hs2 241489361 242553190 0.699088
hs2 242553191 243617020 0.067329
hs8 0 1063828 0.210408
hs8 1063829 2127658 0.468094
hs8 2127659 3191488 0.386535
hs8 3191489 4255318 1.000000
hs8 4255319 5319147 0.549353
hs8 5319148 6382977 0.159665
hs8 6382978 7446807 0.397844
hs8 7446808 8510637 0.207046
hs8 8510638 9574467 0.262911
hs8 9574468 10638296 0.542881
hs8 10638297 11702126 0.674582
hs8 11702127 12765956 0.281997
hs8 12765957 13829786 0.486082
hs8 13829787 14893616 0.847831
hs8 14893617 15957445 0.442565
hs8 15957446 17021275 0.175231
hs8 17021276 18085105 0.687392
hs8 18085106 19148935 0.504523
hs8 19148936 20212764 0.466320
hs8 20212765 21276594 0.000000
hs8 21276595 22340424 0.474405
hs8 22340425 23404254 0.713480
hs8 23404255 24468084 0.202462
hs8 24468085 25531913 0.305111
hs8 25531914 26595743 0.377593
hs8 26595744 27659573 0.432849
hs8 27659574 28723403 0.621386
hs8 28723404 29787233 0.450996
hs8 29787234 30851062 0.487602
hs8 30851063 31914892 0.447907
hs8 31914893 32978722 0.777576
hs8 32978723 34042552 0.151196
hs8 34042553 35106381 0.000000
hs8 35106382 36170211 0.525655
hs8 36170212 37234041 0.142695
hs8 37234042 38297871 0.328009
hs8 38297872 39361701 0.691376
hs8 39361702 40425530 0.401854
hs8 40425531 41489360 0.409054
hs8 41489361 42553190 0.683873
hs8 42553191 43617020 0.409060
hs8 43617021 44680850 0.000000
hs8 44680851 45744679 0.000000
hs8 45744680 46808509 0.000000
hs8 46808510 47872339 0.000628
hs8 47872340 48936169 0.543667
hs8 48936170 49999999 0.181712
hs8 50000000 51063828 0.075596
hs8 51063829 52127658 0.755903
hs8 52127659 53191488 0.542391
hs8 53191489 54255318 0.392851
hs8 54255319 55319147 0.362823
hs8 55319148 56382977 0.209752
hs8 56382978 57446807 0.496497
hs8 57446808 58510637 0.044084
hs8 58510638 59574467 0.192308
hs8 59574468 60638296 0.395394
hs8 60638297 61702126 0.184809
hs8 61702127 62765956 0.556571
hs8 62765957 63829786 0.497758
hs8 63829787 64893616 0.317905
hs8 64893617 65957445 0.196703
hs8 65957446 67021275 0.208234
hs8 67021276 68085105 0.482148
hs8 68085106 69148935 0.715709
hs8 69148936 70212764 0.506309
hs8 70212765 71276594 0.438357
hs8 71276595 72340424 0.379714
hs8 72340425 73404254 0.345053
hs8 73404255 74468084 0.471719
hs8 74468085 75531913 0.553684
hs8 75531914 76595743 0.075668
hs8 76595744 77659573 0.025248
hs8 77659574 78723403 0.262440
hs8 78723404 79787233 0.125536
hs8 79787234 80851062 0.129508
hs8 80851063 81914892 0.456727
hs8 81914893 82978722 0.305477
hs8 82978723 84042552 0.000000
hs8 84042553 85106381 0.000000
hs8 85106382 86170211 0.694309
hs8 86170212 87234041 0.266943
hs8 87234042 88297871 0.701578
hs8 88297872 89361701 0.387893
hs8 89361702 90425530 0.044304
hs8 90425531 91489360 0.174450
hs8 91489361 92553190 0.489469
hs8 92553191 93617020 0.128115
hs8 93617021 94680850 0.077657
hs8 94680851 95744679 0.380949
hs8 95744680 96808509 0.276069
hs8 96808510 97872339 0.362472
hs8 97872340 98936169 0.488920
hs8 98936170 99999999 0.691047
hs8 100000000 101063828 0.854542
hs8 101063829 102127658 0.419432
hs8 102127659 103191488 0.573616
hs8 103191489 104255318 0.334877
hs8 104255319 105319147 0.831519
hs8 105319148 106382977 0.206577
hs8 106382978 107446807 0.545933
hs8 107446808 108510637 0.543138
hs8 108510638 109574467 0.322831
hs8 109574468 110638296 0.305530
hs8 110638297 111702126 0.125599
hs8 111702127 112765956 0.000000
hs8 112765957 113829786 0.494014
hs8 113829787 114893616 0.647314
hs8 114893617 115957445 0.000000
hs8 115957446 117021275 0.244874
hs8 117021276 118085105 0.194871
hs8 118085106 119148935 0.433076
hs8 119148936 120212764 0.512448
hs8 120212765 121276594 0.468681
hs8 121276595 122340424 0.546104
hs8 122340425 123404254 0.031687
hs8 123404255 124468084 0.417930
hs8 124468085 125531913 0.482926
hs8 125531914 126595743 0.606465
hs8 126595744 127659573 0.005434
hs8 127659574 128723403 0.037953
hs8 128723404 129787233 0.293695
hs8 129787234 130851062 0.020154
hs8 130851063 131914892 0.488566
hs8 131914893 132978722 0.194697
hs8 132978723 134042552 0.811029
hs8 134042553 135106381 0.428266
hs8 135106382 136170211 0.223759
hs8 136170212 137234041 0.240378
hs8 137234042 138297871 0.000000
hs8 138297872 139361701 0.141240
hs8 139361702 140425530 0.509768
hs8 140425531 141489360 0.722006
hs8 141489361 142553190 0.612040
hs8 142553191 143617020 0.291130
hs8 143617021 144680850 0.304728
hs8 144680851 145744679 0.595692
hs8 145744680 146808509 0.217278
hs6 0 1063828 0.402579
hs6 1063829 2127658 0.535946
hs6 2127659 3191488 0.314892
hs6 3191489 4255318 0.332731
hs6 4255319 5319147 0.493690
hs6 5319148 6382977 0.634468
hs6 6382978 7446807 0.488115
hs6 7446808 8510637 0.336166
hs6 8510638 9574467 0.001543
hs6 9574468 10638296 0.036346
hs6 10638297 11702126 0.640276
hs6 11702127 12765956 0.211313
hs6 12765957 13829786 0.817600
hs6 13829787 14893616 0.092703
hs6 14893617 15957445 0.391004
hs6 15957446 17021275 0.506203
hs6 17021276 18085105 0.466340
hs6 18085106 19148935 0.216071
hs6 19148936 20212764 0.006723
hs6 20212765 21276594 0.783607
hs6 21276595 22340424 0.561027
hs6 22340425 23404254 0.015679
hs6 23404255 24468084 0.196485
hs6 24468085 25531913 0.580046
hs6 25531914 26595743 0.472257
hs6 26595744 27659573 0.264218
hs6 27659574 28723403 0.208964
hs6 28723404 29787233 0.104535
hs6 29787234 30851062 0.406947
hs6 30851063 31914892 0.354344
hs6 31914893 32978722 0.534514
hs6 32978723 34042552 0.384040
hs6 34042553 35106381 0.646940
hs6 35106382 36170211 0.720142
hs6 36170212 37234041 0.523354
hs6 37234042 38297871 0.645645
hs6 38297872 39361701 0.793170
hs6 39361702 40425530 0.522389
hs6 40425531 41489360 0.342258
hs6 41489361 42553190 0.695188
hs6 42553191 43617020 0.617401
hs6 43617021 44680850 0.418452
hs6 44680851 45744679 0.725743
hs6 45744680 46808509 0.458636
hs6 46808510 47872339 0.482598
hs6 47872340 48936169 0.207175
hs6 48936170 49999999 0.178008
hs6 50000000 51063828 0.107547
hs6 51063829 52127658 0.444137
hs6 52127659 53191488 0.416467
hs6 53191489 54255318 0.492333
hs6 54255319 55319147 0.286015
hs6 55319148 56382977 0.481353
hs6 56382978 57446807 0.516085
hs6 57446808 58510637 0.203129
hs6 58510638 59574467 0.000000
hs6 59574468 60638296 0.000000
hs6 60638297 61702126 0.000000
hs6 61702127 62765956 0.299046
hs6 62765957 63829786 0.270817
hs6 63829787 64893616 0.497596
hs6 64893617 65957445 0.999999
hs6 65957446 67021275 0.486919
hs6 67021276 68085105 0.000000
hs6 68085106 69148935 0.000000
hs6 69148936 70212764 0.708547
hs6 70212765 71276594 0.611876
hs6 71276595 72340424 0.359916
hs6 72340425 73404254 0.500231
hs6 73404255 74468084 0.739444
hs6 74468085 75531913 0.119075
hs6 75531914 76595743 0.509500
hs6 76595744 77659573 0.227016
hs6 77659574 78723403 0.001104
hs6 78723404 79787233 0.110461
hs6 79787234 80851062 0.269324
hs6 80851063 81914892 0.225266
hs6 81914893 82978722 0.046090
hs6 82978723 84042552 0.382596
hs6 84042553 85106381 0.555020
hs6 85106382 86170211 0.027959
hs6 86170212 87234041 0.161710
hs6 87234042 88297871 0.375396
hs6 88297872 89361701 0.196891
hs6 89361702 90425530 0.746378
hs6 90425531 91489360 0.609816
hs6 91489361 92553190 0.000000
hs6 92553191 93617020 0.000000
hs6 93617021 94680850 0.234026
hs6 94680851 95744679 0.000000
hs6 95744680 96808509 0.217666
hs6 96808510 97872339 0.463177
hs6 97872340 98936169 0.000083
hs6 98936170 99999999 0.205180
hs6 100000000 101063828 0.239552
hs6 101063829 102127658 0.513423
hs6 102127659 103191488 0.467172
hs6 103191489 104255318 0.000000
hs6 104255319 105319147 0.034299
hs6 105319148 106382977 0.384472
hs6 106382978 107446807 0.367417
hs6 107446808 108510637 0.748826
hs6 108510638 109574467 0.685003
hs6 109574468 110638296 0.543759
hs6 110638297 111702126 0.597081
hs6 111702127 112765956 0.599886
hs6 112765957 113829786 0.003730
hs6 113829787 114893616 0.061773
hs6 114893617 115957445 0.000000
hs6 115957446 117021275 0.517154
hs6 117021276 118085105 0.461287
hs6 118085106 119148935 0.666768
hs6 119148936 120212764 0.370430
hs6 120212765 121276594 0.000000
hs6 121276595 122340424 0.253000
hs6 122340425 123404254 0.363717
hs6 123404255 124468084 0.699630
hs6 124468085 125531913 0.837233
hs6 125531914 126595743 0.328573
hs6 126595744 127659573 0.109182
hs6 127659574 128723403 0.719736
hs6 128723404 129787233 0.659331
hs6 129787234 130851062 0.435008
hs6 130851063 131914892 0.348078
hs6 131914893 132978722 0.409672
hs6 132978723 134042552 0.389813
hs6 134042553 135106381 0.270232
hs6 135106382 136170211 0.955947
hs6 136170212 137234041 0.995185
hs6 137234042 138297871 0.161876
hs6 138297872 139361701 0.524974
hs6 139361702 140425530 0.107837
hs6 140425531 141489360 0.000000
hs6 141489361 142553190 0.052905
hs6 142553191 143617020 0.633010
hs6 143617021 144680850 0.659308
hs6 144680851 145744679 0.502912
hs6 145744680 146808509 0.579459
hs6 146808510 147872339 0.389067
hs6 147872340 148936169 0.253770
hs6 148936170 149999999 0.535293
hs6 150000000 151063828 0.446652
hs6 151063829 152127658 0.744121
hs6 152127659 153191488 0.836424
hs6 153191489 154255318 0.140030
hs6 154255319 155319147 0.605977
hs6 155319148 156382977 0.279504
hs6 156382978 157446807 0.287690
hs6 157446808 158510637 0.675300
hs6 158510638 159574467 0.581271
hs6 159574468 160638296 0.338247
hs6 160638297 161702126 0.585578
hs6 161702127 162765956 1.000000
hs6 162765957 163829786 0.921052
hs6 163829787 164893616 0.084441
hs6 164893617 165957445 0.307041
hs6 165957446 167021275 0.410788
hs6 167021276 168085105 0.438951
hs6 168085106 169148935 0.301551
hs6 169148936 170212764 0.349242
hs6 170212765 171276594 0.149544
hs14 0 1063828 0.000000
hs14 1063829 2127658 0.000000
hs14 2127659 3191488 0.000000
hs14 3191489 4255318 0.000000
hs14 4255319 5319147 0.000000
hs14 5319148 6382977 0.000000
hs14 6382978 7446807 0.000000
hs14 7446808 8510637 0.000000
hs14 8510638 9574467 0.000000
hs14 9574468 10638296 0.000000
hs14 10638297 11702126 0.000000
hs14 11702127 12765956 0.000000
hs14 12765957 13829786 0.000000
hs14 13829787 14893616 0.000000
hs14 14893617 15957445 0.000000
hs14 15957446 17021275 0.000000
hs14 17021276 18085105 0.000000
hs14 18085106 19148935 0.064748
hs14 19148936 20212764 0.150658
hs14 20212765 21276594 0.359447
hs14 21276595 22340424 0.067568
hs14 22340425 23404254 0.362047
hs14 23404255 24468084 0.433780
hs14 24468085 25531913 0.113600
hs14 25531914 26595743 0.142761
hs14 26595744 27659573 0.000000
hs14 27659574 28723403 0.023196
hs14 28723404 29787233 0.330141
hs14 29787234 30851062 0.487527
hs14 30851063 31914892 0.487423
hs14 31914893 32978722 0.900183
hs14 32978723 34042552 0.395366
hs14 34042553 35106381 0.521159
hs14 35106382 36170211 0.335013
hs14 36170212 37234041 0.819489
hs14 37234042 38297871 0.006884
hs14 38297872 39361701 0.248977
hs14 39361702 40425530 0.000000
hs14 40425531 41489360 0.279172
hs14 41489361 42553190 0.000000
hs14 42553191 43617020 0.000000
hs14 43617021 44680850 0.206310
hs14 44680851 45744679 0.102655
hs14 45744680 46808509 0.404898
hs14 46808510 47872339 0.380915
hs14 47872340 48936169 0.000000
hs14 48936170 49999999 0.548863
hs14 50000000 51063828 0.529615
hs14 51063829 52127658 0.541268
hs14 52127659 53191488 0.369303
hs14 53191489 54255318 0.224739
hs14 54255319 55319147 0.552992
hs14 55319148 56382977 0.291162
hs14 56382978 57446807 0.236032
hs14 57446808 58510637 0.452579
hs14 58510638 59574467 0.528389
hs14 59574468 60638296 0.503043
hs14 60638297 61702126 0.411258
hs14 61702127 62765956 0.394519
hs14 62765957 63829786 0.718570
hs14 63829787 64893616 0.521036
hs14 64893617 65957445 0.314099
hs14 65957446 67021275 0.853597
hs14 67021276 68085105 0.943589
hs14 68085106 69148935 0.485908
hs14 69148936 70212764 0.545780
hs14 70212765 71276594 0.470948
hs14 71276595 72340424 0.721419
hs14 72340425 73404254 0.754553
hs14 73404255 74468084 0.686666
hs14 74468085 75531913 0.727164
hs14 75531914 76595743 0.461390
hs14 76595744 77659573 0.616663
hs14 77659574 78723403 0.736545
hs14 78723404 79787233 0.650262
hs14 79787234 80851062 0.676396
hs14 80851063 81914892 0.135909
hs14 81914893 82978722 0.000000
hs14 82978723 84042552 0.000000
hs14 84042553 85106381 0.037733
hs14 85106382 86170211 0.054183
hs14 86170212 87234041 0.000000
hs14 87234042 88297871 0.523025
hs14 88297872 89361701 0.542435
hs14 89361702 90425530 0.674716
hs14 90425531 91489360 0.773622
hs14 91489361 92553190 0.657917
hs14 92553191 93617020 0.750322
hs14 93617021 94680850 0.311186
hs14 94680851 95744679 0.316781
hs14 95744680 96808509 0.356801
hs14 96808510 97872339 0.049365
hs14 97872340 98936169 0.104042
hs14 98936170 99999999 0.668908
hs14 100000000 101063828 0.170315
hs14 101063829 102127658 0.619886
hs14 102127659 103191488 0.584867
hs14 103191489 104255318 0.420646
hs14 104255319 105319147 0.437995
hs14 105319148 106382977 0.029120
hs17 0 1063828 0.730669
hs17 1063829 2127658 0.773837
hs17 2127659 3191488 0.556167
hs17 3191489 4255318 0.754065
hs17 4255319 5319147 0.660417
hs17 5319148 6382977 0.243844
hs17 6382978 7446807 0.549137
hs17 7446808 8510637 0.614171
hs17 8510638 9574467 0.820785
hs17 9574468 10638296 0.601359
hs17 10638297 11702126 0.562048
hs17 11702127 12765956 0.459152
hs17 12765957 13829786 0.190277
hs17 13829787 14893616 0.177977
hs17 14893617 15957445 0.426538
hs17 15957446 17021275 0.614027
hs17 17021276 18085105 0.692333
hs17 18085106 19148935 0.578632
hs17 19148936 20212764 0.596974
hs17 20212765 21276594 0.281883
hs17 21276595 22340424 0.031500
hs17 22340425 23404254 0.243380
hs17 23404255 24468084 0.715036
hs17 24468085 25531913 0.812624
hs17 25531914 26595743 0.629250
hs17 26595744 27659573 0.535680
hs17 27659574 28723403 0.800274
hs17 28723404 29787233 0.750463
hs17 29787234 30851062 0.371888
hs17 30851063 31914892 0.481937
hs17 31914893 32978722 0.652139
hs17 32978723 34042552 0.425527
hs17 34042553 35106381 0.651147
hs17 35106382 36170211 0.563786
hs17 36170212 37234041 0.259180
hs17 37234042 38297871 0.721313
hs17 38297872 39361701 0.513730
hs17 39361702 40425530 0.583137
hs17 40425531 41489360 0.602953
hs17 41489361 42553190 0.580746
hs17 42553191 43617020 0.602999
hs17 43617021 44680850 0.545977
hs17 44680851 45744679 0.409121
hs17 45744680 46808509 0.610652
hs17 46808510 47872339 0.497923
hs17 47872340 48936169 0.000000
hs17 48936170 49999999 0.002196
hs17 50000000 51063828 0.341113
hs17 51063829 52127658 0.347759
hs17 52127659 53191488 0.561999
hs17 53191489 54255318 0.570258
hs17 54255319 55319147 0.751785
hs17 55319148 56382977 0.765685
hs17 56382978 57446807 0.749386
hs17 57446808 58510637 0.482906
hs17 58510638 59574467 0.789506
hs17 59574468 60638296 0.616385
hs17 60638297 61702126 0.585417
hs17 61702127 62765956 0.725140
hs17 62765957 63829786 0.632431
hs17 63829787 64893616 0.600641
hs17 64893617 65957445 0.186557
hs17 65957446 67021275 0.000000
hs17 67021276 68085105 0.005077
hs17 68085106 69148935 0.807596
hs17 69148936 70212764 0.326977
hs17 70212765 71276594 0.775565
hs17 71276595 72340424 0.693723
hs17 72340425 73404254 0.365339
hs17 73404255 74468084 0.614029
hs17 74468085 75531913 0.462826
hs17 75531914 76595743 0.867335
hs17 76595744 77659573 0.635678
hs17 77659574 78723403 0.724345
hs21 0 1063828 0.000000
hs21 1063829 2127658 0.000000
hs21 2127659 3191488 0.000000
hs21 3191489 4255318 0.000000
hs21 4255319 5319147 0.000000
hs21 5319148 6382977 0.000000
hs21 6382978 7446807 0.000000
hs21 7446808 8510637 0.000000
hs21 8510638 9574467 0.000000
hs21 9574468 10638296 0.411402
hs21 10638297 11702126 0.000000
hs21 11702127 12765956 0.000000
hs21 12765957 13829786 0.075279
hs21 13829787 14893616 0.267362
hs21 14893617 15957445 0.097358
hs21 15957446 17021275 0.648029
hs21 17021276 18085105 0.070679
hs21 18085106 19148935 0.221355
hs21 19148936 20212764 0.000000
hs21 20212765 21276594 0.056883
hs21 21276595 22340424 0.508148
hs21 22340425 23404254 0.000000
hs21 23404255 24468084 0.000000
hs21 24468085 25531913 0.000000
hs21 25531914 26595743 0.466048
hs21 26595744 27659573 0.155465
hs21 27659574 28723403 0.036382
hs21 28723404 29787233 0.369353
hs21 29787234 30851062 0.437393
hs21 30851063 31914892 0.419537
hs21 31914893 32978722 0.539675
hs21 32978723 34042552 0.519531
hs21 34042553 35106381 0.503328
hs21 35106382 36170211 0.224349
hs21 36170212 37234041 0.577011
hs21 37234042 38297871 0.655063
hs21 38297872 39361701 0.455980
hs21 39361702 40425530 0.496174
hs21 40425531 41489360 0.714136
hs21 41489361 42553190 0.580210
hs21 42553191 43617020 0.469046
hs21 43617021 44680850 0.641166
hs21 44680851 45744679 0.648969
hs21 45744680 46808509 0.571784
hs21 46808510 47872339 0.039188
