hsX 0 16666665 0.342118
hsX 16666666 33333332 0.464080
hsX 33333333 49999999 0.308684
hsX 50000000 66666665 0.185728
hsX 66666666 83333332 0.327268
hsX 83333333 99999999 0.240127
hsX 100000000 116666665 0.403949
hsX 116666666 133333332 0.303623
hsX 133333333 149999999 0.199211
hsX 150000000 166666665 0.125508
hs12 0 16666665 0.554002
hs12 16666666 33333332 0.420794
hs12 33333333 49999999 0.389045
hs12 50000000 66666665 0.368044
hs12 66666666 83333332 0.355831
hs12 83333333 99999999 0.358342
hs12 100000000 116666665 0.518264
hs12 116666666 133333332 0.481768
hs11 0 16666665 0.512728
hs11 16666666 33333332 0.406364
hs11 33333333 49999999 0.311979
hs11 50000000 66666665 0.324133
hs11 66666666 83333332 0.494402
hs11 83333333 99999999 0.438420
hs11 100000000 116666665 0.391381
hs11 116666666 133333332 0.485592
hs11 133333333 149999999 0.019534
hs22 0 16666665 0.034604
hs22 16666666 33333332 0.591808
hs22 33333333 49999999 0.525521
hs10 0 16666665 0.387816
hs10 16666666 33333332 0.509510
hs10 33333333 49999999 0.254548
hs10 50000000 66666665 0.378175
hs10 66666666 83333332 0.584638
hs10 83333333 99999999 0.538214
hs10 100000000 116666665 0.469613
hs10 116666666 133333332 0.425740
hs10 133333333 149999999 0.054923
hs7 0 16666665 0.453853
hs7 16666666 33333332 0.404024
hs7 33333333 49999999 0.485592
hs7 50000000 66666665 0.181058
hs7 66666666 83333332 0.532582
hs7 83333333 99999999 0.419424
hs7 100000000 116666665 0.523460
hs7 116666666 133333332 0.457853
hs7 133333333 149999999 0.492952
hs7 150000000 166666665 0.284119
hs4 0 16666665 0.427240
hs4 16666666 33333332 0.234997
hs4 33333333 49999999 0.378688
hs4 50000000 66666665 0.192302
hs4 66666666 83333332 0.375521
hs4 83333333 99999999 0.535300
hs4 100000000 116666665 0.390010
hs4 116666666 133333332 0.214417
hs4 133333333 149999999 0.291581
hs4 150000000 166666665 0.366833
hs4 166666666 183333332 0.302393
hs4 183333333 199999999 0.145716
hs16 0 16666665 0.560191
hs16 16666666 33333332 0.438473
hs16 33333333 49999999 0.125396
hs16 50000000 66666665 0.305164
hs16 66666666 83333332 0.541864
hs16 83333333 99999999 0.135145
hs20 0 16666665 0.471237
hs20 16666666 33333332 0.353773
hs20 33333333 49999999 0.504949
hs20 50000000 66666665 0.272067
hs13 0 16666665 0.000000
hs13 16666666 33333332 0.391662
hs13 33333333 49999999 0.466448
hs13 50000000 66666665 0.178380
hs13 66666666 83333332 0.219718
hs13 83333333 99999999 0.415582
hs13 100000000 116666665 0.311387
hs18 0 16666665 0.382682
hs18 16666666 33333332 0.447986
hs18 33333333 49999999 0.342783
hs18 50000000 66666665 0.306863
hs18 66666666 83333332 0.134636
hs3 0 16666665 0.497053
hs3 16666666 33333332 0.349481
hs3 33333333 49999999 0.515227
hs3 50000000 66666665 0.700878
hs3 66666666 83333332 0.317480
hs3 83333333 99999999 0.188678
hs3 100000000 116666665 0.405628
hs3 116666666 133333332 0.570195
hs3 133333333 149999999 0.406134
hs3 150000000 166666665 0.347738
hs3 166666666 183333332 0.428566
hs3 183333333 199999999 0.457183
hs9 0 16666665 0.444989
hs9 16666666 33333332 0.291116
hs9 33333333 49999999 0.226759
hs9 50000000 66666665 0.002290
hs9 66666666 83333332 0.325921
hs9 83333333 99999999 0.402152
hs9 100000000 116666665 0.414760
hs9 116666666 133333332 0.567450
hs9 133333333 149999999 0.243410
hs15 0 16666665 0.000000
hs15 16666666 33333332 0.367317
hs15 33333333 49999999 0.509683
hs15 50000000 66666665 0.556296
hs15 66666666 83333332 0.524626
hs15 83333333 99999999 0.385216
hs15 100000000 116666665 0.006250
hs5 0 16666665 0.347281
hs5 16666666 33333332 0.206390
hs5 33333333 49999999 0.317596
hs5 50000000 66666665 0.425653
hs5 66666666 83333332 0.539623
hs5 83333333 99999999 0.267725
hs5 100000000 116666665 0.306552
hs5 116666666 133333332 0.301546
hs5 133333333 149999999 0.780393
hs5 150000000 166666665 0.256949
hs5 166666666 183333332 0.450785
hsY 0 16666665 0.228502
hsY 16666666 33333332 0.128669
hsY 33333333 49999999 0.000000
hsY 50000000 66666665 0.005424
hs1 0 16666665 0.531330
hs1 16666666 33333332 0.503954
hs1 33333333 49999999 0.562592
hs1 50000000 66666665 0.582188
hs1 66666666 83333332 0.373196
hs1 83333333 99999999 0.390691
hs1 100000000 116666665 0.365124
hs1 116666666 133333332 0.094937
hs1 133333333 149999999 0.195178
hs1 150000000 166666665 0.434827
hs1 166666666 183333332 0.554087
hs1 183333333 199999999 0.242510
hs1 200000000 216666665 0.529221
hs1 216666666 233333332 0.408828
hs1 233333333 249999999 0.455295
hs19 0 16666665 0.583552
hs19 16666666 33333332 0.201584
hs19 33333333 49999999 0.414716
hs19 50000000 66666665 0.460847
hs2 0 16666665 0.253335
hs2 16666666 33333332 0.468890
hs2 33333333 49999999 0.387434
hs2 50000000 66666665 0.350894
hs2 66666666 83333332 0.370885
hs2 83333333 99999999 0.324264
hs2 100000000 116666665 0.429656
hs2 116666666 133333332 0.266099
hs2 133333333 149999999 0.468461
hs2 150000000 166666665 0.409070
hs2 166666666 183333332 0.512084
hs2 183333333 199999999 0.302226
hs2 200000000 216666665 0.550073
hs2 216666666 233333332 0.411742
hs2 233333333 249999999 0.296310
hs8 0 16666665 0.446656
hs8 16666666 33333332 0.449682
hs8 33333333 49999999 0.285241
hs8 50000000 66666665 0.333277
hs8 66666666 83333332 0.349885
hs8 83333333 99999999 0.329628
hs8 100000000 116666665 0.406665
hs8 116666666 133333332 0.325913
hs8 133333333 149999999 0.306685
hs6 0 16666665 0.385833
hs6 16666666 33333332 0.349487
hs6 33333333 49999999 0.526497
hs6 50000000 66666665 0.351156
hs6 66666666 83333332 0.285008
hs6 83333333 99999999 0.264167
hs6 100000000 116666665 0.350814
hs6 116666666 133333332 0.448609
hs6 133333333 149999999 0.441222
hs6 150000000 166666665 0.507866
hs6 166666666 183333332 0.097458
hs14 0 16666665 0.000000
hs14 16666666 33333332 0.271686
hs14 33333333 49999999 0.249981
hs14 50000000 66666665 0.458646
hs14 66666666 83333332 0.566166
hs14 83333333 99999999 0.371556
hs14 100000000 116666665 0.144436
hs17 0 16666665 0.547331
hs17 16666666 33333332 0.543717
hs17 33333333 49999999 0.471432
hs17 50000000 66666665 0.555764
hs17 66666666 83333332 0.400755
hs21 0 16666665 0.081455
hs21 16666666 33333332 0.231677
hs21 33333333 49999999 0.444928
