hsX 0 1724136 0.245698
hsX 1724137 3448274 0.406704
hsX 3448275 5172412 0.063390
hsX 5172413 6896550 0.197273
hsX 6896551 8620688 0.250691
hsX 8620689 10344826 0.422027
hsX 10344827 12068964 0.554190
hsX 12068965 13793102 0.555925
hsX 13793103 15517240 0.396102
hsX 15517241 17241378 0.397548
hsX 17241379 18965516 0.669963
hsX 18965517 20689654 0.531799
hsX 20689655 22413792 0.379945
hsX 22413793 24137930 0.208389
hsX 24137931 25862067 0.305615
hsX 25862068 27586205 0.006641
hsX 27586206 29310343 0.472839
hsX 29310344 31034481 0.440686
hsX 31034482 32758619 0.992586
hsX 32758620 34482757 0.296733
hsX 34482758 36206895 0.144550
hsX 36206896 37931033 0.332038
hsX 37931034 39655171 0.170500
hsX 39655172 41379309 0.334422
hsX 41379310 43103447 0.175787
hsX 43103448 44827585 0.381446
hsX 44827586 46551723 0.195215
hsX 46551724 48275861 0.433607
hsX 48275862 49999998 0.814886
hsX 49999999 51724136 0.296965
hsX 51724137 53448274 0.274228
hsX 53448275 55172412 0.482455
hsX 55172413 56896550 0.131139
hsX 56896551 58620688 0.137108
hsX 58620689 60344826 0.000000
hsX 60344827 62068964 0.000000
hsX 62068965 63793102 0.254415
hsX 63793103 65517240 0.207237
hsX 65517241 67241378 0.152603
hsX 67241379 68965516 0.405041
hsX 68965517 70689654 0.659944
hsX 70689655 72413792 0.504578
hsX 72413793 74137930 0.561864
hsX 74137931 75862067 0.175571
hsX 75862068 77586205 0.340970
hsX 77586206 79310343 0.031719
hsX 79310344 81034481 0.252324
hsX 81034482 82758619 0.000875
hsX 82758620 84482757 0.312961
hsX 84482758 86206895 0.527326
hsX 86206896 87931033 0.092740
hsX 87931034 89655171 0.000548
hsX 89655172 91379309 0.268182
hsX 91379310 93103447 0.247375
hsX 93103448 94827585 0.000000
hsX 94827586 96551723 0.422104
hsX 96551724 98275861 0.110507
hsX 98275862 99999998 0.429409
hsX 99999999 101724136 0.574286
hsX 101724137 103448274 0.161812
hsX 103448275 105172412 0.779622
hsX 105172413 106896550 0.366503
hsX 106896551 108620688 0.507809
hsX 108620689 110344826 0.554798
hsX 110344827 112068964 0.608764
hsX 112068965 113793102 0.039784
hsX 113793103 115517240 0.311468
hsX 115517241 117241378 0.127326
hsX 117241379 118965516 0.439029
hsX 118965517 120689654 0.396401
hsX 120689655 122413792 0.155450
hsX 122413793 124137930 0.569478
hsX 124137931 125862067 0.004697
hsX 125862068 127586205 0.000836
hsX 127586206 129310343 0.286996
hsX 129310344 131034481 0.315021
hsX 131034482 132758619 0.524995
hsX 132758620 134482757 0.326385
hsX 134482758 136206895 0.371027
hsX 136206896 137931033 0.231154
hsX 137931034 139655171 0.271511
hsX 139655172 141379309 0.049191
hsX 141379310 143103447 0.023832
hsX 143103448 144827585 0.011066
hsX 144827586 146551723 0.001844
hsX 146551724 148275861 0.346444
hsX 148275862 149999998 0.408049
hsX 149999999 151724136 0.306825
hsX 151724137 153448274 0.474882
hsX 153448275 155172412 0.431534
hs12 0 1724136 0.788577
hs12 1724137 3448274 0.751425
hs12 3448275 5172412 0.387340
hs12 5172413 6896550 0.615292
hs12 6896551 8620688 0.429267
hs12 8620689 10344826 0.382098
hs12 10344827 12068964 0.610930
hs12 12068965 13793102 0.517083
hs12 13793103 15517240 0.521136
hs12 15517241 17241378 0.352201
hs12 17241379 18965516 0.262204
hs12 18965517 20689654 0.351158
hs12 20689655 22413792 0.585582
hs12 22413793 24137930 0.419284
hs12 24137931 25862067 0.580541
hs12 25862068 27586205 0.579234
hs12 27586206 29310343 0.336950
hs12 29310344 31034481 0.369888
hs12 31034482 32758619 0.497726
hs12 32758620 34482757 0.125955
hs12 34482758 36206895 0.000000
hs12 36206896 37931033 0.154508
hs12 37931034 39655171 0.633589
hs12 39655172 41379309 0.518208
hs12 41379310 43103447 0.478347
hs12 43103448 44827585 0.559148
hs12 44827586 46551723 0.206662
hs12 46551724 48275861 0.438753
hs12 48275862 49999998 0.730703
hs12 49999999 51724136 0.438386
hs12 51724137 53448274 0.508707
hs12 53448275 55172412 0.344675
hs12 55172413 56896550 0.466558
hs12 56896551 58620688 0.081554
hs12 58620689 60344826 0.000000
hs12 60344827 62068964 0.614824
hs12 62068965 63793102 0.512000
hs12 63793103 65517240 0.556684
hs12 65517241 67241378 0.076418
hs12 67241379 68965516 0.375534
hs12 68965517 70689654 0.578565
hs12 70689655 72413792 0.252725
hs12 72413793 74137930 0.171686
hs12 74137931 75862067 0.234032
hs12 75862068 77586205 0.247114
hs12 77586206 79310343 0.590823
hs12 79310344 81034481 0.614037
hs12 81034482 82758619 0.333137
hs12 82758620 84482757 0.177257
hs12 84482758 86206895 0.522190
hs12 86206896 87931033 0.176510
hs12 87931034 89655171 0.108519
hs12 89655172 91379309 0.070415
hs12 91379310 93103447 0.309332
hs12 93103448 94827585 0.538601
hs12 94827586 96551723 0.315696
hs12 96551724 98275861 0.458719
hs12 98275862 99999998 0.786735
hs12 99999999 101724136 0.437156
hs12 101724137 103448274 0.575550
hs12 103448275 105172412 0.395562
hs12 105172413 106896550 0.743552
hs12 106896551 108620688 0.547733
hs12 108620689 110344826 0.682405
hs12 110344827 112068964 0.680556
hs12 112068965 113793102 0.272054
hs12 113793103 115517240 0.196641
hs12 115517241 117241378 0.761171
hs12 117241379 118965516 0.478731
hs12 118965517 120689654 0.634163
hs12 120689655 122413792 0.778372
hs12 122413793 124137930 0.552199
hs12 124137931 125862067 0.242804
hs12 125862068 127586205 0.155617
hs12 127586206 129310343 0.684444
hs12 129310344 131034481 0.368002
hs12 131034482 132758619 0.480267
hs11 0 1724136 0.650984
hs11 1724137 3448274 0.580568
hs11 3448275 5172412 0.329522
hs11 5172413 6896550 0.270681
hs11 6896551 8620688 0.541569
hs11 8620689 10344826 0.752885
hs11 10344827 12068964 0.453359
hs11 12068965 13793102 0.523394
hs11 13793103 15517240 0.557642
hs11 15517241 17241378 0.488919
hs11 17241379 18965516 0.565560
hs11 18965517 20689654 0.649951
hs11 20689655 22413792 0.577518
hs11 22413793 24137930 0.091341
hs11 24137931 25862067 0.339667
hs11 25862068 27586205 0.425960
hs11 27586206 29310343 0.272711
hs11 29310344 31034481 0.131891
hs11 31034482 32758619 0.474746
hs11 32758620 34482757 0.549455
hs11 34482758 36206895 0.553991
hs11 36206896 37931033 0.169721
hs11 37931034 39655171 0.000000
hs11 39655172 41379309 0.104350
hs11 41379310 43103447 0.000000
hs11 43103448 44827585 0.438822
hs11 44827586 46551723 0.491865
hs11 46551724 48275861 0.724215
hs11 48275862 49999998 0.189065
hs11 49999999 51724136 0.018631
hs11 51724137 53448274 0.000000
hs11 53448275 55172412 0.008633
hs11 55172413 56896550 0.290155
hs11 56896551 58620688 0.364244
hs11 58620689 60344826 0.322641
hs11 60344827 62068964 0.530284
hs11 62068965 63793102 0.644280
hs11 63793103 65517240 0.519873
hs11 65517241 67241378 0.650418
hs11 67241379 68965516 0.426369
hs11 68965517 70689654 0.539464
hs11 70689655 72413792 0.536233
hs11 72413793 74137930 0.665285
hs11 74137931 75862067 0.606344
hs11 75862068 77586205 0.661295
hs11 77586206 79310343 0.664677
hs11 79310344 81034481 0.000000
hs11 81034482 82758619 0.179696
hs11 82758620 84482757 0.950651
hs11 84482758 86206895 0.708503
hs11 86206896 87931033 0.267206
hs11 87931034 89655171 0.623882
hs11 89655172 91379309 0.000000
hs11 91379310 93103447 0.492785
hs11 93103448 94827585 0.379552
hs11 94827586 96551723 0.324814
hs11 96551724 98275861 0.000000
hs11 98275862 99999998 0.774650
hs11 99999999 101724136 0.481243
hs11 101724137 103448274 0.466436
hs11 103448275 105172412 0.214374
hs11 105172413 106896550 0.422453
hs11 106896551 108620688 0.604508
hs11 108620689 110344826 0.187632
hs11 110344827 112068964 0.396567
hs11 112068965 113793102 0.502771
hs11 113793103 115517240 0.251466
hs11 115517241 117241378 0.555711
hs11 117241379 118965516 0.512984
hs11 118965517 120689654 0.507218
hs11 120689655 122413792 0.332045
hs11 122413793 124137930 0.254059
hs11 124137931 125862067 0.607168
hs11 125862068 127586205 0.298067
hs11 127586206 129310343 0.425839
hs11 129310344 131034481 0.385688
hs11 131034482 132758619 0.954669
hs11 132758620 134482757 0.305341
hs22 0 1724136 0.000000
hs22 1724137 3448274 0.000000
hs22 3448275 5172412 0.000000
hs22 5172413 6896550 0.000000
hs22 6896551 8620688 0.000000
hs22 8620689 10344826 0.000000
hs22 10344827 12068964 0.000000
hs22 12068965 13793102 0.000000
hs22 13793103 15517240 0.047307
hs22 15517241 17241378 0.465480
hs22 17241379 18965516 0.511423
hs22 18965517 20689654 0.525587
hs22 20689655 22413792 0.304424
hs22 22413793 24137930 0.673471
hs22 24137931 25862067 0.850857
hs22 25862068 27586205 0.578933
hs22 27586206 29310343 0.667396
hs22 29310344 31034481 0.638599
hs22 31034482 32758619 0.791840
hs22 32758620 34482757 0.130372
hs22 34482758 36206895 0.561105
hs22 36206896 37931033 0.592047
hs22 37931034 39655171 0.736100
hs22 39655172 41379309 0.591310
hs22 41379310 43103447 0.728314
hs22 43103448 44827585 0.592687
hs22 44827586 46551723 0.539092
hs22 46551724 48275861 0.156484
hs22 48275862 49999998 0.452529
hs10 0 1724136 0.761842
hs10 1724137 3448274 0.086950
hs10 3448275 5172412 0.096366
hs10 5172413 6896550 0.407084
hs10 6896551 8620688 0.391506
hs10 8620689 10344826 0.000000
hs10 10344827 12068964 0.375734
hs10 12068965 13793102 0.667106
hs10 13793103 15517240 0.747662
hs10 15517241 17241378 0.533106
hs10 17241379 18965516 0.796530
hs10 18965517 20689654 0.288500
hs10 20689655 22413792 0.514296
hs10 22413793 24137930 0.318799
hs10 24137931 25862067 0.819013
hs10 25862068 27586205 0.568582
hs10 27586206 29310343 0.369449
hs10 29310344 31034481 0.264401
hs10 31034482 32758619 0.376274
hs10 32758620 34482757 0.407929
hs10 34482758 36206895 0.672620
hs10 36206896 37931033 0.061893
hs10 37931034 39655171 0.138199
hs10 39655172 41379309 0.000000
hs10 41379310 43103447 0.214427
hs10 43103448 44827585 0.113559
hs10 44827586 46551723 0.430271
hs10 46551724 48275861 0.172708
hs10 48275862 49999998 0.539977
hs10 49999999 51724136 0.625050
hs10 51724137 53448274 0.837456
hs10 53448275 55172412 0.166289
hs10 55172413 56896550 0.579140
hs10 56896551 58620688 0.002225
hs10 58620689 60344826 0.265155
hs10 60344827 62068964 0.423061
hs10 62068965 63793102 0.330547
hs10 63793103 65517240 0.425983
hs10 65517241 67241378 0.000784
hs10 67241379 68965516 1.038701
hs10 68965517 70689654 0.713677
hs10 70689655 72413792 0.537422
hs10 72413793 74137930 0.670769
hs10 74137931 75862067 0.816245
hs10 75862068 77586205 0.578606
hs10 77586206 79310343 0.730183
hs10 79310344 81034481 0.335039
hs10 81034482 82758619 0.230857
hs10 82758620 84482757 0.497471
hs10 84482758 86206895 0.268176
hs10 86206896 87931033 0.373000
hs10 87931034 89655171 0.659689
hs10 89655172 91379309 0.502217
hs10 91379310 93103447 0.214718
hs10 93103448 94827585 0.739803
hs10 94827586 96551723 0.594901
hs10 96551724 98275861 0.650593
hs10 98275862 99999998 0.702169
hs10 99999999 101724136 0.737398
hs10 101724137 103448274 0.543248
hs10 103448275 105172412 0.731946
hs10 105172413 106896550 0.774413
hs10 106896551 108620688 0.241113
hs10 108620689 110344826 0.170285
hs10 110344827 112068964 0.162435
hs10 112068965 113793102 0.229200
hs10 113793103 115517240 0.549921
hs10 115517241 117241378 0.653529
hs10 117241379 118965516 0.617589
hs10 118965517 120689654 0.297754
hs10 120689655 122413792 0.477376
hs10 122413793 124137930 0.421945
hs10 124137931 125862067 0.360972
hs10 125862068 127586205 0.460854
hs10 127586206 129310343 0.692187
hs10 129310344 131034481 0.131891
hs10 131034482 132758619 0.273810
hs10 132758620 134482757 0.449517
hs10 134482758 136206895 0.208615
hs7 0 1724136 0.412080
hs7 1724137 3448274 0.657583
hs7 3448275 5172412 0.651409
hs7 5172413 6896550 0.674044
hs7 6896551 8620688 0.470586
hs7 8620689 10344826 0.081188
hs7 10344827 12068964 0.385418
hs7 12068965 13793102 0.108167
hs7 13793103 15517240 0.642275
hs7 15517241 17241378 0.369382
hs7 17241379 18965516 0.383937
hs7 18965517 20689654 0.199040
hs7 20689655 22413792 0.468286
hs7 22413793 24137930 0.393686
hs7 24137931 25862067 0.244447
hs7 25862068 27586205 0.327441
hs7 27586206 29310343 0.763009
hs7 29310344 31034481 0.505108
hs7 31034482 32758619 0.346631
hs7 32758620 34482757 0.590724
hs7 34482758 36206895 0.564808
hs7 36206896 37931033 0.640915
hs7 37931034 39655171 0.608681
hs7 39655172 41379309 0.576865
hs7 41379310 43103447 0.231605
hs7 43103448 44827585 0.762599
hs7 44827586 46551723 0.221779
hs7 46551724 48275861 0.371100
hs7 48275862 49999998 0.334069
hs7 49999999 51724136 0.527652
hs7 51724137 53448274 0.000737
hs7 53448275 55172412 0.088929
hs7 55172413 56896550 0.298870
hs7 56896551 58620688 0.033709
hs7 58620689 60344826 0.000000
hs7 60344827 62068964 0.000000
hs7 62068965 63793102 0.126283
hs7 63793103 65517240 0.406343
hs7 65517241 67241378 0.267708
hs7 67241379 68965516 0.152933
hs7 68965517 70689654 0.802857
hs7 70689655 72413792 0.807025
hs7 72413793 74137930 0.536624
hs7 74137931 75862067 0.523614
hs7 75862068 77586205 0.588517
hs7 77586206 79310343 0.781164
hs7 79310344 81034481 0.227215
hs7 81034482 82758619 0.562892
hs7 82758620 84482757 0.314227
hs7 84482758 86206895 0.117251
hs7 86206896 87931033 0.768896
hs7 87931034 89655171 0.345601
hs7 89655172 91379309 0.382013
hs7 91379310 93103447 0.633210
hs7 93103448 94827585 0.353885
hs7 94827586 96551723 0.426465
hs7 96551724 98275861 0.218934
hs7 98275862 99999998 0.659402
hs7 99999999 101724136 0.628610
hs7 101724137 103448274 0.861569
hs7 103448275 105172412 0.769828
hs7 105172413 106896550 0.421039
hs7 106896551 108620688 0.504577
hs7 108620689 110344826 0.148173
hs7 110344827 112068964 0.788745
hs7 112068965 113793102 0.276280
hs7 113793103 115517240 0.300780
hs7 115517241 117241378 0.594312
hs7 117241379 118965516 0.056549
hs7 118965517 120689654 0.490701
hs7 120689655 122413792 0.540687
hs7 122413793 124137930 0.218868
hs7 124137931 125862067 0.073757
hs7 125862068 127586205 0.756960
hs7 127586206 129310343 0.525920
hs7 129310344 131034481 0.619496
hs7 131034482 132758619 0.575837
hs7 132758620 134482757 0.720344
hs7 134482758 136206895 0.290627
hs7 136206896 137931033 0.588654
hs7 137931034 139655171 0.734333
hs7 139655172 141379309 0.414992
hs7 141379310 143103447 0.236910
hs7 143103448 144827585 0.302007
hs7 144827586 146551723 0.642257
hs7 146551724 148275861 0.813108
hs7 148275862 149999998 0.355305
hs7 149999999 151724136 0.712440
hs7 151724137 153448274 0.235267
hs7 153448275 155172412 0.614971
hs7 155172413 156896550 0.341824
hs7 156896551 158620688 0.836347
hs7 158620689 160344826 0.005639
hs4 0 1724136 0.612288
hs4 1724137 3448274 0.749969
hs4 3448275 5172412 0.226746
hs4 5172413 6896550 0.705886
hs4 6896551 8620688 0.776235
hs4 8620689 10344826 0.306068
hs4 10344827 12068964 0.017775
hs4 12068965 13793102 0.107828
hs4 13793103 15517240 0.269688
hs4 15517241 17241378 0.402932
hs4 17241379 18965516 0.215841
hs4 18965517 20689654 0.431479
hs4 20689655 22413792 0.648724
hs4 22413793 24137930 0.066500
hs4 24137931 25862067 0.351269
hs4 25862068 27586205 0.265083
hs4 27586206 29310343 0.000000
hs4 29310344 31034481 0.247305
hs4 31034482 32758619 0.000000
hs4 32758620 34482757 0.000000
hs4 34482758 36206895 0.140647
hs4 36206896 37931033 0.420205
hs4 37931034 39655171 0.565083
hs4 39655172 41379309 0.687553
hs4 41379310 43103447 0.419608
hs4 43103448 44827585 0.203535
hs4 44827586 46551723 0.202359
hs4 46551724 48275861 0.830709
hs4 48275862 49999998 0.190954
hs4 49999999 51724136 0.000000
hs4 51724137 53448274 0.145119
hs4 53448275 55172412 0.475565
hs4 55172413 56896550 0.400534
hs4 56896551 58620688 0.224814
hs4 58620689 60344826 0.000000
hs4 60344827 62068964 0.013649
hs4 62068965 63793102 0.320043
hs4 63793103 65517240 0.075977
hs4 65517241 67241378 0.203216
hs4 67241379 68965516 0.325372
hs4 68965517 70689654 0.245696
hs4 70689655 72413792 0.386575
hs4 72413793 74137930 0.399959
hs4 74137931 75862067 0.300949
hs4 75862068 77586205 0.494517
hs4 77586206 79310343 0.509621
hs4 79310344 81034481 0.369352
hs4 81034482 82758619 0.597991
hs4 82758620 84482757 0.359711
hs4 84482758 86206895 0.323842
hs4 86206896 87931033 0.674014
hs4 87931034 89655171 0.488716
hs4 89655172 91379309 0.477747
hs4 91379310 93103447 0.790953
hs4 93103448 94827585 0.802148
hs4 94827586 96551723 0.622914
hs4 96551724 98275861 0.080533
hs4 98275862 99999998 0.553986
hs4 99999999 101724136 0.348871
hs4 101724137 103448274 0.385876
hs4 103448275 105172412 0.468253
hs4 105172413 106896550 0.238441
hs4 106896551 108620688 0.340317
hs4 108620689 110344826 0.531064
hs4 110344827 112068964 0.483033
hs4 112068965 113793102 0.205179
hs4 113793103 115517240 0.557483
hs4 115517241 117241378 0.211582
hs4 117241379 118965516 0.001202
hs4 118965517 120689654 0.492193
hs4 120689655 122413792 0.253625
hs4 122413793 124137930 0.393741
hs4 124137931 125862067 0.380098
hs4 125862068 127586205 0.102383
hs4 127586206 129310343 0.243423
hs4 129310344 131034481 0.206029
hs4 131034482 132758619 0.000000
hs4 132758620 134482757 0.024513
hs4 134482758 136206895 0.003141
hs4 136206896 137931033 0.000000
hs4 137931034 139655171 0.053253
hs4 139655172 141379309 0.450448
hs4 141379310 143103447 0.415915
hs4 143103448 144827585 0.663954
hs4 144827586 146551723 0.218315
hs4 146551724 148275861 0.506424
hs4 148275862 149999998 0.482651
hs4 149999999 151724136 0.289555
hs4 151724137 153448274 0.524165
hs4 153448275 155172412 0.554164
hs4 155172413 156896550 0.270890
hs4 156896551 158620688 0.338101
hs4 158620689 160344826 0.326553
hs4 160344827 162068964 0.053537
hs4 162068965 163793102 0.452481
hs4 163793103 165517240 0.544455
hs4 165517241 167241378 0.324114
hs4 167241379 168965516 0.292478
hs4 168965517 170689654 0.632797
hs4 170689655 172413792 0.161897
hs4 172413793 174137930 0.676734
hs4 174137931 175862067 0.257824
hs4 175862068 177586205 0.513295
hs4 177586206 179310343 0.252898
hs4 179310344 181034481 0.000000
hs4 181034482 182758619 0.000000
hs4 182758620 184482757 0.430072
hs4 184482758 186206895 0.343286
hs4 186206896 187931033 0.568753
hs4 187931034 189655171 0.018161
hs4 189655172 191379309 0.051565
hs16 0 1724136 0.712408
hs16 1724137 3448274 0.618376
hs16 3448275 5172412 0.721401
hs16 5172413 6896550 0.514703
hs16 6896551 8620688 0.469519
hs16 8620689 10344826 0.425349
hs16 10344827 12068964 0.509377
hs16 12068965 13793102 0.573951
hs16 13793103 15517240 0.446986
hs16 15517241 17241378 0.502975
hs16 17241379 18965516 0.313466
hs16 18965517 20689654 0.540548
hs16 20689655 22413792 0.681991
hs16 22413793 24137930 0.595844
hs16 24137931 25862067 0.435425
hs16 25862068 27586205 0.327466
hs16 27586206 29310343 0.556660
hs16 29310344 31034481 0.491302
hs16 31034482 32758619 0.203160
hs16 32758620 34482757 0.029386
hs16 34482758 36206895 0.002327
hs16 36206896 37931033 0.000000
hs16 37931034 39655171 0.000000
hs16 39655172 41379309 0.000000
hs16 41379310 43103447 0.000000
hs16 43103448 44827585 0.000000
hs16 44827586 46551723 0.538078
hs16 46551724 48275861 0.325265
hs16 48275862 49999998 0.329949
hs16 49999999 51724136 0.108744
hs16 51724137 53448274 0.453327
hs16 53448275 55172412 0.381729
hs16 55172413 56896550 0.613943
hs16 56896551 58620688 0.130841
hs16 58620689 60344826 0.058053
hs16 60344827 62068964 0.163972
hs16 62068965 63793102 0.101638
hs16 63793103 65517240 0.401587
hs16 65517241 67241378 0.760031
hs16 67241379 68965516 0.752692
hs16 68965517 70689654 0.754241
hs16 70689655 72413792 0.200208
hs16 72413793 74137930 0.492368
hs16 74137931 75862067 0.220052
hs16 75862068 77586205 0.736000
hs16 77586206 79310343 0.302316
hs16 79310344 81034481 0.573271
hs16 81034482 82758619 0.802682
hs16 82758620 84482757 0.408148
hs16 84482758 86206895 0.143246
hs16 86206896 87931033 0.576176
hs16 87931034 89655171 0.359076
hs20 0 1724136 0.376570
hs20 1724137 3448274 0.560513
hs20 3448275 5172412 0.443802
hs20 5172413 6896550 0.222583
hs20 6896551 8620688 0.380211
hs20 8620689 10344826 0.605213
hs20 10344827 12068964 0.161385
hs20 12068965 13793102 0.351033
hs20 13793103 15517240 1.005073
hs20 15517241 17241378 0.502801
hs20 17241379 18965516 0.523192
hs20 18965517 20689654 0.773912
hs20 20689655 22413792 0.140854
hs20 22413793 24137930 0.092258
hs20 24137931 25862067 0.421987
hs20 25862068 27586205 0.031913
hs20 27586206 29310343 0.013541
hs20 29310344 31034481 0.513008
hs20 31034482 32758619 0.591744
hs20 32758620 34482757 0.742750
hs20 34482758 36206895 0.666990
hs20 36206896 37931033 0.335130
hs20 37931034 39655171 0.276768
hs20 39655172 41379309 0.662675
hs20 41379310 43103447 0.536222
hs20 43103448 44827585 0.509508
hs20 44827586 46551723 0.428353
hs20 46551724 48275861 0.593480
hs20 48275862 49999998 0.392797
hs20 49999999 51724136 0.370675
hs20 51724137 53448274 0.195115
hs20 53448275 55172412 0.116025
hs20 55172413 56896550 0.382959
hs20 56896551 58620688 0.323371
hs20 58620689 60344826 0.551092
hs20 60344827 62068964 0.568571
hs20 62068965 63793102 0.122169
hs13 0 1724136 0.000000
hs13 1724137 3448274 0.000000
hs13 3448275 5172412 0.000000
hs13 5172413 6896550 0.000000
hs13 6896551 8620688 0.000000
hs13 8620689 10344826 0.000000
hs13 10344827 12068964 0.000000
hs13 12068965 13793102 0.000000
hs13 13793103 15517240 0.000000
hs13 15517241 17241378 0.000000
hs13 17241379 18965516 0.159365
hs13 18965517 20689654 0.555729
hs13 20689655 22413792 0.132162
hs13 22413793 24137930 0.459086
hs13 24137931 25862067 0.647278
hs13 25862068 27586205 0.311874
hs13 27586206 29310343 0.599805
hs13 29310344 31034481 0.259987
hs13 31034482 32758619 0.635765
hs13 32758620 34482757 0.125759
hs13 34482758 36206895 0.994750
hs13 36206896 37931033 0.278372
hs13 37931034 39655171 0.383638
hs13 39655172 41379309 0.592169
hs13 41379310 43103447 0.550589
hs13 43103448 44827585 0.387255
hs13 44827586 46551723 0.478383
hs13 46551724 48275861 0.217462
hs13 48275862 49999998 0.525637
hs13 49999999 51724136 0.526880
hs13 51724137 53448274 0.181639
hs13 53448275 55172412 0.000045
hs13 55172413 56896550 0.043834
hs13 56896551 58620688 0.056421
hs13 58620689 60344826 0.391976
hs13 60344827 62068964 0.003386
hs13 62068965 63793102 0.002978
hs13 63793103 65517240 0.000000
hs13 65517241 67241378 0.537952
hs13 67241379 68965516 0.132556
hs13 68965517 70689654 0.255457
hs13 70689655 72413792 0.413015
hs13 72413793 74137930 0.313928
hs13 74137931 75862067 0.294811
hs13 75862068 77586205 0.334862
hs13 77586206 79310343 0.355659
hs13 79310344 81034481 0.002886
hs13 81034482 82758619 0.000000
hs13 82758620 84482757 0.243798
hs13 84482758 86206895 0.003807
hs13 86206896 87931033 0.004061
hs13 87931034 89655171 0.000000
hs13 89655172 91379309 0.332544
hs13 91379310 93103447 0.791437
hs13 93103448 94827585 0.654869
hs13 94827586 96551723 0.777059
hs13 96551724 98275861 0.471085
hs13 98275862 99999998 0.738630
hs13 99999999 101724136 0.725268
hs13 101724137 103448274 0.221909
hs13 103448275 105172412 0.014598
hs13 105172413 106896550 0.201705
hs13 106896551 108620688 0.614370
hs13 108620689 110344826 0.343740
hs13 110344827 112068964 0.138469
hs13 112068965 113793102 0.635213
hs13 113793103 115517240 0.114800
hs18 0 1724136 0.347219
hs18 1724137 3448274 0.358461
hs18 3448275 5172412 0.245595
hs18 5172413 6896550 0.416076
hs18 6896551 8620688 0.610745
hs18 8620689 10344826 0.408978
hs18 10344827 12068964 0.470467
hs18 12068965 13793102 0.687499
hs18 13793103 15517240 0.154219
hs18 15517241 17241378 0.189828
hs18 17241379 18965516 0.300799
hs18 18965517 20689654 0.671298
hs18 20689655 22413792 0.414348
hs18 22413793 24137930 0.381115
hs18 24137931 25862067 0.000000
hs18 25862068 27586205 0.203452
hs18 27586206 29310343 0.608729
hs18 29310344 31034481 0.641066
hs18 31034482 32758619 0.596835
hs18 32758620 34482757 0.361723
hs18 34482758 36206895 0.316142
hs18 36206896 37931033 0.096614
hs18 37931034 39655171 0.221692
hs18 39655172 41379309 0.225237
hs18 41379310 43103447 0.653790
hs18 43103448 44827585 0.272735
hs18 44827586 46551723 0.641761
hs18 46551724 48275861 0.205542
hs18 48275862 49999998 0.641385
hs18 49999999 51724136 0.337079
hs18 51724137 53448274 0.320670
hs18 53448275 55172412 0.560864
hs18 55172413 56896550 0.160855
hs18 56896551 58620688 0.352882
hs18 58620689 60344826 0.417697
hs18 60344827 62068964 0.075800
hs18 62068965 63793102 0.063827
hs18 63793103 65517240 0.394020
hs18 65517241 67241378 0.282647
hs18 67241379 68965516 0.074144
hs18 68965517 70689654 0.284255
hs18 70689655 72413792 0.286856
hs18 72413793 74137930 0.185974
hs18 74137931 75862067 0.372568
hs18 75862068 77586205 0.097682
hs3 0 1724136 0.303398
hs3 1724137 3448274 0.609146
hs3 3448275 5172412 0.327417
hs3 5172413 6896550 0.044214
hs3 6896551 8620688 0.702142
hs3 8620689 10344826 0.667046
hs3 10344827 12068964 0.598257
hs3 12068965 13793102 0.585803
hs3 13793103 15517240 0.608494
hs3 15517241 17241378 0.517479
hs3 17241379 18965516 0.353135
hs3 18965517 20689654 0.378297
hs3 20689655 22413792 0.192146
hs3 22413793 24137930 0.315790
hs3 24137931 25862067 0.397259
hs3 25862068 27586205 0.188973
hs3 27586206 29310343 0.149640
hs3 29310344 31034481 0.564138
hs3 31034482 32758619 0.472338
hs3 32758620 34482757 0.449180
hs3 34482758 36206895 0.088291
hs3 36206896 37931033 0.627153
hs3 37931034 39655171 0.566181
hs3 39655172 41379309 0.403931
hs3 41379310 43103447 0.670345
hs3 43103448 44827585 0.421492
hs3 44827586 46551723 0.478845
hs3 46551724 48275861 0.711467
hs3 48275862 49999998 0.771691
hs3 49999999 51724136 0.852428
hs3 51724137 53448274 0.671398
hs3 53448275 55172412 0.787621
hs3 55172413 56896550 0.737536
hs3 56896551 58620688 0.734132
hs3 58620689 60344826 0.550794
hs3 60344827 62068964 0.820137
hs3 62068965 63793102 0.620210
hs3 63793103 65517240 0.408340
hs3 65517241 67241378 0.600042
hs3 67241379 68965516 0.543683
hs3 68965517 70689654 0.392948
hs3 70689655 72413792 0.416842
hs3 72413793 74137930 0.331364
hs3 74137931 75862067 0.159596
hs3 75862068 77586205 0.268222
hs3 77586206 79310343 0.449161
hs3 79310344 81034481 0.341855
hs3 81034482 82758619 0.157819
hs3 82758620 84482757 0.000000
hs3 84482758 86206895 0.646959
hs3 86206896 87931033 0.057060
hs3 87931034 89655171 0.235846
hs3 89655172 91379309 0.000000
hs3 91379310 93103447 0.000000
hs3 93103448 94827585 0.000000
hs3 94827586 96551723 0.181291
hs3 96551724 98275861 0.150654
hs3 98275862 99999998 0.552074
hs3 99999999 101724136 0.649490
hs3 101724137 103448274 0.551684
hs3 103448275 105172412 0.026000
hs3 105172413 106896550 0.143136
hs3 106896551 108620688 0.227615
hs3 108620689 110344826 0.632018
hs3 110344827 112068964 0.073335
hs3 112068965 113793102 0.566220
hs3 113793103 115517240 0.582188
hs3 115517241 117241378 0.664066
hs3 117241379 118965516 0.239510
hs3 118965517 120689654 0.283346
hs3 120689655 122413792 0.656545
hs3 122413793 124137930 0.792374
hs3 124137931 125862067 0.824374
hs3 125862068 127586205 0.560371
hs3 127586206 129310343 0.506775
hs3 129310344 131034481 0.589851
hs3 131034482 132758619 0.586865
hs3 132758620 134482757 0.706268
hs3 134482758 136206895 0.569809
hs3 136206896 137931033 0.554709
hs3 137931034 139655171 0.328925
hs3 139655172 141379309 0.430982
hs3 141379310 143103447 0.541859
hs3 143103448 144827585 0.734388
hs3 144827586 146551723 0.140968
hs3 146551724 148275861 0.152879
hs3 148275862 149999998 0.042360
hs3 149999999 151724136 0.428563
hs3 151724137 153448274 0.504603
hs3 153448275 155172412 0.135482
hs3 155172413 156896550 0.346620
hs3 156896551 158620688 0.585570
hs3 158620689 160344826 0.476053
hs3 160344827 162068964 0.653313
hs3 162068965 163793102 0.167716
hs3 163793103 165517240 0.000000
hs3 165517241 167241378 0.100993
hs3 167241379 168965516 0.247811
hs3 168965517 170689654 0.657218
hs3 170689655 172413792 0.552431
hs3 172413793 174137930 0.610394
hs3 174137931 175862067 0.631444
hs3 175862068 177586205 0.548865
hs3 177586206 179310343 0.102375
hs3 179310344 181034481 0.475777
hs3 181034482 182758619 0.201696
hs3 182758620 184482757 0.318229
hs3 184482758 186206895 0.561169
hs3 186206896 187931033 0.570112
hs3 187931034 189655171 0.369046
hs3 189655172 191379309 0.591104
hs3 191379310 193103447 0.224055
hs3 193103448 194827585 0.597081
hs3 194827586 196551723 0.313216
hs3 196551724 198275861 0.537065
hs3 198275862 199999998 0.415714
hs9 0 1724136 0.420770
hs9 1724137 3448274 0.338451
hs9 3448275 5172412 0.580861
hs9 5172413 6896550 0.520275
hs9 6896551 8620688 0.341533
hs9 8620689 10344826 1.000000
hs9 10344827 12068964 0.149580
hs9 12068965 13793102 0.121565
hs9 13793103 15517240 0.430668
hs9 15517241 17241378 0.577930
hs9 17241379 18965516 0.554003
hs9 18965517 20689654 0.488260
hs9 20689655 22413792 0.388748
hs9 22413793 24137930 0.082125
hs9 24137931 25862067 0.001433
hs9 25862068 27586205 0.365076
hs9 27586206 29310343 0.447142
hs9 29310344 31034481 0.000000
hs9 31034482 32758619 0.101625
hs9 32758620 34482757 0.694482
hs9 34482758 36206895 0.533167
hs9 36206896 37931033 0.601373
hs9 37931034 39655171 0.262695
hs9 39655172 41379309 0.038364
hs9 41379310 43103447 0.165720
hs9 43103448 44827585 0.065128
hs9 44827586 46551723 0.001457
hs9 46551724 48275861 0.035263
hs9 48275862 49999998 0.000000
hs9 49999999 51724136 0.000000
hs9 51724137 53448274 0.000000
hs9 53448275 55172412 0.000000
hs9 55172413 56896550 0.000000
hs9 56896551 58620688 0.000000
hs9 58620689 60344826 0.000000
hs9 60344827 62068964 0.000000
hs9 62068965 63793102 0.000000
hs9 63793103 65517240 0.015501
hs9 65517241 67241378 0.028233
hs9 67241379 68965516 0.162296
hs9 68965517 70689654 0.319665
hs9 70689655 72413792 0.670659
hs9 72413793 74137930 0.476168
hs9 74137931 75862067 0.231587
hs9 75862068 77586205 0.285910
hs9 77586206 79310343 0.592670
hs9 79310344 81034481 0.300242
hs9 81034482 82758619 0.089772
hs9 82758620 84482757 0.076062
hs9 84482758 86206895 0.434466
hs9 86206896 87931033 0.430727
hs9 87931034 89655171 0.230565
hs9 89655172 91379309 0.296845
hs9 91379310 93103447 0.173349
hs9 93103448 94827585 0.672849
hs9 94827586 96551723 0.448860
hs9 96551724 98275861 0.569331
hs9 98275862 99999998 0.554414
hs9 99999999 101724136 0.484319
hs9 101724137 103448274 0.603970
hs9 103448275 105172412 0.067041
hs9 105172413 106896550 0.132154
hs9 106896551 108620688 0.239009
hs9 108620689 110344826 0.117313
hs9 110344827 112068964 0.812670
hs9 112068965 113793102 0.566587
hs9 113793103 115517240 0.641507
hs9 115517241 117241378 0.568747
hs9 117241379 118965516 0.601784
hs9 118965517 120689654 0.153738
hs9 120689655 122413792 0.234946
hs9 122413793 124137930 0.939745
hs9 124137931 125862067 0.600623
hs9 125862068 127586205 0.739644
hs9 127586206 129310343 0.621653
hs9 129310344 131034481 0.712274
hs9 131034482 132758619 0.464513
hs9 132758620 134482757 0.680252
hs9 134482758 136206895 0.596585
hs9 136206896 137931033 0.357532
hs9 137931034 139655171 0.621766
hs9 139655172 141379309 0.289286
hs15 0 1724136 0.000000
hs15 1724137 3448274 0.000000
hs15 3448275 5172412 0.000000
hs15 5172413 6896550 0.000000
hs15 6896551 8620688 0.000000
hs15 8620689 10344826 0.000000
hs15 10344827 12068964 0.000000
hs15 12068965 13793102 0.000000
hs15 13793103 15517240 0.000000
hs15 15517241 17241378 0.000000
hs15 17241379 18965516 0.000000
hs15 18965517 20689654 0.295078
hs15 20689655 22413792 0.105064
hs15 22413793 24137930 0.303339
hs15 24137931 25862067 0.687664
hs15 25862068 27586205 0.594332
hs15 27586206 29310343 0.337844
hs15 29310344 31034481 0.408506
hs15 31034482 32758619 0.741333
hs15 32758620 34482757 0.179206
hs15 34482758 36206895 0.289174
hs15 36206896 37931033 0.272288
hs15 37931034 39655171 0.659797
hs15 39655172 41379309 0.813349
hs15 41379310 43103447 0.675191
hs15 43103448 44827585 0.365723
hs15 44827586 46551723 0.297039
hs15 46551724 48275861 0.757607
hs15 48275862 49999998 0.695131
hs15 49999999 51724136 0.442274
hs15 51724137 53448274 0.512086
hs15 53448275 55172412 0.609447
hs15 55172413 56896550 0.587049
hs15 56896551 58620688 0.445057
hs15 58620689 60344826 0.523075
hs15 60344827 62068964 0.479631
hs15 62068965 63793102 0.729116
hs15 63793103 65517240 0.663095
hs15 65517241 67241378 0.587092
hs15 67241379 68965516 0.266412
hs15 68965517 70689654 0.830028
hs15 70689655 72413792 0.521646
hs15 72413793 74137930 0.523871
hs15 74137931 75862067 0.657070
hs15 75862068 77586205 0.426830
hs15 77586206 79310343 0.402449
hs15 79310344 81034481 0.413770
hs15 81034482 82758619 0.634965
hs15 82758620 84482757 0.515546
hs15 84482758 86206895 0.516085
hs15 86206896 87931033 0.498381
hs15 87931034 89655171 0.636740
hs15 89655172 91379309 0.344218
hs15 91379310 93103447 0.134305
hs15 93103448 94827585 0.051699
hs15 94827586 96551723 0.085330
hs15 96551724 98275861 0.512562
hs15 98275862 99999998 0.622840
hs15 99999999 101724136 0.060414
hs5 0 1724136 0.537360
hs5 1724137 3448274 0.017522
hs5 3448275 5172412 0.023774
hs5 5172413 6896550 0.257338
hs5 6896551 8620688 0.287374
hs5 8620689 10344826 0.480804
hs5 10344827 12068964 0.712727
hs5 12068965 13793102 0.162397
hs5 13793103 15517240 0.467802
hs5 15517241 17241378 0.604869
hs5 17241379 18965516 0.051242
hs5 18965517 20689654 0.298815
hs5 20689655 22413792 0.444788
hs5 22413793 24137930 0.288074
hs5 24137931 25862067 0.091468
hs5 25862068 27586205 0.091630
hs5 27586206 29310343 0.000000
hs5 29310344 31034481 0.000000
hs5 31034482 32758619 0.495150
hs5 32758620 34482757 0.318122
hs5 34482758 36206895 0.527807
hs5 36206896 37931033 0.583701
hs5 37931034 39655171 0.465105
hs5 39655172 41379309 0.242202
hs5 41379310 43103447 0.406831
hs5 43103448 44827585 0.280456
hs5 44827586 46551723 0.257207
hs5 46551724 48275861 0.000000
hs5 48275862 49999998 0.027674
hs5 49999999 51724136 0.110038
hs5 51724137 53448274 0.381183
hs5 53448275 55172412 0.446383
hs5 55172413 56896550 0.276549
hs5 56896551 58620688 0.347709
hs5 58620689 60344826 0.924546
hs5 60344827 62068964 0.429983
hs5 62068965 63793102 0.121958
hs5 63793103 65517240 0.735395
hs5 65517241 67241378 0.340903
hs5 67241379 68965516 0.461928
hs5 68965517 70689654 1.040777
hs5 70689655 72413792 0.421012
hs5 72413793 74137930 0.296347
hs5 74137931 75862067 0.521321
hs5 75862068 77586205 0.604166
hs5 77586206 79310343 0.617017
hs5 79310344 81034481 0.729605
hs5 81034482 82758619 0.377465
hs5 82758620 84482757 0.368879
hs5 84482758 86206895 0.010384
hs5 86206896 87931033 0.159306
hs5 87931034 89655171 0.157320
hs5 89655172 91379309 0.433078
hs5 91379310 93103447 0.178835
hs5 93103448 94827585 0.901040
hs5 94827586 96551723 0.433897
hs5 96551724 98275861 0.048867
hs5 98275862 99999998 0.043120
hs5 99999999 101724136 0.092169
hs5 101724137 103448274 0.251721
hs5 103448275 105172412 0.000363
hs5 105172413 106896550 0.090517
hs5 106896551 108620688 0.638498
hs5 108620689 110344826 0.442396
hs5 110344827 112068964 0.479835
hs5 112068965 113793102 0.495040
hs5 113793103 115517240 0.315650
hs5 115517241 117241378 0.157145
hs5 117241379 118965516 0.316196
hs5 118965517 120689654 0.132942
hs5 120689655 122413792 0.284698
hs5 122413793 124137930 0.226480
hs5 124137931 125862067 0.077758
hs5 125862068 127586205 0.417592
hs5 127586206 129310343 0.398889
hs5 129310344 131034481 0.377985
hs5 131034482 132758619 0.548522
hs5 132758620 134482757 0.493447
hs5 134482758 136206895 0.237166
hs5 136206896 137931033 0.669071
hs5 137931034 139655171 0.628250
hs5 139655172 141379309 3.349841
hs5 141379310 143103447 0.453608
hs5 143103448 144827585 0.190021
hs5 144827586 146551723 0.551368
hs5 146551724 148275861 0.468990
hs5 148275862 149999998 0.635914
hs5 149999999 151724136 0.388689
hs5 151724137 153448274 0.233634
hs5 153448275 155172412 0.282593
hs5 155172413 156896550 0.482129
hs5 156896551 158620688 0.361190
hs5 158620689 160344826 0.444971
hs5 160344827 162068964 0.242038
hs5 162068965 163793102 0.035693
hs5 163793103 165517240 0.000000
hs5 165517241 167241378 0.346236
hs5 167241379 168965516 0.740674
hs5 168965517 170689654 0.869481
hs5 170689655 172413792 0.461005
hs5 172413793 174137930 0.170858
hs5 174137931 175862067 0.246281
hs5 175862068 177586205 0.551732
hs5 177586206 179310343 0.604917
hs5 179310344 181034481 0.379312
hsY 0 1724136 0.245698
hsY 1724137 3448274 0.284502
hsY 3448275 5172412 0.142161
hsY 5172413 6896550 0.397292
hsY 6896551 8620688 0.138568
hsY 8620689 10344826 0.546659
hsY 10344827 12068964 0.001353
hsY 12068965 13793102 0.128363
hsY 13793103 15517240 0.324259
hsY 15517241 17241378 0.000000
hsY 17241379 18965516 0.036492
hsY 18965517 20689654 0.289225
hsY 20689655 22413792 0.124351
hsY 22413793 24137930 0.457581
hsY 24137931 25862067 0.317185
hsY 25862068 27586205 0.018966
hsY 27586206 29310343 0.000000
hsY 29310344 31034481 0.000000
hsY 31034482 32758619 0.000000
hsY 32758620 34482757 0.000000
hsY 34482758 36206895 0.000000
hsY 36206896 37931033 0.000000
hsY 37931034 39655171 0.000000
hsY 39655172 41379309 0.000000
hsY 41379310 43103447 0.000000
hsY 43103448 44827585 0.000000
hsY 44827586 46551723 0.000000
hsY 46551724 48275861 0.000000
hsY 48275862 49999998 0.000000
hsY 49999999 51724136 0.000000
hsY 51724137 53448274 0.000000
hsY 53448275 55172412 0.000000
hsY 55172413 56896550 0.000000
hsY 56896551 58620688 0.052430
hs1 0 1724136 0.416102
hs1 1724137 3448274 0.613780
hs1 3448275 5172412 0.270607
hs1 5172413 6896550 0.502997
hs1 6896551 8620688 0.752276
hs1 8620689 10344826 0.649008
hs1 10344827 12068964 0.579682
hs1 12068965 13793102 0.398657
hs1 13793103 15517240 0.491604
hs1 15517241 17241378 0.599720
hs1 17241379 18965516 0.511717
hs1 18965517 20689654 0.471749
hs1 20689655 22413792 0.692352
hs1 22413793 24137930 0.468578
hs1 24137931 25862067 0.496762
hs1 25862068 27586205 0.545068
hs1 27586206 29310343 0.700569
hs1 29310344 31034481 0.123943
hs1 31034482 32758619 0.509688
hs1 32758620 34482757 0.729117
hs1 34482758 36206895 0.387360
hs1 36206896 37931033 0.409995
hs1 37931034 39655171 0.425596
hs1 39655172 41379309 0.557470
hs1 41379310 43103447 0.574692
hs1 43103448 44827585 0.578388
hs1 44827586 46551723 0.794951
hs1 46551724 48275861 0.289973
hs1 48275862 49999998 0.903721
hs1 49999999 51724136 0.707269
hs1 51724137 53448274 0.741967
hs1 53448275 55172412 0.656503
hs1 55172413 56896550 0.170210
hs1 56896551 58620688 0.876284
hs1 58620689 60344826 0.446942
hs1 60344827 62068964 0.300511
hs1 62068965 63793102 0.556734
hs1 63793103 65517240 0.619620
hs1 65517241 67241378 0.795700
hs1 67241379 68965516 0.354715
hs1 68965517 70689654 0.353080
hs1 70689655 72413792 0.571821
hs1 72413793 74137930 0.062102
hs1 74137931 75862067 0.659280
hs1 75862068 77586205 0.653928
hs1 77586206 79310343 0.597336
hs1 79310344 81034481 0.000000
hs1 81034482 82758619 0.111376
hs1 82758620 84482757 0.168325
hs1 84482758 86206895 0.662599
hs1 86206896 87931033 0.409981
hs1 87931034 89655171 0.243062
hs1 89655172 91379309 0.249373
hs1 91379310 93103447 0.618404
hs1 93103448 94827585 0.504977
hs1 94827586 96551723 0.167447
hs1 96551724 98275861 0.543311
hs1 98275862 99999998 0.209196
hs1 99999999 101724136 0.407342
hs1 101724137 103448274 0.260669
hs1 103448275 105172412 0.125278
hs1 105172413 106896550 0.176546
hs1 106896551 108620688 0.478225
hs1 108620689 110344826 0.532536
hs1 110344827 112068964 0.349931
hs1 112068965 113793102 0.419511
hs1 113793103 115517240 0.605965
hs1 115517241 117241378 0.302322
hs1 117241379 118965516 0.432021
hs1 118965517 120689654 0.315952
hs1 120689655 122413792 0.040963
hs1 122413793 124137930 0.000000
hs1 124137931 125862067 0.000000
hs1 125862068 127586205 0.000000
hs1 127586206 129310343 0.000000
hs1 129310344 131034481 0.000000
hs1 131034482 132758619 0.000000
hs1 132758620 134482757 0.000000
hs1 134482758 136206895 0.000000
hs1 136206896 137931033 0.000000
hs1 137931034 139655171 0.000000
hs1 139655172 141379309 0.000000
hs1 141379310 143103447 0.094854
hs1 143103448 144827585 0.647533
hs1 144827586 146551723 0.312771
hs1 146551724 148275861 0.182448
hs1 148275862 149999998 0.649111
hs1 149999999 151724136 0.176089
hs1 151724137 153448274 0.664544
hs1 153448275 155172412 0.716737
hs1 155172413 156896550 0.271838
hs1 156896551 158620688 0.344371
hs1 158620689 160344826 0.523759
hs1 160344827 162068964 0.375830
hs1 162068965 163793102 0.339056
hs1 163793103 165517240 0.343674
hs1 165517241 167241378 0.475479
hs1 167241379 168965516 0.504341
hs1 168965517 170689654 0.623805
hs1 170689655 172413792 0.323755
hs1 172413793 174137930 0.777662
hs1 174137931 175862067 0.613088
hs1 175862068 177586205 0.529920
hs1 177586206 179310343 0.749006
hs1 179310344 181034481 0.291648
hs1 181034482 182758619 0.679271
hs1 182758620 184482757 0.616107
hs1 184482758 186206895 0.182515
hs1 186206896 187931033 0.000000
hs1 187931034 189655171 0.220379
hs1 189655172 191379309 0.125631
hs1 191379310 193103447 0.069101
hs1 193103448 194827585 0.212310
hs1 194827586 196551723 0.589434
hs1 196551724 198275861 0.090058
hs1 198275862 199999998 0.474354
hs1 199999999 201724136 0.632502
hs1 201724137 203448274 0.579220
hs1 203448275 205172412 0.484948
hs1 205172413 206896550 0.418629
hs1 206896551 208620688 0.283778
hs1 208620689 210344826 0.690340
hs1 210344827 212068964 0.375218
hs1 212068965 213793102 0.456862
hs1 213793103 215517240 0.863870
hs1 215517241 217241378 0.340829
hs1 217241379 218965516 0.283646
hs1 218965517 220689654 0.067484
hs1 220689655 222413792 0.444729
hs1 222413793 224137930 0.612877
hs1 224137931 225862067 0.479546
hs1 225862068 227586205 0.323814
hs1 227586206 229310343 0.415400
hs1 229310344 231034481 0.746688
hs1 231034482 232758619 0.564377
hs1 232758620 234482757 0.506767
hs1 234482758 236206895 0.729213
hs1 236206896 237931033 0.045050
hs1 237931034 239655171 0.751603
hs1 239655172 241379309 0.487810
hs1 241379310 243103447 0.612852
hs1 243103448 244827585 0.880749
hs1 244827586 246551723 0.352750
hs1 246551724 248275861 0.037438
hs19 0 1724136 0.541486
hs19 1724137 3448274 0.689160
hs19 3448275 5172412 0.697854
hs19 5172413 6896550 0.589946
hs19 6896551 8620688 0.575078
hs19 8620689 10344826 0.467525
hs19 10344827 12068964 0.656568
hs19 12068965 13793102 0.572612
hs19 13793103 15517240 0.516447
hs19 15517241 17241378 0.616705
hs19 17241379 18965516 0.667059
hs19 18965517 20689654 0.566441
hs19 20689655 22413792 0.286953
hs19 22413793 24137930 0.143719
hs19 24137931 25862067 0.000092
hs19 25862068 27586205 0.000000
hs19 27586206 29310343 0.000000
hs19 29310344 31034481 0.000000
hs19 31034482 32758619 0.000000
hs19 32758620 34482757 0.007793
hs19 34482758 36206895 0.201027
hs19 36206896 37931033 0.194152
hs19 37931034 39655171 0.561878
hs19 39655172 41379309 0.411999
hs19 41379310 43103447 0.550371
hs19 43103448 44827585 0.663318
hs19 44827586 46551723 0.540552
hs19 46551724 48275861 0.414767
hs19 48275862 49999998 0.465064
hs19 49999999 51724136 0.530177
hs19 51724137 53448274 0.585419
hs19 53448275 55172412 0.740836
hs19 55172413 56896550 0.483361
hs19 56896551 58620688 0.571982
hs19 58620689 60344826 0.540846
hs19 60344827 62068964 0.552426
hs19 62068965 63793102 0.449804
hs2 0 1724136 0.427989
hs2 1724137 3448274 0.480204
hs2 3448275 5172412 0.086147
hs2 5172413 6896550 0.036255
hs2 6896551 8620688 0.127155
hs2 8620689 10344826 0.526443
hs2 10344827 12068964 0.446967
hs2 12068965 13793102 0.015000
hs2 13793103 15517240 0.174068
hs2 15517241 17241378 0.154165
hs2 17241379 18965516 0.192931
hs2 18965517 20689654 0.142999
hs2 20689655 22413792 0.121902
hs2 22413793 24137930 0.351500
hs2 24137931 25862067 0.677526
hs2 25862068 27586205 0.728269
hs2 27586206 29310343 0.710285
hs2 29310344 31034481 0.614243
hs2 31034482 32758619 0.631505
hs2 32758620 34482757 0.504688
hs2 34482758 36206895 0.000000
hs2 36206896 37931033 0.484382
hs2 37931034 39655171 0.535733
hs2 39655172 41379309 0.287665
hs2 41379310 43103447 0.234594
hs2 43103448 44827585 0.727861
hs2 44827586 46551723 0.511591
hs2 46551724 48275861 0.420160
hs2 48275862 49999998 0.374478
hs2 49999999 51724136 0.645644
hs2 51724137 53448274 0.000000
hs2 53448275 55172412 0.710649
hs2 55172413 56896550 0.374444
hs2 56896551 58620688 0.113371
hs2 58620689 60344826 0.000000
hs2 60344827 62068964 0.508581
hs2 62068965 63793102 0.610532
hs2 63793103 65517240 0.349089
hs2 65517241 67241378 0.079669
hs2 67241379 68965516 0.258987
hs2 68965517 70689654 0.552516
hs2 70689655 72413792 0.478819
hs2 72413793 74137930 0.683096
hs2 74137931 75862067 0.493215
hs2 75862068 77586205 0.439548
hs2 77586206 79310343 0.018196
hs2 79310344 81034481 0.660282
hs2 81034482 82758619 0.000000
hs2 82758620 84482757 0.001443
hs2 84482758 86206895 0.596154
hs2 86206896 87931033 0.569406
hs2 87931034 89655171 0.238316
hs2 89655172 91379309 0.017432
hs2 91379310 93103447 0.000775
hs2 93103448 94827585 0.021568
hs2 94827586 96551723 0.272032
hs2 96551724 98275861 0.626179
hs2 98275862 99999998 0.791810
hs2 99999999 101724136 0.450052
hs2 101724137 103448274 0.351719
hs2 103448275 105172412 0.082274
hs2 105172413 106896550 0.329011
hs2 106896551 108620688 0.148007
hs2 108620689 110344826 0.766018
hs2 110344827 112068964 0.570846
hs2 112068965 113793102 0.511338
hs2 113793103 115517240 0.479174
hs2 115517241 117241378 0.464901
hs2 117241379 118965516 0.079925
hs2 118965517 120689654 0.442669
hs2 120689655 122413792 0.376878
hs2 122413793 124137930 0.000000
hs2 124137931 125862067 0.516201
hs2 125862068 127586205 0.057897
hs2 127586206 129310343 0.402879
hs2 129310344 131034481 0.117269
hs2 131034482 132758619 0.320904
hs2 132758620 134482757 0.668984
hs2 134482758 136206895 0.735569
hs2 136206896 137931033 0.393519
hs2 137931034 139655171 0.265202
hs2 139655172 141379309 0.390830
hs2 141379310 143103447 0.711330
hs2 143103448 144827585 0.690327
hs2 144827586 146551723 0.155521
hs2 146551724 148275861 0.002282
hs2 148275862 149999998 0.772555
hs2 149999999 151724136 0.044104
hs2 151724137 153448274 0.666437
hs2 153448275 155172412 0.338451
hs2 155172413 156896550 0.095865
hs2 156896551 158620688 0.316853
hs2 158620689 160344826 0.748664
hs2 160344827 162068964 0.447948
hs2 162068965 163793102 0.616517
hs2 163793103 165517240 0.271688
hs2 165517241 167241378 0.560203
hs2 167241379 168965516 0.407190
hs2 168965517 170689654 0.775212
hs2 170689655 172413792 0.658433
hs2 172413793 174137930 0.499745
hs2 174137931 175862067 0.475581
hs2 175862068 177586205 0.102352
hs2 177586206 179310343 0.923580
hs2 179310344 181034481 0.443089
hs2 181034482 182758619 0.291491
hs2 182758620 184482757 0.351033
hs2 184482758 186206895 0.197851
hs2 186206896 187931033 0.182737
hs2 187931034 189655171 0.364794
hs2 189655172 191379309 0.428113
hs2 191379310 193103447 0.405655
hs2 193103448 194827585 0.015692
hs2 194827586 196551723 0.186730
hs2 196551724 198275861 0.682253
hs2 198275862 199999998 0.327746
hs2 199999999 201724136 0.466709
hs2 201724137 203448274 0.674087
hs2 203448275 205172412 0.404642
hs2 205172413 206896550 0.781698
hs2 206896551 208620688 0.446042
hs2 208620689 210344826 0.316032
hs2 210344827 212068964 0.480782
hs2 212068965 213793102 0.692900
hs2 213793103 215517240 0.802831
hs2 215517241 217241378 0.439916
hs2 217241379 218965516 0.489137
hs2 218965517 220689654 0.486049
hs2 220689655 222413792 0.089474
hs2 222413793 224137930 0.260541
hs2 224137931 225862067 0.376060
hs2 225862068 227586205 0.286750
hs2 227586206 229310343 0.436298
hs2 229310344 231034481 0.666939
hs2 231034482 232758619 0.497918
hs2 232758620 234482757 1.043892
hs2 234482758 236206895 0.217918
hs2 236206896 237931033 0.467915
hs2 237931034 239655171 0.445514
hs2 239655172 241379309 0.390252
hs2 241379310 243103447 0.501591
hs8 0 1724136 0.263193
hs8 1724137 3448274 0.542893
hs8 3448275 5172412 0.807048
hs8 5172413 6896550 0.237917
hs8 6896551 8620688 0.234963
hs8 8620689 10344826 0.439965
hs8 10344827 12068964 0.550569
hs8 12068965 13793102 0.395676
hs8 13793103 15517240 0.709709
hs8 15517241 17241378 0.299673
hs8 17241379 18965516 0.630379
hs8 18965517 20689654 0.287729
hs8 20689655 22413792 0.331237
hs8 22413793 24137930 0.439294
hs8 24137931 25862067 0.336258
hs8 25862068 27586205 0.429647
hs8 27586206 29310343 0.655866
hs8 29310344 31034481 0.352439
hs8 31034482 32758619 0.720145
hs8 32758620 34482757 0.093291
hs8 34482758 36206895 0.324340
hs8 36206896 37931033 0.170220
hs8 37931034 39655171 0.653303
hs8 39655172 41379309 0.382009
hs8 41379310 43103447 0.608994
hs8 43103448 44827585 0.077213
hs8 44827586 46551723 0.000000
hs8 46551724 48275861 0.008643
hs8 48275862 49999998 0.439319
hs8 49999999 51724136 0.429623
hs8 51724137 53448274 0.567032
hs8 53448275 55172412 0.306884
hs8 55172413 56896550 0.318036
hs8 56896551 58620688 0.155383
hs8 58620689 60344826 0.362625
hs8 60344827 62068964 0.223146
hs8 62068965 63793102 0.520152
hs8 63793103 65517240 0.217494
hs8 65517241 67241378 0.318530
hs8 67241379 68965516 0.599733
hs8 68965517 70689654 0.469017
hs8 70689655 72413792 0.461340
hs8 72413793 74137930 0.425466
hs8 74137931 75862067 0.377613
hs8 75862068 77586205 0.062236
hs8 77586206 79310343 0.161931
hs8 79310344 81034481 0.181051
hs8 81034482 82758619 0.392334
hs8 82758620 84482757 0.054279
hs8 84482758 86206895 0.428590
hs8 86206896 87931033 0.394365
hs8 87931034 89655171 0.469722
hs8 89655172 91379309 0.107639
hs8 91379310 93103447 0.338623
hs8 93103448 94827585 0.112459
hs8 94827586 96551723 0.383291
hs8 96551724 98275861 0.428137
hs8 98275862 99999998 0.523581
hs8 99999999 101724136 0.750732
hs8 101724137 103448274 0.483795
hs8 103448275 105172412 0.540061
hs8 105172413 106896550 0.494228
hs8 106896551 108620688 0.430220
hs8 108620689 110344826 0.193552
hs8 110344827 112068964 0.231758
hs8 112068965 113793102 0.283541
hs8 113793103 115517240 0.420683
hs8 115517241 117241378 0.151092
hs8 117241379 118965516 0.281074
hs8 118965517 120689654 0.478596
hs8 120689655 122413792 0.570122
hs8 122413793 124137930 0.148276
hs8 124137931 125862067 0.575173
hs8 125862068 127586205 0.226152
hs8 127586206 129310343 0.207986
hs8 129310344 131034481 0.079448
hs8 131034482 132758619 0.354575
hs8 132758620 134482757 0.696757
hs8 134482758 136206895 0.205978
hs8 136206896 137931033 0.148318
hs8 137931034 139655171 0.212745
hs8 139655172 141379309 0.570604
hs8 141379310 143103447 0.460798
hs8 143103448 144827585 0.396026
hs8 144827586 146551723 0.453925
hs6 0 1724136 0.345047
hs6 1724137 3448274 0.542440
hs6 3448275 5172412 0.310949
hs6 5172413 6896550 0.622140
hs6 6896551 8620688 0.363759
hs6 8620689 10344826 0.000000
hs6 10344827 12068964 0.455418
hs6 12068965 13793102 0.581463
hs6 13793103 15517240 0.167057
hs6 15517241 17241378 0.459209
hs6 17241379 18965516 0.421062
hs6 18965517 20689654 0.147225
hs6 20689655 22413792 0.695642
hs6 22413793 24137930 0.000623
hs6 24137931 25862067 0.622595
hs6 25862068 27586205 0.310962
hs6 27586206 29310343 0.151868
hs6 29310344 31034481 0.320665
hs6 31034482 32758619 0.487373
hs6 32758620 34482757 0.402572
hs6 34482758 36206895 0.721088
hs6 36206896 37931033 0.506438
hs6 37931034 39655171 0.849379
hs6 39655172 41379309 0.369518
hs6 41379310 43103447 0.607830
hs6 43103448 44827585 0.469018
hs6 44827586 46551723 0.630289
hs6 46551724 48275861 0.526103
hs6 48275862 49999998 0.109835
hs6 49999999 51724136 0.145259
hs6 51724137 53448274 0.499525
hs6 53448275 55172412 0.373750
hs6 55172413 56896550 0.463348
hs6 56896551 58620688 0.336522
hs6 58620689 60344826 0.000000
hs6 60344827 62068964 0.000000
hs6 62068965 63793102 0.351617
hs6 63793103 65517240 0.668729
hs6 65517241 67241378 0.555758
hs6 67241379 68965516 0.000000
hs6 68965517 70689654 0.540367
hs6 70689655 72413792 0.496437
hs6 72413793 74137930 0.671124
hs6 74137931 75862067 0.173812
hs6 75862068 77586205 0.447888
hs6 77586206 79310343 0.000681
hs6 79310344 81034481 0.327959
hs6 81034482 82758619 0.049421
hs6 82758620 84482757 0.448874
hs6 84482758 86206895 0.171295
hs6 86206896 87931033 0.156630
hs6 87931034 89655171 0.457772
hs6 89655172 91379309 0.675291
hs6 91379310 93103447 0.000000
hs6 93103448 94827585 0.144399
hs6 94827586 96551723 0.018511
hs6 96551724 98275861 0.401584
hs6 98275862 99999998 0.126651
hs6 99999999 101724136 0.363637
hs6 101724137 103448274 0.389221
hs6 103448275 105172412 0.000000
hs6 105172413 106896550 0.354071
hs6 106896551 108620688 0.606288
hs6 108620689 110344826 0.680109
hs6 110344827 112068964 0.567531
hs6 112068965 113793102 0.238167
hs6 113793103 115517240 0.038115
hs6 115517241 117241378 0.403388
hs6 117241379 118965516 0.504695
hs6 118965517 120689654 0.335609
hs6 120689655 122413792 0.156106
hs6 122413793 124137930 0.481343
hs6 124137931 125862067 0.761661
hs6 125862068 127586205 0.182681
hs6 127586206 129310343 0.591434
hs6 129310344 131034481 0.545005
hs6 131034482 132758619 0.428828
hs6 132758620 134482757 0.359670
hs6 134482758 136206895 0.697429
hs6 136206896 137931033 0.683450
hs6 137931034 139655171 0.398276
hs6 139655172 141379309 0.001386
hs6 141379310 143103447 0.198740
hs6 143103448 144827585 0.716397
hs6 144827586 146551723 0.438493
hs6 146551724 148275861 0.419406
hs6 148275862 149999998 0.451772
hs6 149999999 151724136 0.564178
hs6 151724137 153448274 0.746479
hs6 153448275 155172412 0.386274
hs6 155172413 156896550 0.186655
hs6 156896551 158620688 0.611421
hs6 158620689 160344826 0.442862
hs6 160344827 162068964 0.681343
hs6 162068965 163793102 0.951288
hs6 163793103 165517240 0.073379
hs6 165517241 167241378 0.544118
hs6 167241379 168965516 0.355704
hs6 168965517 170689654 0.284256
hs6 170689655 172413792 0.023505
hs14 0 1724136 0.000000
hs14 1724137 3448274 0.000000
hs14 3448275 5172412 0.000000
hs14 5172413 6896550 0.000000
hs14 6896551 8620688 0.000000
hs14 8620689 10344826 0.000000
hs14 10344827 12068964 0.000000
hs14 12068965 13793102 0.000000
hs14 13793103 15517240 0.000000
hs14 15517241 17241378 0.000000
hs14 17241379 18965516 0.018885
hs14 18965517 20689654 0.172298
hs14 20689655 22413792 0.227007
hs14 22413793 24137930 0.397675
hs14 24137931 25862067 0.141657
hs14 25862068 27586205 0.088086
hs14 27586206 29310343 0.127359
hs14 29310344 31034481 0.442692
hs14 31034482 32758619 0.677303
hs14 32758620 34482757 0.499497
hs14 34482758 36206895 0.406405
hs14 36206896 37931033 0.503873
hs14 37931034 39655171 0.153624
hs14 39655172 41379309 0.135022
hs14 41379310 43103447 0.037233
hs14 43103448 44827585 0.190638
hs14 44827586 46551723 0.100895
hs14 46551724 48275861 0.383969
hs14 48275862 49999998 0.338660
hs14 49999999 51724136 0.554410
hs14 51724137 53448274 0.334216
hs14 53448275 55172412 0.449914
hs14 55172413 56896550 0.309341
hs14 56896551 58620688 0.325162
hs14 58620689 60344826 0.478331
hs14 60344827 62068964 0.411839
hs14 62068965 63793102 0.665523
hs14 63793103 65517240 0.536573
hs14 65517241 67241378 0.628396
hs14 67241379 68965516 0.734299
hs14 68965517 70689654 0.550410
hs14 70689655 72413792 0.610641
hs14 72413793 74137930 0.726324
hs14 74137931 75862067 0.723022
hs14 75862068 77586205 0.511221
hs14 77586206 79310343 0.794889
hs14 79310344 81034481 0.541433
hs14 81034482 82758619 0.020577
hs14 82758620 84482757 0.000000
hs14 84482758 86206895 0.056715
hs14 86206896 87931033 0.131275
hs14 87931034 89655171 0.685820
hs14 89655172 91379309 0.674454
hs14 91379310 93103447 0.735472
hs14 93103448 94827585 0.468758
hs14 94827586 96551723 0.331824
hs14 96551724 98275861 0.034026
hs14 98275862 99999998 0.473359
hs14 99999999 101724136 0.318200
hs14 101724137 103448274 0.643765
hs14 103448275 105172412 0.416282
hs14 105172413 106896550 0.017968
hs17 0 1724136 0.723574
hs17 1724137 3448274 0.627720
hs17 3448275 5172412 0.712806
hs17 5172413 6896550 0.384212
hs17 6896551 8620688 0.575986
hs17 8620689 10344826 0.794845
hs17 10344827 12068964 0.565306
hs17 12068965 13793102 0.253038
hs17 13793103 15517240 0.250533
hs17 15517241 17241378 0.569419
hs17 17241379 18965516 0.658693
hs17 18965517 20689654 0.457093
hs17 20689655 22413792 0.162050
hs17 22413793 24137930 0.450368
hs17 24137931 25862067 0.775839
hs17 25862068 27586205 0.560835
hs17 27586206 29310343 0.858726
hs17 29310344 31034481 0.437888
hs17 31034482 32758619 0.484799
hs17 32758620 34482757 0.519163
hs17 34482758 36206895 0.631799
hs17 36206896 37931033 0.451708
hs17 37931034 39655171 0.584608
hs17 39655172 41379309 0.544711
hs17 41379310 43103447 0.639515
hs17 43103448 44827585 0.533426
hs17 44827586 46551723 0.497130
hs17 46551724 48275861 0.396826
hs17 48275862 49999998 0.001355
hs17 49999999 51724136 0.313246
hs17 51724137 53448274 0.501552
hs17 53448275 55172412 0.698557
hs17 55172413 56896550 0.814052
hs17 56896551 58620688 0.556759
hs17 58620689 60344826 0.727383
hs17 60344827 62068964 0.634422
hs17 62068965 63793102 0.615997
hs17 63793103 65517240 0.469334
hs17 65517241 67241378 0.041082
hs17 67241379 68965516 0.395054
hs17 68965517 70689654 0.519514
hs17 70689655 72413792 0.716896
hs17 72413793 74137930 0.452290
hs17 74137931 75862067 0.574925
hs17 75862068 77586205 0.741643
hs17 77586206 79310343 0.473641
hs21 0 1724136 0.000000
hs21 1724137 3448274 0.000000
hs21 3448275 5172412 0.000000
hs21 5172413 6896550 0.000000
hs21 6896551 8620688 0.000000
hs21 8620689 10344826 0.253844
hs21 10344827 12068964 0.000000
hs21 12068965 13793102 0.046449
hs21 13793103 15517240 0.225040
hs21 15517241 17241378 0.399848
hs21 17241379 18965516 0.180191
hs21 18965517 20689654 0.000000
hs21 20689655 22413792 0.348636
hs21 22413793 24137930 0.000000
hs21 24137931 25862067 0.029941
hs21 25862068 27586205 0.353546
hs21 27586206 29310343 0.074315
hs21 29310344 31034481 0.447529
hs21 31034482 32758619 0.516005
hs21 32758620 34482757 0.547595
hs21 34482758 36206895 0.296193
hs21 36206896 37931033 0.598087
hs21 37931034 39655171 0.526430
hs21 39655172 41379309 0.638118
hs21 41379310 43103447 0.584107
hs21 43103448 44827585 0.543891
hs21 44827586 46551723 0.552829
hs21 46551724 48275861 0.165328
