hsX 0 1923075 0.220281
hsX 1923076 3846152 0.421463
hsX 3846153 5769229 0.000000
hsX 5769230 7692306 0.298797
hsX 7692307 9615383 0.249598
hsX 9615384 11538460 0.689280
hsX 11538461 13461537 0.409393
hsX 13461538 15384614 0.420565
hsX 15384615 17307691 0.421380
hsX 17307692 19230768 0.642741
hsX 19230769 21153845 0.432502
hsX 21153846 23076922 0.341743
hsX 23076923 24999999 0.459728
hsX 25000000 26923075 0.004325
hsX 26923076 28846152 0.184174
hsX 28846153 30769229 0.610988
hsX 30769230 32692306 0.880911
hsX 32692307 34615383 0.316236
hsX 34615384 36538460 0.169238
hsX 36538461 38461537 0.392541
hsX 38461538 40384614 0.088585
hsX 40384615 42307691 0.371042
hsX 42307692 44230768 0.222608
hsX 44230769 46153845 0.162447
hsX 46153846 48076922 0.474222
hsX 48076923 49999999 0.777519
hsX 50000000 51923075 0.266378
hsX 51923076 53846152 0.341518
hsX 53846153 55769229 0.360359
hsX 55769230 57692306 0.214186
hsX 57692307 59615383 0.002706
hsX 59615384 61538460 0.000000
hsX 61538461 63461537 0.191426
hsX 63461538 65384614 0.212413
hsX 65384615 67307691 0.181357
hsX 67307692 69230768 0.443899
hsX 69230769 71153845 0.571496
hsX 71153846 73076922 0.481713
hsX 73076923 74999999 0.532091
hsX 75000000 76923075 0.149493
hsX 76923076 78846152 0.180457
hsX 78846153 80769229 0.235069
hsX 80769230 82692306 0.000784
hsX 82692307 84615383 0.300682
hsX 84615384 86538460 0.452678
hsX 86538461 88461537 0.083146
hsX 88461538 90384614 0.000491
hsX 90384615 92307691 0.440935
hsX 92307692 94230768 0.021289
hsX 94230769 96153845 0.171542
hsX 96153846 98076922 0.305972
hsX 98076923 99999999 0.384988
hsX 100000000 101923075 0.541286
hsX 101923076 103846152 0.195885
hsX 103846153 105769229 0.657145
hsX 105769230 107692306 0.619428
hsX 107692307 109615383 0.420750
hsX 109615384 111538460 0.666151
hsX 111538461 113461537 0.085336
hsX 113461538 115384614 0.301310
hsX 115384615 117307691 0.127760
hsX 117307692 119230768 0.408547
hsX 119230769 121153845 0.340460
hsX 121153846 123076922 0.330244
hsX 123076923 124999999 0.319691
hsX 125000000 126923075 0.004211
hsX 126923076 128846152 0.117996
hsX 128846153 130769229 0.384700
hsX 130769230 132692306 0.473996
hsX 132692307 134615383 0.359016
hsX 134615384 136538460 0.303809
hsX 136538461 138461537 0.311781
hsX 138461538 140384614 0.141260
hsX 140384615 142307691 0.043000
hsX 142307692 144230768 0.021501
hsX 144230769 146153845 0.006816
hsX 146153846 148076922 0.310881
hsX 148076923 149999999 0.365837
hsX 150000000 151923075 0.330295
hsX 151923076 153846152 0.513090
hsX 153846153 155769229 0.244348
hs12 0 1923075 0.804347
hs12 1923076 3846152 0.731541
hs12 3846153 5769229 0.343050
hs12 5769230 7692306 0.618682
hs12 7692307 9615383 0.369547
hs12 9615384 11538460 0.559916
hs12 11538461 13461537 0.493810
hs12 13461538 15384614 0.495722
hs12 15384615 17307691 0.384732
hs12 17307692 19230768 0.264644
hs12 19230769 21153845 0.427725
hs12 21153846 23076922 0.466510
hs12 23076923 24999999 0.617501
hs12 25000000 26923075 0.539790
hs12 26923076 28846152 0.454456
hs12 28846153 30769229 0.305424
hs12 30769230 32692306 0.476214
hs12 32692307 34615383 0.131238
hs12 34615384 36538460 0.000000
hs12 36538461 38461537 0.315938
hs12 38461538 40384614 0.640925
hs12 40384615 42307691 0.317118
hs12 42307692 44230768 0.696373
hs12 44230769 46153845 0.232356
hs12 46153846 48076922 0.387600
hs12 48076923 49999999 0.744790
hs12 50000000 51923075 0.460058
hs12 51923076 53846152 0.414827
hs12 53846153 55769229 0.431614
hs12 55769230 57692306 0.295062
hs12 57692307 59615383 0.047988
hs12 59615384 61538460 0.508140
hs12 61538461 63461537 0.469650
hs12 63461538 65384614 0.531561
hs12 65384615 67307691 0.077309
hs12 67307692 69230768 0.415411
hs12 69230769 71153845 0.558013
hs12 71153846 73076922 0.099758
hs12 73076923 74999999 0.196360
hs12 75000000 76923075 0.280858
hs12 76923076 78846152 0.545820
hs12 78846153 80769229 0.642479
hs12 80769230 82692306 0.298674
hs12 82692307 84615383 0.158920
hs12 84615384 86538460 0.468170
hs12 86538461 88461537 0.218614
hs12 88461538 90384614 0.088023
hs12 90384615 92307691 0.127315
hs12 92307692 94230768 0.510109
hs12 94230769 96153845 0.382029
hs12 96153846 98076922 0.343654
hs12 98076923 99999999 0.808798
hs12 100000000 101923075 0.434637
hs12 101923076 103846152 0.658628
hs12 103846153 105769229 0.541108
hs12 105769230 107692306 0.465992
hs12 107692307 109615383 0.705458
hs12 109615384 111538460 0.698604
hs12 111538461 113461537 0.374503
hs12 113461538 115384614 0.172960
hs12 115384615 117307691 0.725610
hs12 117307692 119230768 0.504323
hs12 119230769 121153845 0.680879
hs12 121153846 123076922 0.752251
hs12 123076923 124999999 0.422560
hs12 125000000 126923075 0.015759
hs12 126923076 128846152 0.690676
hs12 128846153 130769229 0.298036
hs12 130769230 132692306 0.524963
hs11 0 1923075 0.633124
hs11 1923076 3846152 0.584406
hs11 3846153 5769229 0.278998
hs11 5769230 7692306 0.413028
hs11 7692307 9615383 0.577764
hs11 9615384 11538460 0.604450
hs11 11538461 13461537 0.551567
hs11 13461538 15384614 0.535136
hs11 15384615 17307691 0.465813
hs11 17307692 19230768 0.532838
hs11 19230769 21153845 0.770838
hs11 21153846 23076922 0.358287
hs11 23076923 24999999 0.272932
hs11 25000000 26923075 0.239288
hs11 26923076 28846152 0.418703
hs11 28846153 30769229 0.118247
hs11 30769230 32692306 0.391151
hs11 32692307 34615383 0.540290
hs11 34615384 36538460 0.592591
hs11 36538461 38461537 0.043062
hs11 38461538 40384614 0.093555
hs11 40384615 42307691 0.000000
hs11 42307692 44230768 0.295328
hs11 44230769 46153845 0.397367
hs11 46153846 48076922 0.752108
hs11 48076923 49999999 0.208408
hs11 50000000 51923075 0.016704
hs11 51923076 53846152 0.000000
hs11 53846153 55769229 0.026043
hs11 55769230 57692306 0.457036
hs11 57692307 59615383 0.249320
hs11 59615384 61538460 0.513494
hs11 61538461 63461537 0.540903
hs11 63461538 65384614 0.580743
hs11 65384615 67307691 0.618450
hs11 67307692 69230768 0.397502
hs11 69230769 71153845 0.503642
hs11 71153846 73076922 0.691217
hs11 73076923 74999999 0.628244
hs11 75000000 76923075 0.623933
hs11 76923076 78846152 0.831025
hs11 78846153 80769229 0.000000
hs11 80769230 82692306 0.161107
hs11 82692307 84615383 0.921273
hs11 84615384 86538460 0.629498
hs11 86538461 88461537 0.439134
hs11 88461538 90384614 0.296519
hs11 90384615 92307691 0.283075
hs11 92307692 94230768 0.414128
hs11 94230769 96153845 0.376105
hs11 96153846 98076922 0.000000
hs11 98076923 99999999 0.694514
hs11 100000000 101923075 0.482126
hs11 101923076 103846152 0.415338
hs11 103846153 105769229 0.273188
hs11 105769230 107692306 0.517538
hs11 107692307 109615383 0.324055
hs11 109615384 111538460 0.437405
hs11 111538461 113461537 0.383960
hs11 113461538 115384614 0.328932
hs11 115384615 117307691 0.519405
hs11 117307692 119230768 0.485862
hs11 119230769 121153845 0.502006
hs11 121153846 123076922 0.333328
hs11 123076923 124999999 0.392541
hs11 125000000 126923075 0.516808
hs11 126923076 128846152 0.323799
hs11 128846153 130769229 0.265846
hs11 130769230 132692306 0.959358
hs11 132692307 134615383 0.308237
hs22 0 1923075 0.000000
hs22 1923076 3846152 0.000000
hs22 3846153 5769229 0.000000
hs22 5769230 7692306 0.000000
hs22 7692307 9615383 0.000000
hs22 9615384 11538460 0.000000
hs22 11538461 13461537 0.000000
hs22 13461538 15384614 0.016946
hs22 15384615 17307691 0.458076
hs22 17307692 19230768 0.506024
hs22 19230769 21153845 0.421734
hs22 21153846 23076922 0.499059
hs22 23076923 24999999 0.907429
hs22 25000000 26923075 0.439839
hs22 26923076 28846152 0.772487
hs22 28846153 30769229 0.629442
hs22 30769230 32692306 0.777868
hs22 32692307 34615383 0.185851
hs22 34615384 36538460 0.538388
hs22 36538461 38461537 0.570540
hs22 38461538 40384614 0.757401
hs22 40384615 42307691 0.619031
hs22 42307692 44230768 0.677029
hs22 44230769 46153845 0.654792
hs22 46153846 48076922 0.145771
hs22 48076923 49999999 0.405715
hs10 0 1923075 0.706734
hs10 1923076 3846152 0.059081
hs10 3846153 5769229 0.160502
hs10 5769230 7692306 0.442180
hs10 7692307 9615383 0.194864
hs10 9615384 11538460 0.186740
hs10 11538461 13461537 0.656794
hs10 13461538 15384614 0.726148
hs10 15384615 17307691 0.535754
hs10 17307692 19230768 0.709435
hs10 19230769 21153845 0.264514
hs10 21153846 23076922 0.576168
hs10 23076923 24999999 0.581747
hs10 25000000 26923075 0.596091
hs10 26923076 28846152 0.495970
hs10 28846153 30769229 0.265370
hs10 30769230 32692306 0.357879
hs10 32692307 34615383 0.434695
hs10 34615384 36538460 0.534073
hs10 36538461 38461537 0.125005
hs10 38461538 40384614 0.054388
hs10 40384615 42307691 0.027523
hs10 42307692 44230768 0.230502
hs10 44230769 46153845 0.359894
hs10 46153846 48076922 0.216738
hs10 48076923 49999999 0.484117
hs10 50000000 51923075 0.658007
hs10 51923076 53846152 0.799004
hs10 53846153 55769229 0.282366
hs10 55769230 57692306 0.240151
hs10 57692307 59615383 0.001995
hs10 59615384 61538460 0.470883
hs10 61538461 63461537 0.369331
hs10 63461538 65384614 0.455075
hs10 65384615 67307691 0.000703
hs10 67307692 69230768 1.016933
hs10 69230769 71153845 0.665050
hs10 71153846 73076922 0.570006
hs10 73076923 74999999 0.792975
hs10 75000000 76923075 0.665581
hs10 76923076 78846152 0.687127
hs10 78846153 80769229 0.420841
hs10 80769230 82692306 0.248349
hs10 82692307 84615383 0.514974
hs10 84615384 86538460 0.203376
hs10 86538461 88461537 0.472588
hs10 88461538 90384614 0.625734
hs10 90384615 92307691 0.295736
hs10 92307692 94230768 0.599125
hs10 94230769 96153845 0.594316
hs10 96153846 98076922 0.633029
hs10 98076923 99999999 0.725646
hs10 100000000 101923075 0.712256
hs10 101923076 103846152 0.577987
hs10 103846153 105769229 0.770829
hs10 105769230 107692306 0.499205
hs10 107692307 109615383 0.307254
hs10 109615384 111538460 0.000000
hs10 111538461 113461537 0.351121
hs10 113461538 115384614 0.442618
hs10 115384615 117307691 0.670820
hs10 117307692 119230768 0.587178
hs10 119230769 121153845 0.381244
hs10 121153846 123076922 0.276084
hs10 123076923 124999999 0.559028
hs10 125000000 126923075 0.418373
hs10 126923076 128846152 0.553117
hs10 128846153 130769229 0.293072
hs10 130769230 132692306 0.245485
hs10 132692307 134615383 0.409984
hs10 134615384 136538460 0.180066
hs7 0 1923075 0.437624
hs7 1923076 3846152 0.728280
hs7 3846153 5769229 0.574696
hs7 5769230 7692306 0.577647
hs7 7692307 9615383 0.322986
hs7 9615384 11538460 0.190410
hs7 11538461 13461537 0.252919
hs7 13461538 15384614 0.506867
hs7 15384615 17307691 0.401640
hs7 17307692 19230768 0.363956
hs7 19230769 21153845 0.198105
hs7 21153846 23076922 0.466740
hs7 23076923 24999999 0.455153
hs7 25000000 26923075 0.261004
hs7 26923076 28846152 0.607668
hs7 28846153 30769229 0.512896
hs7 30769230 32692306 0.387768
hs7 32692307 34615383 0.599689
hs7 34615384 36538460 0.567475
hs7 36538461 38461537 0.530398
hs7 38461538 40384614 0.726278
hs7 40384615 42307691 0.446112
hs7 42307692 44230768 0.498439
hs7 44230769 46153845 0.396420
hs7 46153846 48076922 0.287236
hs7 48076923 49999999 0.344985
hs7 50000000 51923075 0.473067
hs7 51923076 53846152 0.000660
hs7 53846153 55769229 0.217599
hs7 55769230 57692306 0.160305
hs7 57692307 59615383 0.000000
hs7 59615384 61538460 0.000000
hs7 61538461 63461537 0.074024
hs7 63461538 65384614 0.350138
hs7 65384615 67307691 0.293378
hs7 67307692 69230768 0.275043
hs7 69230769 71153845 0.788988
hs7 71153846 73076922 0.624616
hs7 73076923 74999999 0.576263
hs7 75000000 76923075 0.559057
hs7 76923076 78846152 0.896204
hs7 78846153 80769229 0.242540
hs7 80769230 82692306 0.504662
hs7 82692307 84615383 0.337062
hs7 84615384 86538460 0.209953
hs7 86538461 88461537 0.652143
hs7 88461538 90384614 0.370484
hs7 90384615 92307691 0.543665
hs7 92307692 94230768 0.284175
hs7 94230769 96153845 0.558773
hs7 96153846 98076922 0.229356
hs7 98076923 99999999 0.597733
hs7 100000000 101923075 0.621675
hs7 101923076 103846152 0.803523
hs7 103846153 105769229 0.738343
hs7 105769230 107692306 0.557666
hs7 107692307 109615383 0.135383
hs7 109615384 111538460 0.685750
hs7 111538461 113461537 0.256097
hs7 113461538 115384614 0.376820
hs7 115384615 117307691 0.601907
hs7 117307692 119230768 0.019801
hs7 119230769 121153845 0.491075
hs7 121153846 123076922 0.545739
hs7 123076923 124999999 0.150233
hs7 125000000 126923075 0.434871
hs7 126923076 128846152 0.579640
hs7 128846153 130769229 0.629154
hs7 130769230 132692306 0.543699
hs7 132692307 134615383 0.720581
hs7 134615384 136538460 0.295973
hs7 136538461 138461537 0.665118
hs7 138461538 140384614 0.669376
hs7 140384615 142307691 0.257072
hs7 142307692 144230768 0.374106
hs7 144230769 146153845 0.368920
hs7 146153846 148076922 0.868730
hs7 148076923 149999999 0.385709
hs7 150000000 151923075 0.663403
hs7 151923076 153846152 0.393162
hs7 153846153 155769229 0.398505
hs7 155769230 157692306 0.603013
hs7 157692307 159615383 0.404285
hs4 0 1923075 0.622002
hs4 1923076 3846152 0.619938
hs4 3846153 5769229 0.461610
hs4 5769230 7692306 0.690009
hs4 7692307 9615383 0.483325
hs4 9615384 11538460 0.166881
hs4 11538461 13461537 0.096673
hs4 13461538 15384614 0.204986
hs4 15384615 17307691 0.431793
hs4 17307692 19230768 0.159773
hs4 19230769 21153845 0.628222
hs4 21153846 23076922 0.348814
hs4 23076923 24999999 0.270602
hs4 25000000 26923075 0.333031
hs4 26923076 28846152 0.000000
hs4 28846153 30769229 0.221722
hs4 30769230 32692306 0.000000
hs4 32692307 34615383 0.000000
hs4 34615384 36538460 0.126097
hs4 36538461 38461537 0.428532
hs4 38461538 40384614 0.656307
hs4 40384615 42307691 0.695688
hs4 42307692 44230768 0.238412
hs4 44230769 46153845 0.158491
hs4 46153846 48076922 0.735438
hs4 48076923 49999999 0.242999
hs4 50000000 51923075 0.000000
hs4 51923076 53846152 0.337003
hs4 53846153 55769229 0.287137
hs4 55769230 57692306 0.492992
hs4 57692307 59615383 0.000000
hs4 59615384 61538460 0.000000
hs4 61538461 63461537 0.299172
hs4 63461538 65384614 0.068117
hs4 65384615 67307691 0.182194
hs4 67307692 69230768 0.346604
hs4 69230769 71153845 0.234380
hs4 71153846 73076922 0.425977
hs4 73076923 74999999 0.373435
hs4 75000000 76923075 0.295839
hs4 76923076 78846152 0.550456
hs4 78846153 80769229 0.473086
hs4 80769230 82692306 0.554733
hs4 82692307 84615383 0.358175
hs4 84615384 86538460 0.254666
hs4 86538461 88461537 0.785989
hs4 88461538 90384614 0.503250
hs4 90384615 92307691 0.664619
hs4 92307692 94230768 0.634867
hs4 94230769 96153845 0.667167
hs4 96153846 98076922 0.273854
hs4 98076923 99999999 0.496677
hs4 100000000 101923075 0.312781
hs4 101923076 103846152 0.464443
hs4 103846153 105769229 0.311273
hs4 105769230 107692306 0.449403
hs4 107692307 109615383 0.264813
hs4 109615384 111538460 0.648174
hs4 111538461 113461537 0.115996
hs4 113461538 115384614 0.623511
hs4 115384615 117307691 0.189694
hs4 117307692 119230768 0.030105
hs4 119230769 121153845 0.453732
hs4 121153846 123076922 0.298413
hs4 123076923 124999999 0.519060
hs4 125000000 126923075 0.154010
hs4 126923076 128846152 0.037761
hs4 128846153 130769229 0.365195
hs4 130769230 132692306 0.000000
hs4 132692307 134615383 0.021977
hs4 134615384 136538460 0.002816
hs4 136538461 138461537 0.000000
hs4 138461538 140384614 0.105927
hs4 140384615 142307691 0.661012
hs4 142307692 144230768 0.483125
hs4 144230769 146153845 0.280906
hs4 146153846 148076922 0.533577
hs4 148076923 149999999 0.437694
hs4 150000000 151923075 0.363651
hs4 151923076 153846152 0.505088
hs4 153846153 155769229 0.512231
hs4 155769230 157692306 0.156754
hs4 157692307 159615383 0.285173
hs4 159615384 161538460 0.290244
hs4 161538461 163461537 0.405672
hs4 163461538 165384614 0.419166
hs4 165384615 167307691 0.361144
hs4 167307692 169230768 0.260628
hs4 169230769 171153845 0.681201
hs4 171153846 173076922 0.086286
hs4 173076923 174999999 0.682874
hs4 175000000 176923075 0.264734
hs4 176923076 178846152 0.385964
hs4 178846153 180769229 0.136237
hs4 180769230 182692306 0.000000
hs4 182692307 184615383 0.387278
hs4 184615384 186538460 0.420709
hs4 186538461 188461537 0.395285
hs4 188461538 190384614 0.016282
hs4 190384615 192307691 0.046231
hs16 0 1923075 0.708648
hs16 1923076 3846152 0.657065
hs16 3846153 5769229 0.474177
hs16 5769230 7692306 0.875251
hs16 7692307 9615383 0.165242
hs16 9615384 11538460 0.515634
hs16 11538461 13461537 0.678885
hs16 13461538 15384614 0.351164
hs16 15384615 17307691 0.535008
hs16 17307692 19230768 0.327103
hs16 19230769 21153845 0.625870
hs16 21153846 23076922 0.517703
hs16 23076923 24999999 0.613894
hs16 25000000 26923075 0.283751
hs16 26923076 28846152 0.606520
hs16 28846153 30769229 0.451148
hs16 30769230 32692306 0.256508
hs16 32692307 34615383 0.028432
hs16 34615384 36538460 0.000000
hs16 36538461 38461537 0.000000
hs16 38461538 40384614 0.000000
hs16 40384615 42307691 0.000000
hs16 42307692 44230768 0.000000
hs16 44230769 46153845 0.410088
hs16 46153846 48076922 0.263147
hs16 48076923 49999999 0.396614
hs16 50000000 51923075 0.198780
hs16 51923076 53846152 0.306855
hs16 53846153 55769229 0.544717
hs16 55769230 57692306 0.463006
hs16 57692307 59615383 0.000546
hs16 59615384 61538460 0.199058
hs16 61538461 63461537 0.000000
hs16 63461538 65384614 0.415651
hs16 65384615 67307691 0.742446
hs16 67307692 69230768 0.775076
hs16 69230769 71153845 0.585813
hs16 71153846 73076922 0.194203
hs16 73076923 74999999 0.498702
hs16 75000000 76923075 0.404981
hs16 76923076 78846152 0.461691
hs16 78846153 80769229 0.668146
hs16 80769230 82692306 0.687913
hs16 82692307 84615383 0.409847
hs16 84615384 86538460 0.238985
hs16 86538461 88461537 0.625780
hs16 88461538 90384614 0.089975
hs20 0 1923075 0.369350
hs20 1923076 3846152 0.618729
hs20 3846153 5769229 0.344116
hs20 5769230 7692306 0.105396
hs20 7692307 9615383 0.741212
hs20 9615384 11538460 0.268363
hs20 11538461 13461537 0.216288
hs20 13461538 15384614 0.949166
hs20 15384615 17307691 0.554236
hs20 17307692 19230768 0.503110
hs20 19230769 21153845 0.676925
hs20 21153846 23076922 0.092797
hs20 23076923 24999999 0.215728
hs20 25000000 26923075 0.255820
hs20 26923076 28846152 0.011508
hs20 28846153 30769229 0.406630
hs20 30769230 32692306 0.564056
hs20 32692307 34615383 0.746661
hs20 34615384 36538460 0.619844
hs20 36538461 38461537 0.218274
hs20 38461538 40384614 0.391234
hs20 40384615 42307691 0.664902
hs20 42307692 44230768 0.559453
hs20 44230769 46153845 0.542683
hs20 46153846 48076922 0.465172
hs20 48076923 49999999 0.424656
hs20 50000000 51923075 0.332329
hs20 51923076 53846152 0.174931
hs20 53846153 55769229 0.244710
hs20 55769230 57692306 0.328907
hs20 57692307 59615383 0.347972
hs20 59615384 61538460 0.620277
hs20 61538461 63461537 0.308785
hs13 0 1923075 0.000000
hs13 1923076 3846152 0.000000
hs13 3846153 5769229 0.000000
hs13 5769230 7692306 0.000000
hs13 7692307 9615383 0.000000
hs13 9615384 11538460 0.000000
hs13 11538461 13461537 0.000000
hs13 13461538 15384614 0.000000
hs13 15384615 17307691 0.000000
hs13 17307692 19230768 0.229757
hs13 19230769 21153845 0.517999
hs13 21153846 23076922 0.159182
hs13 23076923 24999999 0.509286
hs13 25000000 26923075 0.488509
hs13 26923076 28846152 0.512313
hs13 28846153 30769229 0.366640
hs13 30769230 32692306 0.554181
hs13 32692307 34615383 0.215824
hs13 34615384 36538460 0.924235
hs13 36538461 38461537 0.264476
hs13 38461538 40384614 0.448907
hs13 40384615 42307691 0.487177
hs13 42307692 44230768 0.518276
hs13 44230769 46153845 0.490264
hs13 46153846 48076922 0.277343
hs13 48076923 49999999 0.472586
hs13 50000000 51923075 0.507400
hs13 51923076 53846152 0.127864
hs13 53846153 55769229 0.000000
hs13 55769230 57692306 0.089884
hs13 57692307 59615383 0.248384
hs13 59615384 61538460 0.106079
hs13 61538461 63461537 0.002670
hs13 63461538 65384614 0.000000
hs13 65384615 67307691 0.482302
hs13 67307692 69230768 0.149026
hs13 69230769 71153845 0.325597
hs13 71153846 73076922 0.292075
hs13 73076923 74999999 0.338334
hs13 75000000 76923075 0.326234
hs13 76923076 78846152 0.396257
hs13 78846153 80769229 0.058082
hs13 80769230 82692306 0.000000
hs13 82692307 84615383 0.218578
hs13 84615384 86538460 0.003413
hs13 86538461 88461537 0.003641
hs13 88461538 90384614 0.018586
hs13 90384615 92307691 0.762316
hs13 92307692 94230768 0.667495
hs13 94230769 96153845 0.767916
hs13 96153846 98076922 0.445027
hs13 98076923 99999999 0.714737
hs13 100000000 101923075 0.716795
hs13 101923076 103846152 0.132399
hs13 103846153 105769229 0.013088
hs13 105769230 107692306 0.413632
hs13 107692307 109615383 0.362988
hs13 109615384 111538460 0.385223
hs13 111538461 113461537 0.486337
hs13 113461538 115384614 0.188225
hs18 0 1923075 0.311300
hs18 1923076 3846152 0.508951
hs18 3846153 5769229 0.127869
hs18 5769230 7692306 0.444698
hs18 7692307 9615383 0.641848
hs18 9615384 11538460 0.386002
hs18 11538461 13461537 0.610840
hs18 13461538 15384614 0.285069
hs18 15384615 17307691 0.204674
hs18 17307692 19230768 0.353084
hs18 19230769 21153845 0.618109
hs18 21153846 23076922 0.461245
hs18 23076923 24999999 0.117789
hs18 25000000 26923075 0.039478
hs18 26923076 28846152 0.465848
hs18 28846153 30769229 0.711532
hs18 30769230 32692306 0.586664
hs18 32692307 34615383 0.358786
hs18 34615384 36538460 0.283438
hs18 36538461 38461537 0.086620
hs18 38461538 40384614 0.198758
hs18 40384615 42307691 0.506558
hs18 42307692 44230768 0.339672
hs18 44230769 46153845 0.662508
hs18 46153846 48076922 0.202759
hs18 48076923 49999999 0.655804
hs18 50000000 51923075 0.302208
hs18 51923076 53846152 0.368964
hs18 53846153 55769229 0.564843
hs18 55769230 57692306 0.065029
hs18 57692307 59615383 0.551942
hs18 59615384 61538460 0.074642
hs18 61538461 63461537 0.125183
hs18 63461538 65384614 0.284294
hs18 65384615 67307691 0.322373
hs18 67307692 69230768 0.066474
hs18 69230769 71153845 0.415081
hs18 71153846 73076922 0.253238
hs18 73076923 74999999 0.055966
hs18 75000000 76923075 0.376085
hs3 0 1923075 0.272012
hs3 1923076 3846152 0.561748
hs3 3846153 5769229 0.307819
hs3 5769230 7692306 0.423543
hs3 7692307 9615383 0.521565
hs3 9615384 11538460 0.670016
hs3 11538461 13461537 0.573805
hs3 13461538 15384614 0.612159
hs3 15384615 17307691 0.541757
hs3 17307692 19230768 0.316311
hs3 19230769 21153845 0.304974
hs3 21153846 23076922 0.172269
hs3 23076923 24999999 0.477283
hs3 25000000 26923075 0.207745
hs3 26923076 28846152 0.251322
hs3 28846153 30769229 0.438496
hs3 30769230 32692306 0.467680
hs3 32692307 34615383 0.432311
hs3 34615384 36538460 0.152665
hs3 36538461 38461537 0.692340
hs3 38461538 40384614 0.539730
hs3 40384615 42307691 0.512410
hs3 42307692 44230768 0.408192
hs3 44230769 46153845 0.562984
hs3 46153846 48076922 0.647143
hs3 48076923 49999999 0.733650
hs3 50000000 51923075 0.773828
hs3 51923076 53846152 0.768219
hs3 53846153 55769229 0.673651
hs3 55769230 57692306 0.859262
hs3 57692307 59615383 0.480542
hs3 59615384 61538460 0.789505
hs3 61538461 63461537 0.758243
hs3 63461538 65384614 0.370802
hs3 65384615 67307691 0.606934
hs3 67307692 69230768 0.596347
hs3 69230769 71153845 0.277930
hs3 71153846 73076922 0.457766
hs3 73076923 74999999 0.312984
hs3 75000000 76923075 0.033680
hs3 76923076 78846152 0.376712
hs3 78846153 80769229 0.547870
hs3 80769230 82692306 0.141493
hs3 82692307 84615383 0.000000
hs3 84615384 86538460 0.580032
hs3 86538461 88461537 0.067807
hs3 88461538 90384614 0.194798
hs3 90384615 92307691 0.000000
hs3 92307692 94230768 0.000000
hs3 94230769 96153845 0.142250
hs3 96153846 98076922 0.051907
hs3 98076923 99999999 0.598411
hs3 100000000 101923075 0.661838
hs3 101923076 103846152 0.438387
hs3 103846153 105769229 0.000000
hs3 105769230 107692306 0.218823
hs3 107692307 109615383 0.420064
hs3 109615384 111538460 0.325895
hs3 111538461 113461537 0.429227
hs3 113461538 115384614 0.590371
hs3 115384615 117307691 0.639862
hs3 117307692 119230768 0.180251
hs3 119230769 121153845 0.445763
hs3 121153846 123076922 0.713252
hs3 123076923 124999999 0.757722
hs3 125000000 126923075 0.762051
hs3 126923076 128846152 0.423427
hs3 128846153 130769229 0.558944
hs3 130769230 132692306 0.624764
hs3 132692307 134615383 0.719018
hs3 134615384 136538460 0.575678
hs3 136538461 138461537 0.468615
hs3 138461538 140384614 0.342273
hs3 140384615 142307691 0.498094
hs3 142307692 144230768 0.675565
hs3 144230769 146153845 0.332028
hs3 146153846 148076922 0.137064
hs3 148076923 149999999 0.037978
hs3 150000000 151923075 0.444091
hs3 151923076 153846152 0.499682
hs3 153846153 155769229 0.158547
hs3 155769230 157692306 0.435417
hs3 157692307 159615383 0.496917
hs3 159615384 161538460 0.620574
hs3 161538461 163461537 0.301527
hs3 163461538 165384614 0.000000
hs3 165384615 167307691 0.090545
hs3 167307692 169230768 0.264273
hs3 169230769 171153845 0.701765
hs3 171153846 173076922 0.586468
hs3 173076923 174999999 0.615972
hs3 175000000 176923075 0.700483
hs3 176923076 178846152 0.134969
hs3 178846153 180769229 0.309273
hs3 180769230 182692306 0.298116
hs3 182692307 184615383 0.354274
hs3 184615384 186538460 0.530164
hs3 186538461 188461537 0.554955
hs3 188461538 190384614 0.424068
hs3 190384615 192307691 0.408955
hs3 192307692 194230768 0.456510
hs3 194230769 196153845 0.303977
hs3 196153846 198076922 0.549809
hs3 198076923 199999999 0.448891
hs9 0 1923075 0.377242
hs9 1923076 3846152 0.355301
hs9 3846153 5769229 0.637026
hs9 5769230 7692306 0.438268
hs9 7692307 9615383 0.683513
hs9 9615384 11538460 0.513417
hs9 11538461 13461537 0.108989
hs9 13461538 15384614 0.341507
hs9 15384615 17307691 0.597236
hs9 17307692 19230768 0.525145
hs9 19230769 21153845 0.543301
hs9 21153846 23076922 0.182976
hs9 23076923 24999999 0.070699
hs9 25000000 26923075 0.043848
hs9 26923076 28846152 0.685551
hs9 28846153 30769229 0.000082
hs9 30769230 32692306 0.091112
hs9 32692307 34615383 0.672595
hs9 34615384 36538460 0.493026
hs9 36538461 38461537 0.551977
hs9 38461538 40384614 0.167880
hs9 40384615 42307691 0.076269
hs9 42307692 44230768 0.146798
hs9 44230769 46153845 0.009455
hs9 46153846 48076922 0.031615
hs9 48076923 49999999 0.000000
hs9 50000000 51923075 0.000000
hs9 51923076 53846152 0.000000
hs9 53846153 55769229 0.000000
hs9 55769230 57692306 0.000000
hs9 57692307 59615383 0.000000
hs9 59615384 61538460 0.000000
hs9 61538461 63461537 0.000000
hs9 63461538 65384614 0.013897
hs9 65384615 67307691 0.025313
hs9 67307692 69230768 0.145506
hs9 69230769 71153845 0.468024
hs9 71153846 73076922 0.686432
hs9 73076923 74999999 0.367960
hs9 75000000 76923075 0.241327
hs9 76923076 78846152 0.378025
hs9 78846153 80769229 0.437523
hs9 80769230 82692306 0.080486
hs9 82692307 84615383 0.068193
hs9 84615384 86538460 0.423413
hs9 86538461 88461537 0.413158
hs9 88461538 90384614 0.227354
hs9 90384615 92307691 0.227005
hs9 92307692 94230768 0.454750
hs9 94230769 96153845 0.569581
hs9 96153846 98076922 0.528666
hs9 98076923 99999999 0.573194
hs9 100000000 101923075 0.535158
hs9 101923076 103846152 0.488602
hs9 103846153 105769229 0.012053
hs9 105769230 107692306 0.332767
hs9 107692307 109615383 0.105177
hs9 109615384 111538460 0.337463
hs9 111538461 113461537 0.819776
hs9 113461538 115384614 0.646563
hs9 115384615 117307691 0.517828
hs9 117307692 119230768 0.670445
hs9 119230769 121153845 0.103180
hs9 121153846 123076922 0.346652
hs9 123076923 124999999 0.802748
hs9 125000000 126923075 0.740861
hs9 126923076 128846152 0.599896
hs9 128846153 130769229 0.780399
hs9 130769230 132692306 0.468866
hs9 132692307 134615383 0.691922
hs9 134615384 136538460 0.543669
hs9 136538461 138461537 0.409059
hs9 138461538 140384614 0.668951
hs15 0 1923075 0.000000
hs15 1923076 3846152 0.000000
hs15 3846153 5769229 0.000000
hs15 5769230 7692306 0.000000
hs15 7692307 9615383 0.000000
hs15 9615384 11538460 0.000000
hs15 11538461 13461537 0.000000
hs15 13461538 15384614 0.000000
hs15 15384615 17307691 0.000000
hs15 17307692 19230768 0.061511
hs15 19230769 21153845 0.274533
hs15 21153846 23076922 0.145826
hs15 23076923 24999999 0.432344
hs15 25000000 26923075 0.561773
hs15 26923076 28846152 0.506940
hs15 28846153 30769229 0.355294
hs15 30769230 32692306 0.775647
hs15 32692307 34615383 0.160668
hs15 34615384 36538460 0.316065
hs15 36538461 38461537 0.377397
hs15 38461538 40384614 0.680818
hs15 40384615 42307691 0.833553
hs15 42307692 44230768 0.423187
hs15 44230769 46153845 0.264684
hs15 46153846 48076922 0.736503
hs15 48076923 49999999 0.693923
hs15 50000000 51923075 0.456329
hs15 51923076 53846152 0.557606
hs15 53846153 55769229 0.635118
hs15 55769230 57692306 0.564819
hs15 57692307 59615383 0.471312
hs15 59615384 61538460 0.333220
hs15 61538461 63461537 0.715717
hs15 63461538 65384614 0.671450
hs15 65384615 67307691 0.629806
hs15 67307692 69230768 0.297412
hs15 69230769 71153845 0.718591
hs15 71153846 73076922 0.577994
hs15 73076923 74999999 0.698752
hs15 75000000 76923075 0.436910
hs15 76923076 78846152 0.364805
hs15 78846153 80769229 0.383306
hs15 80769230 82692306 0.680956
hs15 82692307 84615383 0.529366
hs15 84615384 86538460 0.560629
hs15 86538461 88461537 0.465518
hs15 88461538 90384614 0.484164
hs15 90384615 92307691 0.235359
hs15 92307692 94230768 0.135463
hs15 94230769 96153845 0.043445
hs15 96153846 98076922 0.488224
hs15 98076923 99999999 0.570259
hs15 100000000 101923075 0.054164
hs5 0 1923075 0.490157
hs5 1923076 3846152 0.010105
hs5 3846153 5769229 0.147234
hs5 5769230 7692306 0.228356
hs5 7692307 9615383 0.397121
hs5 9615384 11538460 0.586547
hs5 11538461 13461537 0.337469
hs5 13461538 15384614 0.445235
hs5 15384615 17307691 0.576666
hs5 17307692 19230768 0.011571
hs5 19230769 21153845 0.267903
hs5 21153846 23076922 0.646137
hs5 23076923 24999999 0.092917
hs5 25000000 26923075 0.003438
hs5 26923076 28846152 0.078713
hs5 28846153 30769229 0.000000
hs5 30769230 32692306 0.438104
hs5 32692307 34615383 0.291037
hs5 34615384 36538460 0.533257
hs5 36538461 38461537 0.550236
hs5 38461538 40384614 0.330022
hs5 40384615 42307691 0.394708
hs5 42307692 44230768 0.395108
hs5 44230769 46153845 0.274118
hs5 46153846 48076922 0.000000
hs5 48076923 49999999 0.024811
hs5 50000000 51923075 0.098654
hs5 51923076 53846152 0.442968
hs5 53846153 55769229 0.430756
hs5 55769230 57692306 0.116172
hs5 57692307 59615383 0.828980
hs5 59615384 61538460 0.533801
hs5 61538461 63461537 0.165050
hs5 63461538 65384614 0.733370
hs5 65384615 67307691 0.339241
hs5 67307692 69230768 0.588985
hs5 69230769 71153845 0.860044
hs5 71153846 73076922 0.369130
hs5 73076923 74999999 0.425099
hs5 75000000 76923075 0.575512
hs5 76923076 78846152 0.636809
hs5 78846153 80769229 0.613266
hs5 80769230 82692306 0.476348
hs5 82692307 84615383 0.330719
hs5 84615384 86538460 0.009310
hs5 86538461 88461537 0.283872
hs5 88461538 90384614 0.301878
hs5 90384615 92307691 0.086400
hs5 92307692 94230768 0.720606
hs5 94230769 96153845 0.518675
hs5 96153846 98076922 0.117895
hs5 98076923 99999999 0.082471
hs5 100000000 101923075 0.148711
hs5 101923076 103846152 0.159605
hs5 103846153 105769229 0.000325
hs5 105769230 107692306 0.397112
hs5 107692307 109615383 0.481004
hs5 109615384 111538460 0.474471
hs5 111538461 113461537 0.536729
hs5 113461538 115384614 0.278831
hs5 115384615 117307691 0.179992
hs5 117307692 119230768 0.286744
hs5 119230769 121153845 0.115932
hs5 121153846 123076922 0.402035
hs5 123076923 124999999 0.056262
hs5 125000000 126923075 0.352049
hs5 126923076 128846152 0.294699
hs5 128846153 130769229 0.368811
hs5 130769230 132692306 0.582352
hs5 132692307 134615383 0.476883
hs5 134615384 136538460 0.316411
hs5 136538461 138461537 0.676523
hs5 138461538 140384614 1.868040
hs5 140384615 142307691 1.696660
hs5 142307692 144230768 0.398465
hs5 144230769 146153845 0.344892
hs5 146153846 148076922 0.568850
hs5 148076923 149999999 0.571192
hs5 150000000 151923075 0.355624
hs5 151923076 153846152 0.331612
hs5 153846153 155769229 0.167168
hs5 155769230 157692306 0.476751
hs5 157692307 159615383 0.423530
hs5 159615384 161538460 0.428638
hs5 161538461 163461537 0.032000
hs5 163461538 165384614 0.000000
hs5 165384615 167307691 0.344901
hs5 167307692 169230768 0.755105
hs5 169230769 171153845 0.685553
hs5 171153846 173076922 0.452391
hs5 173076923 174999999 0.110424
hs5 175000000 176923075 0.563210
hs5 176923076 178846152 0.529927
hs5 178846153 180769229 0.476862
hsY 0 1923075 0.220281
hsY 1923076 3846152 0.255569
hsY 3846153 5769229 0.385839
hsY 5769230 7692306 0.218284
hsY 7692307 9615383 0.222790
hsY 9615384 11538460 0.271790
hsY 11538461 13461537 0.095845
hsY 13461538 15384614 0.268028
hsY 15384615 17307691 0.041927
hsY 17307692 19230768 0.102792
hsY 19230769 21153845 0.220644
hsY 21153846 23076922 0.270935
hsY 23076923 24999999 0.236385
hsY 25000000 26923075 0.284374
hsY 26923076 28846152 0.000000
hsY 28846153 30769229 0.000000
hsY 30769230 32692306 0.000000
hsY 32692307 34615383 0.000000
hsY 34615384 36538460 0.000000
hsY 36538461 38461537 0.000000
hsY 38461538 40384614 0.000000
hsY 40384615 42307691 0.000000
hsY 42307692 44230768 0.000000
hsY 44230769 46153845 0.000000
hsY 46153846 48076922 0.000000
hsY 48076923 49999999 0.000000
hsY 50000000 51923075 0.000000
hsY 51923076 53846152 0.000000
hsY 53846153 55769229 0.000000
hsY 55769230 57692306 0.040123
hsY 57692307 59615383 0.006884
hs1 0 1923075 0.446307
hs1 1923076 3846152 0.646130
hs1 3846153 5769229 0.073519
hs1 5769230 7692306 0.864756
hs1 7692307 9615383 0.525058
hs1 9615384 11538460 0.700482
hs1 11538461 13461537 0.459000
hs1 13461538 15384614 0.420838
hs1 15384615 17307691 0.620650
hs1 17307692 19230768 0.484657
hs1 19230769 21153845 0.539763
hs1 21153846 23076922 0.607293
hs1 23076923 24999999 0.497600
hs1 25000000 26923075 0.516865
hs1 26923076 28846152 0.625920
hs1 28846153 30769229 0.276206
hs1 30769230 32692306 0.464698
hs1 32692307 34615383 0.665547
hs1 34615384 36538460 0.459318
hs1 36538461 38461537 0.397983
hs1 38461538 40384614 0.437723
hs1 40384615 42307691 0.569434
hs1 42307692 44230768 0.567586
hs1 44230769 46153845 0.734232
hs1 46153846 48076922 0.436452
hs1 48076923 49999999 0.810233
hs1 50000000 51923075 0.686713
hs1 51923076 53846152 0.725108
hs1 53846153 55769229 0.577830
hs1 55769230 57692306 0.422313
hs1 57692307 59615383 0.521637
hs1 59615384 61538460 0.409168
hs1 61538461 63461537 0.554582
hs1 63461538 65384614 0.604614
hs1 65384615 67307691 0.789025
hs1 67307692 69230768 0.291350
hs1 69230769 71153845 0.349430
hs1 71153846 73076922 0.535469
hs1 73076923 74999999 0.358622
hs1 75000000 76923075 0.614431
hs1 76923076 78846152 0.658167
hs1 78846153 80769229 0.081682
hs1 80769230 82692306 0.099854
hs1 82692307 84615383 0.184499
hs1 84615384 86538460 0.658131
hs1 86538461 88461537 0.269906
hs1 88461538 90384614 0.383237
hs1 90384615 92307691 0.309053
hs1 92307692 94230768 0.595106
hs1 94230769 96153845 0.311393
hs1 96153846 98076922 0.444320
hs1 98076923 99999999 0.230341
hs1 100000000 101923075 0.365203
hs1 101923076 103846152 0.236297
hs1 103846153 105769229 0.268007
hs1 105769230 107692306 0.109615
hs1 107692307 109615383 0.620622
hs1 109615384 111538460 0.340777
hs1 111538461 113461537 0.491005
hs1 113461538 115384614 0.555731
hs1 115384615 117307691 0.320431
hs1 117307692 119230768 0.361381
hs1 119230769 121153845 0.318130
hs1 121153846 123076922 0.000000
hs1 123076923 124999999 0.000000
hs1 125000000 126923075 0.000000
hs1 126923076 128846152 0.000000
hs1 128846153 130769229 0.000000
hs1 130769230 132692306 0.000000
hs1 132692307 134615383 0.000000
hs1 134615384 136538460 0.000000
hs1 136538461 138461537 0.000000
hs1 138461538 140384614 0.000000
hs1 140384615 142307691 0.000000
hs1 142307692 144230768 0.458098
hs1 144230769 146153845 0.448447
hs1 146153846 148076922 0.147377
hs1 148076923 149999999 0.637617
hs1 150000000 151923075 0.194865
hs1 151923076 153846152 0.730953
hs1 153846153 155769229 0.548928
hs1 155769230 157692306 0.273709
hs1 157692307 159615383 0.480517
hs1 159615384 161538460 0.508687
hs1 161538461 163461537 0.181941
hs1 163461538 165384614 0.416307
hs1 165384615 167307691 0.457739
hs1 167307692 169230768 0.488143
hs1 169230769 171153845 0.576068
hs1 171153846 173076922 0.583087
hs1 173076923 174999999 0.644704
hs1 175000000 176923075 0.488294
hs1 176923076 178846152 0.726379
hs1 178846153 180769229 0.408933
hs1 180769230 182692306 0.615597
hs1 182692307 184615383 0.631486
hs1 184615384 186538460 0.119003
hs1 186538461 188461537 0.066622
hs1 188461538 190384614 0.130959
hs1 190384615 192307691 0.174587
hs1 192307692 194230768 0.000000
hs1 194230769 196153845 0.629861
hs1 196153846 198076922 0.163200
hs1 198076923 199999999 0.431767
hs1 200000000 201923075 0.607786
hs1 201923076 203846152 0.577815
hs1 203846153 205769229 0.458252
hs1 205769230 207692306 0.254616
hs1 207692307 209615383 0.697923
hs1 209615384 211538460 0.509832
hs1 211538461 213461537 0.401529
hs1 213461538 215384614 0.782576
hs1 215384615 217307691 0.305571
hs1 217307692 219230768 0.290331
hs1 219230769 221153845 0.120937
hs1 221153846 223076922 0.462475
hs1 223076923 224999999 0.587627
hs1 225000000 226923075 0.486400
hs1 226923076 228846152 0.270092
hs1 228846153 230769229 0.804431
hs1 230769230 232692306 0.508830
hs1 232692307 234615383 0.469530
hs1 234615384 236538460 0.638591
hs1 236538461 238461537 0.221369
hs1 238461538 240384614 0.701211
hs1 240384615 242307691 0.598902
hs1 242307692 244230768 0.676162
hs1 244230769 246153845 0.518229
hs1 246153846 248076922 0.124627
hs19 0 1923075 0.561972
hs19 1923076 3846152 0.705602
hs19 3846153 5769229 0.626584
hs19 5769230 7692306 0.603642
hs19 7692307 9615383 0.466771
hs19 9615384 11538460 0.698766
hs19 11538461 13461537 0.593904
hs19 13461538 15384614 0.450840
hs19 15384615 17307691 0.630452
hs19 17307692 19230768 0.713055
hs19 19230769 21153845 0.441331
hs19 21153846 23076922 0.205369
hs19 23076923 24999999 0.104428
hs19 25000000 26923075 0.000000
hs19 26923076 28846152 0.000000
hs19 28846153 30769229 0.000000
hs19 30769230 32692306 0.000000
hs19 32692307 34615383 0.006987
hs19 34615384 36538460 0.219163
hs19 36538461 38461537 0.338192
hs19 38461538 40384614 0.424651
hs19 40384615 42307691 0.490273
hs19 42307692 44230768 0.710694
hs19 44230769 46153845 0.519051
hs19 46153846 48076922 0.437098
hs19 48076923 49999999 0.449889
hs19 50000000 51923075 0.516712
hs19 51923076 53846152 0.646862
hs19 53846153 55769229 0.713135
hs19 55769230 57692306 0.469776
hs19 57692307 59615383 0.504798
hs19 59615384 61538460 0.594201
hs19 61538461 63461537 0.454800
hs19 63461538 65384614 0.093721
hs2 0 1923075 0.463975
hs2 1923076 3846152 0.427503
hs2 3846153 5769229 0.004534
hs2 5769230 7692306 0.113689
hs2 7692307 9615383 0.342864
hs2 9615384 11538460 0.453354
hs2 11538461 13461537 0.118225
hs2 13461538 15384614 0.087095
hs2 15384615 17307691 0.207182
hs2 17307692 19230768 0.172972
hs2 19230769 21153845 0.237498
hs2 21153846 23076922 0.000000
hs2 23076923 24999999 0.607665
hs2 25000000 26923075 0.707272
hs2 26923076 28846152 0.720466
hs2 28846153 30769229 0.658805
hs2 30769230 32692306 0.605265
hs2 32692307 34615383 0.482197
hs2 34615384 36538460 0.052812
hs2 36538461 38461537 0.528910
hs2 38461538 40384614 0.482370
hs2 40384615 42307691 0.143869
hs2 42307692 44230768 0.546413
hs2 44230769 46153845 0.633550
hs2 46153846 48076922 0.482823
hs2 48076923 49999999 0.335739
hs2 50000000 51923075 0.578853
hs2 51923076 53846152 0.099178
hs2 53846153 55769229 0.735618
hs2 55769230 57692306 0.138046
hs2 57692307 59615383 0.101643
hs2 59615384 61538460 0.348989
hs2 61538461 63461537 0.536311
hs2 63461538 65384614 0.367749
hs2 65384615 67307691 0.134698
hs2 67307692 69230768 0.310787
hs2 69230769 71153845 0.534422
hs2 71153846 73076922 0.607688
hs2 73076923 74999999 0.599833
hs2 75000000 76923075 0.207982
hs2 76923076 78846152 0.353629
hs2 78846153 80769229 0.599489
hs2 80769230 82692306 0.000000
hs2 82692307 84615383 0.029496
hs2 84615384 86538460 0.622014
hs2 86538461 88461537 0.514795
hs2 88461538 90384614 0.093635
hs2 90384615 92307691 0.016324
hs2 92307692 94230768 0.000000
hs2 94230769 96153845 0.185240
hs2 96153846 98076922 0.535942
hs2 98076923 99999999 0.813347
hs2 100000000 101923075 0.483287
hs2 101923076 103846152 0.235541
hs2 103846153 105769229 0.173361
hs2 105769230 107692306 0.195378
hs2 107692307 109615383 0.550384
hs2 109615384 111538460 0.661569
hs2 111538461 113461537 0.481115
hs2 113461538 115384614 0.457276
hs2 115384615 117307691 0.485774
hs2 117307692 119230768 0.071657
hs2 119230769 121153845 0.423753
hs2 121153846 123076922 0.311013
hs2 123076923 124999999 0.260347
hs2 125000000 126923075 0.202454
hs2 126923076 128846152 0.413110
hs2 128846153 130769229 0.076954
hs2 130769230 132692306 0.295183
hs2 132692307 134615383 0.620486
hs2 134615384 136538460 0.767932
hs2 136538461 138461537 0.371226
hs2 138461538 140384614 0.110895
hs2 140384615 142307691 0.833158
hs2 142307692 144230768 0.566874
hs2 144230769 146153845 0.346458
hs2 146153846 148076922 0.002046
hs2 148076923 149999999 0.692636
hs2 150000000 151923075 0.057137
hs2 151923076 153846152 0.579899
hs2 153846153 155769229 0.385559
hs2 155769230 157692306 0.082834
hs2 157692307 159615383 0.565298
hs2 159615384 161538460 0.602556
hs2 161538461 163461537 0.662780
hs2 163461538 165384614 0.204196
hs2 165384615 167307691 0.541638
hs2 167307692 169230768 0.474105
hs2 169230769 171153845 0.799671
hs2 171153846 173076922 0.522015
hs2 173076923 174999999 0.467366
hs2 175000000 176923075 0.353403
hs2 176923076 178846152 0.465186
hs2 178846153 180769229 0.760142
hs2 180769230 182692306 0.238876
hs2 182692307 184615383 0.337180
hs2 184615384 186538460 0.226609
hs2 186538461 188461537 0.208466
hs2 188461538 190384614 0.384162
hs2 190384615 192307691 0.462458
hs2 192307692 194230768 0.148164
hs2 194230769 196153845 0.000000
hs2 196153846 198076922 0.705115
hs2 198076923 199999999 0.367815
hs2 200000000 201923075 0.509719
hs2 201923076 203846152 0.691722
hs2 203846153 205769229 0.494469
hs2 205769230 207692306 0.585458
hs2 207692307 209615383 0.327036
hs2 209615384 211538460 0.529735
hs2 211538461 213461537 0.604766
hs2 213461538 215384614 0.792160
hs2 215384615 217307691 0.413219
hs2 217307692 219230768 0.547826
hs2 219230769 221153845 0.314287
hs2 221153846 223076922 0.176691
hs2 223076923 224999999 0.270033
hs2 225000000 226923075 0.335869
hs2 226923076 228846152 0.516621
hs2 228846153 230769229 0.473735
hs2 230769230 232692306 0.536138
hs2 232692307 234615383 1.023491
hs2 234615384 236538460 0.314683
hs2 236538461 238461537 0.438869
hs2 238461538 240384614 0.381613
hs2 240384615 242307691 0.540148
hs2 242307692 244230768 0.085477
hs8 0 1923075 0.313115
hs8 1923076 3846152 0.616479
hs8 3846153 5769229 0.516664
hs8 5769230 7692306 0.322500
hs8 7692307 9615383 0.267161
hs8 9615384 11538460 0.611650
hs8 11538461 13461537 0.464706
hs8 13461538 15384614 0.597969
hs8 15384615 17307691 0.342228
hs8 17307692 19230768 0.538697
hs8 19230769 21153845 0.249952
hs8 21153846 23076922 0.556348
hs8 23076923 24999999 0.218498
hs8 25000000 26923075 0.432922
hs8 26923076 28846152 0.585940
hs8 28846153 30769229 0.435672
hs8 30769230 32692306 0.671867
hs8 32692307 34615383 0.109533
hs8 34615384 36538460 0.290788
hs8 36538461 38461537 0.333614
hs8 38461538 40384614 0.531540
hs8 40384615 42307691 0.507464
hs8 42307692 44230768 0.323422
hs8 44230769 46153845 0.000000
hs8 46153846 48076922 0.007749
hs8 48076923 49999999 0.393872
hs8 50000000 51923075 0.459978
hs8 51923076 53846152 0.516855
hs8 53846153 55769229 0.210445
hs8 55769230 57692306 0.384470
hs8 57692307 59615383 0.128190
hs8 59615384 61538460 0.266426
hs8 61538461 63461537 0.445874
hs8 63461538 65384614 0.367352
hs8 65384615 67307691 0.291423
hs8 67307692 69230768 0.637783
hs8 69230769 71153845 0.433345
hs8 71153846 73076922 0.391191
hs8 73076923 74999999 0.533496
hs8 75000000 76923075 0.146002
hs8 76923076 78846152 0.145180
hs8 78846153 80769229 0.139084
hs8 80769230 82692306 0.360990
hs8 82692307 84615383 0.062660
hs8 84615384 86538460 0.473065
hs8 86538461 88461537 0.531905
hs8 88461538 90384614 0.153981
hs8 90384615 92307691 0.289865
hs8 92307692 94230768 0.191241
hs8 94230769 96153845 0.339449
hs8 96153846 98076922 0.330908
hs8 98076923 99999999 0.546365
hs8 100000000 101923075 0.686645
hs8 101923076 103846152 0.452294
hs8 103846153 105769229 0.642649
hs8 105769230 107692306 0.429665
hs8 107692307 109615383 0.351387
hs8 109615384 111538460 0.238497
hs8 111538461 113461537 0.081747
hs8 113461538 115384614 0.549626
hs8 115384615 117307691 0.135462
hs8 117307692 119230768 0.370413
hs8 119230769 121153845 0.483281
hs8 121153846 123076922 0.356062
hs8 123076923 124999999 0.361447
hs8 125000000 126923075 0.472390
hs8 126923076 128846152 0.026791
hs8 128846153 130769229 0.159680
hs8 130769230 132692306 0.389124
hs8 132692307 134615383 0.665817
hs8 134615384 136538460 0.177637
hs8 136538461 138461537 0.098870
hs8 138461538 140384614 0.360132
hs8 140384615 142307691 0.704332
hs8 142307692 144230768 0.272718
hs8 144230769 146153845 0.519394
hs8 146153846 148076922 0.020891
hs6 0 1923075 0.412801
hs6 1923076 3846152 0.399170
hs6 3846153 5769229 0.545365
hs6 5769230 7692306 0.459532
hs6 7692307 9615383 0.141501
hs6 9615384 11538460 0.350773
hs6 11538461 13461537 0.448929
hs6 13461538 15384614 0.210725
hs6 15384615 17307691 0.480670
hs6 17307692 19230768 0.377504
hs6 19230769 21153845 0.373374
hs6 21153846 23076922 0.382858
hs6 23076923 24999999 0.314764
hs6 25000000 26923075 0.403035
hs6 26923076 28846152 0.234781
hs6 28846153 30769229 0.262556
hs6 30769230 32692306 0.475662
hs6 32692307 34615383 0.409094
hs6 34615384 36538460 0.722259
hs6 36538461 38461537 0.605576
hs6 38461538 40384614 0.642650
hs6 40384615 42307691 0.459470
hs6 42307692 44230768 0.586893
hs6 44230769 46153845 0.595478
hs6 46153846 48076922 0.506776
hs6 48076923 49999999 0.133553
hs6 50000000 51923075 0.233680
hs6 51923076 53846152 0.419240
hs6 53846153 55769229 0.439059
hs6 55769230 57692306 0.516699
hs6 57692307 59615383 0.021615
hs6 59615384 61538460 0.000000
hs6 61538461 63461537 0.315243
hs6 63461538 65384614 0.530585
hs6 65384615 67307691 0.567232
hs6 67307692 69230768 0.000000
hs6 69230769 71153845 0.680127
hs6 71153846 73076922 0.469669
hs6 73076923 74999999 0.531402
hs6 75000000 76923075 0.407434
hs6 76923076 78846152 0.000610
hs6 78846153 80769229 0.190374
hs6 80769230 82692306 0.147967
hs6 82692307 84615383 0.402438
hs6 84615384 86538460 0.243032
hs6 86538461 88461537 0.288864
hs6 88461538 90384614 0.421047
hs6 90384615 92307691 0.356909
hs6 92307692 94230768 0.093373
hs6 94230769 96153845 0.047379
hs6 96153846 98076922 0.365346
hs6 98076923 99999999 0.113550
hs6 100000000 101923075 0.326019
hs6 101923076 103846152 0.348956
hs6 103846153 105769229 0.166419
hs6 105769230 107692306 0.364302
hs6 107692307 109615383 0.706391
hs6 109615384 111538460 0.558325
hs6 111538461 113461537 0.397677
hs6 113461538 115384614 0.034172
hs6 115384615 117307691 0.371090
hs6 117307692 119230768 0.539026
hs6 119230769 121153845 0.204918
hs6 121153846 123076922 0.298138
hs6 123076923 124999999 0.706649
hs6 125000000 126923075 0.372739
hs6 126923076 128846152 0.517959
hs6 128846153 130769229 0.538455
hs6 130769230 132692306 0.353077
hs6 132692307 134615383 0.400266
hs6 134615384 136538460 0.819999
hs6 136538461 138461537 0.388267
hs6 138461538 140384614 0.344760
hs6 140384615 142307691 0.000000
hs6 142307692 144230768 0.604291
hs6 144230769 146153845 0.475569
hs6 146153846 148076922 0.509759
hs6 148076923 149999999 0.405037
hs6 150000000 151923075 0.588379
hs6 151923076 153846152 0.610512
hs6 153846153 155769229 0.464101
hs6 155769230 157692306 0.250821
hs6 157692307 159615383 0.649295
hs6 159615384 161538460 0.444051
hs6 161538461 163461537 0.962139
hs6 163461538 165384614 0.194179
hs6 165384615 167307691 0.501909
hs6 167307692 169230768 0.304828
hs6 169230769 171153845 0.275924
hs14 0 1923075 0.000000
hs14 1923076 3846152 0.000000
hs14 3846153 5769229 0.000000
hs14 5769230 7692306 0.000000
hs14 7692307 9615383 0.000000
hs14 9615384 11538460 0.000000
hs14 11538461 13461537 0.000000
hs14 13461538 15384614 0.000000
hs14 15384615 17307691 0.000000
hs14 17307692 19230768 0.035818
hs14 19230769 21153845 0.281209
hs14 21153846 23076922 0.221923
hs14 23076923 24999999 0.319518
hs14 25000000 26923075 0.078974
hs14 26923076 28846152 0.012832
hs14 28846153 30769229 0.441761
hs14 30769230 32692306 0.629241
hs14 32692307 34615383 0.522967
hs14 34615384 36538460 0.496058
hs14 36538461 38461537 0.279394
hs14 38461538 40384614 0.137732
hs14 40384615 42307691 0.154436
hs14 42307692 44230768 0.001637
hs14 44230769 46153845 0.169279
hs14 46153846 48076922 0.434705
hs14 48076923 49999999 0.303626
hs14 50000000 51923075 0.509183
hs14 51923076 53846152 0.291208
hs14 53846153 55769229 0.493301
hs14 55769230 57692306 0.301862
hs14 57692307 59615383 0.465682
hs14 59615384 61538460 0.448178
hs14 61538461 63461537 0.482168
hs14 63461538 65384614 0.653178
hs14 65384615 67307691 0.591597
hs14 67307692 69230768 0.713944
hs14 69230769 71153845 0.456438
hs14 71153846 73076922 0.784651
hs14 73076923 74999999 0.582722
hs14 75000000 76923075 0.661574
hs14 76923076 78846152 0.700772
hs14 78846153 80769229 0.646977
hs14 80769230 82692306 0.098273
hs14 82692307 84615383 0.000000
hs14 84615384 86538460 0.050848
hs14 86538461 88461537 0.333188
hs14 88461538 90384614 0.619785
hs14 90384615 92307691 0.729815
hs14 92307692 94230768 0.627547
hs14 94230769 96153845 0.360247
hs14 96153846 98076922 0.071128
hs14 98076923 99999999 0.427589
hs14 100000000 101923075 0.375550
hs14 101923076 103846152 0.592271
hs14 103846153 105769229 0.276794
hs14 105769230 107692306 0.007162
hs17 0 1923075 0.725897
hs17 1923076 3846152 0.648612
hs17 3846153 5769229 0.599849
hs17 5769230 7692306 0.493703
hs17 7692307 9615383 0.686840
hs17 9615384 11538460 0.558481
hs17 11538461 13461537 0.444365
hs17 13461538 15384614 0.172961
hs17 15384615 17307691 0.562168
hs17 17307692 19230768 0.673539
hs17 19230769 21153845 0.429316
hs17 21153846 23076922 0.141404
hs17 23076923 24999999 0.608741
hs17 25000000 26923075 0.775506
hs17 26923076 28846152 0.647830
hs17 28846153 30769229 0.529384
hs17 30769230 32692306 0.504749
hs17 32692307 34615383 0.560560
hs17 34615384 36538460 0.550258
hs17 36538461 38461537 0.541700
hs17 38461538 40384614 0.549957
hs17 40384615 42307691 0.646812
hs17 42307692 44230768 0.533225
hs17 44230769 46153845 0.490741
hs17 46153846 48076922 0.463678
hs17 48076923 49999999 0.001215
hs17 50000000 51923075 0.380093
hs17 51923076 53846152 0.440605
hs17 53846153 55769229 0.774175
hs17 55769230 57692306 0.692884
hs17 57692307 59615383 0.696844
hs17 59615384 61538460 0.594901
hs17 61538461 63461537 0.727095
hs17 63461538 65384614 0.473189
hs17 65384615 67307691 0.036832
hs17 67307692 69230768 0.451065
hs17 69230769 71153845 0.552869
hs17 71153846 73076922 0.638765
hs17 73076923 74999999 0.581133
hs17 75000000 76923075 0.640982
hs17 76923076 78846152 0.608393
hs21 0 1923075 0.000000
hs21 1923076 3846152 0.000000
hs21 3846153 5769229 0.000000
hs21 5769230 7692306 0.000000
hs21 7692307 9615383 0.000000
hs21 9615384 11538460 0.227584
hs21 11538461 13461537 0.041644
hs21 13461538 15384614 0.201760
hs21 15384615 17307691 0.358484
hs21 17307692 19230768 0.161550
hs21 19230769 21153845 0.031467
hs21 21153846 23076922 0.281103
hs21 23076923 24999999 0.000000
hs21 25000000 26923075 0.313483
hs21 26923076 28846152 0.050999
hs21 28846153 30769229 0.444844
hs21 30769230 32692306 0.437936
hs21 32692307 34615383 0.518679
hs21 34615384 36538460 0.327524
hs21 36538461 38461537 0.672054
hs21 38461538 40384614 0.452301
hs21 40384615 42307691 0.663792
hs21 42307692 44230768 0.534572
hs21 44230769 46153845 0.564436
hs21 46153846 48076922 0.285646
