hsX 0 5555554 0.222142
hsX 5555555 11111110 0.350180
hsX 11111111 16666665 0.454031
hsX 16666666 22222221 0.547485
hsX 22222222 27777776 0.164647
hsX 27777777 33333332 0.680110
hsX 33333333 38888887 0.201285
hsX 38888888 44444443 0.238721
hsX 44444444 49999998 0.486046
hsX 49999999 55555554 0.333152
hsX 55555555 61111110 0.077091
hsX 61111111 66666665 0.146942
hsX 66666666 72222221 0.529971
hsX 72222222 77777776 0.335501
hsX 77777777 83333332 0.116331
hsX 83333333 88888887 0.261651
hsX 88888888 94444443 0.160170
hsX 94444444 99999998 0.298558
hsX 99999999 105555554 0.477713
hsX 105555555 111111110 0.518708
hsX 111111111 116666665 0.215427
hsX 116666666 122222221 0.312547
hsX 122222222 127777776 0.212934
hsX 127777777 133333332 0.385389
hsX 133333333 138888887 0.335525
hsX 138888888 144444443 0.025501
hsX 144444444 149999999 0.236608
hsX 150000000 155555554 0.376523
hs12 0 5555554 0.611940
hs12 5555555 11111110 0.533569
hs12 11111111 16666665 0.516495
hs12 16666666 22222221 0.346647
hs12 22222222 27777776 0.547438
hs12 27777777 33333332 0.368296
hs12 33333333 38888887 0.180431
hs12 38888888 44444443 0.520909
hs12 44444444 49999998 0.465795
hs12 49999999 55555554 0.438069
hs12 55555555 61111110 0.246369
hs12 61111111 66666665 0.419695
hs12 66666666 72222221 0.387580
hs12 72222222 77777776 0.202603
hs12 77777777 83333332 0.477309
hs12 83333333 88888887 0.305527
hs12 88888888 94444443 0.247553
hs12 94444444 99999998 0.521947
hs12 99999999 105555554 0.491076
hs12 105555555 111111110 0.670010
hs12 111111111 116666665 0.393706
hs12 116666666 122222221 0.648102
hs12 122222222 127777776 0.352531
hs12 127777777 133333332 0.444672
hs11 0 5555554 0.489167
hs11 5555555 11111110 0.528673
hs11 11111111 16666665 0.520345
hs11 16666666 22222221 0.601885
hs11 22222222 27777776 0.308777
hs11 27777777 33333332 0.308431
hs11 33333333 38888887 0.331286
hs11 38888888 44444443 0.143512
hs11 44444444 49999998 0.461138
hs11 49999999 55555554 0.013589
hs11 55555555 61111110 0.378208
hs11 61111111 66666665 0.580602
hs11 66666666 72222221 0.499250
hs11 72222222 77777776 0.668156
hs11 77777777 83333332 0.315801
hs11 83333333 88888887 0.656410
hs11 88888888 94444443 0.299464
hs11 94444444 99999998 0.359385
hs11 99999999 105555554 0.405226
hs11 105555555 111111110 0.385222
hs11 111111111 116666665 0.383696
hs11 116666666 122222221 0.493022
hs11 122222222 127777776 0.379467
hs11 127777777 133333332 0.584287
hs11 133333333 138888887 0.058604
hs22 0 5555554 0.000000
hs22 5555555 11111110 0.000000
hs22 11111111 16666665 0.103811
hs22 16666666 22222221 0.450341
hs22 22222222 27777776 0.704252
hs22 27777777 33333332 0.620832
hs22 33333333 38888887 0.515560
hs22 38888888 44444443 0.661140
hs22 44444444 49999998 0.399864
hs10 0 5555554 0.314984
hs10 5555555 11111110 0.235458
hs10 11111111 16666665 0.613006
hs10 16666666 22222221 0.575299
hs10 22222222 27777776 0.552362
hs10 27777777 33333332 0.400870
hs10 33333333 38888887 0.307144
hs10 38888888 44444443 0.089317
hs10 44444444 49999998 0.367182
hs10 49999999 55555554 0.563631
hs10 55555555 61111110 0.243908
hs10 61111111 66666665 0.326986
hs10 66666666 72222221 0.697937
hs10 72222222 77777776 0.688228
hs10 77777777 83333332 0.367749
hs10 83333333 88888887 0.476118
hs10 88888888 94444443 0.491321
hs10 94444444 99999998 0.647204
hs10 99999999 105555554 0.687870
hs10 105555555 111111110 0.304737
hs10 111111111 116666665 0.416231
hs10 116666666 122222221 0.489935
hs10 122222222 127777776 0.440712
hs10 127777777 133333332 0.346574
hs10 133333333 138888887 0.164768
hs7 0 5555554 0.574280
hs7 5555555 11111110 0.365127
hs7 11111111 16666665 0.422150
hs7 16666666 22222221 0.321042
hs7 22222222 27777776 0.345610
hs7 27777777 33333332 0.545422
hs7 33333333 38888887 0.582926
hs7 38888888 44444443 0.546030
hs7 44444444 49999998 0.327819
hs7 49999999 55555554 0.225451
hs7 55555555 61111110 0.069344
hs7 61111111 66666665 0.248379
hs7 66666666 72222221 0.516380
hs7 72222222 77777776 0.576866
hs7 77777777 83333332 0.504500
hs7 83333333 88888887 0.425440
hs7 88888888 94444443 0.365631
hs7 94444444 99999998 0.467200
hs7 99999999 105555554 0.742275
hs7 105555555 111111110 0.414609
hs7 111111111 116666665 0.413497
hs7 116666666 122222221 0.393665
hs7 122222222 127777776 0.351283
hs7 127777777 133333332 0.628610
hs7 133333333 138888887 0.512175
hs7 138888888 144444443 0.404749
hs7 144444444 149999999 0.561932
hs7 150000000 155555554 0.503678
hs7 155555555 161111110 0.348680
hs4 0 5555554 0.561758
hs4 5555555 11111110 0.491853
hs4 11111111 16666665 0.228108
hs4 16666666 22222221 0.396494
hs4 22222222 27777776 0.231746
hs4 27777777 33333332 0.076750
hs4 33333333 38888887 0.245128
hs4 38888888 44444443 0.511068
hs4 44444444 49999998 0.379869
hs4 49999999 55555554 0.207528
hs4 55555555 61111110 0.179172
hs4 61111111 66666665 0.190206
hs4 66666666 72222221 0.271653
hs4 72222222 77777776 0.431024
hs4 77777777 83333332 0.423885
hs4 83333333 88888887 0.514927
hs4 88888888 94444443 0.631769
hs4 94444444 99999998 0.459203
hs4 99999999 105555554 0.373345
hs4 105555555 111111110 0.440471
hs4 111111111 116666665 0.356216
hs4 116666666 122222221 0.216517
hs4 122222222 127777776 0.287248
hs4 127777777 133333332 0.139485
hs4 133333333 138888887 0.011023
hs4 138888888 144444443 0.436947
hs4 144444444 149999999 0.426773
hs4 150000000 155555554 0.457020
hs4 155555555 161111110 0.274452
hs4 161111111 166666665 0.369027
hs4 166666666 172222221 0.378352
hs4 172222222 177777776 0.449334
hs4 177777777 183333332 0.079493
hs4 183333333 188888887 0.415510
hs4 188888888 194444443 0.021639
hs16 0 5555554 0.636885
hs16 5555555 11111110 0.523609
hs16 11111111 16666665 0.520080
hs16 16666666 22222221 0.477593
hs16 22222222 27777776 0.478755
hs16 27777777 33333332 0.359071
hs16 33333333 38888887 0.005856
hs16 38888888 44444443 0.000000
hs16 44444444 49999998 0.370332
hs16 49999999 55555554 0.328582
hs16 55555555 61111110 0.264366
hs16 61111111 66666665 0.322544
hs16 66666666 72222221 0.599304
hs16 72222222 77777776 0.483992
hs16 77777777 83333332 0.542297
hs16 83333333 88888887 0.405436
hs20 0 5555554 0.444911
hs20 5555555 11111110 0.402185
hs20 11111111 16666665 0.566614
hs20 16666666 22222221 0.459334
hs20 22222222 27777776 0.173153
hs20 27777777 33333332 0.428831
hs20 33333333 38888887 0.460342
hs20 38888888 44444443 0.578293
hs20 44444444 49999998 0.476214
hs20 49999999 55555554 0.244961
hs20 55555555 61111110 0.418572
hs20 61111111 66666665 0.152666
hs13 0 5555554 0.000000
hs13 5555555 11111110 0.000000
hs13 11111111 16666665 0.000000
hs13 16666666 22222221 0.262942
hs13 22222222 27777776 0.469746
hs13 27777777 33333332 0.442298
hs13 33333333 38888887 0.487381
hs13 38888888 44444443 0.488618
hs13 44444444 49999998 0.423347
hs13 49999999 55555554 0.219899
hs13 55555555 61111110 0.153812
hs13 61111111 66666665 0.161430
hs13 66666666 72222221 0.220394
hs13 72222222 77777776 0.327488
hs13 77777777 83333332 0.111273
hs13 83333333 88888887 0.078103
hs13 88888888 94444443 0.501368
hs13 94444444 99999998 0.667274
hs13 99999999 105555554 0.298482
hs13 105555555 111111110 0.402176
hs13 111111111 116666665 0.233502
hs18 0 5555554 0.328195
hs18 5555555 11111110 0.504751
hs18 11111111 16666665 0.315100
hs18 16666666 22222221 0.466086
hs18 22222222 27777776 0.225246
hs18 27777777 33333332 0.652625
hs18 33333333 38888887 0.196203
hs18 38888888 44444443 0.328124
hs18 44444444 49999998 0.504021
hs18 49999999 55555554 0.427069
hs18 55555555 61111110 0.240187
hs18 61111111 66666665 0.253333
hs18 66666666 72222221 0.174136
hs18 72222222 77777776 0.229771
hs3 0 5555554 0.395162
hs3 5555555 11111110 0.491471
hs3 11111111 16666665 0.604525
hs3 16666666 22222221 0.335834
hs3 22222222 27777776 0.281000
hs3 27777777 33333332 0.431610
hs3 33333333 38888887 0.420899
hs3 38888888 44444443 0.481013
hs3 44444444 49999998 0.643768
hs3 49999999 55555554 0.728104
hs3 55555555 61111110 0.754833
hs3 61111111 66666665 0.619696
hs3 66666666 72222221 0.422366
hs3 72222222 77777776 0.270091
hs3 77777777 83333332 0.259983
hs3 83333333 88888887 0.224252
hs3 88888888 94444443 0.067430
hs3 94444444 99999998 0.274351
hs3 99999999 105555554 0.380847
hs3 105555555 111111110 0.333963
hs3 111111111 116666665 0.502073
hs3 116666666 122222221 0.391958
hs3 122222222 127777776 0.736999
hs3 127777777 133333332 0.581629
hs3 133333333 138888887 0.518130
hs3 138888888 144444443 0.530980
hs3 144444444 149999999 0.169290
hs3 150000000 155555554 0.368136
hs3 155555555 161111110 0.534646
hs3 161111111 166666665 0.140431
hs3 166666666 172222221 0.435830
hs3 172222222 177777776 0.583842
hs3 177777777 183333332 0.266026
hs3 183333333 188888887 0.480669
hs3 188888888 194444443 0.440857
hs3 194444444 199999998 0.450024
hs9 0 5555554 0.446549
hs9 5555555 11111110 0.593562
hs9 11111111 16666665 0.294857
hs9 16666666 22222221 0.499990
hs9 22222222 27777776 0.139231
hs9 27777777 33333332 0.234127
hs9 33333333 38888887 0.539948
hs9 38888888 44444443 0.128934
hs9 44444444 49999998 0.011396
hs9 49999999 55555554 0.000000
hs9 55555555 61111110 0.000000
hs9 61111111 66666665 0.006870
hs9 66666666 72222221 0.351091
hs9 72222222 77777776 0.336532
hs9 77777777 83333332 0.290139
hs9 83333333 88888887 0.319758
hs9 88888888 94444443 0.358990
hs9 94444444 99999998 0.527707
hs9 99999999 105555554 0.358551
hs9 105555555 111111110 0.227023
hs9 111111111 116666665 0.658706
hs9 116666666 122222221 0.346130
hs9 122222222 127777776 0.771344
hs9 127777777 133333332 0.584877
hs9 133333333 138888887 0.537785
hs9 138888888 144444443 0.192444
hs15 0 5555554 0.000000
hs15 5555555 11111110 0.000000
hs15 11111111 16666665 0.000000
hs15 16666666 22222221 0.118850
hs15 22222222 27777776 0.508855
hs15 27777777 33333332 0.474245
hs15 33333333 38888887 0.316094
hs15 38888888 44444443 0.626186
hs15 44444444 49999998 0.586769
hs15 49999999 55555554 0.539779
hs15 55555555 61111110 0.465115
hs15 61111111 66666665 0.663995
hs15 66666666 72222221 0.540817
hs15 72222222 77777776 0.522501
hs15 77777777 83333332 0.510558
hs15 83333333 88888887 0.516653
hs15 88888888 94444443 0.257559
hs15 94444444 99999998 0.381437
hs15 99999999 105555554 0.018749
hs5 0 5555554 0.224133
hs5 5555555 11111110 0.342624
hs5 11111111 16666665 0.475085
hs5 16666666 22222221 0.272685
hs5 22222222 27777776 0.180708
hs5 27777777 33333332 0.165776
hs5 33333333 38888887 0.491810
hs5 38888888 44444443 0.372565
hs5 44444444 49999998 0.088411
hs5 49999999 55555554 0.334903
hs5 55555555 61111110 0.513636
hs5 61111111 66666665 0.428421
hs5 66666666 72222221 0.570019
hs5 72222222 77777776 0.490892
hs5 77777777 83333332 0.557958
hs5 83333333 88888887 0.170432
hs5 88888888 94444443 0.422306
hs5 94444444 99999998 0.210437
hs5 99999999 105555554 0.106837
hs5 105555555 111111110 0.424324
hs5 111111111 116666665 0.388494
hs5 116666666 122222221 0.198235
hs5 122222222 127777776 0.281653
hs5 127777777 133333332 0.424748
hs5 133333333 138888887 0.502962
hs5 138888888 144444443 1.324201
hs5 144444444 149999999 0.514016
hs5 150000000 155555554 0.280836
hs5 155555555 161111110 0.449609
hs5 161111111 166666665 0.040402
hs5 166666666 172222221 0.718080
hs5 172222222 177777776 0.362442
hs5 177777777 183333332 0.271834
hsY 0 5555554 0.277629
hsY 5555555 11111110 0.267409
hsY 11111111 16666665 0.140469
hsY 16666666 22222221 0.139676
hsY 22222222 27777776 0.246330
hsY 27777777 33333332 0.000000
hsY 33333333 38888887 0.000000
hsY 38888888 44444443 0.000000
hsY 44444444 49999998 0.000000
hsY 49999999 55555554 0.000000
hsY 55555555 61111110 0.016271
hs1 0 5555554 0.403600
hs1 5555555 11111110 0.684988
hs1 11111111 16666665 0.505401
hs1 16666666 22222221 0.550017
hs1 22222222 27777776 0.505503
hs1 27777777 33333332 0.456342
hs1 33333333 38888887 0.456970
hs1 38888888 44444443 0.555055
hs1 44444444 49999998 0.675750
hs1 49999999 55555554 0.688725
hs1 55555555 61111110 0.428260
hs1 61111111 66666665 0.629579
hs1 66666666 72222221 0.438339
hs1 72222222 77777776 0.495786
hs1 77777777 83333332 0.185462
hs1 83333333 88888887 0.385109
hs1 88888888 94444443 0.475464
hs1 94444444 99999998 0.311499
hs1 99999999 105555554 0.300984
hs1 105555555 111111110 0.348956
hs1 111111111 116666665 0.445434
hs1 116666666 122222221 0.284811
hs1 122222222 127777776 0.000000
hs1 127777777 133333332 0.000000
hs1 133333333 138888887 0.000000
hs1 138888888 144444443 0.190464
hs1 144444444 149999999 0.395069
hs1 150000000 155555554 0.506990
hs1 155555555 161111110 0.428228
hs1 161111111 166666665 0.369262
hs1 166666666 172222221 0.454769
hs1 172222222 177777776 0.633208
hs1 177777777 183333332 0.574285
hs1 183333333 188888887 0.243116
hs1 188888888 194444443 0.060434
hs1 194444444 199999998 0.423979
hs1 199999999 205555554 0.549546
hs1 205555555 211111110 0.469415
hs1 211111111 216666665 0.568703
hs1 216666666 222222221 0.242047
hs1 222222222 227777776 0.467853
hs1 227777777 233333332 0.516583
hs1 233333333 238888887 0.525171
hs1 238888888 244444443 0.656647
hs1 244444444 249999998 0.184065
hs19 0 5555554 0.625179
hs19 5555555 11111110 0.582368
hs19 11111111 16666665 0.543108
hs19 16666666 22222221 0.553875
hs19 22222222 27777776 0.050256
hs19 27777777 33333332 0.000621
hs19 33333333 38888887 0.236652
hs19 38888888 44444443 0.536705
hs19 44444444 49999998 0.470790
hs19 49999999 55555554 0.619912
hs19 55555555 61111110 0.536573
hs19 61111111 66666665 0.226056
hs2 0 5555554 0.308588
hs2 5555555 11111110 0.276590
hs2 11111111 16666665 0.174826
hs2 16666666 22222221 0.149997
hs2 22222222 27777776 0.568767
hs2 27777777 33333332 0.687907
hs2 33333333 38888887 0.277291
hs2 38888888 44444443 0.410664
hs2 44444444 49999998 0.474347
hs2 49999999 55555554 0.462468
hs2 55555555 61111110 0.159718
hs2 61111111 66666665 0.430497
hs2 66666666 72222221 0.371628
hs2 72222222 77777776 0.533315
hs2 77777777 83333332 0.207712
hs2 83333333 88888887 0.435959
hs2 88888888 94444443 0.005651
hs2 94444444 99999998 0.531183
hs2 99999999 105555554 0.301405
hs2 105555555 111111110 0.427602
hs2 111111111 116666665 0.559961
hs2 116666666 122222221 0.276931
hs2 122222222 127777776 0.190972
hs2 127777777 133333332 0.330393
hs2 133333333 138888887 0.527170
hs2 138888888 144444443 0.524300
hs2 144444444 149999999 0.353912
hs2 150000000 155555554 0.353975
hs2 155555555 161111110 0.432930
hs2 161111111 166666665 0.440304
hs2 166666666 172222221 0.595803
hs2 172222222 177777776 0.357235
hs2 177777777 183333332 0.583214
hs2 183333333 188888887 0.195135
hs2 188888888 194444443 0.340145
hs2 194444444 199999998 0.371399
hs2 199999999 205555554 0.548584
hs2 205555555 211111110 0.511905
hs2 211111111 216666665 0.589731
hs2 216666666 222222221 0.388838
hs2 222222222 227777776 0.321039
hs2 227777777 233333332 0.525350
hs2 233333333 238888887 0.589473
hs2 238888888 244444443 0.299458
hs8 0 5555554 0.500628
hs8 5555555 11111110 0.369070
hs8 11111111 16666665 0.470271
hs8 16666666 22222221 0.407383
hs8 22222222 27777776 0.423592
hs8 27777777 33333332 0.518070
hs8 33333333 38888887 0.272944
hs8 38888888 44444443 0.443757
hs8 44444444 49999998 0.139023
hs8 49999999 55555554 0.408322
hs8 55555555 61111110 0.255686
hs8 61111111 66666665 0.335824
hs8 66666666 72222221 0.510579
hs8 72222222 77777776 0.310968
hs8 77777777 83333332 0.228108
hs8 83333333 88888887 0.348330
hs8 88888888 94444443 0.219382
hs8 94444444 99999998 0.421173
hs8 99999999 105555554 0.598741
hs8 105555555 111111110 0.370883
hs8 111111111 116666665 0.250370
hs8 116666666 122222221 0.427767
hs8 122222222 127777776 0.295744
hs8 127777777 133333332 0.254229
hs8 133333333 138888887 0.270163
hs8 138888888 144444443 0.468624
hs8 144444444 149999999 0.181268
hs6 0 5555554 0.440820
hs6 5555555 11111110 0.305470
hs6 11111111 16666665 0.411209
hs6 16666666 22222221 0.411524
hs6 22222222 27777776 0.307194
hs6 27777777 33333332 0.329743
hs6 33333333 38888887 0.634010
hs6 38888888 44444443 0.540290
hs6 44444444 49999998 0.405192
hs6 49999999 55555554 0.370606
hs6 55555555 61111110 0.193726
hs6 61111111 66666665 0.489136
hs6 66666666 72222221 0.321767
hs6 72222222 77777776 0.401221
hs6 77777777 83333332 0.132036
hs6 83333333 88888887 0.313599
hs6 88888888 94444443 0.296731
hs6 94444444 99999998 0.182172
hs6 99999999 105555554 0.265284
hs6 105555555 111111110 0.548481
hs6 111111111 116666665 0.238678
hs6 116666666 122222221 0.386607
hs6 122222222 127777776 0.456204
hs6 127777777 133333332 0.503018
hs6 133333333 138888887 0.569187
hs6 138888888 144444443 0.309297
hs6 144444444 149999999 0.445183
hs6 150000000 155555554 0.549478
hs6 155555555 161111110 0.456388
hs6 161111111 166666665 0.517731
hs6 166666666 172222221 0.292374
hs14 0 5555554 0.000000
hs14 5555555 11111110 0.000000
hs14 11111111 16666665 0.000000
hs14 16666666 22222221 0.117001
hs14 22222222 27777776 0.207499
hs14 27777777 33333332 0.490558
hs14 33333333 38888887 0.375248
hs14 38888888 44444443 0.061995
hs14 44444444 49999998 0.312699
hs14 49999999 55555554 0.427227
hs14 55555555 61111110 0.424658
hs14 61111111 66666665 0.524054
hs14 66666666 72222221 0.634457
hs14 72222222 77777776 0.642934
hs14 77777777 83333332 0.421107
hs14 83333333 88888887 0.168327
hs14 88888888 94444443 0.649355
hs14 94444444 99999998 0.296984
hs14 99999999 105555554 0.430829
hs14 105555555 111111110 0.002479
hs17 0 5555554 0.683431
hs17 5555555 11111110 0.531233
hs17 11111111 16666665 0.427329
hs17 16666666 22222221 0.448265
hs17 22222222 27777776 0.570745
hs17 27777777 33333332 0.612142
hs17 33333333 38888887 0.531672
hs17 38888888 44444443 0.572654
hs17 44444444 49999998 0.309968
hs17 49999999 55555554 0.521563
hs17 55555555 61111110 0.640573
hs17 61111111 66666665 0.505155
hs17 66666666 72222221 0.488038
hs17 72222222 77777776 0.594314
hs17 77777777 83333332 0.119912
hs21 0 5555554 0.000000
hs21 5555555 11111110 0.078779
hs21 11111111 16666665 0.165586
hs21 16666666 22222221 0.206879
hs21 22222222 27777776 0.119013
hs21 27777777 33333332 0.369140
hs21 33333333 38888887 0.516416
hs21 38888888 44444443 0.547749
hs21 44444444 49999998 0.270619
