hsX 0 1612902 0.224395
hsX 1612903 3225805 0.449392
hsX 3225806 4838708 0.091370
hsX 4838709 6451611 0.209948
hsX 6451612 8064515 0.165505
hsX 8064516 9677418 0.313347
hsX 9677419 11290321 0.633044
hsX 11290322 12903224 0.632658
hsX 12903225 14516128 0.258653
hsX 14516129 16129031 0.464841
hsX 16129032 17741934 0.530050
hsX 17741935 19354837 0.578394
hsX 19354838 20967740 0.463251
hsX 20967741 22580644 0.406148
hsX 22580645 24193547 0.226706
hsX 24193548 25806450 0.322747
hsX 25806451 27419353 0.007099
hsX 27419354 29032257 0.333035
hsX 29032258 30645160 0.596214
hsX 30645161 32258063 0.797973
hsX 32258064 33870966 0.625942
hsX 33870967 35483869 0.021656
hsX 35483870 37096773 0.204581
hsX 37096774 38709676 0.467078
hsX 38709677 40322579 0.078173
hsX 40322580 41935482 0.466683
hsX 41935483 43548386 0.080054
hsX 43548387 45161289 0.378914
hsX 45161290 46774192 0.259038
hsX 46774193 48387095 0.383926
hsX 48387096 49999998 0.849634
hsX 49999999 51612902 0.286887
hsX 51612903 53225805 0.228809
hsX 53225806 54838708 0.536415
hsX 54838709 56451611 0.157033
hsX 56451612 58064515 0.203916
hsX 58064516 59677418 0.000000
hsX 59677419 61290321 0.000000
hsX 61290322 62903224 0.167525
hsX 62903225 64516128 0.177810
hsX 64516129 66129031 0.160799
hsX 66129032 67741934 0.374963
hsX 67741935 69354837 0.383766
hsX 69354838 70967740 0.577698
hsX 70967741 72580644 0.491866
hsX 72580645 74193547 0.602919
hsX 74193548 75806450 0.185373
hsX 75806451 77419353 0.333244
hsX 77419354 79032257 0.054599
hsX 79032258 80645160 0.280275
hsX 80645161 82258063 0.000000
hsX 82258064 83870966 0.211521
hsX 83870967 85483869 0.383608
hsX 85483870 87096773 0.398492
hsX 87096774 88709676 0.004687
hsX 88709677 90322579 0.000585
hsX 90322580 91935482 0.525730
hsX 91935483 93548386 0.025383
hsX 93548387 95161289 0.000000
hsX 95161290 96774192 0.569344
hsX 96774193 98387095 0.000000
hsX 98387096 99999998 0.459023
hsX 99999999 101612902 0.597900
hsX 101612903 103225805 0.132578
hsX 103225806 104838708 0.764926
hsX 104838709 106451611 0.469477
hsX 106451612 108064515 0.522305
hsX 108064516 109677418 0.417160
hsX 109677419 111290321 0.638730
hsX 111290322 112903224 0.255593
hsX 112903225 114516128 0.300806
hsX 114516129 116129031 0.074670
hsX 116129032 117741934 0.318523
hsX 117741935 119354837 0.347695
hsX 119354838 120967740 0.362936
hsX 120967741 122580644 0.201708
hsX 122580645 124193547 0.573214
hsX 124193548 125806450 0.005021
hsX 125806451 127419353 0.000893
hsX 127419354 129032257 0.204752
hsX 129032258 130645160 0.328702
hsX 130645161 132258063 0.438584
hsX 132258064 133870966 0.541378
hsX 133870967 135483869 0.349286
hsX 135483870 137096773 0.091211
hsX 137096774 138709676 0.502996
hsX 138709677 140322579 0.037168
hsX 140322580 141935482 0.046084
hsX 141935483 143548386 0.025476
hsX 143548387 145161289 0.012118
hsX 145161290 146774192 0.001683
hsX 146774193 148387095 0.382053
hsX 148387096 149999998 0.424475
hsX 149999999 151612902 0.307700
hsX 151612903 153225805 0.435651
hsX 153225806 154838708 0.545354
hsX 154838709 156451611 0.008208
hs12 0 1612902 0.801194
hs12 1612903 3225805 0.820100
hs12 3225806 4838708 0.432013
hs12 4838709 6451611 0.483018
hs12 6451612 8064515 0.528625
hs12 8064516 9677418 0.361426
hs12 9677419 11290321 0.650505
hs12 11290322 12903224 0.506767
hs12 12903225 14516128 0.416681
hs12 14516129 16129031 0.621318
hs12 16129032 17741934 0.103038
hs12 17741935 19354837 0.392460
hs12 19354838 20967740 0.386922
hs12 20967741 22580644 0.556722
hs12 22580645 24193547 0.428209
hs12 24193548 25806450 0.586095
hs12 25806451 27419353 0.558017
hs12 27419354 29032257 0.395014
hs12 29032258 30645160 0.313128
hs12 30645161 32258063 0.427687
hs12 32258064 33870966 0.343881
hs12 33870967 35483869 0.003734
hs12 35483870 37096773 0.008043
hs12 37096774 38709676 0.522499
hs12 38709677 40322579 0.610334
hs12 40322580 41935482 0.255519
hs12 41935483 43548386 0.734575
hs12 43548387 45161289 0.437119
hs12 45161290 46774192 0.233535
hs12 46774193 48387095 0.455740
hs12 48387096 49999998 0.719100
hs12 49999999 51612902 0.443841
hs12 51612903 53225805 0.537963
hs12 53225806 54838708 0.263248
hs12 54838709 56451611 0.577467
hs12 56451612 58064515 0.087035
hs12 58064516 59677418 0.057216
hs12 59677419 61290321 0.472912
hs12 61290322 62903224 0.476735
hs12 62903225 64516128 0.475657
hs12 64516129 66129031 0.402412
hs12 66129032 67741934 0.223982
hs12 67741935 69354837 0.411914
hs12 69354838 70967740 0.473413
hs12 70967741 72580644 0.234328
hs12 72580645 74193547 0.205355
hs12 74193548 75806450 0.228344
hs12 75806451 77419353 0.264157
hs12 77419354 79032257 0.526394
hs12 79032258 80645160 0.741671
hs12 80645161 82258063 0.376001
hs12 82258064 83870966 0.033070
hs12 83870967 85483869 0.545389
hs12 85483870 87096773 0.290518
hs12 87096774 88709676 0.183394
hs12 88709677 90322579 0.060919
hs12 90322580 91935482 0.137119
hs12 91935483 93548386 0.417173
hs12 93548387 95161289 0.468717
hs12 95161290 96774192 0.235222
hs12 96774193 98387095 0.559319
hs12 98387096 99999998 0.772028
hs12 99999999 101612902 0.467305
hs12 101612903 103225805 0.543422
hs12 103225806 104838708 0.440883
hs12 104838709 106451611 0.735066
hs12 106451612 108064515 0.483310
hs12 108064516 109677418 0.689769
hs12 109677419 111290321 0.750655
hs12 111290322 112903224 0.480672
hs12 112903225 114516128 0.042424
hs12 114516129 116129031 0.449047
hs12 116129032 117741934 0.633870
hs12 117741935 119354837 0.604801
hs12 119354838 120967740 0.683190
hs12 120967741 122580644 0.745093
hs12 122580645 124193547 0.554330
hs12 124193548 125806450 0.225067
hs12 125806451 127419353 0.062901
hs12 127419354 129032257 0.827565
hs12 129032258 130645160 0.283644
hs12 130645161 132258063 0.617346
hs12 132258064 133870966 0.013310
hs11 0 1612902 0.616553
hs11 1612903 3225805 0.669785
hs11 3225806 4838708 0.372605
hs11 4838709 6451611 0.202377
hs11 6451612 8064515 0.455659
hs11 8064516 9677418 0.670506
hs11 9677419 11290321 0.544027
hs11 11290322 12903224 0.684523
hs11 12903225 14516128 0.459960
hs11 14516129 16129031 0.420396
hs11 16129032 17741934 0.562900
hs11 17741935 19354837 0.529549
hs11 19354838 20967740 0.787575
hs11 20967741 22580644 0.444934
hs11 22580645 24193547 0.097640
hs11 24193548 25806450 0.363092
hs11 25806451 27419353 0.365346
hs11 27419354 29032257 0.381510
hs11 29032258 30645160 0.140987
hs11 30645161 32258063 0.353017
hs11 32258064 33870966 0.520155
hs11 33870967 35483869 0.532470
hs11 35483870 37096773 0.462818
hs11 37096774 38709676 0.000000
hs11 38709677 40322579 0.111546
hs11 40322580 41935482 0.000000
hs11 41935483 43548386 0.104611
hs11 43548387 45161289 0.485345
hs11 45161290 46774192 0.523233
hs11 46774193 48387095 0.661438
hs11 48387096 49999998 0.196510
hs11 49999999 51612902 0.019916
hs11 51612903 53225805 0.000000
hs11 53225806 54838708 0.005542
hs11 54838709 56451611 0.263271
hs11 56451612 58064515 0.330342
hs11 58064516 59677418 0.278559
hs11 59677419 61290321 0.519004
hs11 61290322 62903224 0.514404
hs11 62903225 64516128 0.645817
hs11 64516129 66129031 0.552801
hs11 66129032 67741934 0.568910
hs11 67741935 69354837 0.362701
hs11 69354838 70967740 0.592677
hs11 70967741 72580644 0.604388
hs11 72580645 74193547 0.673110
hs11 74193548 75806450 0.596100
hs11 75806451 77419353 0.674169
hs11 77419354 79032257 0.760827
hs11 79032258 80645160 0.000000
hs11 80645161 82258063 0.029059
hs11 82258064 83870966 0.799932
hs11 83870967 85483869 0.908275
hs11 85483870 87096773 0.414838
hs11 87096774 88709676 0.493410
hs11 88709677 90322579 0.272695
hs11 90322580 91935482 0.130556
hs11 91935483 93548386 0.536729
hs11 93548387 95161289 0.277326
hs11 95161290 96774192 0.335102
hs11 96774193 98387095 0.000000
hs11 98387096 99999998 0.828074
hs11 99999999 101612902 0.501266
hs11 101612903 103225805 0.407754
hs11 103225806 104838708 0.217605
hs11 104838709 106451611 0.474536
hs11 106451612 108064515 0.582368
hs11 108064516 109677418 0.251191
hs11 109677419 111290321 0.371861
hs11 111290322 112903224 0.435244
hs11 112903225 114516128 0.323743
hs11 114516129 116129031 0.208216
hs11 116129032 117741934 0.732531
hs11 117741935 119354837 0.462997
hs11 119354838 120967740 0.572543
hs11 120967741 122580644 0.347536
hs11 122580645 124193547 0.213477
hs11 124193548 125806450 0.593537
hs11 125806451 127419353 0.353106
hs11 127419354 129032257 0.386068
hs11 129032258 130645160 0.302307
hs11 130645161 132258063 0.889283
hs11 132258064 133870966 0.636744
hs22 0 1612902 0.000000
hs22 1612903 3225805 0.000000
hs22 3225806 4838708 0.000000
hs22 4838709 6451611 0.000000
hs22 6451612 8064515 0.000000
hs22 8064516 9677418 0.000000
hs22 9677419 11290321 0.000000
hs22 11290322 12903224 0.000000
hs22 12903225 14516128 0.000000
hs22 14516129 16129031 0.176852
hs22 16129032 17741934 0.570889
hs22 17741935 19354837 0.447481
hs22 19354838 20967740 0.461908
hs22 20967741 22580644 0.392672
hs22 22580645 24193547 0.652213
hs22 24193548 25806450 0.909536
hs22 25806451 27419353 0.565193
hs22 27419354 29032257 0.671603
hs22 29032258 30645160 0.681523
hs22 30645161 32258063 0.702276
hs22 32258064 33870966 0.253955
hs22 33870967 35483869 0.522974
hs22 35483870 37096773 0.559672
hs22 37096774 38709676 0.585002
hs22 38709677 40322579 0.730445
hs22 40322580 41935482 0.598989
hs22 41935483 43548386 0.664848
hs22 43548387 45161289 0.683272
hs22 45161290 46774192 0.420996
hs22 46774193 48387095 0.167276
hs22 48387096 49999998 0.483738
hs10 0 1612902 0.745418
hs10 1612903 3225805 0.161911
hs10 3225806 4838708 0.026927
hs10 4838709 6451611 0.416301
hs10 6451612 8064515 0.478891
hs10 8064516 9677418 0.034559
hs10 9677419 11290321 0.143071
hs10 11290322 12903224 0.695993
hs10 12903225 14516128 0.659953
hs10 14516129 16129031 0.591686
hs10 16129032 17741934 0.535032
hs10 17741935 19354837 0.730459
hs10 19354838 20967740 0.287522
hs10 20967741 22580644 0.549765
hs10 22580645 24193547 0.375267
hs10 24193548 25806450 0.806532
hs10 25806451 27419353 0.555788
hs10 27419354 29032257 0.481417
hs10 29032258 30645160 0.227410
hs10 30645161 32258063 0.379522
hs10 32258064 33870966 0.486546
hs10 33870967 35483869 0.504879
hs10 35483870 37096773 0.241572
hs10 37096774 38709676 0.186742
hs10 38709677 40322579 0.027150
hs10 40322580 41935482 0.000000
hs10 41935483 43548386 0.296519
hs10 43548387 45161289 0.096289
hs10 45161290 46774192 0.446849
hs10 46774193 48387095 0.192772
hs10 48387096 49999998 0.539956
hs10 49999999 51612902 0.630108
hs10 51612903 53225805 0.795330
hs10 53225806 54838708 0.315689
hs10 54838709 56451611 0.619081
hs10 56451612 58064515 0.002379
hs10 58064516 59677418 0.032116
hs10 59677419 61290321 0.449033
hs10 61290322 62903224 0.375632
hs10 62903225 64516128 0.423667
hs10 64516129 66129031 0.263936
hs10 66129032 67741934 0.244005
hs10 67741935 69354837 1.015255
hs10 69354838 70967740 0.744059
hs10 70967741 72580644 0.445236
hs10 72580645 74193547 0.751512
hs10 74193548 75806450 0.803573
hs10 75806451 77419353 0.549544
hs10 77419354 79032257 0.806417
hs10 79032258 80645160 0.323686
hs10 80645161 82258063 0.282569
hs10 82258064 83870966 0.228709
hs10 83870967 85483869 0.536888
hs10 85483870 87096773 0.167137
hs10 87096774 88709676 0.697610
hs10 88709677 90322579 0.592894
hs10 90322580 91935482 0.371642
hs10 91935483 93548386 0.397697
hs10 93548387 95161289 0.628425
hs10 95161290 96774192 0.633766
hs10 96774193 98387095 0.697509
hs10 98387096 99999998 0.685510
hs10 99999999 101612902 0.707278
hs10 101612903 103225805 0.539988
hs10 103225806 104838708 0.766069
hs10 104838709 106451611 0.690014
hs10 106451612 108064515 0.349291
hs10 108064516 109677418 0.366341
hs10 109677419 111290321 0.000000
hs10 111290322 112903224 0.418644
hs10 112903225 114516128 0.305118
hs10 114516129 116129031 0.488515
hs10 116129032 117741934 0.776220
hs10 117741935 119354837 0.499889
hs10 119354838 120967740 0.297089
hs10 120967741 122580644 0.408383
hs10 122580645 124193547 0.478279
hs10 124193548 125806450 0.358633
hs10 125806451 127419353 0.397371
hs10 127419354 129032257 0.765851
hs10 129032258 130645160 0.210326
hs10 130645161 132258063 0.292693
hs10 132258064 133870966 0.219806
hs10 133870967 135483869 0.483715
hs7 0 1612902 0.433655
hs7 1612903 3225805 0.622562
hs7 3225806 4838708 0.685894
hs7 4838709 6451611 0.650694
hs7 6451612 8064515 0.446915
hs7 8064516 9677418 0.310403
hs7 9677419 11290321 0.125706
hs7 11290322 12903224 0.401919
hs7 12903225 14516128 0.288378
hs7 14516129 16129031 0.498480
hs7 16129032 17741934 0.324020
hs7 17741935 19354837 0.406290
hs7 19354838 20967740 0.236202
hs7 20967741 22580644 0.501940
hs7 22580645 24193547 0.370717
hs7 24193548 25806450 0.261305
hs7 25806451 27419353 0.316158
hs7 27419354 29032257 0.706821
hs7 29032258 30645160 0.567949
hs7 30645161 32258063 0.422793
hs7 32258064 33870966 0.458829
hs7 33870967 35483869 0.704068
hs7 35483870 37096773 0.555536
hs7 37096774 38709676 0.476882
hs7 38709677 40322579 0.717279
hs7 40322580 41935482 0.399201
hs7 41935483 43548386 0.452237
hs7 43548387 45161289 0.640394
hs7 45161290 46774192 0.145479
hs7 46774193 48387095 0.465658
hs7 48387096 49999998 0.288143
hs7 49999999 51612902 0.564042
hs7 51612903 53225805 0.000787
hs7 53225806 54838708 0.021781
hs7 54838709 56451611 0.376806
hs7 56451612 58064515 0.051990
hs7 58064516 59677418 0.000000
hs7 59677419 61290321 0.000000
hs7 61290322 62903224 0.012944
hs7 62903225 64516128 0.293790
hs7 64516129 66129031 0.398887
hs7 66129032 67741934 0.149907
hs7 67741935 69354837 0.404859
hs7 69354838 70967740 0.748409
hs7 70967741 72580644 0.783345
hs7 72580645 74193547 0.550714
hs7 74193548 75806450 0.514725
hs7 75806451 77419353 0.578273
hs7 77419354 79032257 0.901564
hs7 79032258 80645160 0.242885
hs7 80645161 82258063 0.371028
hs7 82258064 83870966 0.554211
hs7 83870967 85483869 0.078354
hs7 85483870 87096773 0.462676
hs7 87096774 88709676 0.719054
hs7 88709677 90322579 0.249424
hs7 90322580 91935482 0.492692
hs7 91935483 93548386 0.428531
hs7 93548387 95161289 0.443182
hs7 95161290 96774192 0.414965
hs7 96774193 98387095 0.253525
hs7 98387096 99999998 0.644979
hs7 99999999 101612902 0.603712
hs7 101612903 103225805 0.870574
hs7 103225806 104838708 0.781826
hs7 104838709 106451611 0.350846
hs7 106451612 108064515 0.797991
hs7 108064516 109677418 0.000985
hs7 109677419 111290321 0.663779
hs7 111290322 112903224 0.433028
hs7 112903225 114516128 0.461700
hs7 114516129 116129031 0.135624
hs7 116129032 117741934 0.619394
hs7 117741935 119354837 0.000000
hs7 119354838 120967740 0.585513
hs7 120967741 122580644 0.542314
hs7 122580645 124193547 0.220787
hs7 124193548 125806450 0.066711
hs7 125806451 127419353 0.742767
hs7 127419354 129032257 0.507205
hs7 129032258 130645160 0.632860
hs7 130645161 132258063 0.561964
hs7 132258064 133870966 0.720087
hs7 133870967 135483869 0.563101
hs7 135483870 137096773 0.394819
hs7 137096774 138709676 0.584496
hs7 138709677 140322579 0.698415
hs7 140322580 141935482 0.286301
hs7 141935483 143548386 0.207048
hs7 143548387 145161289 0.264679
hs7 145161290 146774192 0.824547
hs7 146774193 148387095 0.747079
hs7 148387096 149999998 0.363918
hs7 149999999 151612902 0.692609
hs7 151612903 153225805 0.182527
hs7 153225806 154838708 0.744633
hs7 154838709 156451611 0.281338
hs7 156451612 158064515 0.783591
hs7 158064516 159677418 0.251202
hs4 0 1612902 0.597829
hs4 1612903 3225805 0.765974
hs4 3225806 4838708 0.286960
hs4 4838709 6451611 0.682667
hs4 6451612 8064515 0.741018
hs4 8064516 9677418 0.377746
hs4 9677419 11290321 0.176910
hs4 11290322 12903224 0.000000
hs4 12903225 14516128 0.115264
hs4 14516129 16129031 0.434537
hs4 16129032 17741934 0.515198
hs4 17741935 19354837 0.000000
hs4 19354838 20967740 0.633649
hs4 20967741 22580644 0.531279
hs4 22580645 24193547 0.095183
hs4 24193548 25806450 0.341169
hs4 25806451 27419353 0.283364
hs4 27419354 29032257 0.000000
hs4 29032258 30645160 0.194697
hs4 30645161 32258063 0.069664
hs4 32258064 33870966 0.000000
hs4 33870967 35483869 0.000000
hs4 35483870 37096773 0.258034
hs4 37096774 38709676 0.517703
hs4 38709677 40322579 0.665553
hs4 40322580 41935482 0.616254
hs4 41935483 43548386 0.329559
hs4 43548387 45161289 0.217572
hs4 45161290 46774192 0.324872
hs4 46774193 48387095 0.848407
hs4 48387096 49999998 0.135158
hs4 49999999 51612902 0.000000
hs4 51612903 53225805 0.142302
hs4 53225806 54838708 0.508502
hs4 54838709 56451611 0.280007
hs4 56451612 58064515 0.401155
hs4 58064516 59677418 0.000000
hs4 59677419 61290321 0.000000
hs4 61290322 62903224 0.356705
hs4 62903225 64516128 0.000000
hs4 64516129 66129031 0.243134
hs4 66129032 67741934 0.055315
hs4 67741935 69354837 0.413259
hs4 69354838 70967740 0.236435
hs4 70967741 72580644 0.477442
hs4 72580645 74193547 0.354623
hs4 74193548 75806450 0.291174
hs4 75806451 77419353 0.457694
hs4 77419354 79032257 0.508244
hs4 79032258 80645160 0.480095
hs4 80645161 82258063 0.579561
hs4 82258064 83870966 0.233963
hs4 83870967 85483869 0.324114
hs4 85483870 87096773 0.552980
hs4 87096774 88709676 0.730542
hs4 88709677 90322579 0.508016
hs4 90322580 91935482 0.561372
hs4 91935483 93548386 0.565039
hs4 93548387 95161289 0.846518
hs4 95161290 96774192 0.697685
hs4 96774193 98387095 0.000861
hs4 98387096 99999998 0.592192
hs4 99999999 101612902 0.344801
hs4 101612903 103225805 0.405244
hs4 103225806 104838708 0.522458
hs4 104838709 106451611 0.107791
hs4 106451612 108064515 0.454664
hs4 108064516 109677418 0.314431
hs4 109677419 111290321 0.742475
hs4 111290322 112903224 0.096809
hs4 112903225 114516128 0.568157
hs4 114516129 116129031 0.395497
hs4 116129032 117741934 0.077806
hs4 117741935 119354837 0.112790
hs4 119354838 120967740 0.464065
hs4 120967741 122580644 0.254136
hs4 122580645 124193547 0.422899
hs4 124193548 125806450 0.342760
hs4 125806451 127419353 0.138514
hs4 127419354 129032257 0.117540
hs4 129032258 130645160 0.362908
hs4 130645161 132258063 0.000000
hs4 132258064 133870966 0.000000
hs4 133870967 135483869 0.029562
hs4 135483870 137096773 0.000000
hs4 137096774 138709676 0.008407
hs4 138709677 140322579 0.117891
hs4 140322580 141935482 0.622036
hs4 141935483 143548386 0.470153
hs4 143548387 145161289 0.518708
hs4 145161290 146774192 0.245739
hs4 146774193 148387095 0.484570
hs4 148387096 149999998 0.515937
hs4 149999999 151612902 0.239561
hs4 151612903 153225805 0.630278
hs4 153225806 154838708 0.551122
hs4 154838709 156451611 0.265940
hs4 156451612 158064515 0.247167
hs4 158064516 159677418 0.248638
hs4 159677419 161290321 0.336808
hs4 161290322 162903224 0.234811
hs4 162903225 164516128 0.284119
hs4 164516129 166129031 0.566607
hs4 166129032 167741934 0.328519
hs4 167741935 169354837 0.369765
hs4 169354838 170967740 0.747280
hs4 170967741 172580644 0.043204
hs4 172580645 174193547 0.757887
hs4 174193548 175806450 0.206640
hs4 175806451 177419353 0.570640
hs4 177419354 179032257 0.210560
hs4 179032258 180645160 0.072317
hs4 180645161 182258063 0.000000
hs4 182258064 183870966 0.244550
hs4 183870967 185483869 0.416535
hs4 185483870 187096773 0.589904
hs4 187096774 188709676 0.183682
hs4 188709677 190322579 0.019413
hs4 190322580 191935482 0.055122
hs16 0 1612902 0.695374
hs16 1612903 3225805 0.672363
hs16 3225806 4838708 0.696232
hs16 4838709 6451611 0.404084
hs16 6451612 8064515 0.776073
hs16 8064516 9677418 0.190178
hs16 9677419 11290321 0.610883
hs16 11290322 12903224 0.603451
hs16 12903225 14516128 0.400160
hs16 14516129 16129031 0.634261
hs16 16129032 17741934 0.334089
hs16 17741935 19354837 0.303662
hs16 19354838 20967740 0.638810
hs16 20967741 22580644 0.591414
hs16 22580645 24193547 0.614670
hs16 24193548 25806450 0.418154
hs16 25806451 27419353 0.281218
hs16 27419354 29032257 0.644834
hs16 29032258 30645160 0.457114
hs16 30645161 32258063 0.334282
hs16 32258064 33870966 0.018222
hs16 33870967 35483869 0.020169
hs16 35483870 37096773 0.000000
hs16 37096774 38709676 0.000000
hs16 38709677 40322579 0.000000
hs16 40322580 41935482 0.000000
hs16 41935483 43548386 0.000000
hs16 43548387 45161289 0.061852
hs16 45161290 46774192 0.562729
hs16 46774193 48387095 0.367267
hs16 48387096 49999998 0.283739
hs16 49999999 51612902 0.068075
hs16 51612903 53225805 0.532760
hs16 53225806 54838708 0.245558
hs16 54838709 56451611 0.662472
hs16 56451612 58064515 0.295522
hs16 58064516 59677418 0.000651
hs16 59677419 61290321 0.237338
hs16 61290322 62903224 0.000000
hs16 62903225 64516128 0.289565
hs16 64516129 66129031 0.536867
hs16 66129032 67741934 0.792956
hs16 67741935 69354837 0.761288
hs16 69354838 70967740 0.622728
hs16 70967741 72580644 0.171848
hs16 72580645 74193547 0.541405
hs16 74193548 75806450 0.220148
hs16 75806451 77419353 0.683310
hs16 77419354 79032257 0.242786
hs16 79032258 80645160 0.755379
hs16 80645161 82258063 0.686048
hs16 82258064 83870966 0.557742
hs16 83870967 85483869 0.137138
hs16 85483870 87096773 0.370970
hs16 87096774 88709676 0.736571
hs20 0 1612902 0.402540
hs20 1612903 3225805 0.500551
hs20 3225806 4838708 0.455198
hs20 4838709 6451611 0.348219
hs20 6451612 8064515 0.069149
hs20 8064516 9677418 0.860608
hs20 9677419 11290321 0.281510
hs20 11290322 12903224 0.022176
hs20 12903225 14516128 0.828942
hs20 14516129 16129031 0.908742
hs20 16129032 17741934 0.488597
hs20 17741935 19354837 0.478727
hs20 19354838 20967740 0.668661
hs20 20967741 22580644 0.164549
hs20 22580645 24193547 0.084640
hs20 24193548 25806450 0.451089
hs20 25806451 27419353 0.034114
hs20 27419354 29032257 0.013721
hs20 29032258 30645160 0.462859
hs20 30645161 32258063 0.504115
hs20 32258064 33870966 0.764576
hs20 33870967 35483869 0.734411
hs20 35483870 37096773 0.571036
hs20 37096774 38709676 0.009904
hs20 38709677 40322579 0.428010
hs20 40322580 41935482 0.679364
hs20 41935483 43548386 0.592507
hs20 43548387 45161289 0.549067
hs20 45161290 46774192 0.393025
hs20 46774193 48387095 0.572414
hs20 48387096 49999998 0.419886
hs20 49999999 51612902 0.386301
hs20 51612903 53225805 0.218508
hs20 53225806 54838708 0.124027
hs20 54838709 56451611 0.290889
hs20 56451612 58064515 0.453625
hs20 58064516 59677418 0.268738
hs20 59677419 61290321 0.608123
hs20 61290322 62903224 0.461144
hs13 0 1612902 0.000000
hs13 1612903 3225805 0.000000
hs13 3225806 4838708 0.000000
hs13 4838709 6451611 0.000000
hs13 6451612 8064515 0.000000
hs13 8064516 9677418 0.000000
hs13 9677419 11290321 0.000000
hs13 11290322 12903224 0.000000
hs13 12903225 14516128 0.000000
hs13 14516129 16129031 0.000000
hs13 16129032 17741934 0.000000
hs13 17741935 19354837 0.313912
hs13 19354838 20967740 0.503710
hs13 20967741 22580644 0.088066
hs13 22580645 24193547 0.510199
hs13 24193548 25806450 0.637984
hs13 25806451 27419353 0.296631
hs13 27419354 29032257 0.644597
hs13 29032258 30645160 0.263698
hs13 30645161 32258063 0.617585
hs13 32258064 33870966 0.236116
hs13 33870967 35483869 0.894711
hs13 35483870 37096773 0.355831
hs13 37096774 38709676 0.317095
hs13 38709677 40322579 0.471041
hs13 40322580 41935482 0.585054
hs13 41935483 43548386 0.548725
hs13 43548387 45161289 0.404942
hs13 45161290 46774192 0.382894
hs13 46774193 48387095 0.232460
hs13 48387096 49999998 0.561887
hs13 49999999 51612902 0.534788
hs13 51612903 53225805 0.222594
hs13 53225806 54838708 0.000048
hs13 54838709 56451611 0.000000
hs13 56451612 58064515 0.107169
hs13 58064516 59677418 0.309007
hs13 59677419 61290321 0.113622
hs13 61290322 62903224 0.000000
hs13 62903225 64516128 0.003184
hs13 64516129 66129031 0.219520
hs13 66129032 67741934 0.355532
hs13 67741935 69354837 0.254607
hs13 69354838 70967740 0.195904
hs13 70967741 72580644 0.463629
hs13 72580645 74193547 0.277710
hs13 74193548 75806450 0.315143
hs13 75806451 77419353 0.340403
hs13 77419354 79032257 0.397741
hs13 79032258 80645160 0.003085
hs13 80645161 82258063 0.000000
hs13 82258064 83870966 0.260612
hs13 83870967 85483869 0.004069
hs13 85483870 87096773 0.000000
hs13 87096774 88709676 0.004341
hs13 88709677 90322579 0.000060
hs13 90322580 91935482 0.700245
hs13 91935483 93548386 0.777054
hs13 93548387 95161289 0.577032
hs13 95161290 96774192 0.740792
hs13 96774193 98387095 0.509535
hs13 98387096 99999998 0.720605
hs13 99999999 101612902 0.706321
hs13 101612903 103225805 0.306178
hs13 103225806 104838708 0.000000
hs13 104838709 106451611 0.059065
hs13 106451612 108064515 0.484069
hs13 108064516 109677418 0.436903
hs13 109677419 111290321 0.420842
hs13 111290322 112903224 0.377365
hs13 112903225 114516128 0.426921
hs18 0 1612902 0.371165
hs18 1612903 3225805 0.339111
hs18 3225806 4838708 0.282584
hs18 4838709 6451611 0.424109
hs18 6451612 8064515 0.474467
hs18 8064516 9677418 0.534511
hs18 9677419 11290321 0.460233
hs18 11290322 12903224 0.464191
hs18 12903225 14516128 0.520720
hs18 14516129 16129031 0.083288
hs18 16129032 17741934 0.443687
hs18 17741935 19354837 0.276417
hs18 19354838 20967740 0.566505
hs18 20967741 22580644 0.445823
hs18 22580645 24193547 0.359948
hs18 24193548 25806450 0.000000
hs18 25806451 27419353 0.174247
hs18 27419354 29032257 0.543641
hs18 29032258 30645160 0.682980
hs18 30645161 32258063 0.490133
hs18 32258064 33870966 0.687135
hs18 33870967 35483869 0.274651
hs18 35483870 37096773 0.063295
hs18 37096774 38709676 0.185420
hs18 38709677 40322579 0.154838
hs18 40322580 41935482 0.451277
hs18 41935483 43548386 0.488372
hs18 43548387 45161289 0.498440
hs18 45161290 46774192 0.554207
hs18 46774193 48387095 0.213600
hs18 48387096 49999998 0.616654
hs18 49999999 51612902 0.360326
hs18 51612903 53225805 0.269130
hs18 53225806 54838708 0.609337
hs18 54838709 56451611 0.235811
hs18 56451612 58064515 0.213553
hs18 58064516 59677418 0.526258
hs18 59677419 61290321 0.083911
hs18 61290322 62903224 0.142963
hs18 62903225 64516128 0.021313
hs18 64516129 66129031 0.696297
hs18 66129032 67741934 0.012017
hs18 67741935 69354837 0.079258
hs18 69354838 70967740 0.438375
hs18 70967741 72580644 0.172123
hs18 72580645 74193547 0.198800
hs18 74193548 75806450 0.380842
hs18 75806451 77419353 0.121840
hs3 0 1612902 0.324322
hs3 1612903 3225805 0.651156
hs3 3225806 4838708 0.309657
hs3 4838709 6451611 0.075979
hs3 6451612 8064515 0.545859
hs3 8064516 9677418 0.588009
hs3 9677419 11290321 0.638012
hs3 11290322 12903224 0.664414
hs3 12903225 14516128 0.532594
hs3 14516129 16129031 0.607524
hs3 16129032 17741934 0.678519
hs3 17741935 19354837 0.184832
hs3 19354838 20967740 0.286700
hs3 20967741 22580644 0.205398
hs3 22580645 24193547 0.372051
hs3 24193548 25806450 0.387354
hs3 25806451 27419353 0.171410
hs3 27419354 29032257 0.185602
hs3 29032258 30645160 0.465774
hs3 30645161 32258063 0.454450
hs3 32258064 33870966 0.666220
hs3 33870967 35483869 0.009444
hs3 35483870 37096773 0.345897
hs3 37096774 38709676 0.769667
hs3 38709677 40322579 0.533765
hs3 40322580 41935482 0.497299
hs3 41935483 43548386 0.526327
hs3 43548387 45161289 0.454495
hs3 45161290 46774192 0.412430
hs3 46774193 48387095 0.726496
hs3 48387096 49999998 0.799875
hs3 49999999 51612902 0.848667
hs3 51612903 53225805 0.664495
hs3 53225806 54838708 0.799838
hs3 54838709 56451611 0.751871
hs3 56451612 58064515 0.767013
hs3 58064516 59677418 0.407369
hs3 59677419 61290321 0.931301
hs3 61290322 62903224 0.762216
hs3 62903225 64516128 0.468777
hs3 64516129 66129031 0.527986
hs3 66129032 67741934 0.474857
hs3 67741935 69354837 0.604086
hs3 69354838 70967740 0.243156
hs3 70967741 72580644 0.490246
hs3 72580645 74193547 0.309560
hs3 74193548 75806450 0.170602
hs3 75806451 77419353 0.183271
hs3 77419354 79032257 0.411172
hs3 79032258 80645160 0.537845
hs3 80645161 82258063 0.168703
hs3 82258064 83870966 0.000000
hs3 83870967 85483869 0.243690
hs3 85483870 87096773 0.464603
hs3 87096774 88709676 0.064130
hs3 88709677 90322579 0.232259
hs3 90322580 91935482 0.000000
hs3 91935483 93548386 0.000000
hs3 93548387 95161289 0.053766
hs3 95161290 96774192 0.140028
hs3 96774193 98387095 0.230009
hs3 98387096 99999998 0.521183
hs3 99999999 101612902 0.647818
hs3 101612903 103225805 0.636196
hs3 103225806 104838708 0.027793
hs3 104838709 106451611 0.000000
hs3 106451612 108064515 0.260904
hs3 108064516 109677418 0.539308
hs3 109677419 111290321 0.350105
hs3 111290322 112903224 0.125197
hs3 112903225 114516128 0.634765
hs3 114516129 116129031 0.833132
hs3 116129032 117741934 0.595911
hs3 117741935 119354837 0.004496
hs3 119354838 120967740 0.426548
hs3 120967741 122580644 0.681611
hs3 122580645 124193547 0.778055
hs3 124193548 125806450 0.812263
hs3 125806451 127419353 0.624349
hs3 127419354 129032257 0.481570
hs3 129032258 130645160 0.496314
hs3 130645161 132258063 0.602917
hs3 132258064 133870966 0.706861
hs3 133870967 135483869 0.650787
hs3 135483870 137096773 0.392540
hs3 137096774 138709676 0.558733
hs3 138709677 140322579 0.405544
hs3 140322580 141935482 0.539153
hs3 141935483 143548386 0.532518
hs3 143548387 145161289 0.713368
hs3 145161290 146774192 0.012754
hs3 146774193 148387095 0.163423
hs3 148387096 149999998 0.045282
hs3 149999999 151612902 0.428729
hs3 151612903 153225805 0.568794
hs3 153225806 154838708 0.144825
hs3 154838709 156451611 0.236488
hs3 156451612 158064515 0.539606
hs3 158064516 159677418 0.545952
hs3 159677419 161290321 0.649640
hs3 161290322 162903224 0.411327
hs3 162903225 164516128 0.000000
hs3 164516129 166129031 0.000000
hs3 166129032 167741934 0.107958
hs3 167741935 169354837 0.355608
hs3 169354838 170967740 0.720579
hs3 170967741 172580644 0.585237
hs3 172580645 174193547 0.583524
hs3 174193548 175806450 0.640509
hs3 175806451 177419353 0.586718
hs3 177419354 179032257 0.109435
hs3 179032258 180645160 0.360854
hs3 180645161 182258063 0.363341
hs3 182258064 183870966 0.082683
hs3 183870967 185483869 0.669036
hs3 185483870 187096773 0.553900
hs3 187096774 188709676 0.431767
hs3 188709677 190322579 0.476895
hs3 190322580 191935482 0.488900
hs3 191935483 193548386 0.239894
hs3 193548387 195161289 0.554372
hs3 195161290 196774192 0.366857
hs3 196774193 198387095 0.567190
hs3 198387096 199999998 0.375419
hs9 0 1612902 0.449788
hs9 1612903 3225805 0.223862
hs9 3225806 4838708 0.651017
hs9 4838709 6451611 0.450488
hs9 6451612 8064515 0.382395
hs9 8064516 9677418 0.851367
hs9 9677419 11290321 0.573689
hs9 11290322 12903224 0.040257
hs9 12903225 14516128 0.233594
hs9 14516129 16129031 0.576124
hs9 16129032 17741934 0.621954
hs9 17741935 19354837 0.449361
hs9 19354838 20967740 0.573424
hs9 20967741 22580644 0.246585
hs9 22580645 24193547 0.084295
hs9 24193548 25806450 0.001532
hs9 25806451 27419353 0.309665
hs9 27419354 29032257 0.558569
hs9 29032258 30645160 0.000000
hs9 30645161 32258063 0.000000
hs9 32258064 33870966 0.545372
hs9 33870967 35483869 0.641104
hs9 35483870 37096773 0.498385
hs9 37096774 38709676 0.503417
hs9 38709677 40322579 0.168427
hs9 40322580 41935482 0.051589
hs9 41935483 43548386 0.182454
hs9 43548387 45161289 0.042416
hs9 45161290 46774192 0.038473
hs9 46774193 48387095 0.000000
hs9 48387096 49999998 0.000000
hs9 49999999 51612902 0.000000
hs9 51612903 53225805 0.000000
hs9 53225806 54838708 0.000000
hs9 54838709 56451611 0.000000
hs9 56451612 58064515 0.000000
hs9 58064516 59677418 0.000000
hs9 59677419 61290321 0.000000
hs9 61290322 62903224 0.000000
hs9 62903225 64516128 0.000000
hs9 64516129 66129031 0.016570
hs9 66129032 67741934 0.084663
hs9 67741935 69354837 0.119005
hs9 69354838 70967740 0.485648
hs9 70967741 72580644 0.676422
hs9 72580645 74193547 0.414130
hs9 74193548 75806450 0.238988
hs9 75806451 77419353 0.305628
hs9 77419354 79032257 0.464599
hs9 79032258 80645160 0.489892
hs9 80645161 82258063 0.095964
hs9 82258064 83870966 0.081307
hs9 83870967 85483869 0.255451
hs9 85483870 87096773 0.429104
hs9 87096774 88709676 0.312895
hs9 88709677 90322579 0.245849
hs9 90322580 91935482 0.295888
hs9 91935483 93548386 0.196193
hs9 93548387 95161289 0.801018
hs9 95161290 96774192 0.474611
hs9 96774193 98387095 0.534129
hs9 98387096 99999998 0.529125
hs9 99999999 101612902 0.480248
hs9 101612903 103225805 0.600233
hs9 103225806 104838708 0.154528
hs9 104838709 106451611 0.033457
hs9 106451612 108064515 0.363303
hs9 108064516 109677418 0.125404
hs9 109677419 111290321 0.336847
hs9 111290322 112903224 0.870038
hs9 112903225 114516128 0.604177
hs9 114516129 116129031 0.574983
hs9 116129032 117741934 0.404892
hs9 117741935 119354837 0.776539
hs9 119354838 120967740 0.008250
hs9 120967741 122580644 0.328161
hs9 122580645 124193547 0.940253
hs9 124193548 125806450 0.615972
hs9 125806451 127419353 0.725433
hs9 127419354 129032257 0.606998
hs9 129032258 130645160 0.724475
hs9 130645161 132258063 0.470566
hs9 132258064 133870966 0.632422
hs9 133870967 135483869 0.684933
hs9 135483870 137096773 0.452543
hs9 137096774 138709676 0.423087
hs9 138709677 140322579 0.726998
hs15 0 1612902 0.000000
hs15 1612903 3225805 0.000000
hs15 3225806 4838708 0.000000
hs15 4838709 6451611 0.000000
hs15 6451612 8064515 0.000000
hs15 8064516 9677418 0.000000
hs15 9677419 11290321 0.000000
hs15 11290322 12903224 0.000000
hs15 12903225 14516128 0.000000
hs15 14516129 16129031 0.000000
hs15 16129032 17741934 0.000000
hs15 17741935 19354837 0.094342
hs15 19354838 20967740 0.298046
hs15 20967741 22580644 0.040343
hs15 22580645 24193547 0.319266
hs15 24193548 25806450 0.700606
hs15 25806451 27419353 0.566355
hs15 27419354 29032257 0.378209
hs15 29032258 30645160 0.345918
hs15 30645161 32258063 0.794136
hs15 32258064 33870966 0.367032
hs15 33870967 35483869 0.299093
hs15 35483870 37096773 0.143501
hs15 37096774 38709676 0.452620
hs15 38709677 40322579 0.705266
hs15 40322580 41935482 0.823321
hs15 41935483 43548386 0.611107
hs15 43548387 45161289 0.383106
hs15 45161290 46774192 0.294741
hs15 46774193 48387095 0.760667
hs15 48387096 49999998 0.684656
hs15 49999999 51612902 0.403810
hs15 51612903 53225805 0.522013
hs15 53225806 54838708 0.617728
hs15 54838709 56451611 0.545795
hs15 56451612 58064515 0.583289
hs15 58064516 59677418 0.528933
hs15 59677419 61290321 0.306390
hs15 61290322 62903224 0.748423
hs15 62903225 64516128 0.721780
hs15 64516129 66129031 0.569365
hs15 66129032 67741934 0.579649
hs15 67741935 69354837 0.308076
hs15 69354838 70967740 0.766238
hs15 70967741 72580644 0.535193
hs15 72580645 74193547 0.549205
hs15 74193548 75806450 0.668785
hs15 75806451 77419353 0.431599
hs15 77419354 79032257 0.413883
hs15 79032258 80645160 0.333180
hs15 80645161 82258063 0.659698
hs15 82258064 83870966 0.560101
hs15 83870967 85483869 0.710137
hs15 85483870 87096773 0.287310
hs15 87096774 88709676 0.518742
hs15 88709677 90322579 0.486340
hs15 90322580 91935482 0.319082
hs15 91935483 93548386 0.115166
hs15 93548387 95161289 0.056609
hs15 95161290 96774192 0.089870
hs15 96774193 98387095 0.583828
hs15 98387096 99999998 0.629877
hs15 99999999 101612902 0.064580
hs5 0 1612902 0.537825
hs5 1612903 3225805 0.055324
hs5 3225806 4838708 0.003318
hs5 4838709 6451611 0.196291
hs5 6451612 8064515 0.408084
hs5 8064516 9677418 0.316935
hs5 9677419 11290321 0.545498
hs5 11290322 12903224 0.556213
hs5 12903225 14516128 0.355542
hs5 14516129 16129031 0.453172
hs5 16129032 17741934 0.423503
hs5 17741935 19354837 0.000000
hs5 19354838 20967740 0.319423
hs5 20967741 22580644 0.578911
hs5 22580645 24193547 0.204493
hs5 24193548 25806450 0.097776
hs5 25806451 27419353 0.097949
hs5 27419354 29032257 0.000000
hs5 29032258 30645160 0.000000
hs5 30645161 32258063 0.401469
hs5 32258064 33870966 0.377374
hs5 33870967 35483869 0.407567
hs5 35483870 37096773 0.483762
hs5 37096774 38709676 0.590397
hs5 38709677 40322579 0.294135
hs5 40322580 41935482 0.449788
hs5 41935483 43548386 0.407230
hs5 43548387 45161289 0.140659
hs5 45161290 46774192 0.270859
hs5 46774193 48387095 0.000000
hs5 48387096 49999998 0.029582
hs5 49999999 51612902 0.117627
hs5 51612903 53225805 0.269481
hs5 53225806 54838708 0.491628
hs5 54838709 56451611 0.361166
hs5 56451612 58064515 0.157672
hs5 58064516 59677418 0.927176
hs5 59677419 61290321 0.597994
hs5 61290322 62903224 0.196003
hs5 62903225 64516128 0.420372
hs5 64516129 66129031 0.619567
hs5 66129032 67741934 0.286348
hs5 67741935 69354837 0.732557
hs5 69354838 70967740 0.933365
hs5 70967741 72580644 0.357188
hs5 72580645 74193547 0.337927
hs5 74193548 75806450 0.488309
hs5 75806451 77419353 0.576867
hs5 77419354 79032257 0.700028
hs5 79032258 80645160 0.627712
hs5 80645161 82258063 0.432075
hs5 82258064 83870966 0.580942
hs5 83870967 85483869 0.000000
hs5 85483870 87096773 0.099351
hs5 87096774 88709676 0.250212
hs5 88709677 90322579 0.321469
hs5 90322580 91935482 0.141477
hs5 91935483 93548386 0.442757
hs5 93548387 95161289 0.860659
hs5 95161290 96774192 0.314754
hs5 96774193 98387095 0.061089
hs5 98387096 99999998 0.037242
hs5 99999999 101612902 0.069230
hs5 101612903 103225805 0.298376
hs5 103225806 104838708 0.000388
hs5 104838709 106451611 0.000000
hs5 106451612 108064515 0.506583
hs5 108064516 109677418 0.540402
hs5 109677419 111290321 0.525686
hs5 111290322 112903224 0.645468
hs5 112903225 114516128 0.134921
hs5 114516129 116129031 0.446646
hs5 116129032 117741934 0.000000
hs5 117741935 119354837 0.341887
hs5 119354838 120967740 0.138227
hs5 120967741 122580644 0.365653
hs5 122580645 124193547 0.180778
hs5 124193548 125806450 0.051314
hs5 125806451 127419353 0.395607
hs5 127419354 129032257 0.439586
hs5 129032258 130645160 0.254216
hs5 130645161 132258063 0.588360
hs5 132258064 133870966 0.494399
hs5 133870967 135483869 0.374172
hs5 135483870 137096773 0.526336
hs5 137096774 138709676 0.637063
hs5 138709677 140322579 1.665312
hs5 140322580 141935482 2.306001
hs5 141935483 143548386 0.471596
hs5 143548387 145161289 0.205386
hs5 145161290 146774192 0.670183
hs5 146774193 148387095 0.422204
hs5 148387096 149999998 0.651751
hs5 149999999 151612902 0.415495
hs5 151612903 153225805 0.208994
hs5 153225806 154838708 0.342835
hs5 154838709 156451611 0.324594
hs5 156451612 158064515 0.300819
hs5 158064516 159677418 0.534584
hs5 159677419 161290321 0.421374
hs5 161290322 162903224 0.092652
hs5 162903225 164516128 0.000000
hs5 164516129 166129031 0.000000
hs5 166129032 167741934 0.663161
hs5 167741935 169354837 0.793232
hs5 169354838 170967740 0.672544
hs5 170967741 172580644 0.518965
hs5 172580645 174193547 0.118852
hs5 174193548 175806450 0.229719
hs5 175806451 177419353 0.584786
hs5 177419354 179032257 0.567022
hs5 179032258 180645160 0.513155
hs5 180645161 182258063 0.010472
hsY 0 1612902 0.224395
hsY 1612903 3225805 0.342371
hsY 3225806 4838708 0.000594
hsY 4838709 6451611 0.535183
hsY 6451612 8064515 0.188689
hsY 8064516 9677418 0.300525
hsY 9677419 11290321 0.285596
hsY 11290322 12903224 0.000000
hsY 12903225 14516128 0.282758
hsY 14516129 16129031 0.201080
hsY 16129032 17741934 0.000000
hsY 17741935 19354837 0.129762
hsY 19354838 20967740 0.218419
hsY 20967741 22580644 0.195524
hsY 22580645 24193547 0.426540
hsY 24193548 25806450 0.339059
hsY 25806451 27419353 0.020274
hsY 27419354 29032257 0.000000
hsY 29032258 30645160 0.000000
hsY 30645161 32258063 0.000000
hsY 32258064 33870966 0.000000
hsY 33870967 35483869 0.000000
hsY 35483870 37096773 0.000000
hsY 37096774 38709676 0.000000
hsY 38709677 40322579 0.000000
hsY 40322580 41935482 0.000000
hsY 41935483 43548386 0.000000
hsY 43548387 45161289 0.000000
hsY 45161290 46774192 0.000000
hsY 46774193 48387095 0.000000
hsY 48387096 49999998 0.000000
hsY 49999999 51612902 0.000000
hsY 51612903 53225805 0.000000
hsY 53225806 54838708 0.000000
hsY 54838709 56451611 0.000000
hsY 56451612 58064515 0.056046
hs1 0 1612902 0.372898
hs1 1612903 3225805 0.604209
hs1 3225806 4838708 0.413071
hs1 4838709 6451611 0.322388
hs1 6451612 8064515 0.830060
hs1 8064516 9677418 0.532551
hs1 9677419 11290321 0.771102
hs1 11290322 12903224 0.523592
hs1 12903225 14516128 0.193970
hs1 14516129 16129031 0.717620
hs1 16129032 17741934 0.519066
hs1 17741935 19354837 0.499206
hs1 19354838 20967740 0.490073
hs1 20967741 22580644 0.639773
hs1 22580645 24193547 0.511764
hs1 24193548 25806450 0.491927
hs1 25806451 27419353 0.535327
hs1 27419354 29032257 0.666532
hs1 29032258 30645160 0.267040
hs1 30645161 32258063 0.371610
hs1 32258064 33870966 0.610507
hs1 33870967 35483869 0.462540
hs1 35483870 37096773 0.570920
hs1 37096774 38709676 0.354190
hs1 38709677 40322579 0.513748
hs1 40322580 41935482 0.549701
hs1 41935483 43548386 0.497704
hs1 43548387 45161289 0.724692
hs1 45161290 46774192 0.711314
hs1 46774193 48387095 0.305450
hs1 48387096 49999998 0.936831
hs1 49999999 51612902 0.687082
hs1 51612903 53225805 0.765148
hs1 53225806 54838708 0.646655
hs1 54838709 56451611 0.273392
hs1 56451612 58064515 0.734297
hs1 58064516 59677418 0.429645
hs1 59677419 61290321 0.311177
hs1 61290322 62903224 0.735226
hs1 62903225 64516128 0.509974
hs1 64516129 66129031 0.623382
hs1 66129032 67741934 0.742561
hs1 67741935 69354837 0.197329
hs1 69354838 70967740 0.377430
hs1 70967741 72580644 0.677642
hs1 72580645 74193547 0.000000
hs1 74193548 75806450 0.678127
hs1 75806451 77419353 0.661016
hs1 77419354 79032257 0.630593
hs1 79032258 80645160 0.072570
hs1 80645161 82258063 0.119057
hs1 82258064 83870966 0.000000
hs1 83870967 85483869 0.527184
hs1 85483870 87096773 0.608825
hs1 87096774 88709676 0.190476
hs1 88709677 90322579 0.456936
hs1 90322580 91935482 0.190227
hs1 91935483 93548386 0.717213
hs1 93548387 95161289 0.425557
hs1 95161290 96774192 0.116314
hs1 96774193 98387095 0.580844
hs1 98387096 99999998 0.223560
hs1 99999999 101612902 0.435435
hs1 101612903 103225805 0.203729
hs1 103225806 104838708 0.182610
hs1 104838709 106451611 0.214948
hs1 106451612 108064515 0.306095
hs1 108064516 109677418 0.593411
hs1 109677419 111290321 0.320272
hs1 111290322 112903224 0.489409
hs1 112903225 114516128 0.536591
hs1 114516129 116129031 0.414941
hs1 116129032 117741934 0.378173
hs1 117741935 119354837 0.362867
hs1 119354838 120967740 0.286059
hs1 120967741 122580644 0.029431
hs1 122580645 124193547 0.000000
hs1 124193548 125806450 0.000000
hs1 125806451 127419353 0.000000
hs1 127419354 129032257 0.000000
hs1 129032258 130645160 0.000000
hs1 130645161 132258063 0.000000
hs1 132258064 133870966 0.000000
hs1 133870967 135483869 0.000000
hs1 135483870 137096773 0.000000
hs1 137096774 138709676 0.000000
hs1 138709677 140322579 0.000000
hs1 140322580 141935482 0.000000
hs1 141935483 143548386 0.260729
hs1 143548387 145161289 0.583718
hs1 145161290 146774192 0.284939
hs1 146774193 148387095 0.242034
hs1 148387096 149999998 0.645415
hs1 149999999 151612902 0.178625
hs1 151612903 153225805 0.641199
hs1 153225806 154838708 0.701763
hs1 154838709 156451611 0.388076
hs1 156451612 158064515 0.188145
hs1 158064516 159677418 0.559815
hs1 159677419 161290321 0.563686
hs1 161290322 162903224 0.130638
hs1 162903225 164516128 0.490438
hs1 164516129 166129031 0.461000
hs1 166129032 167741934 0.433490
hs1 167741935 169354837 0.428344
hs1 169354838 170967740 0.626845
hs1 170967741 172580644 0.386614
hs1 172580645 174193547 0.735880
hs1 174193548 175806450 0.647336
hs1 175806451 177419353 0.502820
hs1 177419354 179032257 0.741502
hs1 179032258 180645160 0.333912
hs1 180645161 182258063 0.719014
hs1 182258064 183870966 0.483387
hs1 183870967 185483869 0.478073
hs1 185483870 187096773 0.000000
hs1 187096774 188709676 0.233280
hs1 188709677 190322579 0.002298
hs1 190322580 191935482 0.208161
hs1 191935483 193548386 0.000000
hs1 193548387 195161289 0.335112
hs1 195161290 196774192 0.535356
hs1 196774193 198387095 0.151801
hs1 198387096 199999998 0.438103
hs1 199999999 201612902 0.668291
hs1 201612903 203225805 0.519645
hs1 203225806 204838708 0.526655
hs1 204838709 206451611 0.526332
hs1 206451612 208064515 0.124555
hs1 208064516 209677418 0.761086
hs1 209677419 211290321 0.439236
hs1 211290322 212903224 0.365240
hs1 212903225 214516128 0.699673
hs1 214516129 216129031 0.755229
hs1 216129032 217741934 0.117977
hs1 217741935 219354837 0.321973
hs1 219354838 220967740 0.132764
hs1 220967741 222580644 0.441209
hs1 222580645 224193547 0.591873
hs1 224193548 225806450 0.479078
hs1 225806451 227419353 0.338411
hs1 227419354 229032257 0.387348
hs1 229032258 230645160 0.841579
hs1 230645161 232258063 0.424233
hs1 232258064 233870966 0.515608
hs1 233870967 235483869 0.627403
hs1 235483870 237096773 0.409229
hs1 237096774 238709676 0.411464
hs1 238709677 240322579 0.646581
hs1 240322580 241935482 0.663310
hs1 241935483 243548386 0.500995
hs1 243548387 245161289 0.873463
hs1 245161290 246774192 0.252881
hs1 246774193 248387095 0.034563
hs19 0 1612902 0.566755
hs19 1612903 3225805 0.662676
hs19 3225806 4838708 0.667478
hs19 4838709 6451611 0.649738
hs19 6451612 8064515 0.547966
hs19 8064516 9677418 0.456460
hs19 9677419 11290321 0.688836
hs19 11290322 12903224 0.551267
hs19 12903225 14516128 0.572778
hs19 14516129 16129031 0.445976
hs19 16129032 17741934 0.723922
hs19 17741935 19354837 0.740187
hs19 19354838 20967740 0.393423
hs19 20967741 22580644 0.289740
hs19 22580645 24193547 0.153729
hs19 24193548 25806450 0.000000
hs19 25806451 27419353 0.000000
hs19 27419354 29032257 0.000000
hs19 29032258 30645160 0.000000
hs19 30645161 32258063 0.000000
hs19 32258064 33870966 0.002138
hs19 33870967 35483869 0.105988
hs19 35483870 37096773 0.161515
hs19 37096774 38709676 0.495436
hs19 38709677 40322579 0.395859
hs19 40322580 41935482 0.503593
hs19 41935483 43548386 0.638673
hs19 43548387 45161289 0.549815
hs19 45161290 46774192 0.544651
hs19 46774193 48387095 0.406116
hs19 48387096 49999998 0.483753
hs19 49999999 51612902 0.560667
hs19 51612903 53225805 0.522561
hs19 53225806 54838708 0.729085
hs19 54838709 56451611 0.583488
hs19 56451612 58064515 0.552932
hs19 58064516 59677418 0.478580
hs19 59677419 61290321 0.635053
hs19 61290322 62903224 0.397161
hs19 62903225 64516128 0.302558
hs2 0 1612902 0.389633
hs2 1612903 3225805 0.444374
hs2 3225806 4838708 0.228909
hs2 4838709 6451611 0.038756
hs2 6451612 8064515 0.135924
hs2 8064516 9677418 0.397313
hs2 9677419 11290321 0.435446
hs2 11290322 12903224 0.223817
hs2 12903225 14516128 0.000000
hs2 14516129 16129031 0.278699
hs2 16129032 17741934 0.169510
hs2 17741935 19354837 0.108897
hs2 19354838 20967740 0.256730
hs2 20967741 22580644 0.026441
hs2 22580645 24193547 0.388272
hs2 24193548 25806450 0.683009
hs2 25806451 27419353 0.720971
hs2 27419354 29032257 0.725799
hs2 29032258 30645160 0.647504
hs2 30645161 32258063 0.539628
hs2 32258064 33870966 0.803731
hs2 33870967 35483869 0.000000
hs2 35483870 37096773 0.317553
hs2 37096774 38709676 0.400746
hs2 38709677 40322579 0.511963
hs2 40322580 41935482 0.167710
hs2 41935483 43548386 0.401285
hs2 43548387 45161289 0.648655
hs2 45161290 46774192 0.587350
hs2 46774193 48387095 0.387551
hs2 48387096 49999998 0.400304
hs2 49999999 51612902 0.690172
hs2 51612903 53225805 0.000000
hs2 53225806 54838708 0.578397
hs2 54838709 56451611 0.572105
hs2 56451612 58064515 0.009425
hs2 58064516 59677418 0.121190
hs2 59677419 61290321 0.262172
hs2 61290322 62903224 0.486912
hs2 62903225 64516128 0.589170
hs2 64516129 66129031 0.231202
hs2 66129032 67741934 0.093281
hs2 67741935 69354837 0.423936
hs2 69354838 70967740 0.520393
hs2 70967741 72580644 0.530311
hs2 72580645 74193547 0.658303
hs2 74193548 75806450 0.495684
hs2 75806451 77419353 0.366413
hs2 77419354 79032257 0.113942
hs2 79032258 80645160 0.662487
hs2 80645161 82258063 0.052289
hs2 82258064 83870966 0.000600
hs2 83870967 85483869 0.455531
hs2 85483870 87096773 0.599778
hs2 87096774 88709676 0.384348
hs2 88709677 90322579 0.061980
hs2 90322580 91935482 0.019463
hs2 91935483 93548386 0.000000
hs2 93548387 95161289 0.102020
hs2 95161290 96774192 0.309365
hs2 96774193 98387095 0.616733
hs2 98387096 99999998 0.801511
hs2 99999999 101612902 0.454294
hs2 101612903 103225805 0.402771
hs2 103225806 104838708 0.048806
hs2 104838709 106451611 0.337829
hs2 106451612 108064515 0.112614
hs2 108064516 109677418 0.611421
hs2 109677419 111290321 0.620154
hs2 111290322 112903224 0.621157
hs2 112903225 114516128 0.361226
hs2 114516129 116129031 0.751852
hs2 116129032 117741934 0.117653
hs2 117741935 119354837 0.089165
hs2 119354838 120967740 0.501516
hs2 120967741 122580644 0.370823
hs2 122580645 124193547 0.000000
hs2 124193548 125806450 0.551801
hs2 125806451 127419353 0.025150
hs2 127419354 129032257 0.467404
hs2 129032258 130645160 0.074919
hs2 130645161 132258063 0.320813
hs2 132258064 133870966 0.681428
hs2 133870967 135483869 0.484461
hs2 135483870 137096773 0.539863
hs2 137096774 138709676 0.458152
hs2 138709677 140322579 0.114323
hs2 140322580 141935482 0.762611
hs2 141935483 143548386 0.517669
hs2 143548387 145161289 0.720158
hs2 145161290 146774192 0.081915
hs2 146774193 148387095 0.044634
hs2 148387096 149999998 0.783640
hs2 149999999 151612902 0.047145
hs2 151612903 153225805 0.650545
hs2 153225806 154838708 0.312029
hs2 154838709 156451611 0.209529
hs2 156451612 158064515 0.155848
hs2 158064516 159677418 0.655386
hs2 159677419 161290321 0.679971
hs2 161290322 162903224 0.488985
hs2 162903225 164516128 0.380858
hs2 164516129 166129031 0.438440
hs2 166129032 167741934 0.540920
hs2 167741935 169354837 0.465123
hs2 169354838 170967740 0.768521
hs2 170967741 172580644 0.640409
hs2 172580645 174193547 0.458243
hs2 174193548 175806450 0.508380
hs2 175806451 177419353 0.109411
hs2 177419354 179032257 0.695863
hs2 179032258 180645160 0.765059
hs2 180645161 182258063 0.178878
hs2 182258064 183870966 0.507958
hs2 183870967 185483869 0.193770
hs2 185483870 187096773 0.090803
hs2 187096774 188709676 0.234170
hs2 188709677 190322579 0.423781
hs2 190322580 191935482 0.540186
hs2 191935483 193548386 0.222122
hs2 193548387 195161289 0.000000
hs2 195161290 196774192 0.280246
hs2 196774193 198387095 0.693179
hs2 198387096 199999998 0.305838
hs2 199999999 201612902 0.448785
hs2 201612903 203225805 0.637128
hs2 203225806 204838708 0.532843
hs2 204838709 206451611 0.735108
hs2 206451612 208064515 0.395092
hs2 208064516 209677418 0.361064
hs2 209677419 211290321 0.631607
hs2 211290322 212903224 0.591814
hs2 212903225 214516128 0.631882
hs2 214516129 216129031 0.640467
hs2 216129032 217741934 0.294459
hs2 217741935 219354837 0.708042
hs2 219354838 220967740 0.319488
hs2 220967741 222580644 0.095644
hs2 222580645 224193547 0.281898
hs2 224193548 225806450 0.398607
hs2 225806451 227419353 0.205250
hs2 227419354 229032257 0.567663
hs2 229032258 230645160 0.547886
hs2 230645161 232258063 0.510632
hs2 232258064 233870966 0.680349
hs2 233870967 235483869 0.704401
hs2 235483870 237096773 0.613949
hs2 237096774 238709676 0.371257
hs2 238709677 240322579 0.349387
hs2 240322580 241935482 0.453749
hs2 241935483 243548386 0.292188
hs8 0 1612902 0.247855
hs8 1612903 3225805 0.475892
hs8 3225806 4838708 1.000000
hs8 4838709 6451611 0.164134
hs8 6451612 8064515 0.290999
hs8 8064516 9677418 0.286990
hs8 9677419 11290321 0.592174
hs8 11290322 12903224 0.367552
hs8 12903225 14516128 0.611210
hs8 14516129 16129031 0.578640
hs8 16129032 17741934 0.404914
hs8 17741935 19354837 0.525726
hs8 19354838 20967740 0.226020
hs8 20967741 22580644 0.448513
hs8 22580645 24193547 0.375158
hs8 24193548 25806450 0.324966
hs8 25806451 27419353 0.434464
hs8 27419354 29032257 0.661913
hs8 29032258 30645160 0.364482
hs8 30645161 32258063 0.580452
hs8 32258064 33870966 0.399828
hs8 33870967 35483869 0.168239
hs8 35483870 37096773 0.272587
hs8 37096774 38709676 0.318366
hs8 38709677 40322579 0.619046
hs8 40322580 41935482 0.478520
hs8 41935483 43548386 0.512152
hs8 43548387 45161289 0.000000
hs8 45161290 46774192 0.000000
hs8 46774193 48387095 0.040860
hs8 48387096 49999998 0.437996
hs8 49999999 51612902 0.390287
hs8 51612903 53225805 0.537172
hs8 53225806 54838708 0.283695
hs8 54838709 56451611 0.374352
hs8 56451612 58064515 0.308015
hs8 58064516 59677418 0.163393
hs8 59677419 61290321 0.246560
hs8 61290322 62903224 0.487415
hs8 62903225 64516128 0.523237
hs8 64516129 66129031 0.129741
hs8 66129032 67741934 0.311512
hs8 67741935 69354837 0.713570
hs8 69354838 70967740 0.457642
hs8 70967741 72580644 0.378116
hs8 72580645 74193547 0.458218
hs8 74193548 75806450 0.385843
hs8 75806451 77419353 0.066528
hs8 77419354 79032257 0.173099
hs8 79032258 80645160 0.132445
hs8 80645161 82258063 0.447963
hs8 82258064 83870966 0.090544
hs8 83870967 85483869 0.140035
hs8 85483870 87096773 0.447514
hs8 87096774 88709676 0.612256
hs8 88709677 90322579 0.182022
hs8 90322580 91935482 0.168568
hs8 91935483 93548386 0.353838
hs8 93548387 95161289 0.120480
hs8 95161290 96774192 0.364093
hs8 96774193 98387095 0.460432
hs8 98387096 99999998 0.556922
hs8 99999999 101612902 0.741662
hs8 101612903 103225805 0.486151
hs8 103225806 104838708 0.462263
hs8 104838709 106451611 0.465925
hs8 106451612 108064515 0.575077
hs8 108064516 109677418 0.324378
hs8 109677419 111290321 0.284362
hs8 111290322 112903224 0.000000
hs8 112903225 114516128 0.751371
hs8 114516129 116129031 0.001420
hs8 116129032 117741934 0.171246
hs8 117741935 119354837 0.483970
hs8 119354838 120967740 0.422112
hs8 120967741 122580644 0.505686
hs8 122580645 124193547 0.182960
hs8 124193548 125806450 0.588237
hs8 125806451 127419353 0.243894
hs8 127419354 129032257 0.128890
hs8 129032258 130645160 0.093440
hs8 130645161 132258063 0.463956
hs8 132258064 133870966 0.439804
hs8 133870967 135483869 0.377603
hs8 135483870 137096773 0.306132
hs8 137096774 138709676 0.000000
hs8 138709677 140322579 0.429388
hs8 140322580 141935482 0.697270
hs8 141935483 143548386 0.332101
hs8 143548387 145161289 0.393189
hs8 145161290 146774192 0.386570
hs6 0 1612902 0.299879
hs6 1612903 3225805 0.539703
hs6 3225806 4838708 0.322739
hs6 4838709 6451611 0.670520
hs6 6451612 8064515 0.487176
hs6 8064516 9677418 0.014963
hs6 9677419 11290321 0.294817
hs6 11290322 12903224 0.338834
hs6 12903225 14516128 0.552420
hs6 14516129 16129031 0.257896
hs6 16129032 17741934 0.462033
hs6 17741935 19354837 0.321947
hs6 19354838 20967740 0.329792
hs6 20967741 22580644 0.571204
hs6 22580645 24193547 0.000666
hs6 24193548 25806450 0.662757
hs6 25806451 27419353 0.302550
hs6 27419354 29032257 0.185988
hs6 29032258 30645160 0.232945
hs6 30645161 32258063 0.526751
hs6 32258064 33870966 0.396249
hs6 33870967 35483869 0.584878
hs6 35483870 37096773 0.662473
hs6 37096774 38709676 0.686161
hs6 38709677 40322579 0.612390
hs6 40322580 41935482 0.359435
hs6 41935483 43548386 0.689145
hs6 43548387 45161289 0.478158
hs6 45161290 46774192 0.600665
hs6 46774193 48387095 0.476235
hs6 48387096 49999998 0.117409
hs6 49999999 51612902 0.086311
hs6 51612903 53225805 0.552256
hs6 53225806 54838708 0.387308
hs6 54838709 56451611 0.456498
hs6 56451612 58064515 0.435665
hs6 58064516 59677418 0.025772
hs6 59677419 61290321 0.000000
hs6 61290322 62903224 0.282349
hs6 62903225 64516128 0.187676
hs6 64516129 66129031 1.000000
hs6 66129032 67741934 0.214776
hs6 67741935 69354837 0.000000
hs6 69354838 70967740 0.750047
hs6 70967741 72580644 0.358261
hs6 72580645 74193547 0.732891
hs6 74193548 75806450 0.163307
hs6 75806451 77419353 0.485787
hs6 77419354 79032257 0.000728
hs6 79032258 80645160 0.206655
hs6 80645161 82258063 0.192421
hs6 82258064 83870966 0.185325
hs6 83870967 85483869 0.463503
hs6 85483870 87096773 0.125101
hs6 87096774 88709676 0.349425
hs6 88709677 90322579 0.458545
hs6 90322580 91935482 0.464007
hs6 91935483 93548386 0.000000
hs6 93548387 95161289 0.154358
hs6 95161290 96774192 0.143567
hs6 96774193 98387095 0.305499
hs6 98387096 99999998 0.135386
hs6 99999999 101612902 0.388716
hs6 101612903 103225805 0.416063
hs6 103225806 104838708 0.000000
hs6 104838709 106451611 0.276211
hs6 106451612 108064515 0.568409
hs6 108064516 109677418 0.630399
hs6 109677419 111290321 0.605006
hs6 111290322 112903224 0.534842
hs6 112903225 114516128 0.040744
hs6 114516129 116129031 0.000000
hs6 116129032 117741934 0.495793
hs6 117741935 119354837 0.629704
hs6 119354838 120967740 0.203967
hs6 120967741 122580644 0.166872
hs6 122580645 124193547 0.531143
hs6 124193548 125806450 0.797585
hs6 125806451 127419353 0.146835
hs6 127419354 129032257 0.640761
hs6 129032258 130645160 0.618810
hs6 130645161 132258063 0.398270
hs6 132258064 133870966 0.347452
hs6 133870967 135483869 0.271995
hs6 135483870 137096773 1.141552
hs6 137096774 138709676 0.299893
hs6 138709677 140322579 0.290742
hs6 140322580 141935482 0.000000
hs6 141935483 143548386 0.409859
hs6 143548387 145161289 0.775288
hs6 145161290 146774192 0.399769
hs6 146774193 148387095 0.310399
hs6 148387096 149999998 0.482929
hs6 149999999 151612902 0.535828
hs6 151612903 153225805 0.801261
hs6 153225806 154838708 0.408086
hs6 154838709 156451611 0.268315
hs6 156451612 158064515 0.449668
hs6 158064516 159677418 0.592858
hs6 159677419 161290321 0.408636
hs6 161290322 162903224 0.921405
hs6 162903225 164516128 0.578092
hs6 164516129 166129031 0.226156
hs6 166129032 167741934 0.456341
hs6 167741935 169354837 0.279381
hs6 169354838 170967740 0.328986
hs14 0 1612902 0.000000
hs14 1612903 3225805 0.000000
hs14 3225806 4838708 0.000000
hs14 4838709 6451611 0.000000
hs14 6451612 8064515 0.000000
hs14 8064516 9677418 0.000000
hs14 9677419 11290321 0.000000
hs14 11290322 12903224 0.000000
hs14 12903225 14516128 0.000000
hs14 14516129 16129031 0.000000
hs14 16129032 17741934 0.000000
hs14 17741935 19354837 0.043876
hs14 19354838 20967740 0.285930
hs14 20967741 22580644 0.173180
hs14 22580645 24193547 0.373142
hs14 24193548 25806450 0.147432
hs14 25806451 27419353 0.094161
hs14 27419354 29032257 0.015300
hs14 29032258 30645160 0.463922
hs14 30645161 32258063 0.609649
hs14 32258064 33870966 0.623563
hs14 33870967 35483869 0.540099
hs14 35483870 37096773 0.580021
hs14 37096774 38709676 0.080136
hs14 38709677 40322579 0.091909
hs14 40322580 41935482 0.184135
hs14 41935483 43548386 0.000000
hs14 43548387 45161289 0.203785
hs14 45161290 46774192 0.245784
hs14 46774193 48387095 0.272519
hs14 48387096 49999998 0.362016
hs14 49999999 51612902 0.592645
hs14 51612903 53225805 0.357266
hs14 53225806 54838708 0.367578
hs14 54838709 56451611 0.379990
hs14 56451612 58064515 0.392374
hs14 58064516 59677418 0.394376
hs14 59677419 61290321 0.482816
hs14 61290322 62903224 0.395560
hs14 62903225 64516128 0.669134
hs14 64516129 66129031 0.374275
hs14 66129032 67741934 0.912274
hs14 67741935 69354837 0.614143
hs14 69354838 70967740 0.458331
hs14 70967741 72580644 0.719527
hs14 72580645 74193547 0.716329
hs14 74193548 75806450 0.766154
hs14 75806451 77419353 0.515046
hs14 77419354 79032257 0.708728
hs14 79032258 80645160 0.607302
hs14 80645161 82258063 0.165880
hs14 82258064 83870966 0.000000
hs14 83870967 85483869 0.060626
hs14 85483870 87096773 0.000000
hs14 87096774 88709676 0.408057
hs14 88709677 90322579 0.709622
hs14 90322580 91935482 0.692223
hs14 91935483 93548386 0.744391
hs14 93548387 95161289 0.390367
hs14 95161290 96774192 0.291745
hs14 96774193 98387095 0.036372
hs14 98387096 99999998 0.506005
hs14 99999999 101612902 0.273690
hs14 101612903 103225805 0.654547
hs14 103225806 104838708 0.449475
hs14 104838709 106451611 0.114794
hs17 0 1612902 0.705784
hs17 1612903 3225805 0.653383
hs17 3225806 4838708 0.722792
hs17 4838709 6451611 0.400056
hs17 6451612 8064515 0.563677
hs17 8064516 9677418 0.732762
hs17 9677419 11290321 0.516502
hs17 11290322 12903224 0.596489
hs17 12903225 14516128 0.182648
hs17 14516129 16129031 0.387343
hs17 16129032 17741934 0.569092
hs17 17741935 19354837 0.610329
hs17 19354838 20967740 0.432935
hs17 20967741 22580644 0.125985
hs17 22580645 24193547 0.515910
hs17 24193548 25806450 0.765789
hs17 25806451 27419353 0.576209
hs17 27419354 29032257 0.797913
hs17 29032258 30645160 0.496937
hs17 30645161 32258063 0.440720
hs17 32258064 33870966 0.560992
hs17 33870967 35483869 0.665572
hs17 35483870 37096773 0.341347
hs17 37096774 38709676 0.720418
hs17 38709677 40322579 0.489778
hs17 40322580 41935482 0.567823
hs17 41935483 43548386 0.607870
hs17 43548387 45161289 0.530115
hs17 45161290 46774192 0.538590
hs17 46774193 48387095 0.328417
hs17 48387096 49999998 0.001448
hs17 49999999 51612902 0.265884
hs17 51612903 53225805 0.559158
hs17 53225806 54838708 0.691586
hs17 54838709 56451611 0.727979
hs17 56451612 58064515 0.623165
hs17 58064516 59677418 0.729255
hs17 59677419 61290321 0.516997
hs17 61290322 62903224 0.769983
hs17 62903225 64516128 0.552732
hs17 64516129 66129031 0.306154
hs17 66129032 67741934 0.003349
hs17 67741935 69354837 0.583607
hs17 69354838 70967740 0.498778
hs17 70967741 72580644 0.685695
hs17 72580645 74193547 0.463364
hs17 74193548 75806450 0.577324
hs17 75806451 77419353 0.748980
hs17 77419354 79032257 0.580037
hs21 0 1612902 0.000000
hs21 1612903 3225805 0.000000
hs21 3225806 4838708 0.000000
hs21 4838709 6451611 0.000000
hs21 6451612 8064515 0.000000
hs21 8064516 9677418 0.000000
hs21 9677419 11290321 0.271350
hs21 11290322 12903224 0.000000
hs21 12903225 14516128 0.159533
hs21 14516129 16129031 0.195572
hs21 16129032 17741934 0.362531
hs21 17741935 19354837 0.192618
hs21 19354838 20967740 0.000000
hs21 20967741 22580644 0.372680
hs21 22580645 24193547 0.000000
hs21 24193548 25806450 0.028446
hs21 25806451 27419353 0.381488
hs21 27419354 29032257 0.024640
hs21 29032258 30645160 0.528495
hs21 30645161 32258063 0.379504
hs21 32258064 33870966 0.493448
hs21 33870967 35483869 0.585258
hs21 35483870 37096773 0.295534
hs21 37096774 38709676 0.632261
hs21 38709677 40322579 0.449095
hs21 40322580 41935482 0.690586
hs21 41935483 43548386 0.536332
hs21 43548387 45161289 0.634560
hs21 45161290 46774192 0.572238
hs21 46774193 48387095 0.047124
