hsX 0 2941175 0.347006
hsX 2941176 5882351 0.094448
hsX 5882352 8823528 0.257790
hsX 8823529 11764704 0.554386
hsX 11764705 14705881 0.428505
hsX 14705882 17647057 0.480284
hsX 17647058 20588234 0.587659
hsX 20588235 23529410 0.244506
hsX 23529411 26470587 0.281438
hsX 26470588 29411763 0.313653
hsX 29411764 32352940 0.667780
hsX 32352941 35294116 0.322876
hsX 35294117 38235293 0.323265
hsX 38235294 41176469 0.190658
hsX 41176470 44117646 0.298749
hsX 44117647 47058822 0.296993
hsX 47058823 49999999 0.627669
hsX 50000000 52941175 0.257212
hsX 52941176 55882351 0.386997
hsX 55882352 58823528 0.130695
hsX 58823529 61764704 0.000000
hsX 61764705 64705881 0.203446
hsX 64705882 67647057 0.272267
hsX 67647058 70588234 0.496568
hsX 70588235 73529410 0.522706
hsX 73529411 76470587 0.217502
hsX 76470588 79411763 0.218443
hsX 79411764 82352940 0.147914
hsX 82352941 85294116 0.261845
hsX 85294117 88235293 0.285614
hsX 88235294 91176469 0.088565
hsX 91176470 94117646 0.213979
hsX 94117647 97058822 0.312221
hsX 97058823 99999999 0.251723
hsX 100000000 102941175 0.392786
hsX 102941176 105882351 0.552450
hsX 105882352 108823528 0.477128
hsX 108823529 111764704 0.622946
hsX 111764705 114705881 0.204302
hsX 114705882 117647057 0.194697
hsX 117647058 120588234 0.409112
hsX 120588235 123529410 0.290339
hsX 123529411 126470587 0.137372
hsX 126470588 129411763 0.181392
hsX 129411764 132352940 0.382824
hsX 132352941 135294116 0.431551
hsX 135294117 138235293 0.272216
hsX 138235294 141176469 0.125500
hsX 141176470 144117646 0.013971
hsX 144117647 147058822 0.040633
hsX 147058823 149999999 0.409225
hsX 150000000 152941175 0.338003
hsX 152941176 155882351 0.373207
hs12 0 2941175 0.804793
hs12 2941176 5882351 0.462205
hs12 5882352 8823528 0.511479
hs12 8823529 11764704 0.486330
hs12 11764705 14705881 0.524936
hs12 14705882 17647057 0.349600
hs12 17647058 20588234 0.325074
hs12 20588235 23529410 0.432655
hs12 23529411 26470587 0.618374
hs12 26470588 29411763 0.482152
hs12 29411764 32352940 0.391819
hs12 32352941 35294116 0.158369
hs12 35294117 38235293 0.142991
hs12 38235294 41176469 0.591028
hs12 41176470 44117646 0.553334
hs12 44117647 47058822 0.275504
hs12 47058823 49999999 0.617784
hs12 50000000 52941175 0.479019
hs12 52941176 55882351 0.407930
hs12 55882352 58823528 0.191601
hs12 58823529 61764704 0.358246
hs12 61764705 64705881 0.467643
hs12 64705882 67647057 0.299235
hs12 67647058 70588234 0.435451
hs12 70588235 73529410 0.179802
hs12 73529411 76470587 0.251660
hs12 76470588 79411763 0.492963
hs12 79411764 82352940 0.538407
hs12 82352941 85294116 0.252704
hs12 85294117 88235293 0.260788
hs12 88235294 91176469 0.098933
hs12 91176470 94117646 0.379892
hs12 94117647 97058822 0.308195
hs12 97058823 99999999 0.730094
hs12 100000000 102941175 0.491820
hs12 102941176 105882351 0.592678
hs12 105882352 108823528 0.558256
hs12 108823529 111764704 0.665866
hs12 111764705 114705881 0.232335
hs12 114705882 117647057 0.593858
hs12 117647058 120588234 0.600175
hs12 120588235 123529410 0.717222
hs12 123529411 126470587 0.224931
hs12 126470588 129411763 0.500337
hs12 129411764 132352940 0.489374
hs11 0 2941175 0.646207
hs11 2941176 5882351 0.333587
hs11 5882352 8823528 0.471311
hs11 8823529 11764704 0.591408
hs11 11764705 14705881 0.586230
hs11 14705882 17647057 0.464392
hs11 17647058 20588234 0.608542
hs11 20588235 23529410 0.421641
hs11 23529411 26470587 0.253629
hs11 26470588 29411763 0.355052
hs11 29411764 32352940 0.270905
hs11 32352941 35294116 0.516901
hs11 35294117 38235293 0.314148
hs11 38235294 41176469 0.061170
hs11 41176470 44117646 0.157090
hs11 44117647 47058822 0.540453
hs11 47058823 49999999 0.383403
hs11 50000000 52941175 0.010922
hs11 52941176 55882351 0.018675
hs11 55882352 58823528 0.394882
hs11 58823529 61764704 0.413905
hs11 61764705 64705881 0.606268
hs11 64705882 67647057 0.564117
hs11 67647058 70588234 0.512132
hs11 70588235 73529410 0.601870
hs11 73529411 76470587 0.579839
hs11 76470588 79411763 0.663941
hs11 79411764 82352940 0.037732
hs11 82352941 85294116 0.872052
hs11 85294117 88235293 0.428249
hs11 88235294 91176469 0.262276
hs11 91176470 94117646 0.425395
hs11 94117647 97058822 0.276383
hs11 97058823 99999999 0.454105
hs11 100000000 102941175 0.498495
hs11 102941176 105882351 0.266932
hs11 105882352 108823528 0.520186
hs11 108823529 111764704 0.340065
hs11 111764705 114705881 0.382785
hs11 114705882 117647057 0.452157
hs11 117647058 120588234 0.523959
hs11 120588235 123529410 0.307479
hs11 123529411 126470587 0.573803
hs11 126470588 129411763 0.273587
hs11 129411764 132352940 0.623839
hs11 132352941 135294116 0.316924
hs22 0 2941175 0.000000
hs22 2941176 5882351 0.000000
hs22 5882352 8823528 0.000000
hs22 8823529 11764704 0.000000
hs22 11764705 14705881 0.010746
hs22 14705882 17647057 0.380301
hs22 17647058 20588234 0.497335
hs22 20588235 23529410 0.475688
hs22 23529411 26470587 0.616458
hs22 26470588 29411763 0.746055
hs22 29411764 32352940 0.723303
hs22 32352941 35294116 0.347991
hs22 35294117 38235293 0.552932
hs22 38235294 41176469 0.689820
hs22 41176470 44117646 0.668259
hs22 44117647 47058822 0.461727
hs22 47058823 49999999 0.357007
hs10 0 2941175 0.462095
hs10 2941176 5882351 0.181529
hs10 5882352 8823528 0.378573
hs10 8823529 11764704 0.173498
hs10 11764705 14705881 0.684381
hs10 14705882 17647057 0.567344
hs10 17647058 20588234 0.565842
hs10 20588235 23529410 0.445958
hs10 23529411 26470587 0.623691
hs10 26470588 29411763 0.455810
hs10 29411764 32352940 0.337933
hs10 32352941 35294116 0.501677
hs10 35294117 38235293 0.215386
hs10 38235294 41176469 0.071293
hs10 41176470 44117646 0.163629
hs10 44117647 47058822 0.310944
hs10 47058823 49999999 0.387703
hs10 50000000 52941175 0.683520
hs10 52941176 55882351 0.492228
hs10 55882352 58823528 0.119865
hs10 58823529 61764704 0.384808
hs10 61764705 64705881 0.361801
hs10 64705882 67647057 0.201862
hs10 67647058 70588234 0.898000
hs10 70588235 73529410 0.588383
hs10 73529411 76470587 0.791845
hs10 76470588 79411763 0.620894
hs10 79411764 82352940 0.297993
hs10 82352941 85294116 0.392776
hs10 85294117 88235293 0.369550
hs10 88235294 91176469 0.549360
hs10 91176470 94117646 0.466001
hs10 94117647 97058822 0.569614
hs10 97058823 99999999 0.717321
hs10 100000000 102941175 0.638681
hs10 102941176 105882351 0.732689
hs10 105882352 108823528 0.472698
hs10 108823529 111764704 0.053901
hs10 111764705 114705881 0.395177
hs10 114705882 117647057 0.654759
hs10 117647058 120588234 0.398650
hs10 120588235 123529410 0.353036
hs10 123529411 126470587 0.499555
hs10 126470588 129411763 0.562122
hs10 129411764 132352940 0.237825
hs10 132352941 135294116 0.363433
hs10 135294117 138235293 0.022369
hs7 0 2941175 0.542180
hs7 2941176 5882351 0.612860
hs7 5882352 8823528 0.571921
hs7 8823529 11764704 0.201422
hs7 11764705 14705881 0.311106
hs7 14705882 17647057 0.386532
hs7 17647058 20588234 0.302514
hs7 20588235 23529410 0.459447
hs7 23529411 26470587 0.280601
hs7 26470588 29411763 0.605335
hs7 29411764 32352940 0.430587
hs7 32352941 35294116 0.637717
hs7 35294117 38235293 0.476075
hs7 38235294 41176469 0.668499
hs7 41176470 44117646 0.426310
hs7 44117647 47058822 0.286508
hs7 47058823 49999999 0.413375
hs7 50000000 52941175 0.309313
hs7 52941176 55882351 0.160939
hs7 55882352 58823528 0.086583
hs7 58823529 61764704 0.000000
hs7 61764705 64705881 0.168209
hs7 64705882 67647057 0.300952
hs7 67647058 70588234 0.525808
hs7 70588235 73529410 0.675597
hs7 73529411 76470587 0.536681
hs7 76470588 79411763 0.719723
hs7 79411764 82352940 0.368920
hs7 82352941 85294116 0.314632
hs7 85294117 88235293 0.486206
hs7 88235294 91176469 0.420887
hs7 91176470 94117646 0.433582
hs7 94117647 97058822 0.419934
hs7 97058823 99999999 0.492728
hs7 100000000 102941175 0.711705
hs7 102941176 105882351 0.702918
hs7 105882352 108823528 0.452811
hs7 108823529 111764704 0.525573
hs7 111764705 114705881 0.329428
hs7 114705882 117647057 0.407898
hs7 117647058 120588234 0.259314
hs7 120588235 123529410 0.479739
hs7 123529411 126470587 0.248835
hs7 126470588 129411763 0.570127
hs7 129411764 132352940 0.597227
hs7 132352941 135294116 0.658758
hs7 135294117 138235293 0.444378
hs7 138235294 141176469 0.566341
hs7 141176470 144117646 0.321898
hs7 144117647 147058822 0.564732
hs7 147058823 149999999 0.512482
hs7 150000000 152941175 0.476358
hs7 152941176 155882351 0.475033
hs7 155882352 158823528 0.658618
hs4 0 2941175 0.664381
hs4 2941176 5882351 0.485744
hs4 5882352 8823528 0.661847
hs4 8823529 11764704 0.178182
hs4 11764705 14705881 0.086153
hs4 14705882 17647057 0.497879
hs4 17647058 20588234 0.218453
hs4 20588235 23529410 0.453718
hs4 23529411 26470587 0.305348
hs4 26470588 29411763 0.055995
hs4 29411764 32352940 0.144972
hs4 32352941 35294116 0.000000
hs4 35294117 38235293 0.328775
hs4 38235294 41176469 0.665339
hs4 41176470 44117646 0.398912
hs4 44117647 47058822 0.310274
hs4 47058823 49999999 0.442600
hs4 50000000 52941175 0.054789
hs4 52941176 55882351 0.353302
hs4 55882352 58823528 0.322341
hs4 58823529 61764704 0.000000
hs4 61764705 64705881 0.195613
hs4 64705882 67647057 0.163665
hs4 67647058 70588234 0.323291
hs4 70588235 73529410 0.430394
hs4 73529411 76470587 0.274825
hs4 76470588 79411763 0.566858
hs4 79411764 82352940 0.517333
hs4 82352941 85294116 0.276402
hs4 85294117 88235293 0.611654
hs4 88235294 91176469 0.451608
hs4 91176470 94117646 0.730453
hs4 94117647 97058822 0.653745
hs4 97058823 99999999 0.324750
hs4 100000000 102941175 0.318218
hs4 102941176 105882351 0.393492
hs4 105882352 108823528 0.356317
hs4 108823529 111764704 0.566417
hs4 111764705 114705881 0.357713
hs4 114705882 117647057 0.217917
hs4 117647058 120588234 0.270633
hs4 120588235 123529410 0.314751
hs4 123529411 126470587 0.310754
hs4 126470588 129411763 0.212827
hs4 129411764 132352940 0.106047
hs4 132352941 135294116 0.014370
hs4 135294117 138235293 0.001841
hs4 138235294 141176469 0.255080
hs4 141176470 144117646 0.562269
hs4 144117647 147058822 0.350484
hs4 147058823 149999999 0.468247
hs4 150000000 152941175 0.477008
hs4 152941176 155882351 0.425933
hs4 155882352 158823528 0.257158
hs4 158823529 161764704 0.221569
hs4 161764705 164705881 0.308308
hs4 164705882 167647057 0.467142
hs4 167647058 170588234 0.506878
hs4 170588235 173529410 0.319197
hs4 173529411 176470587 0.420866
hs4 176470588 179411763 0.386317
hs4 179411764 182352940 0.000000
hs4 182352941 185294116 0.334653
hs4 185294117 188235293 0.452102
hs4 188235294 191176469 0.019056
hs4 191176470 194117646 0.021818
hs16 0 2941175 0.717760
hs16 2941176 5882351 0.485245
hs16 5882352 8823528 0.631824
hs16 8823529 11764704 0.428802
hs16 11764705 14705881 0.564239
hs16 14705882 17647057 0.471855
hs16 17647058 20588234 0.409591
hs16 20588235 23529410 0.597989
hs16 23529411 26470587 0.484992
hs16 26470588 29411763 0.463800
hs16 29411764 32352940 0.393005
hs16 32352941 35294116 0.021053
hs16 35294117 38235293 0.000000
hs16 38235294 41176469 0.000000
hs16 41176470 44117646 0.000000
hs16 44117647 47058822 0.405882
hs16 47058823 49999999 0.293634
hs16 50000000 52941175 0.329490
hs16 52941176 55882351 0.390612
hs16 55882352 58823528 0.269758
hs16 58823529 61764704 0.130153
hs16 61764705 64705881 0.158794
hs16 64705882 67647057 0.703925
hs16 67647058 70588234 0.742850
hs16 70588235 73529410 0.278074
hs16 73529411 76470587 0.364786
hs16 76470588 79411763 0.548146
hs16 79411764 82352940 0.692896
hs16 82352941 85294116 0.348805
hs16 85294117 88235293 0.482632
hs16 88235294 91176469 0.124729
hs20 0 2941175 0.429418
hs20 2941176 5882351 0.459689
hs20 5882352 8823528 0.339311
hs20 8823529 11764704 0.371652
hs20 11764705 14705881 0.531258
hs20 14705882 17647057 0.695830
hs20 17647058 20588234 0.617118
hs20 20588235 23529410 0.146161
hs20 23529411 26470587 0.274601
hs20 26470588 29411763 0.010021
hs20 29411764 32352940 0.538043
hs20 32352941 35294116 0.776578
hs20 35294117 38235293 0.353763
hs20 38235294 41176469 0.525038
hs20 41176470 44117646 0.516014
hs20 44117647 47058822 0.472636
hs20 47058823 49999999 0.479300
hs20 50000000 52941175 0.331670
hs20 52941176 55882351 0.160003
hs20 55882352 58823528 0.322068
hs20 58823529 61764704 0.574258
hs20 61764705 64705881 0.153712
hs13 0 2941175 0.000000
hs13 2941176 5882351 0.000000
hs13 5882352 8823528 0.000000
hs13 8823529 11764704 0.000000
hs13 11764705 14705881 0.000000
hs13 14705882 17647057 0.000000
hs13 17647058 20588234 0.407487
hs13 20588235 23529410 0.266927
hs13 23529411 26470587 0.522263
hs13 26470588 29411763 0.487223
hs13 29411764 32352940 0.441857
hs13 32352941 35294116 0.515065
hs13 35294117 38235293 0.409846
hs13 38235294 41176469 0.477178
hs13 41176470 44117646 0.523883
hs13 44117647 47058822 0.375286
hs13 47058823 49999999 0.435610
hs13 50000000 52941175 0.415339
hs13 52941176 55882351 0.000027
hs13 55882352 58823528 0.058770
hs13 58823529 61764704 0.231764
hs13 61764705 64705881 0.001746
hs13 64705882 67647057 0.315351
hs13 67647058 70588234 0.227456
hs13 70588235 73529410 0.400076
hs13 73529411 76470587 0.203442
hs13 76470588 79411763 0.400230
hs13 79411764 82352940 0.001692
hs13 82352941 85294116 0.145148
hs13 85294117 88235293 0.002381
hs13 88235294 91176469 0.125974
hs13 91176470 94117646 0.820200
hs13 94117647 97058822 0.622015
hs13 97058823 99999999 0.639246
hs13 100000000 102941175 0.555242
hs13 102941176 105882351 0.008557
hs13 105882352 108823528 0.491196
hs13 108823529 111764704 0.268470
hs13 111764705 114705881 0.441060
hs18 0 2941175 0.316722
hs18 2941176 5882351 0.303856
hs18 5882352 8823528 0.581190
hs18 8823529 11764704 0.410071
hs18 11764705 14705881 0.516959
hs18 14705882 17647057 0.263317
hs18 17647058 20588234 0.457546
hs18 20588235 23529410 0.389290
hs18 23529411 26470587 0.077033
hs18 26470588 29411763 0.476088
hs18 29411764 32352940 0.593153
hs18 32352941 35294116 0.430657
hs18 35294117 38235293 0.155862
hs18 38235294 41176469 0.261992
hs18 41176470 44117646 0.421269
hs18 44117647 47058822 0.565751
hs18 47058823 49999999 0.428795
hs18 50000000 52941175 0.338457
hs18 52941176 55882351 0.469708
hs18 55882352 58823528 0.267857
hs18 58823529 61764704 0.228786
hs18 61764705 64705881 0.110122
hs18 64705882 67647057 0.323961
hs18 67647058 70588234 0.175613
hs18 70588235 73529410 0.311659
hs18 73529411 76470587 0.275664
hs3 0 2941175 0.457990
hs3 2941176 5882351 0.288427
hs3 5882352 8823528 0.439934
hs3 8823529 11764704 0.684228
hs3 11764705 14705881 0.530339
hs3 14705882 17647057 0.646590
hs3 17647058 20588234 0.290840
hs3 20588235 23529410 0.217910
hs3 23529411 26470587 0.312722
hs3 26470588 29411763 0.232980
hs3 29411764 32352940 0.498152
hs3 32352941 35294116 0.338267
hs3 35294117 38235293 0.508360
hs3 38235294 41176469 0.426271
hs3 41176470 44117646 0.572670
hs3 44117647 47058822 0.484340
hs3 47058823 49999999 0.786625
hs3 50000000 52941175 0.766077
hs3 52941176 55882351 0.721110
hs3 55882352 58823528 0.773907
hs3 58823529 61764704 0.656795
hs3 61764705 64705881 0.637611
hs3 64705882 67647057 0.472714
hs3 67647058 70588234 0.496875
hs3 70588235 73529410 0.361304
hs3 73529411 76470587 0.187253
hs3 76470588 79411763 0.438620
hs3 79411764 82352940 0.258430
hs3 82352941 85294116 0.069120
hs3 85294117 88235293 0.349783
hs3 88235294 91176469 0.132052
hs3 91176470 94117646 0.000000
hs3 94117647 97058822 0.106274
hs3 97058823 99999999 0.411944
hs3 100000000 102941175 0.647417
hs3 102941176 105882351 0.071961
hs3 105882352 108823528 0.251016
hs3 108823529 111764704 0.379803
hs3 111764705 114705881 0.480861
hs3 114705882 117647057 0.719555
hs3 117647058 120588234 0.139762
hs3 120588235 123529410 0.711361
hs3 123529411 126470587 0.819040
hs3 126470588 129411763 0.481002
hs3 129411764 132352940 0.572651
hs3 132352941 135294116 0.680431
hs3 135294117 138235293 0.553493
hs3 138235294 141176469 0.308535
hs3 141176470 144117646 0.672515
hs3 144117647 147058822 0.227232
hs3 147058823 149999999 0.114451
hs3 150000000 152941175 0.528542
hs3 152941176 155882351 0.192206
hs3 155882352 158823528 0.502519
hs3 158823529 161764704 0.572604
hs3 161764705 164705881 0.137392
hs3 164705882 167647057 0.059202
hs3 167647058 170588234 0.496051
hs3 170588235 173529410 0.617411
hs3 173529411 176470587 0.608551
hs3 176470588 179411763 0.242095
hs3 179411764 182352940 0.397139
hs3 182352941 185294116 0.375721
hs3 185294117 188235293 0.527607
hs3 188235294 191176469 0.459437
hs3 191176470 194117646 0.421194
hs3 194117647 197058822 0.378510
hs3 197058823 199999999 0.473580
hs9 0 2941175 0.365626
hs9 2941176 5882351 0.546845
hs9 5882352 8823528 0.447257
hs9 8823529 11764704 0.604926
hs9 11764705 14705881 0.178196
hs9 14705882 17647057 0.596732
hs9 17647058 20588234 0.476249
hs9 20588235 23529410 0.252115
hs9 23529411 26470587 0.047067
hs9 26470588 29411763 0.476128
hs9 29411764 32352940 0.000000
hs9 32352941 35294116 0.588987
hs9 35294117 38235293 0.586351
hs9 38235294 41176469 0.128648
hs9 41176470 44117646 0.118864
hs9 44117647 47058822 0.042241
hs9 47058823 49999999 0.000000
hs9 50000000 52941175 0.000000
hs9 52941176 55882351 0.000000
hs9 55882352 58823528 0.000000
hs9 58823529 61764704 0.000000
hs9 61764705 64705881 0.000000
hs9 64705882 67647057 0.055515
hs9 67647058 70588234 0.218102
hs9 70588235 73529410 0.616041
hs9 73529411 76470587 0.283839
hs9 76470588 79411763 0.492217
hs9 79411764 82352940 0.194146
hs9 82352941 85294116 0.154312
hs9 85294117 88235293 0.437264
hs9 88235294 91176469 0.232658
hs9 91176470 94117646 0.312712
hs9 94117647 97058822 0.651660
hs9 97058823 99999999 0.490254
hs9 100000000 102941175 0.512876
hs9 102941176 105882351 0.164386
hs9 105882352 108823528 0.268041
hs9 108823529 111764704 0.374080
hs9 111764705 114705881 0.685061
hs9 114705882 117647057 0.477156
hs9 117647058 120588234 0.442892
hs9 120588235 123529410 0.428332
hs9 123529411 126470587 0.735018
hs9 126470588 129411763 0.699406
hs9 129411764 132352940 0.571279
hs9 132352941 135294116 0.675824
hs9 135294117 138235293 0.421581
hs9 138235294 141176469 0.489246
hs15 0 2941175 0.000000
hs15 2941176 5882351 0.000000
hs15 5882352 8823528 0.000000
hs15 8823529 11764704 0.000000
hs15 11764705 14705881 0.000000
hs15 14705882 17647057 0.000000
hs15 17647058 20588234 0.158164
hs15 20588235 23529410 0.210010
hs15 23529411 26470587 0.580983
hs15 26470588 29411763 0.414622
hs15 29411764 32352940 0.603217
hs15 32352941 35294116 0.338064
hs15 35294117 38235293 0.231513
hs15 38235294 41176469 0.745083
hs15 41176470 44117646 0.579668
hs15 44117647 47058822 0.388722
hs15 47058823 49999999 0.719620
hs15 50000000 52941175 0.507709
hs15 52941176 55882351 0.583666
hs15 55882352 58823528 0.499332
hs15 58823529 61764704 0.440229
hs15 61764705 64705881 0.743164
hs15 64705882 67647057 0.584679
hs15 67647058 70588234 0.527321
hs15 70588235 73529410 0.514889
hs15 73529411 76470587 0.598668
hs15 76470588 79411763 0.428831
hs15 79411764 82352940 0.522529
hs15 82352941 85294116 0.637406
hs15 85294117 88235293 0.401107
hs15 88235294 91176469 0.450534
hs15 91176470 94117646 0.147561
hs15 94117647 97058822 0.097670
hs15 97058823 99999999 0.622822
hs15 100000000 102941175 0.035415
hs5 0 2941175 0.325275
hs5 2941176 5882351 0.098088
hs5 5882352 8823528 0.235163
hs5 8823529 11764704 0.634238
hs5 11764705 14705881 0.366151
hs5 14705882 17647057 0.453310
hs5 17647058 20588234 0.175167
hs5 20588235 23529410 0.422474
hs5 23529411 26470587 0.060754
hs5 26470588 29411763 0.053714
hs5 29411764 32352940 0.249402
hs5 32352941 35294116 0.401210
hs5 35294117 38235293 0.477707
hs5 38235294 41176469 0.361686
hs5 41176470 44117646 0.427380
hs5 44117647 47058822 0.179231
hs5 47058823 49999999 0.016223
hs5 50000000 52941175 0.184000
hs5 52941176 55882351 0.451786
hs5 55882352 58823528 0.348754
hs5 58823529 61764704 0.657687
hs5 61764705 64705881 0.363096
hs5 64705882 67647057 0.432276
hs5 67647058 70588234 0.855332
hs5 70588235 73529410 0.374761
hs5 73529411 76470587 0.490099
hs5 76470588 79411763 0.596623
hs5 79411764 82352940 0.527135
hs5 82352941 85294116 0.318581
hs5 85294117 88235293 0.191583
hs5 88235294 91176469 0.253986
hs5 91176470 94117646 0.432704
hs5 94117647 97058822 0.454680
hs5 97058823 99999999 0.053924
hs5 100000000 102941175 0.201591
hs5 102941176 105882351 0.000212
hs5 105882352 108823528 0.452944
hs5 108823529 111764704 0.508363
hs5 111764705 114705881 0.366355
hs5 114705882 117647057 0.207660
hs5 117647058 120588234 0.263288
hs5 120588235 123529410 0.262869
hs5 123529411 126470587 0.196278
hs5 126470588 129411763 0.399201
hs5 129411764 132352940 0.413039
hs5 132352941 135294116 0.434320
hs5 135294117 138235293 0.525575
hs5 138235294 141176469 2.256448
hs5 141176470 144117646 0.409048
hs5 144117647 147058822 0.432018
hs5 147058823 149999999 0.538900
hs5 150000000 152941175 0.263430
hs5 152941176 155882351 0.333681
hs5 155882352 158823528 0.446091
hs5 158823529 161764704 0.384356
hs5 161764705 164705881 0.020923
hs5 164705882 167647057 0.332969
hs5 167647058 170588234 0.788638
hs5 170588235 173529410 0.393493
hs5 173529411 176470587 0.272123
hs5 176470588 179411763 0.585341
hs5 179411764 182352940 0.189450
hsY 0 2941175 0.310807
hsY 2941176 5882351 0.252605
hsY 5882352 8823528 0.156713
hsY 8823529 11764704 0.309390
hsY 11764705 14705881 0.156067
hsY 14705882 17647057 0.109263
hsY 17647058 20588234 0.190938
hsY 20588235 23529410 0.198845
hsY 23529411 26470587 0.339341
hsY 26470588 29411763 0.000000
hsY 29411764 32352940 0.000000
hsY 32352941 35294116 0.000000
hsY 35294117 38235293 0.000000
hsY 38235294 41176469 0.000000
hsY 41176470 44117646 0.000000
hsY 44117647 47058822 0.000000
hsY 47058823 49999999 0.000000
hsY 50000000 52941175 0.000000
hsY 52941176 55882351 0.000000
hsY 55882352 58823528 0.030735
hs1 0 2941175 0.448006
hs1 2941176 5882351 0.326895
hs1 5882352 8823528 0.784368
hs1 8823529 11764704 0.599023
hs1 11764705 14705881 0.344460
hs1 14705882 17647057 0.677156
hs1 17647058 20588234 0.487208
hs1 20588235 23529410 0.581334
hs1 23529411 26470587 0.518343
hs1 26470588 29411763 0.626522
hs1 29411764 32352940 0.261322
hs1 32352941 35294116 0.552167
hs1 35294117 38235293 0.514953
hs1 38235294 41176469 0.439065
hs1 41176470 44117646 0.565761
hs1 44117647 47058822 0.702324
hs1 47058823 49999999 0.625719
hs1 50000000 52941175 0.715204
hs1 52941176 55882351 0.585721
hs1 55882352 58823528 0.570100
hs1 58823529 61764704 0.369911
hs1 61764705 64705881 0.551777
hs1 64705882 67647057 0.741703
hs1 67647058 70588234 0.306816
hs1 70588235 73529410 0.387347
hs1 73529411 76470587 0.500679
hs1 76470588 79411763 0.619295
hs1 79411764 82352940 0.065289
hs1 82352941 85294116 0.250272
hs1 85294117 88235293 0.477156
hs1 88235294 91176469 0.260181
hs1 91176470 94117646 0.573954
hs1 94117647 97058822 0.242992
hs1 97058823 99999999 0.409360
hs1 100000000 102941175 0.312702
hs1 102941176 105882351 0.255822
hs1 105882352 108823528 0.287260
hs1 108823529 111764704 0.438668
hs1 111764705 114705881 0.505627
hs1 114705882 117647057 0.424622
hs1 117647058 120588234 0.352631
hs1 120588235 123529410 0.029683
hs1 123529411 126470587 0.000000
hs1 126470588 129411763 0.000000
hs1 129411764 132352940 0.000000
hs1 132352941 135294116 0.000000
hs1 135294117 138235293 0.000000
hs1 138235294 141176469 0.000000
hs1 141176470 144117646 0.278058
hs1 144117647 147058822 0.367343
hs1 147058823 149999999 0.460606
hs1 150000000 152941175 0.377467
hs1 152941176 155882351 0.601763
hs1 155882352 158823528 0.330554
hs1 158823529 161764704 0.491728
hs1 161764705 164705881 0.305602
hs1 164705882 167647057 0.477505
hs1 167647058 170588234 0.524502
hs1 170588235 173529410 0.535249
hs1 173529411 176470587 0.565171
hs1 176470588 179411763 0.687817
hs1 179411764 182352940 0.522174
hs1 182352941 185294116 0.514346
hs1 185294117 188235293 0.000000
hs1 188235294 191176469 0.166349
hs1 191176470 194117646 0.076991
hs1 194117647 197058822 0.518465
hs1 197058823 199999999 0.282385
hs1 200000000 202941175 0.596571
hs1 202941176 205882351 0.516507
hs1 205882352 208823528 0.362242
hs1 208823529 211764704 0.555672
hs1 211764705 214705881 0.558488
hs1 214705882 217647057 0.428796
hs1 217647058 220588234 0.192569
hs1 220588235 223529410 0.482906
hs1 223529411 226470587 0.515966
hs1 226470588 229411763 0.351349
hs1 229411764 232352940 0.660242
hs1 232352941 235294116 0.530038
hs1 235294117 238235293 0.384249
hs1 238235294 241176469 0.631795
hs1 241176470 244117646 0.669432
hs1 244117647 247058822 0.442244
hs1 247058823 249999999 0.016546
hs19 0 2941175 0.607874
hs19 2941176 5882351 0.650645
hs19 5882352 8823528 0.561493
hs19 8823529 11764704 0.600203
hs19 11764705 14705881 0.570262
hs19 14705882 17647057 0.575473
hs19 17647058 20588234 0.615299
hs19 20588235 23529410 0.211244
hs19 23529411 26470587 0.055437
hs19 26470588 29411763 0.000000
hs19 29411764 32352940 0.000000
hs19 32352941 35294116 0.059295
hs19 35294117 38235293 0.263128
hs19 38235294 41176469 0.437340
hs19 41176470 44117646 0.657556
hs19 44117647 47058822 0.481614
hs19 47058823 49999999 0.452297
hs19 50000000 52941175 0.554629
hs19 52941176 55882351 0.687219
hs19 55882352 58823528 0.508829
hs19 58823529 61764704 0.542933
hs19 61764705 64705881 0.317854
hs2 0 2941175 0.438979
hs2 2941176 5882351 0.146875
hs2 5882352 8823528 0.106279
hs2 8823529 11764704 0.529698
hs2 11764705 14705881 0.038765
hs2 14705882 17647057 0.213538
hs2 17647058 20588234 0.170369
hs2 20588235 23529410 0.097375
hs2 23529411 26470587 0.735104
hs2 26470588 29411763 0.722905
hs2 29411764 32352940 0.579280
hs2 32352941 35294116 0.412354
hs2 35294117 38235293 0.343091
hs2 38235294 41176469 0.423539
hs2 41176470 44117646 0.380460
hs2 44117647 47058822 0.575873
hs2 47058823 49999999 0.373585
hs2 50000000 52941175 0.378481
hs2 52941176 55882351 0.547625
hs2 55882352 58823528 0.154923
hs2 58823529 61764704 0.253088
hs2 61764705 64705881 0.506588
hs2 64705882 67647057 0.152148
hs2 67647058 70588234 0.455488
hs2 70588235 73529410 0.572273
hs2 73529411 76470587 0.413744
hs2 76470588 79411763 0.268333
hs2 79411764 82352940 0.387062
hs2 82352941 85294116 0.193902
hs2 85294117 88235293 0.563136
hs2 88235294 91176469 0.066769
hs2 91176470 94117646 0.010673
hs2 94117647 97058822 0.296051
hs2 97058823 99999999 0.707295
hs2 100000000 102941175 0.470003
hs2 102941176 105882351 0.150049
hs2 105882352 108823528 0.234539
hs2 108823529 111764704 0.683398
hs2 111764705 114705881 0.419902
hs2 114705882 117647057 0.476825
hs2 117647058 120588234 0.284271
hs2 120588235 123529410 0.243005
hs2 123529411 126470587 0.302600
hs2 126470588 129411763 0.270110
hs2 129411764 132352940 0.219293
hs2 132352941 135294116 0.587189
hs2 135294117 138235293 0.579466
hs2 138235294 141176469 0.240558
hs2 141176470 144117646 0.716802
hs2 144117647 147058822 0.264992
hs2 147058823 149999999 0.454215
hs2 150000000 152941175 0.286427
hs2 152941176 155882351 0.382193
hs2 155882352 158823528 0.245241
hs2 158823529 161764704 0.593934
hs2 161764705 164705881 0.455593
hs2 164705882 167647057 0.504810
hs2 167647058 170588234 0.611706
hs2 170588235 173529410 0.596605
hs2 173529411 176470587 0.381737
hs2 176470588 179411763 0.626256
hs2 179411764 182352940 0.332989
hs2 182352941 185294116 0.320303
hs2 185294117 188235293 0.242727
hs2 188235294 191176469 0.388599
hs2 191176470 194117646 0.261837
hs2 194117647 197058822 0.250457
hs2 197058823 199999999 0.451074
hs2 200000000 202941175 0.524410
hs2 202941176 205882351 0.622915
hs2 205882352 208823528 0.495376
hs2 208823529 211764704 0.409158
hs2 211764705 214705881 0.735575
hs2 214705882 217647057 0.448185
hs2 217647058 220588234 0.563484
hs2 220588235 223529410 0.203993
hs2 223529411 226470587 0.307703
hs2 226470588 229411763 0.337790
hs2 229411764 232352940 0.598351
hs2 232352941 235294116 0.741506
hs2 235294117 238235293 0.416937
hs2 238235294 241176469 0.388557
hs2 241176470 244117646 0.335441
hs8 0 2941175 0.300119
hs8 2941176 5882351 0.645511
hs8 5882352 8823528 0.314311
hs8 8823529 11764704 0.517308
hs8 11764705 14705881 0.501000
hs8 14705882 17647057 0.455932
hs8 17647058 20588234 0.431169
hs8 20588235 23529410 0.444519
hs8 23529411 26470587 0.278015
hs8 26470588 29411763 0.562609
hs8 29411764 32352940 0.496442
hs8 32352941 35294116 0.214747
hs8 35294117 38235293 0.313466
hs8 38235294 41176469 0.539456
hs8 41176470 44117646 0.418414
hs8 44117647 47058822 0.000000
hs8 47058823 49999999 0.262598
hs8 50000000 52941175 0.483795
hs8 52941176 55882351 0.292502
hs8 55882352 58823528 0.265368
hs8 58823529 61764704 0.283095
hs8 61764705 64705881 0.492664
hs8 64705882 67647057 0.215501
hs8 67647058 70588234 0.563286
hs8 70588235 73529410 0.404785
hs8 73529411 76470587 0.398260
hs8 76470588 79411763 0.104058
hs8 79411764 82352940 0.318288
hs8 82352941 85294116 0.061930
hs8 85294117 88235293 0.567896
hs8 88235294 91176469 0.240702
hs8 91176470 94117646 0.251470
hs8 94117647 97058822 0.237645
hs8 97058823 99999999 0.557904
hs8 100000000 102941175 0.583171
hs8 102941176 105882351 0.581714
hs8 105882352 108823528 0.417309
hs8 108823529 111764704 0.249319
hs8 111764705 114705881 0.412821
hs8 114705882 117647057 0.088571
hs8 117647058 120588234 0.427931
hs8 120588235 123529410 0.363064
hs8 123529411 126470587 0.542453
hs8 126470588 129411763 0.124671
hs8 129411764 132352940 0.254427
hs8 132352941 135294116 0.448256
hs8 135294117 138235293 0.167879
hs8 138235294 141176469 0.390239
hs8 141176470 144117646 0.465260
hs8 144117647 147058822 0.372076
hs6 0 2941175 0.419168
hs6 2941176 5882351 0.468321
hs6 5882352 8823528 0.392983
hs6 8823529 11764704 0.244736
hs6 11764705 14705881 0.405691
hs6 14705882 17647057 0.378117
hs6 17647058 20588234 0.258907
hs6 20588235 23529410 0.428786
hs6 23529411 26470587 0.427311
hs6 26470588 29411763 0.209301
hs6 29411764 32352940 0.425419
hs6 32352941 35294116 0.470169
hs6 35294117 38235293 0.635113
hs6 38235294 41176469 0.581250
hs6 41176470 44117646 0.582978
hs6 44117647 47058822 0.563924
hs6 47058823 49999999 0.258124
hs6 50000000 52941175 0.304052
hs6 52941176 55882351 0.436830
hs6 55882352 58823528 0.325079
hs6 58823529 61764704 0.000000
hs6 61764705 64705881 0.322272
hs6 64705882 67647057 0.601651
hs6 67647058 70588234 0.297562
hs6 70588235 73529410 0.533708
hs6 73529411 76470587 0.420220
hs6 76470588 79411763 0.114554
hs6 79411764 82352940 0.218848
hs6 82352941 85294116 0.355809
hs6 85294117 88235293 0.185184
hs6 88235294 91176469 0.556626
hs6 91176470 94117646 0.062133
hs6 94117647 97058822 0.125574
hs6 97058823 99999999 0.241776
hs6 100000000 102941175 0.441330
hs6 102941176 105882351 0.125865
hs6 105882352 108823528 0.488270
hs6 108823529 111764704 0.614340
hs6 111764705 114705881 0.227828
hs6 114705882 117647057 0.260421
hs6 117647058 120588234 0.468640
hs6 120588235 123529410 0.230721
hs6 123529411 126470587 0.667079
hs6 126470588 129411763 0.410643
hs6 129411764 132352940 0.502475
hs6 132352941 135294116 0.300072
hs6 135294117 138235293 0.755866
hs6 138235294 141176469 0.232578
hs6 141176470 144117646 0.361008
hs6 144117647 147058822 0.553865
hs6 147058823 149999999 0.389325
hs6 150000000 152941175 0.701041
hs6 152941176 155882351 0.403130
hs6 155882352 158823528 0.416168
hs6 158823529 161764704 0.497820
hs6 161764705 164705881 0.704115
hs6 164705882 167647057 0.363576
hs6 167647058 170588234 0.329340
hs6 170588235 173529410 0.014978
hs14 0 2941175 0.000000
hs14 2941176 5882351 0.000000
hs14 5882352 8823528 0.000000
hs14 8823529 11764704 0.000000
hs14 11764705 14705881 0.000000
hs14 14705882 17647057 0.000000
hs14 17647058 20588234 0.098669
hs14 20588235 23529410 0.280204
hs14 23529411 26470587 0.234070
hs14 26470588 29411763 0.109141
hs14 29411764 32352940 0.520239
hs14 32352941 35294116 0.572001
hs14 35294117 38235293 0.356246
hs14 38235294 41176469 0.100241
hs14 41176470 44117646 0.091863
hs14 44117647 47058822 0.342242
hs14 47058823 49999999 0.251196
hs14 50000000 52941175 0.520918
hs14 52941176 55882351 0.348266
hs14 55882352 58823528 0.320876
hs14 58823529 61764704 0.488375
hs14 61764705 64705881 0.591067
hs14 64705882 67647057 0.614720
hs14 67647058 70588234 0.598735
hs14 70588235 73529410 0.667916
hs14 73529411 76470587 0.636514
hs14 76470588 79411763 0.721087
hs14 79411764 82352940 0.298796
hs14 82352941 85294116 0.033247
hs14 85294117 88235293 0.167903
hs14 88235294 91176469 0.653757
hs14 91176470 94117646 0.678910
hs14 94117647 97058822 0.274232
hs14 97058823 99999999 0.297433
hs14 100000000 102941175 0.439484
hs14 102941176 105882351 0.374540
hs14 105882352 108823528 0.004446
hs17 0 2941175 0.742977
hs17 2941176 5882351 0.547949
hs17 5882352 8823528 0.534289
hs17 8823529 11764704 0.679688
hs17 11764705 14705881 0.277664
hs17 14705882 17647057 0.494380
hs17 17647058 20588234 0.576322
hs17 20588235 23529410 0.225579
hs17 23529411 26470587 0.695053
hs17 26470588 29411763 0.759813
hs17 29411764 32352940 0.385167
hs17 32352941 35294116 0.637970
hs17 35294117 38235293 0.492310
hs17 38235294 41176469 0.537826
hs17 41176470 44117646 0.627761
hs17 44117647 47058822 0.458409
hs17 47058823 49999999 0.180894
hs17 50000000 52941175 0.394261
hs17 52941176 55882351 0.672720
hs17 55882352 58823528 0.692702
hs17 58823529 61764704 0.625886
hs17 61764705 64705881 0.652279
hs17 64705882 67647057 0.113317
hs17 67647058 70588234 0.509231
hs17 70588235 73529410 0.570685
hs17 73529411 76470587 0.665826
hs17 76470588 79411763 0.523365
hs21 0 2941175 0.000000
hs21 2941176 5882351 0.000000
hs21 5882352 8823528 0.000000
hs21 8823529 11764704 0.148805
hs21 11764705 14705881 0.103154
hs21 14705882 17647057 0.290388
hs21 17647058 20588234 0.105629
hs21 20588235 23529410 0.204373
hs21 23529411 26470587 0.168571
hs21 26470588 29411763 0.129535
hs21 29411764 32352940 0.451807
hs21 32352941 35294116 0.560600
hs21 35294117 38235293 0.462961
hs21 38235294 41176469 0.587625
hs21 41176470 44117646 0.487944
hs21 44117647 47058822 0.594284
