hsX 0 2777776 0.333285
hsX 2777777 5555554 0.111000
hsX 5555555 8333332 0.218482
hsX 8333333 11111110 0.481878
hsX 11111111 13888887 0.555184
hsX 13888888 16666665 0.352877
hsX 16666666 19444443 0.622003
hsX 19444444 22222221 0.472966
hsX 22222222 24999998 0.319037
hsX 24999999 27777776 0.010256
hsX 27777777 30555554 0.510475
hsX 30555555 33333332 0.849745
hsX 33333333 36111110 0.075196
hsX 36111111 38888887 0.327374
hsX 38888888 41666665 0.316164
hsX 41666666 44444443 0.161279
hsX 44444444 47222221 0.334482
hsX 47222222 49999998 0.637610
hsX 49999999 52777776 0.260287
hsX 52777777 55555554 0.406016
hsX 55555555 58333332 0.154183
hsX 58333333 61111110 0.000000
hsX 61111111 63888887 0.157913
hsX 63888888 66666665 0.135972
hsX 66666666 69444443 0.456901
hsX 69444444 72222221 0.603040
hsX 72222222 74999999 0.456138
hsX 75000000 77777776 0.214864
hsX 77777777 80555554 0.176302
hsX 80555555 83333332 0.056361
hsX 83333333 86111110 0.465740
hsX 86111111 88888887 0.057563
hsX 88888888 91666665 0.270246
hsX 91666666 94444443 0.050095
hsX 94444444 97222221 0.330587
hsX 97222222 99999998 0.266530
hsX 99999999 102777776 0.396748
hsX 102777777 105555554 0.558678
hsX 105555555 108333332 0.488746
hsX 108333333 111111110 0.548670
hsX 111111111 113888887 0.272077
hsX 113888888 116666665 0.158777
hsX 116666666 119444443 0.394605
hsX 119444444 122222221 0.230489
hsX 122222222 124999998 0.422434
hsX 124999999 127777776 0.003434
hsX 127777777 130555554 0.309748
hsX 130555555 133333332 0.461030
hsX 133333333 136111110 0.361624
hsX 136111111 138888887 0.309425
hsX 138888888 141666665 0.033106
hsX 141666666 144444443 0.017897
hsX 144444444 147222221 0.039919
hsX 147222222 149999999 0.433297
hsX 150000000 152777776 0.322894
hsX 152777777 155555554 0.430152
hs12 0 2777776 0.811223
hs12 2777777 5555554 0.412658
hs12 5555555 8333332 0.594608
hs12 8333333 11111110 0.472531
hs12 11111111 13888887 0.525402
hs12 13888888 16666665 0.507589
hs12 16666666 19444443 0.251554
hs12 19444444 22222221 0.441741
hs12 22222222 24999998 0.536507
hs12 24999999 27777776 0.558368
hs12 27777777 30555554 0.311772
hs12 30555555 33333332 0.424820
hs12 33333333 36111110 0.025355
hs12 36111111 38888887 0.335507
hs12 38888888 41666665 0.475303
hs12 41666666 44444443 0.566515
hs12 44444444 47222221 0.283543
hs12 47222222 49999998 0.648047
hs12 49999999 52777776 0.482194
hs12 52777777 55555554 0.393943
hs12 55555555 58333332 0.232635
hs12 58333333 61111110 0.260103
hs12 61111111 63888887 0.489728
hs12 63888888 66666665 0.349661
hs12 66666666 69444443 0.396472
hs12 69444444 72222221 0.378688
hs12 72222222 74999999 0.135942
hs12 75000000 77777776 0.269265
hs12 77777777 80555554 0.704037
hs12 80555555 83333332 0.250582
hs12 83333333 86111110 0.434139
hs12 86111111 88888887 0.176915
hs12 88888888 91666665 0.050133
hs12 91666666 94444443 0.444972
hs12 94444444 97222221 0.270853
hs12 97222222 99999998 0.773040
hs12 99999999 102777776 0.465952
hs12 102777777 105555554 0.516201
hs12 105555555 108333332 0.632807
hs12 108333333 111111110 0.707214
hs12 111111111 113888887 0.368249
hs12 113888888 116666665 0.419163
hs12 116666666 119444443 0.588920
hs12 119444444 122222221 0.707283
hs12 122222222 124999998 0.535568
hs12 124999999 127777776 0.169494
hs12 127777777 130555554 0.523157
hs12 130555555 133333332 0.366187
hs11 0 2777776 0.642737
hs11 2777777 5555554 0.335596
hs11 5555555 8333332 0.411023
hs11 8333333 11111110 0.646322
hs11 11111111 13888887 0.510988
hs11 13888888 16666665 0.529701
hs11 16666666 19444443 0.549411
hs11 19444444 22222221 0.654359
hs11 22222222 24999998 0.274680
hs11 24999999 27777776 0.342874
hs11 27777777 30555554 0.191299
hs11 30555555 33333332 0.425563
hs11 33333333 36111110 0.522745
hs11 36111111 38888887 0.139827
hs11 38888888 41666665 0.064769
hs11 41666666 44444443 0.222256
hs11 44444444 47222221 0.564654
hs11 47222222 49999998 0.357621
hs11 49999999 52777776 0.011564
hs11 52777777 55555554 0.015614
hs11 55555555 58333332 0.387191
hs11 58333333 61111110 0.369224
hs11 61111111 63888887 0.594830
hs11 63888888 66666665 0.566373
hs11 66666666 69444443 0.413357
hs11 69444444 72222221 0.585143
hs11 72222222 74999999 0.672834
hs11 75000000 77777776 0.663477
hs11 77777777 80555554 0.343801
hs11 80555555 83333332 0.287802
hs11 83333333 86111110 0.849671
hs11 86111111 88888887 0.463148
hs11 88888888 91666665 0.093823
hs11 91666666 94444443 0.505106
hs11 94444444 97222221 0.237954
hs11 97222222 99999998 0.480817
hs11 99999999 102777776 0.499729
hs11 102777777 105555554 0.310722
hs11 105555555 108333332 0.548247
hs11 108333333 111111110 0.222196
hs11 111111111 113888887 0.456396
hs11 113888888 116666665 0.310996
hs11 116666666 119444443 0.537120
hs11 119444444 122222221 0.448924
hs11 122222222 124999998 0.401143
hs11 124999999 127777776 0.357790
hs11 127777777 130555554 0.399702
hs11 130555555 133333332 0.768873
hs11 133333333 136111110 0.117207
hs22 0 2777776 0.000000
hs22 2777777 5555554 0.000000
hs22 5555555 8333332 0.000000
hs22 8333333 11111110 0.000000
hs22 11111111 13888887 0.000000
hs22 13888888 16666665 0.207621
hs22 16666666 19444443 0.507304
hs22 19444444 22222221 0.393379
hs22 22222222 24999998 0.836573
hs22 24999999 27777776 0.571931
hs22 27777777 30555554 0.666203
hs22 30555555 33333332 0.575461
hs22 33333333 36111110 0.409684
hs22 36111111 38888887 0.621435
hs22 38888888 41666665 0.647269
hs22 41666666 44444443 0.675011
hs22 44444444 47222221 0.421721
hs22 47222222 49999998 0.378008
hs10 0 2777776 0.489277
hs10 2777777 5555554 0.140691
hs10 5555555 8333332 0.452358
hs10 8333333 11111110 0.018557
hs10 11111111 13888887 0.663205
hs10 13888888 16666665 0.562807
hs10 16666666 19444443 0.704189
hs10 19444444 22222221 0.446410
hs10 22222222 24999998 0.538349
hs10 24999999 27777776 0.566374
hs10 27777777 30555554 0.353219
hs10 30555555 33333332 0.448522
hs10 33333333 36111110 0.490093
hs10 36111111 38888887 0.124195
hs10 38888888 41666665 0.000000
hs10 41666666 44444443 0.178633
hs10 44444444 47222221 0.341320
hs10 47222222 49999998 0.393045
hs10 49999999 52777776 0.664903
hs10 52777777 55555554 0.462359
hs10 55555555 58333332 0.244562
hs10 58333333 61111110 0.243254
hs10 61111111 63888887 0.419670
hs10 63888888 66666665 0.234302
hs10 66666666 69444443 0.762955
hs10 69444444 72222221 0.632919
hs10 72222222 74999999 0.712178
hs10 75000000 77777776 0.664278
hs10 77777777 80555554 0.494898
hs10 80555555 83333332 0.240599
hs10 83333333 86111110 0.440747
hs10 86111111 88888887 0.511490
hs10 88888888 91666665 0.510200
hs10 91666666 94444443 0.472442
hs10 94444444 97222221 0.592745
hs10 97222222 99999998 0.701663
hs10 99999999 102777776 0.652577
hs10 102777777 105555554 0.723164
hs10 105555555 108333332 0.400332
hs10 108333333 111111110 0.209142
hs10 111111111 113888887 0.243084
hs10 113888888 116666665 0.589377
hs10 116666666 119444443 0.612409
hs10 119444444 122222221 0.367460
hs10 122222222 124999998 0.450195
hs10 124999999 127777776 0.431228
hs10 127777777 130555554 0.444238
hs10 130555555 133333332 0.248910
hs10 133333333 136111110 0.329537
hs7 0 2777776 0.537500
hs7 2777777 5555554 0.611061
hs7 5555555 8333332 0.565142
hs7 8333333 11111110 0.165113
hs7 11111111 13888887 0.256651
hs7 13888888 16666665 0.587649
hs7 16666666 19444443 0.293287
hs7 19444444 22222221 0.348796
hs7 22222222 24999998 0.426587
hs7 24999999 27777776 0.264633
hs7 27777777 30555554 0.665119
hs7 30555555 33333332 0.425724
hs7 33333333 36111110 0.570331
hs7 36111111 38888887 0.595520
hs7 38888888 41666665 0.555258
hs7 41666666 44444443 0.536802
hs7 44444444 47222221 0.217946
hs7 47222222 49999998 0.437691
hs7 49999999 52777776 0.327508
hs7 52777777 55555554 0.123394
hs7 55555555 58333332 0.138689
hs7 58333333 61111110 0.000000
hs7 61111111 63888887 0.084047
hs7 63888888 66666665 0.412712
hs7 66666666 69444443 0.267337
hs7 69444444 72222221 0.765423
hs7 72222222 74999999 0.535254
hs7 75000000 77777776 0.618477
hs7 77777777 80555554 0.556925
hs7 80555555 83333332 0.452074
hs7 83333333 86111110 0.130657
hs7 86111111 88888887 0.720224
hs7 88888888 91666665 0.319874
hs7 91666666 94444443 0.411389
hs7 94444444 97222221 0.415754
hs7 97222222 99999998 0.518647
hs7 99999999 102777776 0.698392
hs7 102777777 105555554 0.786158
hs7 105555555 108333332 0.492734
hs7 108333333 111111110 0.336483
hs7 111111111 113888887 0.451018
hs7 113888888 116666665 0.375975
hs7 116666666 119444443 0.180216
hs7 119444444 122222221 0.607114
hs7 122222222 124999998 0.214687
hs7 124999999 127777776 0.487879
hs7 127777777 130555554 0.573120
hs7 130555555 133333332 0.684099
hs7 133333333 136111110 0.419538
hs7 136111111 138888887 0.604812
hs7 138888888 141666665 0.535592
hs7 141666666 144444443 0.273906
hs7 144444444 147222221 0.640059
hs7 147222222 149999999 0.483805
hs7 150000000 152777776 0.504379
hs7 152777777 155555554 0.502977
hs7 155555555 158333332 0.616617
hs7 158333333 161111110 0.080743
hs4 0 2777776 0.641413
hs4 2777777 5555554 0.482102
hs4 5555555 8333332 0.733525
hs4 8333333 11111110 0.250181
hs4 11111111 13888887 0.066928
hs4 13888888 16666665 0.389289
hs4 16666666 19444443 0.162171
hs4 19444444 22222221 0.630818
hs4 22222222 24999998 0.232932
hs4 24999999 27777776 0.230560
hs4 27777777 30555554 0.080792
hs4 30555555 33333332 0.072708
hs4 33333333 36111110 0.087298
hs4 36111111 38888887 0.402958
hs4 38888888 41666665 0.652669
hs4 41666666 44444443 0.369467
hs4 44444444 47222221 0.333332
hs4 47222222 49999998 0.426406
hs4 49999999 52777776 0.058012
hs4 52777777 55555554 0.357044
hs4 55555555 58333332 0.358344
hs4 58333333 61111110 0.000000
hs4 61111111 63888887 0.207119
hs4 63888888 66666665 0.173292
hs4 66666666 69444443 0.239957
hs4 69444444 72222221 0.303349
hs4 72222222 74999999 0.412353
hs4 75000000 77777776 0.449694
hs4 77777777 80555554 0.463725
hs4 80555555 83333332 0.384046
hs4 83333333 86111110 0.411285
hs4 86111111 88888887 0.618569
hs4 88888888 91666665 0.516096
hs4 91666666 94444443 0.747442
hs4 94444444 97222221 0.574553
hs4 97222222 99999998 0.343853
hs4 99999999 102777776 0.333196
hs4 102777777 105555554 0.413493
hs4 105555555 108333332 0.359229
hs4 108333333 111111110 0.521712
hs4 111111111 113888887 0.236912
hs4 113888888 116666665 0.475519
hs4 116666666 119444443 0.090048
hs4 119444444 122222221 0.342986
hs4 122222222 124999998 0.467873
hs4 124999999 127777776 0.106623
hs4 127777777 130555554 0.278970
hs4 130555555 133333332 0.000000
hs4 133333333 136111110 0.017165
hs4 136111111 138888887 0.004881
hs4 138888888 141666665 0.367658
hs4 141666666 144444443 0.506235
hs4 144444444 147222221 0.365039
hs4 147222222 149999999 0.488506
hs4 150000000 152777776 0.463011
hs4 152777777 155555554 0.451029
hs4 155555555 158333332 0.260608
hs4 158333333 161111110 0.288295
hs4 161111111 163888887 0.280850
hs4 163888888 166666665 0.457204
hs4 166666666 169444443 0.323067
hs4 169444444 172222221 0.433637
hs4 172222222 174999998 0.510837
hs4 174999999 177777776 0.387830
hs4 177777777 180555554 0.156971
hs4 180555555 183333332 0.002015
hs4 183333333 186111110 0.477336
hs4 186111111 188888887 0.353683
hs4 188888888 191666665 0.043278
hs16 0 2777776 0.732143
hs16 2777777 5555554 0.541627
hs16 5555555 8333332 0.609916
hs16 8333333 11111110 0.437302
hs16 11111111 13888887 0.500099
hs16 13888888 16666665 0.540060
hs16 16666666 19444443 0.339709
hs16 19444444 22222221 0.615476
hs16 22222222 24999998 0.561423
hs16 24999999 27777776 0.396088
hs16 27777777 30555554 0.499357
hs16 30555555 33333332 0.218784
hs16 33333333 36111110 0.011711
hs16 36111111 38888887 0.000000
hs16 38888888 41666665 0.000000
hs16 41666666 44444443 0.000000
hs16 44444444 47222221 0.455492
hs16 47222222 49999998 0.285172
hs16 49999999 52777776 0.347731
hs16 52777777 55555554 0.309433
hs16 55555555 58333332 0.390545
hs16 58333333 61111110 0.138187
hs16 61111111 63888887 0.067761
hs16 63888888 66666665 0.577327
hs16 66666666 69444443 0.767258
hs16 69444444 72222221 0.431350
hs16 72222222 74999999 0.379921
hs16 75000000 77777776 0.588064
hs16 77777777 80555554 0.438794
hs16 80555555 83333332 0.645799
hs16 83333333 86111110 0.225727
hs16 86111111 88888887 0.585144
hs20 0 2777776 0.394940
hs20 2777777 5555554 0.494882
hs20 5555555 8333332 0.237979
hs20 8333333 11111110 0.566391
hs20 11111111 13888887 0.265242
hs20 13888888 16666665 0.867985
hs20 16666666 19444443 0.482557
hs20 19444444 22222221 0.436111
hs20 22222222 24999998 0.169200
hs20 24999999 27777776 0.177106
hs20 27777777 30555554 0.276724
hs20 30555555 33333332 0.580938
hs20 33333333 36111110 0.689973
hs20 36111111 38888887 0.230710
hs20 38888888 41666665 0.608348
hs20 41666666 44444443 0.548238
hs20 44444444 47222221 0.494398
hs20 47222222 49999998 0.458029
hs20 49999999 52777776 0.351180
hs20 52777777 55555554 0.138742
hs20 55555555 58333332 0.371685
hs20 58333333 61111110 0.465459
hs20 61111111 63888887 0.305333
hs13 0 2777776 0.000000
hs13 2777777 5555554 0.000000
hs13 5555555 8333332 0.000000
hs13 8333333 11111110 0.000000
hs13 11111111 13888887 0.000000
hs13 13888888 16666665 0.000000
hs13 16666666 19444443 0.187180
hs13 19444444 22222221 0.338703
hs13 22222222 24999998 0.454579
hs13 24999999 27777776 0.484913
hs13 27777777 30555554 0.417701
hs13 30555555 33333332 0.466895
hs13 33333333 36111110 0.671348
hs13 36111111 38888887 0.303413
hs13 38888888 41666665 0.555545
hs13 41666666 44444443 0.421690
hs13 44444444 47222221 0.385459
hs13 47222222 49999998 0.461234
hs13 49999999 52777776 0.439770
hs13 52777777 55555554 0.000028
hs13 55555555 58333332 0.062227
hs13 58333333 61111110 0.245397
hs13 61111111 63888887 0.001849
hs13 63888888 66666665 0.321012
hs13 66666666 69444443 0.192984
hs13 69444444 72222221 0.247803
hs13 72222222 74999999 0.337124
hs13 75000000 77777776 0.317852
hs13 77777777 80555554 0.222545
hs13 80555555 83333332 0.000000
hs13 83333333 86111110 0.153686
hs13 86111111 88888887 0.002521
hs13 88888888 91666665 0.309855
hs13 91666666 94444443 0.692881
hs13 94444444 97222221 0.657699
hs13 97222222 99999998 0.676849
hs13 99999999 102777776 0.587903
hs13 102777777 105555554 0.009061
hs13 105555555 108333332 0.403081
hs13 108333333 111111110 0.401271
hs13 111111111 113888887 0.430232
hs13 113888888 116666665 0.036773
hs18 0 2777776 0.291470
hs18 2777777 5555554 0.364921
hs18 5555555 8333332 0.538637
hs18 8333333 11111110 0.470865
hs18 11111111 13888887 0.541017
hs18 13888888 16666665 0.089182
hs18 16666666 19444443 0.445662
hs18 19444444 22222221 0.486509
hs18 22222222 24999998 0.282759
hs18 24999999 27777776 0.167732
hs18 27777777 30555554 0.613417
hs18 30555555 33333332 0.691834
hs18 33333333 36111110 0.220226
hs18 36111111 38888887 0.172179
hs18 38888888 41666665 0.202565
hs18 41666666 44444443 0.453684
hs18 44444444 47222221 0.554024
hs18 47222222 49999998 0.454018
hs18 49999999 52777776 0.333073
hs18 52777777 55555554 0.521065
hs18 55555555 58333332 0.169922
hs18 58333333 61111110 0.310452
hs18 61111111 63888887 0.086665
hs18 63888888 66666665 0.420000
hs18 66666666 69444443 0.046021
hs18 69444444 72222221 0.302252
hs18 72222222 74999999 0.199176
hs18 75000000 77777776 0.260367
hs3 0 2777776 0.426107
hs3 2777777 5555554 0.364217
hs3 5555555 8333332 0.351330
hs3 8333333 11111110 0.631612
hs3 11111111 13888887 0.627953
hs3 13888888 16666665 0.581097
hs3 16666666 19444443 0.418193
hs3 19444444 22222221 0.253476
hs3 22222222 24999998 0.330427
hs3 24999999 27777776 0.231573
hs3 27777777 30555554 0.348713
hs3 30555555 33333332 0.514507
hs3 33333333 36111110 0.204468
hs3 36111111 38888887 0.637330
hs3 38888888 41666665 0.457524
hs3 41666666 44444443 0.504503
hs3 44444444 47222221 0.513322
hs3 47222222 49999998 0.774214
hs3 49999999 52777776 0.762221
hs3 52777777 55555554 0.693987
hs3 55555555 58333332 0.841254
hs3 58333333 61111110 0.668412
hs3 61111111 63888887 0.657716
hs3 63888888 66666665 0.581676
hs3 66666666 69444443 0.477074
hs3 69444444 72222221 0.367659
hs3 72222222 74999999 0.298778
hs3 75000000 77777776 0.241403
hs3 77777777 80555554 0.422010
hs3 80555555 83333332 0.097957
hs3 83333333 86111110 0.367304
hs3 86111111 88888887 0.081200
hs3 88888888 91666665 0.134860
hs3 91666666 94444443 0.000000
hs3 94444444 97222221 0.112526
hs3 97222222 99999998 0.436176
hs3 99999999 102777776 0.660195
hs3 102777777 105555554 0.101499
hs3 105555555 108333332 0.159413
hs3 108333333 111111110 0.508513
hs3 111111111 113888887 0.364612
hs3 113888888 116666665 0.639533
hs3 116666666 119444443 0.269501
hs3 119444444 122222221 0.514415
hs3 122222222 124999998 0.812556
hs3 124999999 127777776 0.661442
hs3 127777777 130555554 0.498221
hs3 130555555 133333332 0.665037
hs3 133333333 136111110 0.585516
hs3 136111111 138888887 0.450744
hs3 138888888 141666665 0.503155
hs3 141666666 144444443 0.558806
hs3 144444444 147222221 0.217397
hs3 147222222 149999999 0.121183
hs3 150000000 152777776 0.557191
hs3 152777777 155555554 0.179082
hs3 155555555 158333332 0.443217
hs3 158333333 161111110 0.626075
hs3 161111111 163888887 0.241419
hs3 163888888 166666665 0.039442
hs3 166666666 169444443 0.229725
hs3 169444444 172222221 0.641936
hs3 172222222 174999998 0.652836
hs3 174999999 177777776 0.514847
hs3 177777777 180555554 0.241844
hs3 180555555 183333332 0.290208
hs3 183333333 186111110 0.463341
hs3 186111111 188888887 0.497998
hs3 188888888 191666665 0.508708
hs3 191666666 194444443 0.373007
hs3 194444444 197222221 0.425972
hs3 197222222 199999998 0.474075
hs9 0 2777776 0.372742
hs9 2777777 5555554 0.520356
hs9 5555555 8333332 0.370144
hs9 8333333 11111110 0.816981
hs9 11111111 13888887 0.075454
hs9 13888888 16666665 0.514260
hs9 16666666 19444443 0.546344
hs9 19444444 22222221 0.453636
hs9 22222222 24999998 0.050974
hs9 24999999 27777776 0.227489
hs9 27777777 30555554 0.277536
hs9 30555555 33333332 0.190717
hs9 33333333 36111110 0.614149
hs9 36111111 38888887 0.465747
hs9 38888888 41666665 0.127751
hs9 41666666 44444443 0.130117
hs9 44444444 47222221 0.022792
hs9 47222222 49999998 0.000000
hs9 49999999 52777776 0.000000
hs9 52777777 55555554 0.000000
hs9 55555555 58333332 0.000000
hs9 58333333 61111110 0.000000
hs9 61111111 63888887 0.000000
hs9 63888888 66666665 0.013740
hs9 66666666 69444443 0.114141
hs9 69444444 72222221 0.588041
hs9 72222222 74999999 0.465939
hs9 75000000 77777776 0.207125
hs9 77777777 80555554 0.524557
hs9 80555555 83333332 0.055721
hs9 83333333 86111110 0.294515
hs9 86111111 88888887 0.345002
hs9 88888888 91666665 0.301415
hs9 91666666 94444443 0.416565
hs9 94444444 97222221 0.558279
hs9 97222222 99999998 0.497136
hs9 99999999 102777776 0.503329
hs9 102777777 105555554 0.213773
hs9 105555555 108333332 0.230377
hs9 108333333 111111110 0.223670
hs9 111111111 113888887 0.721798
hs9 113888888 116666665 0.595613
hs9 116666666 119444443 0.603172
hs9 119444444 122222221 0.089088
hs9 122222222 124999998 0.778083
hs9 124999999 127777776 0.764604
hs9 127777777 130555554 0.638633
hs9 130555555 133333332 0.531120
hs9 133333333 136111110 0.673062
hs9 136111111 138888887 0.402509
hs9 138888888 141666665 0.384888
hs15 0 2777776 0.000000
hs15 2777777 5555554 0.000000
hs15 5555555 8333332 0.000000
hs15 8333333 11111110 0.000000
hs15 11111111 13888887 0.000000
hs15 13888888 16666665 0.000000
hs15 16666666 19444443 0.059327
hs15 19444444 22222221 0.178373
hs15 22222222 24999998 0.395217
hs15 24999999 27777776 0.622493
hs15 27777777 30555554 0.337349
hs15 30555555 33333332 0.611142
hs15 33333333 36111110 0.242572
hs15 36111111 38888887 0.389616
hs15 38888888 41666665 0.782468
hs15 41666666 44444443 0.469904
hs15 44444444 47222221 0.438633
hs15 47222222 49999998 0.734905
hs15 49999999 52777776 0.537575
hs15 52777777 55555554 0.541984
hs15 55555555 58333332 0.472914
hs15 58333333 61111110 0.457315
hs15 61111111 63888887 0.704683
hs15 63888888 66666665 0.623308
hs15 66666666 69444443 0.431077
hs15 69444444 72222221 0.650558
hs15 72222222 74999999 0.653906
hs15 75000000 77777776 0.391096
hs15 77777777 80555554 0.407385
hs15 80555555 83333332 0.613732
hs15 83333333 86111110 0.519940
hs15 86111111 88888887 0.513366
hs15 88888888 91666665 0.421336
hs15 91666666 94444443 0.093782
hs15 94444444 97222221 0.162239
hs15 97222222 99999998 0.600634
hs15 99999999 102777776 0.037498
hs5 0 2777776 0.341262
hs5 2777777 5555554 0.107005
hs5 5555555 8333332 0.248996
hs5 8333333 11111110 0.436252
hs5 11111111 13888887 0.439841
hs5 13888888 16666665 0.510329
hs5 16666666 19444443 0.152789
hs5 19444444 22222221 0.392581
hs5 22222222 24999998 0.304543
hs5 24999999 27777776 0.056874
hs5 27777777 30555554 0.000000
hs5 30555555 33333332 0.331551
hs5 33333333 36111110 0.476488
hs5 36111111 38888887 0.507132
hs5 38888888 41666665 0.378748
hs5 41666666 44444443 0.366382
hs5 44444444 47222221 0.159646
hs5 47222222 49999998 0.017177
hs5 49999999 52777776 0.175288
hs5 52777777 55555554 0.494517
hs5 55555555 58333332 0.196178
hs5 58333333 61111110 0.831093
hs5 61111111 63888887 0.207040
hs5 63888888 66666665 0.649802
hs5 66666666 69444443 0.517754
hs5 69444444 72222221 0.622284
hs5 72222222 74999999 0.412986
hs5 75000000 77777776 0.568798
hs5 77777777 80555554 0.648757
hs5 80555555 83333332 0.467158
hs5 83333333 86111110 0.144338
hs5 86111111 88888887 0.196527
hs5 88888888 91666665 0.268807
hs5 91666666 94444443 0.575804
hs5 94444444 97222221 0.363779
hs5 97222222 99999998 0.057096
hs5 99999999 102777776 0.208432
hs5 102777777 105555554 0.005242
hs5 105555555 108333332 0.374033
hs5 108333333 111111110 0.474614
hs5 111111111 113888887 0.507647
hs5 113888888 116666665 0.269341
hs5 116666666 119444443 0.198515
hs5 119444444 122222221 0.197956
hs5 122222222 124999998 0.199588
hs5 124999999 127777776 0.363718
hs5 127777777 130555554 0.287468
hs5 130555555 133333332 0.562028
hs5 133333333 136111110 0.370387
hs5 136111111 138888887 0.635536
hs5 138888888 141666665 2.265355
hs5 141666666 144444443 0.383047
hs5 144444444 147222221 0.490098
hs5 147222222 149999999 0.537933
hs5 150000000 152777776 0.246201
hs5 152777777 155555554 0.315471
hs5 155555555 158333332 0.459917
hs5 158333333 161111110 0.439301
hs5 161111111 163888887 0.072795
hs5 163888888 166666665 0.008009
hs5 166666666 169444443 0.869364
hs5 169444444 172222221 0.566797
hs5 172222222 174999998 0.181628
hs5 174999999 177777776 0.543256
hs5 177777777 180555554 0.525496
hs5 180555555 183333332 0.018171
hsY 0 2777776 0.305814
hsY 2777777 5555554 0.249445
hsY 5555555 8333332 0.194489
hsY 8333333 11111110 0.340329
hsY 11111111 13888887 0.086597
hsY 13888888 16666665 0.194341
hsY 16666666 19444443 0.108320
hsY 19444444 22222221 0.171033
hsY 22222222 24999998 0.295786
hsY 24999999 27777776 0.196875
hsY 27777777 30555554 0.000000
hsY 30555555 33333332 0.000000
hsY 33333333 36111110 0.000000
hsY 36111111 38888887 0.000000
hsY 38888888 41666665 0.000000
hsY 41666666 44444443 0.000000
hsY 44444444 47222221 0.000000
hsY 47222222 49999998 0.000000
hsY 49999999 52777776 0.000000
hsY 52777777 55555554 0.000000
hsY 55555555 58333332 0.032543
hs1 0 2777776 0.473847
hs1 2777777 5555554 0.333354
hs1 5555555 8333332 0.676305
hs1 8333333 11111110 0.693671
hs1 11111111 13888887 0.427854
hs1 13888888 16666665 0.582947
hs1 16666666 19444443 0.499369
hs1 19444444 22222221 0.600664
hs1 22222222 24999998 0.479256
hs1 24999999 27777776 0.531750
hs1 27777777 30555554 0.450629
hs1 30555555 33333332 0.462054
hs1 33333333 36111110 0.532548
hs1 36111111 38888887 0.381392
hs1 38888888 41666665 0.547967
hs1 41666666 44444443 0.562143
hs1 44444444 47222221 0.708614
hs1 47222222 49999998 0.642886
hs1 49999999 52777776 0.737139
hs1 52777777 55555554 0.640312
hs1 55555555 58333332 0.523140
hs1 58333333 61111110 0.333380
hs1 61111111 63888887 0.559156
hs1 63888888 66666665 0.700002
hs1 66666666 69444443 0.371568
hs1 69444444 72222221 0.505111
hs1 72222222 74999999 0.355788
hs1 75000000 77777776 0.635784
hs1 77777777 80555554 0.301794
hs1 80555555 83333332 0.069130
hs1 83333333 86111110 0.481263
hs1 86111111 88888887 0.288954
hs1 88888888 91666665 0.357528
hs1 91666666 94444443 0.593401
hs1 94444444 97222221 0.189558
hs1 97222222 99999998 0.433440
hs1 99999999 102777776 0.331097
hs1 102777777 105555554 0.270870
hs1 105555555 108333332 0.265772
hs1 108333333 111111110 0.432141
hs1 111111111 113888887 0.441524
hs1 113888888 116666665 0.449343
hs1 116666666 119444443 0.411305
hs1 119444444 122222221 0.158318
hs1 122222222 124999998 0.000000
hs1 124999999 127777776 0.000000
hs1 127777777 130555554 0.000000
hs1 130555555 133333332 0.000000
hs1 133333333 136111110 0.000000
hs1 136111111 138888887 0.000000
hs1 138888888 141666665 0.000000
hs1 141666666 144444443 0.380927
hs1 144444444 147222221 0.311356
hs1 147222222 149999999 0.478783
hs1 150000000 152777776 0.371754
hs1 152777777 155555554 0.642225
hs1 155555555 158333332 0.256213
hs1 158333333 161111110 0.600244
hs1 161111111 163888887 0.266713
hs1 163888888 166666665 0.471811
hs1 166666666 169444443 0.407210
hs1 169444444 172222221 0.502327
hs1 172222222 174999998 0.694644
hs1 174999999 177777776 0.571772
hs1 177777777 180555554 0.517575
hs1 180555555 183333332 0.630995
hs1 183333333 186111110 0.349445
hs1 186111111 188888887 0.136787
hs1 188888888 191666665 0.120868
hs1 191666666 194444443 0.000000
hs1 194444444 197222221 0.549043
hs1 197222222 199999998 0.298916
hs1 199999999 202777776 0.601284
hs1 202777777 205555554 0.497807
hs1 205555555 208333332 0.340922
hs1 208333333 211111110 0.597909
hs1 211111111 213888887 0.425072
hs1 213888888 216666665 0.712333
hs1 216666666 219444443 0.207448
hs1 219444444 222222221 0.276646
hs1 222222222 224999998 0.534073
hs1 224999999 227777776 0.401632
hs1 227777777 230555554 0.636695
hs1 230555555 233333332 0.396472
hs1 233333333 236111110 0.745339
hs1 236111111 238888887 0.305004
hs1 238888888 241666665 0.615406
hs1 241666666 244444443 0.697888
hs1 244444444 247222221 0.368131
hs19 0 2777776 0.614062
hs19 2777777 5555554 0.636297
hs19 5555555 8333332 0.598646
hs19 8333333 11111110 0.566089
hs19 11111111 13888887 0.576049
hs19 13888888 16666665 0.510168
hs19 16666666 19444443 0.753573
hs19 19444444 22222221 0.354176
hs19 22222222 24999998 0.100512
hs19 24999999 27777776 0.000000
hs19 27777777 30555554 0.000000
hs19 30555555 33333332 0.001241
hs19 33333333 36111110 0.128371
hs19 36111111 38888887 0.344933
hs19 38888888 41666665 0.430891
hs19 41666666 44444443 0.642520
hs19 44444444 47222221 0.497003
hs19 47222222 49999998 0.444578
hs19 49999999 52777776 0.542093
hs19 52777777 55555554 0.697730
hs19 55555555 58333332 0.519600
hs19 58333333 61111110 0.553546
hs19 61111111 63888887 0.452111
hs2 0 2777776 0.464801
hs2 2777777 5555554 0.152376
hs2 5555555 8333332 0.101427
hs2 8333333 11111110 0.451752
hs2 11111111 13888887 0.161744
hs2 13888888 16666665 0.187908
hs2 16666666 19444443 0.138138
hs2 19444444 22222221 0.161855
hs2 22222222 24999998 0.420691
hs2 24999999 27777776 0.716843
hs2 27777777 30555554 0.668272
hs2 30555555 33333332 0.707543
hs2 33333333 36111110 0.104730
hs2 36111111 38888887 0.449853
hs2 38888888 41666665 0.361873
hs2 41666666 44444443 0.459455
hs2 44444444 47222221 0.608050
hs2 47222222 49999998 0.340644
hs2 49999999 52777776 0.400745
hs2 52777777 55555554 0.524191
hs2 55555555 58333332 0.219684
hs2 58333333 61111110 0.099753
hs2 61111111 63888887 0.594869
hs2 63888888 66666665 0.266126
hs2 66666666 69444443 0.266723
hs2 69444444 72222221 0.476533
hs2 72222222 74999999 0.677865
hs2 75000000 77777776 0.388764
hs2 77777777 80555554 0.352455
hs2 80555555 83333332 0.062968
hs2 83333333 86111110 0.336100
hs2 86111111 88888887 0.535818
hs2 88888888 91666665 0.011301
hs2 91666666 94444443 0.000000
hs2 94444444 97222221 0.346054
hs2 97222222 99999998 0.716311
hs2 99999999 102777776 0.489445
hs2 102777777 105555554 0.113365
hs2 105555555 108333332 0.198925
hs2 108333333 111111110 0.656280
hs2 111111111 113888887 0.533943
hs2 113888888 116666665 0.585978
hs2 116666666 119444443 0.061936
hs2 119444444 122222221 0.491925
hs2 122222222 124999998 0.184671
hs2 124999999 127777776 0.197272
hs2 127777777 130555554 0.246039
hs2 130555555 133333332 0.414748
hs2 133333333 136111110 0.680079
hs2 136111111 138888887 0.374261
hs2 138888888 141666665 0.412413
hs2 141666666 144444443 0.636186
hs2 144444444 147222221 0.228306
hs2 147222222 149999999 0.479517
hs2 150000000 152777776 0.288451
hs2 152777777 155555554 0.419499
hs2 155555555 158333332 0.138823
hs2 158333333 161111110 0.727038
hs2 161111111 163888887 0.458847
hs2 163888888 166666665 0.421761
hs2 166666666 169444443 0.493454
hs2 169444444 172222221 0.698152
hs2 172222222 174999998 0.469779
hs2 174999999 177777776 0.244691
hs2 177777777 180555554 0.839468
hs2 180555555 183333332 0.326960
hs2 183333333 186111110 0.203462
hs2 186111111 188888887 0.186808
hs2 188888888 191666665 0.488447
hs2 191666666 194444443 0.191844
hs2 194444444 197222221 0.307087
hs2 197222222 199999998 0.435711
hs2 199999999 202777776 0.529850
hs2 202777777 205555554 0.567319
hs2 205555555 208333332 0.548116
hs2 208333333 211111110 0.475695
hs2 211111111 213888887 0.536305
hs2 213888888 216666665 0.643157
hs2 216666666 219444443 0.556246
hs2 219444444 222222221 0.221430
hs2 222222222 224999998 0.253735
hs2 224999999 227777776 0.388344
hs2 227777777 230555554 0.496734
hs2 230555555 233333332 0.553967
hs2 233333333 236111110 0.622866
hs2 236111111 238888887 0.556080
hs2 238888888 241666665 0.334101
hs2 241666666 244444443 0.264816
hs8 0 2777776 0.259852
hs8 2777777 5555554 0.741404
hs8 5555555 8333332 0.292808
hs8 8333333 11111110 0.445332
hs8 11111111 13888887 0.415778
hs8 13888888 16666665 0.524764
hs8 16666666 19444443 0.572630
hs8 19444444 22222221 0.242137
hs8 22222222 24999998 0.393274
hs8 24999999 27777776 0.453910
hs8 27777777 30555554 0.496155
hs8 30555555 33333332 0.539985
hs8 33333333 36111110 0.259219
hs8 36111111 38888887 0.286669
hs8 38888888 41666665 0.505138
hs8 41666666 44444443 0.382375
hs8 44444444 47222221 0.000000
hs8 47222222 49999998 0.278045
hs8 49999999 52777776 0.456358
hs8 52777777 55555554 0.360287
hs8 55555555 58333332 0.284427
hs8 58333333 61111110 0.226945
hs8 61111111 63888887 0.495840
hs8 63888888 66666665 0.175808
hs8 66666666 69444443 0.595209
hs8 69444444 72222221 0.425950
hs8 72222222 74999999 0.486980
hs8 75000000 77777776 0.134956
hs8 77777777 80555554 0.143535
hs8 80555555 83333332 0.312681
hs8 83333333 86111110 0.265906
hs8 86111111 88888887 0.430755
hs8 88888888 91666665 0.172501
hs8 91666666 94444443 0.266263
hs8 94444444 97222221 0.251624
hs8 97222222 99999998 0.590721
hs8 99999999 102777776 0.558651
hs8 102777777 105555554 0.638831
hs8 105555555 108333332 0.389186
hs8 108333333 111111110 0.352580
hs8 111111111 113888887 0.210473
hs8 113888888 116666665 0.290267
hs8 116666666 119444443 0.349070
hs8 119444444 122222221 0.506463
hs8 122222222 124999998 0.262368
hs8 124999999 127777776 0.329121
hs8 127777777 130555554 0.127014
hs8 130555555 133333332 0.381445
hs8 133333333 136111110 0.448267
hs8 136111111 138888887 0.092060
hs8 138888888 141666665 0.565641
hs8 141666666 144444443 0.371607
hs8 144444444 147222221 0.362536
hs6 0 2777776 0.425359
hs6 2777777 5555554 0.456281
hs6 5555555 8333332 0.465466
hs6 8333333 11111110 0.145475
hs6 11111111 13888887 0.516397
hs6 13888888 16666665 0.306022
hs6 16666666 19444443 0.334441
hs6 19444444 22222221 0.488607
hs6 22222222 24999998 0.252852
hs6 24999999 27777776 0.361536
hs6 27777777 30555554 0.214213
hs6 30555555 33333332 0.445272
hs6 33333333 36111110 0.606210
hs6 36111111 38888887 0.661809
hs6 38888888 41666665 0.458106
hs6 41666666 44444443 0.622473
hs6 44444444 47222221 0.552294
hs6 47222222 49999998 0.258090
hs6 49999999 52777776 0.312070
hs6 52777777 55555554 0.429143
hs6 55555555 58333332 0.372487
hs6 58333333 61111110 0.014964
hs6 61111111 63888887 0.218245
hs6 63888888 66666665 0.760027
hs6 66666666 69444443 0.015153
hs6 69444444 72222221 0.628381
hs6 72222222 74999999 0.520373
hs6 75000000 77777776 0.282070
hs6 77777777 80555554 0.120416
hs6 80555555 83333332 0.143656
hs6 83333333 86111110 0.355519
hs6 86111111 88888887 0.271680
hs6 88888888 91666665 0.528819
hs6 91666666 94444443 0.064643
hs6 94444444 97222221 0.139860
hs6 97222222 99999998 0.224483
hs6 99999999 102777776 0.467291
hs6 102777777 105555554 0.063276
hs6 105555555 108333332 0.493579
hs6 108333333 111111110 0.603382
hs6 111111111 113888887 0.358071
hs6 113888888 116666665 0.119285
hs6 116666666 119444443 0.590180
hs6 119444444 122222221 0.183033
hs6 122222222 124999998 0.598728
hs6 124999999 127777776 0.313679
hs6 127777777 130555554 0.664850
hs6 130555555 133333332 0.341187
hs6 133333333 136111110 0.559657
hs6 136111111 138888887 0.578716
hs6 138888888 141666665 0.128043
hs6 141666666 144444443 0.490550
hs6 144444444 147222221 0.521923
hs6 147222222 149999999 0.368442
hs6 150000000 152777776 0.683455
hs6 152777777 155555554 0.415502
hs6 155555555 158333332 0.378882
hs6 158333333 161111110 0.533893
hs6 161111111 163888887 0.859613
hs6 163888888 166666665 0.175849
hs6 166666666 169444443 0.407498
hs6 169444444 172222221 0.177249
hs14 0 2777776 0.000000
hs14 2777777 5555554 0.000000
hs14 5555555 8333332 0.000000
hs14 8333333 11111110 0.000000
hs14 11111111 13888887 0.000000
hs14 13888888 16666665 0.000000
hs14 16666666 19444443 0.026150
hs14 19444444 22222221 0.207851
hs14 22222222 24999998 0.360323
hs14 24999999 27777776 0.054674
hs14 27777777 30555554 0.248072
hs14 30555555 33333332 0.733044
hs14 33333333 36111110 0.350727
hs14 36111111 38888887 0.399770
hs14 38888888 41666665 0.119910
hs14 41666666 44444443 0.004081
hs14 44444444 47222221 0.415196
hs14 47222222 49999998 0.210203
hs14 49999999 52777776 0.551561
hs14 52777777 55555554 0.302894
hs14 55555555 58333332 0.370193
hs14 58333333 61111110 0.479123
hs14 61111111 63888887 0.515971
hs14 63888888 66666665 0.532138
hs14 66666666 69444443 0.703036
hs14 69444444 72222221 0.565877
hs14 72222222 74999999 0.668978
hs14 75000000 77777776 0.616891
hs14 77777777 80555554 0.713637
hs14 80555555 83333332 0.128576
hs14 83333333 86111110 0.035202
hs14 86111111 88888887 0.301452
hs14 88888888 91666665 0.709701
hs14 91666666 94444443 0.589009
hs14 94444444 97222221 0.279040
hs14 97222222 99999998 0.314929
hs14 99999999 102777776 0.454277
hs14 102777777 105555554 0.407380
hs14 105555555 108333332 0.004959
hs17 0 2777776 0.746382
hs17 2777777 5555554 0.620481
hs17 5555555 8333332 0.452042
hs17 8333333 11111110 0.610424
hs17 11111111 13888887 0.449508
hs17 13888888 16666665 0.405150
hs17 16666666 19444443 0.588370
hs17 19444444 22222221 0.308159
hs17 22222222 24999998 0.489705
hs17 24999999 27777776 0.651784
hs17 27777777 30555554 0.680261
hs17 30555555 33333332 0.544023
hs17 33333333 36111110 0.554051
hs17 36111111 38888887 0.509293
hs17 38888888 41666665 0.562476
hs17 41666666 44444443 0.582832
hs17 44444444 47222221 0.485840
hs17 47222222 49999998 0.134097
hs17 49999999 52777776 0.358629
hs17 52777777 55555554 0.684497
hs17 55555555 58333332 0.682224
hs17 58333333 61111110 0.598922
hs17 61111111 63888887 0.730107
hs17 63888888 66666665 0.280204
hs17 66666666 69444443 0.340813
hs17 69444444 72222221 0.635264
hs17 72222222 74999999 0.563500
hs17 75000000 77777776 0.625129
hs17 77777777 80555554 0.239823
hs21 0 2777776 0.000000
hs21 2777777 5555554 0.000000
hs21 5555555 8333332 0.000000
hs21 8333333 11111110 0.157558
hs21 11111111 13888887 0.028830
hs21 13888888 16666665 0.302341
hs21 16666666 19444443 0.197363
hs21 19444444 22222221 0.216395
hs21 22222222 24999998 0.000000
hs21 24999999 27777776 0.238026
hs21 27777777 30555554 0.319709
hs21 30555555 33333332 0.418572
hs21 33333333 36111110 0.429631
hs21 36111111 38888887 0.603202
hs21 38888888 41666665 0.554646
hs21 41666666 44444443 0.540852
hs21 44444444 47222221 0.541239
