hsX 0 2173912 0.206990
hsX 2173913 4347825 0.360707
hsX 4347826 6521738 0.156458
hsX 6521739 8695651 0.217011
hsX 8695652 10869564 0.495065
hsX 10869565 13043477 0.587683
hsX 13043478 15217390 0.302475
hsX 15217391 17391303 0.481589
hsX 17391304 19565216 0.657184
hsX 19565217 21739129 0.409751
hsX 21739130 23913042 0.254294
hsX 23913043 26086955 0.301582
hsX 26086956 28260868 0.013594
hsX 28260869 30434781 0.641899
hsX 30434782 32608694 0.791450
hsX 32608695 34782607 0.318209
hsX 34782608 36956520 0.151232
hsX 36956521 39130433 0.348072
hsX 39130434 41304346 0.230748
hsX 41304347 43478259 0.209738
hsX 43478260 45652172 0.304388
hsX 45652173 47826085 0.399868
hsX 47826086 49999999 0.707441
hsX 50000000 52173912 0.248239
hsX 52173913 54347825 0.443734
hsX 54347826 56521738 0.205133
hsX 56521739 58695651 0.151293
hsX 58695652 60869564 0.000000
hsX 60869565 63043477 0.133039
hsX 63043478 65217390 0.184891
hsX 65217391 67391303 0.238203
hsX 67391304 69565216 0.457790
hsX 69565217 71739129 0.651958
hsX 71739130 73913042 0.443203
hsX 73913043 76086955 0.207812
hsX 76086956 78260868 0.283837
hsX 78260869 80434781 0.209101
hsX 80434782 82608694 0.002722
hsX 82608695 84782607 0.266682
hsX 84782608 86956520 0.470521
hsX 86956521 89130433 0.003911
hsX 89130434 91304346 0.178213
hsX 91304347 93478259 0.230677
hsX 93478260 95652172 0.000376
hsX 95652173 97826085 0.422040
hsX 97826086 99999999 0.340566
hsX 100000000 102173912 0.479303
hsX 102173913 104347825 0.403579
hsX 104347826 106521738 0.574932
hsX 106521739 108695651 0.441823
hsX 108695652 110869564 0.531788
hsX 110869565 113043477 0.386941
hsX 113043478 115217390 0.265226
hsX 115217391 117391303 0.126867
hsX 117391304 119565216 0.420849
hsX 119565217 121739129 0.229203
hsX 121739130 123913042 0.569282
hsX 123913043 126086955 0.009385
hsX 126086956 128260868 0.000663
hsX 128260869 130434781 0.395362
hsX 130434782 132608694 0.429510
hsX 132608695 134782607 0.387142
hsX 134782608 136956520 0.237665
hsX 136956521 139130433 0.392656
hsX 139130434 141304346 0.042302
hsX 141304347 143478259 0.018901
hsX 143478260 145652172 0.008991
hsX 145652173 147826085 0.246661
hsX 147826086 149999999 0.352979
hsX 150000000 152173912 0.299019
hsX 152173913 154347825 0.564607
hsX 154347826 156521738 0.098599
hs12 0 2173912 0.803401
hs12 2173913 4347825 0.590847
hs12 4347826 6521738 0.508697
hs12 6521739 8695651 0.461683
hs12 8695652 10869564 0.368561
hs12 10869565 13043477 0.693996
hs12 13043478 15217390 0.449442
hs12 15217391 17391303 0.370720
hs12 17391304 19565216 0.358848
hs12 19565217 21739129 0.449468
hs12 21739130 23913042 0.371658
hs12 23913043 26086955 0.602391
hs12 26086956 28260868 0.533808
hs12 28260869 30434781 0.367086
hs12 30434782 32608694 0.421613
hs12 32608695 34782607 0.153610
hs12 34782608 36956520 0.000000
hs12 36956521 39130433 0.495070
hs12 39130434 41304346 0.540965
hs12 41304347 43478259 0.512749
hs12 43478260 45652172 0.384742
hs12 45652173 47826085 0.326991
hs12 47826086 49999999 0.689763
hs12 50000000 52173912 0.478201
hs12 52173913 54347825 0.301368
hs12 54347826 56521738 0.605359
hs12 56521739 58695651 0.074288
hs12 58695652 60869564 0.221379
hs12 60869565 63043477 0.527564
hs12 63043478 65217390 0.521024
hs12 65217391 67391303 0.159956
hs12 67391304 69565216 0.494692
hs12 69565217 71739129 0.428323
hs12 71739130 73913042 0.079714
hs12 73913043 76086955 0.262457
hs12 76086956 78260868 0.395917
hs12 78260869 80434781 0.623723
hs12 80434782 82608694 0.375743
hs12 82608695 84782607 0.155298
hs12 84782608 86956520 0.424418
hs12 86956521 89130433 0.201075
hs12 89130434 91304346 0.047783
hs12 91304347 93478259 0.379520
hs12 93478260 95652172 0.484083
hs12 95652173 97826085 0.224252
hs12 97826086 99999999 0.830860
hs12 100000000 102173912 0.384486
hs12 102173913 104347825 0.692514
hs12 104347826 106521738 0.577630
hs12 106521739 108695651 0.530677
hs12 108695652 110869564 0.683213
hs12 110869565 113043477 0.537766
hs12 113043478 115217390 0.178080
hs12 115217391 117391303 0.656851
hs12 117391304 119565216 0.509924
hs12 119565217 121739129 0.725192
hs12 121739130 123913042 0.612385
hs12 123913043 126086955 0.239178
hs12 126086956 128260868 0.341752
hs12 128260869 130434781 0.529362
hs12 130434782 132608694 0.467906
hs11 0 2173912 0.600960
hs11 2173913 4347825 0.600366
hs11 4347826 6521738 0.205282
hs11 6521739 8695651 0.497827
hs11 8695652 10869564 0.696710
hs11 10869565 13043477 0.536812
hs11 13043478 15217390 0.554732
hs11 15217391 17391303 0.439588
hs11 17391304 19565216 0.556218
hs11 19565217 21739129 0.757145
hs11 21739130 23913042 0.132966
hs11 23913043 26086955 0.269391
hs11 26086956 28260868 0.530768
hs11 28260869 30434781 0.068280
hs11 30434782 32608694 0.367230
hs11 32608695 34782607 0.528382
hs11 34782608 36956520 0.550337
hs11 36956521 39130433 0.000000
hs11 39130434 41304346 0.082760
hs11 41304347 43478259 0.077569
hs11 43478260 45652172 0.408427
hs11 45652173 47826085 0.737458
hs11 47826086 49999999 0.239003
hs11 50000000 52173912 0.014777
hs11 52173913 54347825 0.000000
hs11 54347826 56521738 0.199870
hs11 56521739 58695651 0.340898
hs11 58695652 60869564 0.375658
hs11 60869565 63043477 0.534436
hs11 63043478 65217390 0.621001
hs11 65217391 67391303 0.575832
hs11 67391304 69565216 0.350726
hs11 69565217 71739129 0.607844
hs11 71739130 73913042 0.714919
hs11 73913043 76086955 0.570463
hs11 76086956 78260868 0.739767
hs11 78260869 80434781 0.261499
hs11 80434782 82608694 0.117749
hs11 82608695 84782607 0.916664
hs11 84782608 86956520 0.562310
hs11 86956521 89130433 0.503962
hs11 89130434 91304346 0.064439
hs11 91304347 93478259 0.469594
hs11 93478260 95652172 0.431779
hs11 95652173 97826085 0.048092
hs11 97826086 99999999 0.614378
hs11 100000000 102173912 0.469693
hs11 102173913 104347825 0.341567
hs11 104347826 106521738 0.376699
hs11 106521739 108695651 0.548157
hs11 108695652 110869564 0.194488
hs11 110869565 113043477 0.474622
hs11 113043478 115217390 0.392409
hs11 115217391 117391303 0.466416
hs11 117391304 119565216 0.435219
hs11 119565217 121739129 0.484652
hs11 121739130 123913042 0.280578
hs11 123913043 126086955 0.632833
hs11 126086956 128260868 0.261257
hs11 128260869 130434781 0.382423
hs11 130434782 132608694 0.821081
hs11 132608695 134782607 0.311133
hs22 0 2173912 0.000000
hs22 2173913 4347825 0.000000
hs22 4347826 6521738 0.000000
hs22 6521739 8695651 0.000000
hs22 8695652 10869564 0.000000
hs22 10869565 13043477 0.000000
hs22 13043478 15217390 0.014991
hs22 15217391 17391303 0.417852
hs22 17391304 19565216 0.542396
hs22 19565217 21739129 0.302657
hs22 21739130 23913042 0.698202
hs22 23913043 26086955 0.703442
hs22 26086956 28260868 0.681207
hs22 28260869 30434781 0.652696
hs22 30434782 32608694 0.771699
hs22 32608695 34782607 0.245767
hs22 34782608 36956520 0.540457
hs22 36956521 39130433 0.653015
hs22 39130434 41304346 0.617868
hs22 41304347 43478259 0.629263
hs22 43478260 45652172 0.735868
hs22 45652173 47826085 0.265210
hs22 47826086 49999999 0.358902
hs10 0 2173912 0.625187
hs10 2173913 4347825 0.052264
hs10 4347826 6521738 0.330384
hs10 6521739 8695651 0.375137
hs10 8695652 10869564 0.001453
hs10 10869565 13043477 0.655936
hs10 13043478 15217390 0.674010
hs10 15217391 17391303 0.535398
hs10 17391304 19565216 0.623283
hs10 19565217 21739129 0.404227
hs10 21739130 23913042 0.417270
hs10 23913043 26086955 0.733902
hs10 26086956 28260868 0.531758
hs10 28260869 30434781 0.346181
hs10 30434782 32608694 0.311339
hs10 32608695 34782607 0.492476
hs10 34782608 36956520 0.395526
hs10 36956521 39130433 0.158694
hs10 39130434 41304346 0.000000
hs10 41304347 43478259 0.219998
hs10 43478260 45652172 0.229483
hs10 45652173 47826085 0.247000
hs10 47826086 49999999 0.470127
hs10 50000000 52173912 0.644123
hs10 52173913 54347825 0.647680
hs10 54347826 56521738 0.459318
hs10 56521739 58695651 0.001765
hs10 58695652 60869564 0.296757
hs10 60869565 63043477 0.338920
hs10 63043478 65217390 0.510157
hs10 65217391 67391303 0.019746
hs10 67391304 69565216 0.995612
hs10 69565217 71739129 0.627927
hs10 71739130 73913042 0.632282
hs10 73913043 76086955 0.823909
hs10 76086956 78260868 0.539872
hs10 78260869 80434781 0.481240
hs10 80434782 82608694 0.362259
hs10 82608695 84782607 0.511459
hs10 84782608 86956520 0.124005
hs10 86956521 89130433 0.664027
hs10 89130434 91304346 0.503622
hs10 91304347 93478259 0.360504
hs10 93478260 95652172 0.590655
hs10 95652173 97826085 0.667204
hs10 97826086 99999999 0.704835
hs10 100000000 102173912 0.711562
hs10 102173913 104347825 0.598218
hs10 104347826 106521738 0.728189
hs10 106521739 108695651 0.398124
hs10 108695652 110869564 0.100570
hs10 110869565 113043477 0.310607
hs10 113043478 115217390 0.352532
hs10 115217391 117391303 0.670894
hs10 117391304 119565216 0.512190
hs10 119565217 121739129 0.462280
hs10 121739130 123913042 0.316853
hs10 123913043 126086955 0.370321
hs10 126086956 128260868 0.623801
hs10 128260869 130434781 0.390179
hs10 130434782 132608694 0.217160
hs10 132608695 134782607 0.377034
hs10 134782608 136956520 0.144933
hs7 0 2173912 0.502514
hs7 2173913 4347825 0.726205
hs7 4347826 6521738 0.567058
hs7 6521739 8695651 0.511503
hs7 8695652 10869564 0.029907
hs7 10869565 13043477 0.391464
hs7 13043478 15217390 0.371460
hs7 15217391 17391303 0.452740
hs7 17391304 19565216 0.301441
hs7 19565217 21739129 0.302316
hs7 21739130 23913042 0.520386
hs7 23913043 26086955 0.193903
hs7 26086956 28260868 0.500159
hs7 28260869 30434781 0.635177
hs7 30434782 32608694 0.404008
hs7 32608695 34782607 0.661784
hs7 34782608 36956520 0.503341
hs7 36956521 39130433 0.570849
hs7 39130434 41304346 0.630037
hs7 41304347 43478259 0.349074
hs7 43478260 45652172 0.552474
hs7 45652173 47826085 0.219567
hs7 47826086 49999999 0.402558
hs7 50000000 52173912 0.418482
hs7 52173913 54347825 0.001136
hs7 54347826 56521738 0.306524
hs7 56521739 58695651 0.027224
hs7 58695652 60869564 0.000000
hs7 60869565 63043477 0.009604
hs7 63043478 65217390 0.312018
hs7 65217391 67391303 0.313126
hs7 67391304 69565216 0.397153
hs7 69565217 71739129 0.746007
hs7 71739130 73913042 0.620796
hs7 73913043 76086955 0.569911
hs7 76086956 78260868 0.687824
hs7 78260869 80434781 0.483786
hs7 80434782 82608694 0.436569
hs7 82608695 84782607 0.308032
hs7 84782608 86956520 0.284855
hs7 86956521 89130433 0.635431
hs7 89130434 91304346 0.306959
hs7 91304347 93478259 0.518066
hs7 93478260 95652172 0.508500
hs7 95652173 97826085 0.246611
hs7 97826086 99999999 0.548212
hs7 100000000 102173912 0.622094
hs7 102173913 104347825 0.875834
hs7 104347826 106521738 0.458955
hs7 106521739 108695651 0.569645
hs7 108695652 110869564 0.374742
hs7 110869565 113043477 0.439472
hs7 113043478 115217390 0.342551
hs7 115217391 117391303 0.542658
hs7 117391304 119565216 0.017516
hs7 119565217 121739129 0.555299
hs7 121739130 123913042 0.436283
hs7 123913043 126086955 0.160189
hs7 126086956 128260868 0.601550
hs7 128260869 130434781 0.597517
hs7 130434782 132608694 0.595755
hs7 132608695 134782607 0.715237
hs7 134782608 136956520 0.382586
hs7 136956521 139130433 0.651686
hs7 139130434 141304346 0.482037
hs7 141304347 143478259 0.243030
hs7 143478260 145652172 0.297590
hs7 145652173 147826085 0.964598
hs7 147826086 149999999 0.375868
hs7 150000000 152173912 0.640122
hs7 152173913 154347825 0.511089
hs7 154347826 156521738 0.265189
hs7 156521739 158695651 0.761849
hs4 0 2173912 0.641967
hs4 2173913 4347825 0.498854
hs4 4347826 6521738 0.622691
hs4 6521739 8695651 0.687979
hs4 8695652 10869564 0.226972
hs4 10869565 13043477 0.046262
hs4 13043478 15217390 0.194824
hs4 15217391 17391303 0.460295
hs4 17391304 19565216 0.102876
hs4 19565217 21739129 0.746854
hs4 21739130 23913042 0.162554
hs4 23913043 26086955 0.330135
hs4 26086956 28260868 0.158742
hs4 28260869 30434781 0.047678
hs4 30434782 32608694 0.148460
hs4 32608695 34782607 0.000000
hs4 34782608 36956520 0.126928
hs4 36956521 39130433 0.590838
hs4 39130434 41304346 0.686034
hs4 41304347 43478259 0.367276
hs4 43478260 45652172 0.161424
hs4 45652173 47826085 0.674159
hs4 47826086 49999999 0.296617
hs4 50000000 52173912 0.000000
hs4 52173913 54347825 0.433551
hs4 54347826 56521738 0.269164
hs4 56521739 58695651 0.285516
hs4 58695652 60869564 0.000000
hs4 60869565 63043477 0.264652
hs4 63043478 65217390 0.060258
hs4 65217391 67391303 0.161172
hs4 67391304 69565216 0.338094
hs4 69565217 71739129 0.234611
hs4 71739130 73913042 0.504015
hs4 73913043 76086955 0.265396
hs4 76086956 78260868 0.575697
hs4 78260869 80434781 0.465500
hs4 80434782 82608694 0.494119
hs4 82608695 84782607 0.354888
hs4 84782608 86956520 0.345759
hs4 86956521 89130433 0.638029
hs4 89130434 91304346 0.471597
hs4 91304347 93478259 0.677287
hs4 93478260 95652172 0.746856
hs4 95652173 97826085 0.431740
hs4 97826086 99999999 0.439368
hs4 100000000 102173912 0.281431
hs4 102173913 104347825 0.612712
hs4 104347826 106521738 0.135493
hs4 106521739 108695651 0.383483
hs4 108695652 110869564 0.589735
hs4 110869565 113043477 0.214550
hs4 113043478 115217390 0.604870
hs4 115217391 117391303 0.167807
hs4 117391304 119565216 0.137568
hs4 119565217 121739129 0.293863
hs4 121739130 123913042 0.392299
hs4 123913043 126086955 0.382469
hs4 126086956 128260868 0.081200
hs4 128260869 130434781 0.356461
hs4 130434782 132608694 0.000000
hs4 132608695 134782607 0.019441
hs4 134782608 136956520 0.002491
hs4 136956521 139130433 0.006237
hs4 139130434 141304346 0.393250
hs4 141304347 143478259 0.472293
hs4 143478260 145652172 0.431572
hs4 145652173 147826085 0.417502
hs4 147826086 149999999 0.492666
hs4 150000000 152173912 0.428988
hs4 152173913 154347825 0.446760
hs4 154347826 156521738 0.391607
hs4 156521739 158695651 0.300511
hs4 158695652 160869564 0.301451
hs4 160869565 163043477 0.238731
hs4 163043478 165217390 0.413686
hs4 165217391 167391303 0.396721
hs4 167391304 169565216 0.344848
hs4 169565217 171739129 0.515982
hs4 171739130 173913042 0.433271
hs4 173913043 176086955 0.370419
hs4 176086956 178260868 0.394842
hs4 178260869 180434781 0.150340
hs4 180434782 182608694 0.000000
hs4 182608695 184782607 0.345367
hs4 184782608 186956520 0.518270
hs4 186956521 189130433 0.200796
hs4 189130434 191304346 0.055300
hs16 0 2173912 0.717316
hs16 2173913 4347825 0.613974
hs16 4347826 6521738 0.532105
hs16 6521739 8695651 0.565151
hs16 8695652 10869564 0.432941
hs16 10869565 13043477 0.652019
hs16 13043478 15217390 0.401862
hs16 15217391 17391303 0.511738
hs16 17391304 19565216 0.356259
hs16 19565217 21739129 0.603548
hs16 21739130 23913042 0.558556
hs16 23913043 26086955 0.538229
hs16 26086956 28260868 0.415993
hs16 28260869 30434781 0.462227
hs16 30434782 32608694 0.284320
hs16 32608695 34782607 0.025151
hs16 34782608 36956520 0.000000
hs16 36956521 39130433 0.000000
hs16 39130434 41304346 0.000000
hs16 41304347 43478259 0.000000
hs16 43478260 45652172 0.146881
hs16 45652173 47826085 0.435136
hs16 47826086 49999999 0.364387
hs16 50000000 52173912 0.207672
hs16 52173913 54347825 0.314579
hs16 54347826 56521738 0.619308
hs16 56521739 58695651 0.197664
hs16 58695652 60869564 0.176089
hs16 60869565 63043477 0.000000
hs16 63043478 65217390 0.303436
hs16 65217391 67391303 0.749834
hs16 67391304 69565216 0.806949
hs16 69565217 71739129 0.495614
hs16 71739130 73913042 0.313921
hs16 73913043 76086955 0.321476
hs16 76086956 78260868 0.616729
hs16 78260869 80434781 0.492700
hs16 80434782 82608694 0.673767
hs16 82608695 84782607 0.395681
hs16 84782608 86956520 0.269318
hs16 86956521 89130433 0.575260
hs20 0 2173912 0.348201
hs20 2173913 4347825 0.598515
hs20 4347826 6521738 0.319402
hs20 6521739 8695651 0.341627
hs20 8695652 10869564 0.557055
hs20 10869565 13043477 0.065145
hs20 13043478 15217390 0.888910
hs20 15217391 17391303 0.605670
hs20 17391304 19565216 0.560443
hs20 19565217 21739129 0.501698
hs20 21739130 23913042 0.080799
hs20 23913043 26086955 0.361660
hs20 26086956 28260868 0.010223
hs20 28260869 30434781 0.299054
hs20 30434782 32608694 0.521258
hs20 32608695 34782607 0.758589
hs20 34782608 36956520 0.615625
hs20 36956521 39130433 0.086355
hs20 39130434 41304346 0.724798
hs20 41304347 43478259 0.506089
hs20 43478260 45652172 0.567885
hs20 45652173 47826085 0.448752
hs20 47826086 49999999 0.428594
hs20 50000000 52173912 0.353064
hs20 52173913 54347825 0.099623
hs20 54347826 56521738 0.330409
hs20 56521739 58695651 0.317846
hs20 58695652 60869564 0.527263
hs20 60869565 63043477 0.457638
hs13 0 2173912 0.000000
hs13 2173913 4347825 0.000000
hs13 4347826 6521738 0.000000
hs13 6521739 8695651 0.000000
hs13 8695652 10869564 0.000000
hs13 10869565 13043477 0.000000
hs13 13043478 15217390 0.000000
hs13 15217391 17391303 0.000000
hs13 17391304 19565216 0.291843
hs13 19565217 21739129 0.380119
hs13 21739130 23913042 0.322992
hs13 23913043 26086955 0.587414
hs13 26086956 28260868 0.395061
hs13 28260869 30434781 0.423033
hs13 30434782 32608694 0.513805
hs13 32608695 34782607 0.306306
hs13 34782608 36956520 0.741776
hs13 36956521 39130433 0.372925
hs13 39130434 41304346 0.496518
hs13 41304347 43478259 0.569435
hs13 43478260 45652172 0.433103
hs13 45652173 47826085 0.231780
hs13 47826086 49999999 0.512733
hs13 50000000 52173912 0.532247
hs13 52173913 54347825 0.029718
hs13 54347826 56521738 0.000000
hs13 56521739 58695651 0.079512
hs13 58695652 60869564 0.310878
hs13 60869565 63043477 0.002685
hs13 63043478 65217390 0.002362
hs13 65217391 67391303 0.426651
hs13 67391304 69565216 0.285677
hs13 69565217 71739129 0.219506
hs13 71739130 73913042 0.379093
hs13 73913043 76086955 0.233816
hs13 76086956 78260868 0.288287
hs13 78260869 80434781 0.261657
hs13 80434782 82608694 0.000000
hs13 82608695 84782607 0.193357
hs13 84782608 86956520 0.003019
hs13 86956521 89130433 0.003221
hs13 89130434 91304346 0.229259
hs13 91304347 93478259 0.834588
hs13 93478260 95652172 0.665968
hs13 95652173 97826085 0.532042
hs13 97826086 99999999 0.724673
hs13 100000000 102173912 0.675947
hs13 102173913 104347825 0.075263
hs13 104347826 106521738 0.043822
hs13 106521739 108695651 0.632315
hs13 108695652 110869564 0.363225
hs13 110869565 113043477 0.329366
hs13 113043478 115217390 0.267362
hs18 0 2173912 0.275381
hs18 2173913 4347825 0.461258
hs18 4347826 6521738 0.314662
hs18 6521739 8695651 0.521533
hs18 8695652 10869564 0.444696
hs18 10869565 13043477 0.515000
hs18 13043478 15217390 0.395678
hs18 15217391 17391303 0.222230
hs18 17391304 19565216 0.396183
hs18 19565217 21739129 0.442353
hs18 21739130 23913042 0.452069
hs18 23913043 26086955 0.045264
hs18 26086956 28260868 0.345045
hs18 28260869 30434781 0.597534
hs18 30434782 32608694 0.621712
hs18 32608695 34782607 0.348520
hs18 34782608 36956520 0.250734
hs18 36956521 39130433 0.252449
hs18 39130434 41304346 0.178636
hs18 41304347 43478259 0.518523
hs18 43478260 45652172 0.462007
hs18 45652173 47826085 0.354850
hs18 47826086 49999999 0.580134
hs18 50000000 52173912 0.267338
hs18 52173913 54347825 0.512962
hs18 54347826 56521738 0.313760
hs18 56521739 58695651 0.314355
hs18 58695652 60869564 0.296794
hs18 60869565 63043477 0.106070
hs18 63043478 65217390 0.180098
hs18 65217391 67391303 0.361238
hs18 67391304 69565216 0.058804
hs18 69565217 71739129 0.375359
hs18 71739130 73913042 0.225088
hs18 73913043 76086955 0.364018
hs18 76086956 78260868 0.008939
hs3 0 2173912 0.266693
hs3 2173913 4347825 0.485675
hs3 4347826 6521738 0.257491
hs3 6521739 8695651 0.580409
hs3 8695652 10869564 0.614807
hs3 10869565 13043477 0.672046
hs3 13043478 15217390 0.546997
hs3 15217391 17391303 0.581335
hs3 17391304 19565216 0.389183
hs3 19565217 21739129 0.261148
hs3 21739130 23913042 0.232780
hs3 23913043 26086955 0.345939
hs3 26086956 28260868 0.153851
hs3 28260869 30434781 0.444316
hs3 30434782 32608694 0.466238
hs3 32608695 34782607 0.382429
hs3 34782608 36956520 0.211727
hs3 36956521 39130433 0.737001
hs3 39130434 41304346 0.353609
hs3 41304347 43478259 0.648565
hs3 43478260 45652172 0.463577
hs3 45652173 47826085 0.580162
hs3 47826086 49999999 0.764192
hs3 50000000 52173912 0.747779
hs3 52173913 54347825 0.738954
hs3 54347826 56521738 0.799080
hs3 56521739 58695651 0.717767
hs3 58695652 60869564 0.675036
hs3 60869565 63043477 0.723115
hs3 63043478 65217390 0.408650
hs3 65217391 67391303 0.568951
hs3 67391304 69565216 0.637549
hs3 69565217 71739129 0.394418
hs3 71739130 73913042 0.304282
hs3 73913043 76086955 0.148761
hs3 76086956 78260868 0.279391
hs3 78260869 80434781 0.538510
hs3 80434782 82608694 0.125167
hs3 82608695 84782607 0.000000
hs3 84782608 86956520 0.513105
hs3 86956521 89130433 0.059983
hs3 89130434 91304346 0.172322
hs3 91304347 93478259 0.000000
hs3 93478260 95652172 0.119374
hs3 95652173 97826085 0.024409
hs3 97826086 99999999 0.557336
hs3 100000000 102173912 0.700689
hs3 102173913 104347825 0.272587
hs3 104347826 106521738 0.000000
hs3 106521739 108695651 0.294044
hs3 108695652 110869564 0.559418
hs3 110869565 113043477 0.207757
hs3 113043478 115217390 0.637724
hs3 115217391 117391303 0.660964
hs3 117391304 119565216 0.120991
hs3 119565217 121739129 0.533459
hs3 121739130 123913042 0.751934
hs3 123913043 126086955 0.835223
hs3 126086956 128260868 0.597379
hs3 128260869 130434781 0.429735
hs3 130434782 132608694 0.630456
hs3 132608695 134782607 0.680932
hs3 134782608 136956520 0.477584
hs3 136956521 139130433 0.414921
hs3 139130434 141304346 0.475876
hs3 141304347 143478259 0.601231
hs3 143478260 145652172 0.557250
hs3 145652173 147826085 0.121249
hs3 147826086 149999999 0.033596
hs3 150000000 152173912 0.425028
hs3 152173913 154347825 0.411278
hs3 154347826 156521738 0.186702
hs3 156521739 158695651 0.601492
hs3 158695652 160869564 0.577607
hs3 160869565 163043477 0.413484
hs3 163043478 165217390 0.000000
hs3 165217391 167391303 0.080098
hs3 167391304 169565216 0.316837
hs3 169565217 171739129 0.721977
hs3 171739130 173913042 0.548282
hs3 173913043 176086955 0.566216
hs3 176086956 178260868 0.441048
hs3 178260869 180434781 0.269233
hs3 180434782 182608694 0.331034
hs3 182608695 184782607 0.350816
hs3 184782608 186956520 0.586128
hs3 186956521 189130433 0.365939
hs3 189130434 191304346 0.599680
hs3 191304347 193478259 0.248749
hs3 193478260 195652172 0.486252
hs3 195652173 197826085 0.465233
hs3 197826086 199999999 0.463621
hs9 0 2173912 0.411257
hs9 2173913 4347825 0.442145
hs9 4347826 6521738 0.484551
hs9 6521739 8695651 0.442857
hs9 8695652 10869564 0.877253
hs9 10869565 13043477 0.029868
hs9 13043478 15217390 0.331862
hs9 15217391 17391303 0.603571
hs9 17391304 19565216 0.513579
hs9 19565217 21739129 0.449628
hs9 21739130 23913042 0.167901
hs9 23913043 26086955 0.001137
hs9 26086956 28260868 0.437821
hs9 28260869 30434781 0.206352
hs9 30434782 32608694 0.077740
hs9 32608695 34782607 0.611400
hs9 34782608 36956520 0.529659
hs9 36956521 39130433 0.435891
hs9 39130434 41304346 0.109527
hs9 41304347 43478259 0.157951
hs9 43478260 45652172 0.032047
hs9 45652173 47826085 0.027967
hs9 47826086 49999999 0.000000
hs9 50000000 52173912 0.000000
hs9 52173913 54347825 0.000000
hs9 54347826 56521738 0.000000
hs9 56521739 58695651 0.000000
hs9 58695652 60869564 0.000000
hs9 60869565 63043477 0.000000
hs9 63043478 65217390 0.000000
hs9 65217391 67391303 0.035265
hs9 67391304 69565216 0.129568
hs9 69565217 71739129 0.607646
hs9 71739130 73913042 0.506693
hs9 73913043 76086955 0.230983
hs9 76086956 78260868 0.377499
hs9 78260869 80434781 0.557428
hs9 80434782 82608694 0.071199
hs9 82608695 84782607 0.060325
hs9 84782608 86956520 0.507896
hs9 86956521 89130433 0.254039
hs9 89130434 91304346 0.342544
hs9 91304347 93478259 0.172167
hs9 93478260 95652172 0.708367
hs9 95652173 97826085 0.512594
hs9 97826086 99999999 0.525233
hs9 100000000 102173912 0.579703
hs9 102173913 104347825 0.325931
hs9 104347826 106521738 0.035965
hs9 106521739 108695651 0.283077
hs9 108695652 110869564 0.170816
hs9 110869565 113043477 0.803647
hs9 113043478 115217390 0.630278
hs9 115217391 117391303 0.528042
hs9 117391304 119565216 0.599207
hs9 119565217 121739129 0.093303
hs9 121739130 123913042 0.761862
hs9 123913043 126086955 0.565378
hs9 126086956 128260868 0.719066
hs9 128260869 130434781 0.717516
hs9 130434782 132608694 0.497518
hs9 132608695 134782607 0.726823
hs9 134782608 136956520 0.504996
hs9 136956521 139130433 0.430502
hs9 139130434 141304346 0.422787
hs15 0 2173912 0.000000
hs15 2173913 4347825 0.000000
hs15 4347826 6521738 0.000000
hs15 6521739 8695651 0.000000
hs15 8695652 10869564 0.000000
hs15 10869565 13043477 0.000000
hs15 13043478 15217390 0.000000
hs15 15217391 17391303 0.000000
hs15 17391304 19565216 0.075807
hs15 19565217 21739129 0.225561
hs15 21739130 23913042 0.256565
hs15 23913043 26086955 0.643442
hs15 26086956 28260868 0.497851
hs15 28260869 30434781 0.309811
hs15 30434782 32608694 0.720528
hs15 32608695 34782607 0.223951
hs15 34782608 36956520 0.271564
hs15 36956521 39130433 0.457926
hs15 39130434 41304346 0.800762
hs15 41304347 43478259 0.654492
hs15 43478260 45652172 0.294389
hs15 45652173 47826085 0.613129
hs15 47826086 49999999 0.677886
hs15 50000000 52173912 0.441175
hs15 52173913 54347825 0.602723
hs15 54347826 56521738 0.510986
hs15 56521739 58695651 0.538425
hs15 58695652 60869564 0.449725
hs15 60869565 63043477 0.649788
hs15 63043478 65217390 0.630201
hs15 65217391 67391303 0.657506
hs15 67391304 69565216 0.390784
hs15 69565217 71739129 0.698227
hs15 71739130 73913042 0.479788
hs15 73913043 76086955 0.606510
hs15 76086956 78260868 0.416911
hs15 78260869 80434781 0.368286
hs15 80434782 82608694 0.677802
hs15 82608695 84782607 0.559616
hs15 84782608 86956520 0.472077
hs15 86956521 89130433 0.534864
hs15 89130434 91304346 0.408079
hs15 91304347 93478259 0.137749
hs15 93478260 95652172 0.042000
hs15 95652173 97826085 0.393481
hs15 97826086 99999999 0.573688
hs15 100000000 102173912 0.047914
hs5 0 2173912 0.436057
hs5 2173913 4347825 0.006482
hs5 4347826 6521738 0.154837
hs5 6521739 8695651 0.293570
hs5 8695652 10869564 0.517799
hs5 10869565 13043477 0.534744
hs5 13043478 15217390 0.393862
hs5 15217391 17391303 0.520363
hs5 17391304 19565216 0.025900
hs5 19565217 21739129 0.270842
hs5 21739130 23913042 0.521485
hs5 23913043 26086955 0.072543
hs5 26086956 28260868 0.072672
hs5 28260869 30434781 0.000000
hs5 30434782 32608694 0.379006
hs5 32608695 34782607 0.307596
hs5 34782608 36956520 0.488042
hs5 36956521 39130433 0.606635
hs5 39130434 41304346 0.289446
hs5 41304347 43478259 0.430442
hs5 43478260 45652172 0.298722
hs5 45652173 47826085 0.036710
hs5 47826086 49999999 0.021948
hs5 50000000 52173912 0.118874
hs5 52173913 54347825 0.377067
hs5 54347826 56521738 0.431442
hs5 56521739 58695651 0.345819
hs5 58695652 60869564 0.859903
hs5 60869565 63043477 0.180804
hs5 63043478 65217390 0.590802
hs5 65217391 67391303 0.358630
hs5 67391304 69565216 0.762364
hs5 69565217 71739129 0.630841
hs5 71739130 73913042 0.305625
hs5 73913043 76086955 0.570239
hs5 76086956 78260868 0.603255
hs5 78260869 80434781 0.612306
hs5 80434782 82608694 0.500862
hs5 82608695 84782607 0.327813
hs5 84782608 86956520 0.073712
hs5 86956521 89130433 0.185641
hs5 89130434 91304346 0.343476
hs5 91304347 93478259 0.311903
hs5 93478260 95652172 0.698378
hs5 95652173 97826085 0.190298
hs5 97826086 99999999 0.072956
hs5 100000000 102173912 0.131552
hs5 102173913 104347825 0.141189
hs5 104347826 106521738 0.000287
hs5 106521739 108695651 0.578184
hs5 108695652 110869564 0.494836
hs5 110869565 113043477 0.598299
hs5 113043478 115217390 0.191986
hs5 115217391 117391303 0.213896
hs5 117391304 119565216 0.253658
hs5 119565217 121739129 0.180824
hs5 121739130 123913042 0.277378
hs5 123913043 126086955 0.148782
hs5 126086956 128260868 0.422715
hs5 128260869 130434781 0.297844
hs5 130434782 132608694 0.555504
hs5 132608695 134782607 0.490453
hs5 134782608 136956520 0.399019
hs5 136956521 139130433 0.617778
hs5 139130434 141304346 2.804396
hs5 141304347 143478259 0.386147
hs5 143478260 145652172 0.326956
hs5 145652173 147826085 0.541713
hs5 147826086 149999999 0.591696
hs5 150000000 152173912 0.314591
hs5 152173913 154347825 0.401065
hs5 154347826 156521738 0.252789
hs5 156521739 158695651 0.435867
hs5 158695652 160869564 0.437042
hs5 160869565 163043477 0.118355
hs5 163043478 165217390 0.000000
hs5 165217391 167391303 0.343567
hs5 167391304 169565216 0.779275
hs5 169565217 171739129 0.650374
hs5 171739130 173913042 0.276626
hs5 173913043 176086955 0.255235
hs5 176086956 178260868 0.584801
hs5 178260869 180434781 0.551790
hs5 180434782 182608694 0.024587
hsY 0 2173912 0.206990
hsY 2173913 4347825 0.213954
hsY 4347826 6521738 0.397071
hsY 6521739 8695651 0.140604
hsY 8695652 10869564 0.434256
hsY 10869565 13043477 0.007119
hsY 13043478 15217390 0.237846
hsY 15217391 17391303 0.114012
hsY 17391304 19565216 0.146216
hsY 19565217 21739129 0.156253
hsY 21739130 23913042 0.417391
hsY 23913043 26086955 0.259531
hsY 26086956 28260868 0.007071
hsY 28260869 30434781 0.000000
hsY 30434782 32608694 0.000000
hsY 32608695 34782607 0.000000
hsY 34782608 36956520 0.000000
hsY 36956521 39130433 0.000000
hsY 39130434 41304346 0.000000
hsY 41304347 43478259 0.000000
hsY 43478260 45652172 0.000000
hsY 45652173 47826085 0.000000
hsY 47826086 49999999 0.000000
hsY 50000000 52173912 0.000000
hsY 52173913 54347825 0.000000
hsY 54347826 56521738 0.000000
hsY 56521739 58695651 0.041583
hs1 0 2173912 0.486880
hs1 2173913 4347825 0.479506
hs1 4347826 6521738 0.335870
hs1 6521739 8695651 0.759211
hs1 8695652 10869564 0.660777
hs1 10869565 13043477 0.529663
hs1 13043478 15217390 0.327181
hs1 15217391 17391303 0.633785
hs1 17391304 19565216 0.536299
hs1 19565217 21739129 0.560812
hs1 21739130 23913042 0.516710
hs1 23913043 26086955 0.541043
hs1 26086956 28260868 0.550593
hs1 28260869 30434781 0.428441
hs1 30434782 32608694 0.400060
hs1 32608695 34782607 0.599773
hs1 34782608 36956520 0.466588
hs1 36956521 39130433 0.312337
hs1 39130434 41304346 0.598650
hs1 41304347 43478259 0.531317
hs1 43478260 45652172 0.708850
hs1 45652173 47826085 0.569285
hs1 47826086 49999999 0.716745
hs1 50000000 52173912 0.709207
hs1 52173913 54347825 0.713324
hs1 54347826 56521738 0.337544
hs1 56521739 58695651 0.739972
hs1 58695652 60869564 0.354471
hs1 60869565 63043477 0.565924
hs1 63043478 65217390 0.562030
hs1 65217391 67391303 0.714746
hs1 67391304 69565216 0.241006
hs1 69565217 71739129 0.423197
hs1 71739130 73913042 0.359599
hs1 73913043 76086955 0.568955
hs1 76086956 78260868 0.744764
hs1 78260869 80434781 0.201539
hs1 80434782 82608694 0.088332
hs1 82608695 84782607 0.210443
hs1 84782608 86956520 0.618632
hs1 86956521 89130433 0.242951
hs1 89130434 91304346 0.302692
hs1 91304347 93478259 0.603972
hs1 93478260 95652172 0.419788
hs1 95652173 97826085 0.277668
hs1 97826086 99999999 0.319148
hs1 100000000 102173912 0.394793
hs1 102173913 104347825 0.214909
hs1 104347826 106521738 0.159477
hs1 106521739 108695651 0.379282
hs1 108695652 110869564 0.509773
hs1 110869565 113043477 0.442263
hs1 113043478 115217390 0.483817
hs1 115217391 117391303 0.370050
hs1 117391304 119565216 0.389052
hs1 119565217 121739129 0.183722
hs1 121739130 123913042 0.000000
hs1 123913043 126086955 0.000000
hs1 126086956 128260868 0.000000
hs1 128260869 130434781 0.000000
hs1 130434782 132608694 0.000000
hs1 132608695 134782607 0.000000
hs1 134782608 136956520 0.000000
hs1 136956521 139130433 0.000000
hs1 139130434 141304346 0.000000
hs1 141304347 143478259 0.164967
hs1 143478260 145652172 0.537009
hs1 145652173 147826085 0.193058
hs1 147826086 149999999 0.601329
hs1 150000000 152173912 0.257222
hs1 152173913 154347825 0.720109
hs1 154347826 156521738 0.441416
hs1 156521739 158695651 0.318051
hs1 158695652 160869564 0.568591
hs1 160869565 163043477 0.246054
hs1 163043478 165217390 0.351237
hs1 165217391 167391303 0.475745
hs1 167391304 169565216 0.501590
hs1 169565217 171739129 0.439269
hs1 171739130 173913042 0.774396
hs1 173913043 176086955 0.516756
hs1 176086956 178260868 0.665792
hs1 178260869 180434781 0.499174
hs1 180434782 182608694 0.556905
hs1 182608695 184782607 0.618279
hs1 184782608 186956520 0.077602
hs1 186956521 189130433 0.174783
hs1 189130434 191304346 0.074564
hs1 191304347 193478259 0.079878
hs1 193478260 195652172 0.401909
hs1 195652173 197826085 0.299645
hs1 197826086 199999999 0.381948
hs1 200000000 202173912 0.601628
hs1 202173913 204347825 0.528582
hs1 204347826 206521738 0.547441
hs1 206521739 208695651 0.259548
hs1 208695652 210869564 0.604182
hs1 210869565 213043477 0.375799
hs1 213043478 215217390 0.804359
hs1 215217391 217391303 0.344064
hs1 217391304 219565216 0.256831
hs1 219565217 221739129 0.225164
hs1 221739130 223913042 0.596036
hs1 223913043 226086955 0.478410
hs1 226086956 228260868 0.280279
hs1 228260869 230434781 0.782782
hs1 230434782 232608694 0.470706
hs1 232608695 234782607 0.505769
hs1 234782608 236956520 0.510560
hs1 236956521 239130433 0.419169
hs1 239130434 241304346 0.572901
hs1 241304347 243478259 0.624512
hs1 243478260 245652172 0.738344
hs1 245652173 247826085 0.155233
hs19 0 2173912 0.584794
hs19 2173913 4347825 0.701049
hs19 4347826 6521738 0.606664
hs19 6521739 8695651 0.561633
hs19 8695652 10869564 0.549886
hs19 10869565 13043477 0.596783
hs19 13043478 15217390 0.520839
hs19 15217391 17391303 0.616400
hs19 17391304 19565216 0.744062
hs19 19565217 21739129 0.344824
hs19 21739130 23913042 0.170644
hs19 23913043 26086955 0.020211
hs19 26086956 28260868 0.000000
hs19 28260869 30434781 0.000000
hs19 30434782 32608694 0.000000
hs19 32608695 34782607 0.023540
hs19 34782608 36956520 0.176516
hs19 36956521 39130433 0.445999
hs19 39130434 41304346 0.431708
hs19 41304347 43478259 0.606903
hs19 43478260 45652172 0.555368
hs19 45652173 47826085 0.513690
hs19 47826086 49999999 0.427351
hs19 50000000 52173912 0.511262
hs19 52173913 54347825 0.682651
hs19 54347826 56521738 0.595781
hs19 56521739 58695651 0.549791
hs19 58695652 60869564 0.537065
hs19 60869565 63043477 0.454656
hs19 63043478 65217390 0.201952
hs2 0 2173912 0.525824
hs2 2173913 4347825 0.262791
hs2 4347826 6521738 0.028754
hs2 6521739 8695651 0.100847
hs2 8695652 10869564 0.575796
hs2 10869565 13043477 0.208116
hs2 13043478 15217390 0.003385
hs2 15217391 17391303 0.256938
hs2 17391304 19565216 0.156293
hs2 19565217 21739129 0.206815
hs2 21739130 23913042 0.189147
hs2 23913043 26086955 0.695397
hs2 26086956 28260868 0.758734
hs2 28260869 30434781 0.649453
hs2 30434782 32608694 0.587528
hs2 32608695 34782607 0.465064
hs2 34782608 36956520 0.177774
hs2 36956521 39130433 0.488931
hs2 39130434 41304346 0.370500
hs2 41304347 43478259 0.265469
hs2 43478260 45652172 0.597630
hs2 45652173 47826085 0.582792
hs2 47826086 49999999 0.353410
hs2 50000000 52173912 0.512062
hs2 52173913 54347825 0.283052
hs2 54347826 56521738 0.577539
hs2 56521739 58695651 0.089915
hs2 58695652 60869564 0.062106
hs2 60869565 63043477 0.558183
hs2 63043478 65217390 0.468141
hs2 65217391 67391303 0.139192
hs2 67391304 69565216 0.382917
hs2 69565217 71739129 0.548114
hs2 71739130 73913042 0.587966
hs2 73913043 76086955 0.437298
hs2 76086956 78260868 0.356393
hs2 78260869 80434781 0.394748
hs2 80434782 82608694 0.135569
hs2 82608695 84782607 0.103016
hs2 84782608 86956520 0.585345
hs2 86956521 89130433 0.426202
hs2 89130434 91304346 0.010703
hs2 91304347 93478259 0.003737
hs2 93478260 95652172 0.150333
hs2 95652173 97826085 0.414220
hs2 97826086 99999999 0.792914
hs2 100000000 102173912 0.458142
hs2 102173913 104347825 0.177744
hs2 104347826 106521738 0.286859
hs2 106521739 108695651 0.178169
hs2 108695652 110869564 0.724704
hs2 110869565 113043477 0.593222
hs2 113043478 115217390 0.368543
hs2 115217391 117391303 0.506646
hs2 117391304 119565216 0.090302
hs2 119565217 121739129 0.460121
hs2 121739130 123913042 0.162951
hs2 123913043 126086955 0.409400
hs2 126086956 128260868 0.225989
hs2 128260869 130434781 0.144724
hs2 130434782 132608694 0.291420
hs2 132608695 134782607 0.606381
hs2 134782608 136956520 0.656094
hs2 136956521 139130433 0.372789
hs2 139130434 141304346 0.327437
hs2 141304347 143478259 0.656875
hs2 143478260 145652172 0.551835
hs2 145652173 147826085 0.062585
hs2 147826086 149999999 0.612717
hs2 150000000 152173912 0.148528
hs2 152173913 154347825 0.415681
hs2 154347826 156521738 0.340394
hs2 156521739 158695651 0.289167
hs2 158695652 160869564 0.730271
hs2 160869565 163043477 0.507641
hs2 163043478 165217390 0.284025
hs2 165217391 167391303 0.541355
hs2 167391304 169565216 0.554301
hs2 169565217 171739129 0.727424
hs2 171739130 173913042 0.568084
hs2 173913043 176086955 0.383698
hs2 176086956 178260868 0.255210
hs2 178260869 180434781 0.881274
hs2 180434782 182608694 0.202209
hs2 182608695 184782607 0.335981
hs2 184782608 186956520 0.200462
hs2 186956521 189130433 0.306266
hs2 189130434 191304346 0.423976
hs2 191304347 193478259 0.334173
hs2 193478260 195652172 0.000000
hs2 195652173 197826085 0.586102
hs2 197826086 199999999 0.363028
hs2 200000000 202173912 0.554114
hs2 202173913 204347825 0.632636
hs2 204347826 206521738 0.559664
hs2 206521739 208695651 0.453498
hs2 208695652 210869564 0.452929
hs2 210869565 213043477 0.626854
hs2 213043478 215217390 0.694761
hs2 215217391 217391303 0.402871
hs2 217391304 219565216 0.563039
hs2 219565217 221739129 0.199599
hs2 221739130 223913042 0.277598
hs2 223913043 226086955 0.350285
hs2 226086956 228260868 0.388831
hs2 228260869 230434781 0.454094
hs2 230434782 232608694 0.533383
hs2 232608695 234782607 0.956016
hs2 234782608 236956520 0.400171
hs2 236956521 239130433 0.428596
hs2 239130434 241304346 0.284399
hs2 241304347 243478259 0.432297
hs8 0 2173912 0.332033
hs8 2173913 4347825 0.721070
hs8 4347826 6521738 0.364574
hs8 6521739 8695651 0.244219
hs8 8695652 10869564 0.456328
hs8 10869565 13043477 0.463214
hs8 13043478 15217390 0.700701
hs8 15217391 17391303 0.306291
hs8 17391304 19565216 0.623181
hs8 19565217 21739129 0.120821
hs8 21739130 23913042 0.561208
hs8 23913043 26086955 0.310959
hs8 26086956 28260868 0.486204
hs8 28260869 30434781 0.438470
hs8 30434782 32608694 0.681282
hs8 32608695 34782607 0.135356
hs8 34782608 36956520 0.327065
hs8 36956521 39130433 0.406147
hs8 39130434 41304346 0.480135
hs8 41304347 43478259 0.544232
hs8 43478260 45652172 0.000000
hs8 45652173 47826085 0.000000
hs8 47826086 49999999 0.355280
hs8 50000000 52173912 0.406904
hs8 52173913 54347825 0.469595
hs8 54347826 56521738 0.332103
hs8 56521739 58695651 0.200710
hs8 58695652 60869564 0.287599
hs8 60869565 63043477 0.373750
hs8 63043478 65217390 0.388208
hs8 65217391 67391303 0.257797
hs8 67391304 69565216 0.623164
hs8 69565217 71739129 0.487245
hs8 71739130 73913042 0.371495
hs8 73913043 76086955 0.390125
hs8 76086956 78260868 0.151084
hs8 78260869 80434781 0.098266
hs8 80434782 82608694 0.344107
hs8 82608695 84782607 0.055430
hs8 84782608 86956520 0.435923
hs8 86956521 89130433 0.461239
hs8 89130434 91304346 0.213433
hs8 91304347 93478259 0.302222
hs8 93478260 95652172 0.214239
hs8 95652173 97826085 0.301386
hs8 97826086 99999999 0.598707
hs8 100000000 102173912 0.623434
hs8 102173913 104347825 0.470522
hs8 104347826 106521738 0.537917
hs8 106521739 108695651 0.508743
hs8 108695652 110869564 0.333759
hs8 110869565 113043477 0.003555
hs8 113043478 115217390 0.558522
hs8 115217391 117391303 0.119832
hs8 117391304 119565216 0.463071
hs8 119565217 121739129 0.520586
hs8 121739130 123913042 0.109495
hs8 123913043 126086955 0.545509
hs8 126086956 128260868 0.171793
hs8 128260869 130434781 0.162295
hs8 130434782 132608694 0.344225
hs8 132608695 134782607 0.606464
hs8 134782608 136956520 0.227131
hs8 136956521 139130433 0.000000
hs8 139130434 141304346 0.586793
hs8 141304347 143478259 0.490820
hs8 143478260 145652172 0.444189
hs8 145652173 147826085 0.139032
hs6 0 2173912 0.480555
hs6 2173913 4347825 0.295645
hs6 4347826 6521738 0.615907
hs6 6521739 8695651 0.340296
hs6 8695652 10869564 0.089034
hs6 10869565 13043477 0.445611
hs6 13043478 15217390 0.345344
hs6 15217391 17391303 0.439757
hs6 17391304 19565216 0.333248
hs6 19565217 21739129 0.418449
hs6 21739130 23913042 0.250526
hs6 23913043 26086955 0.557563
hs6 26086956 28260868 0.206694
hs6 28260869 30434781 0.249867
hs6 30434782 32608694 0.473161
hs6 32608695 34782607 0.428385
hs6 34782608 36956520 0.681627
hs6 36956521 39130433 0.708870
hs6 39130434 41304346 0.445567
hs6 41304347 43478259 0.615752
hs6 43478260 45652172 0.602978
hs6 45652173 47826085 0.453895
hs6 47826086 49999999 0.195202
hs6 50000000 52173912 0.271929
hs6 52173913 54347825 0.473442
hs6 54347826 56521738 0.386713
hs6 56521739 58695651 0.310098
hs6 58695652 60869564 0.000000
hs6 60869565 63043477 0.274001
hs6 63043478 65217390 0.397308
hs6 65217391 67391303 0.578705
hs6 67391304 69565216 0.074918
hs6 69565217 71739129 0.738201
hs6 71739130 73913042 0.488011
hs6 73913043 76086955 0.265328
hs6 76086956 78260868 0.281718
hs6 78260869 80434781 0.137084
hs6 80434782 82608694 0.162218
hs6 82608695 84782607 0.404317
hs6 84782608 86956520 0.166676
hs6 86956521 89130433 0.280055
hs6 89130434 91304346 0.640999
hs6 91304347 93478259 0.022670
hs6 93478260 95652172 0.114523
hs6 95652173 97826085 0.327802
hs6 97826086 99999999 0.105824
hs6 100000000 102173912 0.389754
hs6 102173913 104347825 0.207339
hs6 104347826 106521738 0.204930
hs6 106521739 108695651 0.579617
hs6 108695652 110869564 0.648201
hs6 110869565 113043477 0.507313
hs6 113043478 115217390 0.030229
hs6 115217391 117391303 0.352334
hs6 117391304 119565216 0.566234
hs6 119565217 121739129 0.185117
hs6 121739130 123913042 0.348419
hs6 123913043 126086955 0.643912
hs6 126086956 128260868 0.320973
hs6 128260869 130434781 0.654346
hs6 130434782 132608694 0.365107
hs6 132608695 134782607 0.399588
hs6 134782608 136956520 0.840970
hs6 136956521 139130433 0.360496
hs6 139130434 141304346 0.142232
hs6 141304347 143478259 0.271831
hs6 143478260 145652172 0.632576
hs6 145652173 147826085 0.473582
hs6 147826086 149999999 0.386515
hs6 150000000 152173912 0.603996
hs6 152173913 154347825 0.456562
hs6 154347826 156521738 0.433320
hs6 156521739 158695651 0.504228
hs6 158695652 160869564 0.486534
hs6 160869565 163043477 0.834046
hs6 163043478 165217390 0.364390
hs6 165217391 167391303 0.462972
hs6 167391304 169565216 0.268281
hs6 169565217 171739129 0.226485
hs14 0 2173912 0.000000
hs14 2173913 4347825 0.000000
hs14 4347826 6521738 0.000000
hs14 6521739 8695651 0.000000
hs14 8695652 10869564 0.000000
hs14 10869565 13043477 0.000000
hs14 13043478 15217390 0.000000
hs14 15217391 17391303 0.000000
hs14 17391304 19565216 0.035268
hs14 19565217 21739129 0.246043
hs14 21739130 23913042 0.343190
hs14 23913043 26086955 0.181847
hs14 26086956 28260868 0.022929
hs14 28260869 30434781 0.261381
hs14 30434782 32608694 0.658934
hs14 32608695 34782607 0.576932
hs14 34782608 36956520 0.544480
hs14 36956521 39130433 0.187491
hs14 39130434 41304346 0.072604
hs14 41304347 43478259 0.064013
hs14 43478260 45652172 0.151196
hs14 45652173 47826085 0.384547
hs14 47826086 49999999 0.268593
hs14 50000000 52173912 0.545326
hs14 52173913 54347825 0.303679
hs14 54347826 56521738 0.417632
hs14 56521739 58695651 0.298191
hs14 58695652 60869564 0.511984
hs14 60869565 63043477 0.478914
hs14 63043478 65217390 0.639815
hs14 65217391 67391303 0.588995
hs14 67391304 69565216 0.685633
hs14 69565217 71739129 0.492861
hs14 71739130 73913042 0.774987
hs14 73913043 76086955 0.697291
hs14 76086956 78260868 0.493097
hs14 78260869 80434781 0.715996
hs14 80434782 82608694 0.212495
hs14 82608695 84782607 0.000000
hs14 84782608 86956520 0.044981
hs14 86956521 89130433 0.496880
hs14 89130434 91304346 0.656959
hs14 91304347 93478259 0.727625
hs14 93478260 95652172 0.343390
hs14 95652173 97826085 0.200507
hs14 97826086 99999999 0.378252
hs14 100000000 102173912 0.407361
hs14 102173913 104347825 0.499833
hs14 104347826 106521738 0.200148
hs17 0 2173912 0.757987
hs17 2173913 4347825 0.644408
hs17 4347826 6521738 0.460667
hs17 6521739 8695651 0.559032
hs17 8695652 10869564 0.670252
hs17 10869565 13043477 0.536791
hs17 13043478 15217390 0.169720
hs17 15217391 17391303 0.557009
hs17 17391304 19565216 0.623087
hs17 19565217 21739129 0.358153
hs17 21739130 23913042 0.271335
hs17 23913043 26086955 0.746051
hs17 26086956 28260868 0.641342
hs17 28260869 30434781 0.632703
hs17 30434782 32608694 0.474422
hs17 32608695 34782607 0.597679
hs17 34782608 36956520 0.455393
hs17 36956521 39130433 0.604377
hs17 39130434 41304346 0.541874
hs17 41304347 43478259 0.614626
hs17 43478260 45652172 0.513899
hs17 45652173 47826085 0.547130
hs17 47826086 49999999 0.001075
hs17 50000000 52173912 0.337107
hs17 52173913 54347825 0.596636
hs17 54347826 56521738 0.763868
hs17 56521739 58695651 0.624313
hs17 58695652 60869564 0.610236
hs17 60869565 63043477 0.755974
hs17 63043478 65217390 0.540139
hs17 65217391 67391303 0.032582
hs17 67391304 69565216 0.435483
hs17 69565217 71739129 0.668547
hs17 71739130 73913042 0.469072
hs17 73913043 76086955 0.636079
hs17 76086956 78260868 0.701417
hs17 78260869 80434781 0.161854
hs21 0 2173912 0.000000
hs21 2173913 4347825 0.000000
hs21 4347826 6521738 0.000000
hs21 6521739 8695651 0.000000
hs21 8695652 10869564 0.201325
hs21 10869565 13043477 0.000000
hs21 13043478 15217390 0.167676
hs21 15217391 17391303 0.364764
hs21 17391304 19565216 0.142910
hs21 19565217 21739129 0.233285
hs21 21739130 23913042 0.043220
hs21 23913043 26086955 0.094538
hs21 26086956 28260868 0.222880
hs21 28260869 30434781 0.393920
hs21 30434782 32608694 0.355337
hs21 32608695 34782607 0.524288
hs21 34782608 36956520 0.377708
hs21 36956521 39130433 0.653874
hs21 39130434 41304346 0.571883
hs21 41304347 43478259 0.533862
hs21 43478260 45652172 0.586326
hs21 45652173 47826085 0.344003
