hsX 0 1999999 0.211809
hsX 2000000 3999999 0.405253
hsX 4000000 5999999 0.090959
hsX 6000000 7999999 0.211777
hsX 8000000 9999999 0.370638
hsX 10000000 11999999 0.553137
hsX 12000000 13999999 0.528896
hsX 14000000 15999999 0.389157
hsX 16000000 17999999 0.466292
hsX 18000000 19999999 0.726595
hsX 20000000 21999999 0.328301
hsX 22000000 23999999 0.235053
hsX 24000000 25999999 0.297011
hsX 26000000 27999999 0.015974
hsX 28000000 29999999 0.684169
hsX 30000000 31999999 0.569472
hsX 32000000 33999999 0.633824
hsX 34000000 35999999 0.067885
hsX 36000000 37999999 0.361301
hsX 38000000 39999999 0.192982
hsX 40000000 41999999 0.376357
hsX 42000000 43999999 0.170112
hsX 44000000 45999999 0.200133
hsX 46000000 47999999 0.450070
hsX 48000000 49999999 0.753526
hsX 50000000 51999999 0.263663
hsX 52000000 53999999 0.330933
hsX 54000000 55999999 0.352770
hsX 56000000 57999999 0.192198
hsX 58000000 59999999 0.000000
hsX 60000000 61999999 0.000000
hsX 62000000 63999999 0.219324
hsX 64000000 65999999 0.188850
hsX 66000000 67999999 0.348060
hsX 68000000 69999999 0.545793
hsX 70000000 71999999 0.570312
hsX 72000000 73999999 0.463623
hsX 74000000 75999999 0.182361
hsX 76000000 77999999 0.300256
hsX 78000000 79999999 0.146056
hsX 80000000 81999999 0.092492
hsX 82000000 83999999 0.170581
hsX 84000000 85999999 0.554558
hsX 86000000 87999999 0.079948
hsX 88000000 89999999 0.000472
hsX 90000000 91999999 0.423976
hsX 92000000 93999999 0.020470
hsX 94000000 95999999 0.087250
hsX 96000000 97999999 0.371897
hsX 98000000 99999999 0.370181
hsX 100000000 101999999 0.520467
hsX 102000000 103999999 0.265275
hsX 104000000 105999999 0.660300
hsX 106000000 107999999 0.559754
hsX 108000000 109999999 0.397521
hsX 110000000 111999999 0.660126
hsX 112000000 113999999 0.137932
hsX 114000000 115999999 0.164872
hsX 116000000 117999999 0.295546
hsX 118000000 119999999 0.533249
hsX 120000000 121999999 0.001168
hsX 122000000 123999999 0.624938
hsX 124000000 125999999 0.004049
hsX 126000000 127999999 0.000721
hsX 128000000 129999999 0.405958
hsX 130000000 131999999 0.377103
hsX 132000000 133999999 0.442841
hsX 134000000 135999999 0.346878
hsX 136000000 137999999 0.233754
hsX 138000000 139999999 0.203603
hsX 140000000 141999999 0.042563
hsX 142000000 143999999 0.016363
hsX 144000000 145999999 0.010396
hsX 146000000 147999999 0.299393
hsX 148000000 149999999 0.351766
hsX 150000000 151999999 0.322723
hsX 152000000 153999999 0.564300
hsX 154000000 155999999 0.158874
hs12 0 1999999 0.802643
hs12 2000000 3999999 0.677531
hs12 4000000 5999999 0.440563
hs12 6000000 7999999 0.550998
hs12 8000000 9999999 0.348203
hs12 10000000 11999999 0.598105
hs12 12000000 13999999 0.549210
hs12 14000000 15999999 0.525542
hs12 16000000 17999999 0.123886
hs12 18000000 19999999 0.390664
hs12 20000000 21999999 0.562523
hs12 22000000 23999999 0.372872
hs12 24000000 25999999 0.569431
hs12 26000000 27999999 0.615139
hs12 28000000 29999999 0.405957
hs12 30000000 31999999 0.274762
hs12 32000000 33999999 0.347469
hs12 34000000 35999999 0.003011
hs12 36000000 37999999 0.146548
hs12 38000000 39999999 0.646183
hs12 40000000 41999999 0.333394
hs12 42000000 43999999 0.708218
hs12 44000000 45999999 0.283647
hs12 46000000 47999999 0.347146
hs12 48000000 49999999 0.741691
hs12 50000000 51999999 0.468443
hs12 52000000 53999999 0.374211
hs12 54000000 55999999 0.509822
hs12 56000000 57999999 0.187485
hs12 58000000 59999999 0.046142
hs12 60000000 61999999 0.530021
hs12 62000000 63999999 0.505652
hs12 64000000 65999999 0.438291
hs12 66000000 67999999 0.198074
hs12 68000000 69999999 0.454205
hs12 70000000 71999999 0.431300
hs12 72000000 73999999 0.108633
hs12 74000000 75999999 0.263292
hs12 76000000 77999999 0.299910
hs12 78000000 79999999 0.592889
hs12 80000000 81999999 0.597823
hs12 82000000 83999999 0.086635
hs12 84000000 85999999 0.542435
hs12 86000000 87999999 0.152164
hs12 88000000 89999999 0.119637
hs12 90000000 91999999 0.133623
hs12 92000000 93999999 0.392071
hs12 94000000 95999999 0.477592
hs12 96000000 97999999 0.291975
hs12 98000000 99999999 0.816152
hs12 100000000 101999999 0.417920
hs12 102000000 103999999 0.668879
hs12 104000000 105999999 0.563141
hs12 106000000 107999999 0.487357
hs12 108000000 109999999 0.629232
hs12 110000000 111999999 0.707178
hs12 112000000 113999999 0.262991
hs12 114000000 115999999 0.327958
hs12 116000000 117999999 0.593472
hs12 118000000 119999999 0.639329
hs12 120000000 121999999 0.733794
hs12 122000000 123999999 0.590665
hs12 124000000 125999999 0.256230
hs12 126000000 127999999 0.284415
hs12 128000000 129999999 0.544709
hs12 130000000 131999999 0.544077
hs12 132000000 133999999 0.082255
hs11 0 1999999 0.618166
hs11 2000000 3999999 0.629460
hs11 4000000 5999999 0.195289
hs11 6000000 7999999 0.401736
hs11 8000000 9999999 0.713050
hs11 10000000 11999999 0.528134
hs11 12000000 13999999 0.480957
hs11 14000000 15999999 0.478685
hs11 16000000 17999999 0.641281
hs11 18000000 19999999 0.628656
hs11 20000000 21999999 0.603758
hs11 22000000 23999999 0.144528
hs11 24000000 25999999 0.292816
hs11 26000000 27999999 0.446464
hs11 28000000 29999999 0.159201
hs11 30000000 31999999 0.387630
hs11 32000000 33999999 0.426878
hs11 34000000 35999999 0.552892
hs11 36000000 37999999 0.249759
hs11 38000000 39999999 0.000000
hs11 40000000 41999999 0.089956
hs11 42000000 43999999 0.194107
hs11 44000000 45999999 0.422164
hs11 46000000 47999999 0.734501
hs11 48000000 49999999 0.238854
hs11 50000000 51999999 0.016061
hs11 52000000 53999999 0.000000
hs11 54000000 55999999 0.079985
hs11 56000000 57999999 0.395942
hs11 58000000 59999999 0.291085
hs11 60000000 61999999 0.505366
hs11 62000000 63999999 0.629780
hs11 64000000 65999999 0.557324
hs11 66000000 67999999 0.588444
hs11 68000000 69999999 0.349106
hs11 70000000 71999999 0.582449
hs11 72000000 73999999 0.726821
hs11 74000000 75999999 0.595045
hs11 76000000 77999999 0.710310
hs11 78000000 79999999 0.393684
hs11 80000000 81999999 0.000000
hs11 82000000 83999999 0.733058
hs11 84000000 85999999 0.816102
hs11 86000000 87999999 0.300889
hs11 88000000 89999999 0.503347
hs11 90000000 91999999 0.137545
hs11 92000000 93999999 0.488035
hs11 94000000 95999999 0.406446
hs11 96000000 97999999 0.000000
hs11 98000000 99999999 0.667802
hs11 100000000 101999999 0.487196
hs11 102000000 103999999 0.375750
hs11 104000000 105999999 0.262681
hs11 106000000 107999999 0.623537
hs11 108000000 109999999 0.255337
hs11 110000000 111999999 0.386199
hs11 112000000 113999999 0.470529
hs11 114000000 115999999 0.179676
hs11 116000000 117999999 0.702824
hs11 118000000 119999999 0.405536
hs11 120000000 121999999 0.398474
hs11 122000000 123999999 0.311359
hs11 124000000 125999999 0.638001
hs11 126000000 127999999 0.252388
hs11 128000000 129999999 0.470433
hs11 130000000 131999999 0.608441
hs11 132000000 133999999 0.642535
hs22 0 1999999 0.000000
hs22 2000000 3999999 0.000000
hs22 4000000 5999999 0.000000
hs22 6000000 7999999 0.000000
hs22 8000000 9999999 0.000000
hs22 10000000 11999999 0.000000
hs22 12000000 13999999 0.000000
hs22 14000000 15999999 0.111211
hs22 16000000 17999999 0.562412
hs22 18000000 19999999 0.460697
hs22 20000000 21999999 0.398987
hs22 22000000 23999999 0.629673
hs22 24000000 25999999 0.749561
hs22 26000000 27999999 0.668982
hs22 28000000 29999999 0.638567
hs22 30000000 31999999 0.676801
hs22 32000000 33999999 0.342112
hs22 34000000 35999999 0.525072
hs22 36000000 37999999 0.573147
hs22 38000000 39999999 0.711251
hs22 40000000 41999999 0.631512
hs22 42000000 43999999 0.685957
hs22 44000000 45999999 0.703227
hs22 46000000 47999999 0.140164
hs22 48000000 49999999 0.390111
hs10 0 1999999 0.679551
hs10 2000000 3999999 0.056808
hs10 4000000 5999999 0.244705
hs10 6000000 7999999 0.462038
hs10 8000000 9999999 0.060128
hs10 10000000 11999999 0.290439
hs10 12000000 13999999 0.712009
hs10 14000000 15999999 0.683603
hs10 16000000 17999999 0.585681
hs10 18000000 19999999 0.434876
hs10 20000000 21999999 0.515363
hs10 22000000 23999999 0.377569
hs10 24000000 25999999 0.797720
hs10 26000000 27999999 0.481625
hs10 28000000 29999999 0.416907
hs10 30000000 31999999 0.303754
hs10 32000000 33999999 0.453649
hs10 34000000 35999999 0.601977
hs10 36000000 37999999 0.053356
hs10 38000000 39999999 0.119137
hs10 40000000 41999999 0.000000
hs10 42000000 43999999 0.240631
hs10 44000000 45999999 0.283185
hs10 46000000 47999999 0.265415
hs10 48000000 49999999 0.478822
hs10 50000000 51999999 0.671161
hs10 52000000 53999999 0.729811
hs10 54000000 55999999 0.386891
hs10 56000000 57999999 0.117447
hs10 58000000 59999999 0.097897
hs10 60000000 61999999 0.495393
hs10 62000000 63999999 0.382994
hs10 64000000 65999999 0.269188
hs10 66000000 67999999 0.325811
hs10 68000000 69999999 0.936188
hs10 70000000 71999999 0.622775
hs10 72000000 73999999 0.632146
hs10 74000000 75999999 0.808597
hs10 76000000 77999999 0.630296
hs10 78000000 79999999 0.492241
hs10 80000000 81999999 0.298955
hs10 82000000 83999999 0.313126
hs10 84000000 85999999 0.403849
hs10 86000000 87999999 0.424751
hs10 88000000 89999999 0.565885
hs10 90000000 91999999 0.449201
hs10 92000000 93999999 0.509578
hs10 94000000 95999999 0.583209
hs10 96000000 97999999 0.641348
hs10 98000000 99999999 0.719823
hs10 100000000 101999999 0.720889
hs10 102000000 103999999 0.550269
hs10 104000000 105999999 0.795489
hs10 106000000 107999999 0.395157
hs10 108000000 109999999 0.295436
hs10 110000000 111999999 0.115518
hs10 112000000 113999999 0.239051
hs10 114000000 115999999 0.560974
hs10 116000000 117999999 0.784868
hs10 118000000 119999999 0.408861
hs10 120000000 121999999 0.399970
hs10 122000000 123999999 0.387883
hs10 124000000 125999999 0.353496
hs10 126000000 127999999 0.601814
hs10 128000000 129999999 0.505885
hs10 130000000 131999999 0.236043
hs10 132000000 133999999 0.229703
hs10 134000000 135999999 0.337653
hs7 0 1999999 0.459255
hs7 2000000 3999999 0.738731
hs7 4000000 5999999 0.571859
hs7 6000000 7999999 0.487995
hs7 8000000 9999999 0.282583
hs7 10000000 11999999 0.332257
hs7 12000000 13999999 0.143344
hs7 14000000 15999999 0.566787
hs7 16000000 17999999 0.353858
hs7 18000000 19999999 0.286302
hs7 20000000 21999999 0.402021
hs7 22000000 23999999 0.458698
hs7 24000000 25999999 0.210764
hs7 26000000 27999999 0.450170
hs7 28000000 29999999 0.687073
hs7 30000000 31999999 0.447933
hs7 32000000 33999999 0.452964
hs7 34000000 35999999 0.608508
hs7 36000000 37999999 0.589798
hs7 38000000 39999999 0.593030
hs7 40000000 41999999 0.481723
hs7 42000000 43999999 0.517169
hs7 44000000 45999999 0.464844
hs7 46000000 47999999 0.245678
hs7 48000000 49999999 0.362227
hs7 50000000 51999999 0.454872
hs7 52000000 53999999 0.000635
hs7 54000000 55999999 0.259723
hs7 56000000 57999999 0.103647
hs7 58000000 59999999 0.000000
hs7 60000000 61999999 0.000000
hs7 62000000 63999999 0.138413
hs7 64000000 65999999 0.393128
hs7 66000000 67999999 0.158402
hs7 68000000 69999999 0.596991
hs7 70000000 71999999 0.757632
hs7 72000000 73999999 0.581082
hs7 74000000 75999999 0.561066
hs7 76000000 77999999 0.657241
hs7 78000000 79999999 0.529335
hs7 80000000 81999999 0.407766
hs7 82000000 83999999 0.465348
hs7 84000000 85999999 0.063188
hs7 86000000 87999999 0.710707
hs7 88000000 89999999 0.370482
hs7 90000000 91999999 0.493042
hs7 92000000 93999999 0.352629
hs7 94000000 95999999 0.591593
hs7 96000000 97999999 0.220534
hs7 98000000 99999999 0.574743
hs7 100000000 101999999 0.626158
hs7 102000000 103999999 0.821148
hs7 104000000 105999999 0.633022
hs7 106000000 107999999 0.664333
hs7 108000000 109999999 0.002060
hs7 110000000 111999999 0.807194
hs7 112000000 113999999 0.341620
hs7 114000000 115999999 0.202751
hs7 116000000 117999999 0.514181
hs7 118000000 119999999 0.149522
hs7 120000000 121999999 0.581208
hs7 122000000 123999999 0.347077
hs7 124000000 125999999 0.130640
hs7 126000000 127999999 0.639400
hs7 128000000 129999999 0.617900
hs7 130000000 131999999 0.578303
hs7 132000000 133999999 0.676872
hs7 134000000 135999999 0.426907
hs7 136000000 137999999 0.543423
hs7 138000000 139999999 0.697375
hs7 140000000 141999999 0.343097
hs7 142000000 143999999 0.298385
hs7 144000000 145999999 0.359847
hs7 146000000 147999999 0.887212
hs7 148000000 149999999 0.395904
hs7 150000000 151999999 0.650628
hs7 152000000 153999999 0.442223
hs7 154000000 155999999 0.306254
hs7 156000000 157999999 0.733667
hs7 158000000 159999999 0.234889
hs4 0 1999999 0.626776
hs4 2000000 3999999 0.570097
hs4 4000000 5999999 0.526154
hs4 6000000 7999999 0.733075
hs4 8000000 9999999 0.349230
hs4 10000000 11999999 0.121363
hs4 12000000 13999999 0.092955
hs4 14000000 15999999 0.342048
hs4 16000000 17999999 0.423868
hs4 18000000 19999999 0.067834
hs4 20000000 21999999 0.744916
hs4 22000000 23999999 0.175737
hs4 24000000 25999999 0.337653
hs4 26000000 27999999 0.193734
hs4 28000000 29999999 0.000000
hs4 30000000 31999999 0.213194
hs4 32000000 33999999 0.000000
hs4 34000000 35999999 0.109360
hs4 36000000 37999999 0.374132
hs4 38000000 39999999 0.567809
hs4 40000000 41999999 0.608008
hs4 42000000 43999999 0.330434
hs4 44000000 45999999 0.181780
hs4 46000000 47999999 0.731282
hs4 48000000 49999999 0.252929
hs4 50000000 51999999 0.000000
hs4 52000000 53999999 0.395177
hs4 54000000 55999999 0.236106
hs4 56000000 57999999 0.442883
hs4 58000000 59999999 0.000000
hs4 60000000 61999999 0.000000
hs4 62000000 63999999 0.287666
hs4 64000000 65999999 0.131559
hs4 66000000 67999999 0.109124
hs4 68000000 69999999 0.391665
hs4 70000000 71999999 0.307865
hs4 72000000 73999999 0.470817
hs4 74000000 75999999 0.283656
hs4 76000000 77999999 0.570701
hs4 78000000 79999999 0.528925
hs4 80000000 81999999 0.429850
hs4 82000000 83999999 0.323192
hs4 84000000 85999999 0.338554
hs4 86000000 87999999 0.679489
hs4 88000000 89999999 0.533750
hs4 90000000 91999999 0.585009
hs4 92000000 93999999 0.648910
hs4 94000000 95999999 0.679968
hs4 96000000 97999999 0.340244
hs4 98000000 99999999 0.477574
hs4 100000000 101999999 0.300751
hs4 102000000 103999999 0.505994
hs4 104000000 105999999 0.239887
hs4 106000000 107999999 0.432119
hs4 108000000 109999999 0.342649
hs4 110000000 111999999 0.588821
hs4 112000000 113999999 0.200079
hs4 114000000 115999999 0.512545
hs4 116000000 117999999 0.127263
hs4 118000000 119999999 0.237868
hs4 120000000 121999999 0.313368
hs4 122000000 123999999 0.360445
hs4 124000000 125999999 0.399383
hs4 126000000 127999999 0.088261
hs4 128000000 129999999 0.265228
hs4 130000000 131999999 0.122230
hs4 132000000 133999999 0.000000
hs4 134000000 135999999 0.023840
hs4 136000000 137999999 0.000000
hs4 138000000 139999999 0.045908
hs4 140000000 141999999 0.557586
hs4 142000000 143999999 0.598490
hs4 144000000 145999999 0.261058
hs4 146000000 147999999 0.483637
hs4 148000000 149999999 0.459321
hs4 150000000 151999999 0.388126
hs4 152000000 153999999 0.492105
hs4 154000000 155999999 0.475948
hs4 156000000 157999999 0.171294
hs4 158000000 159999999 0.363712
hs4 160000000 161999999 0.140681
hs4 162000000 163999999 0.390070
hs4 164000000 165999999 0.472666
hs4 166000000 167999999 0.332078
hs4 168000000 169999999 0.529493
hs4 170000000 171999999 0.351747
hs4 172000000 173999999 0.514425
hs4 174000000 175999999 0.353714
hs4 176000000 177999999 0.434613
hs4 178000000 179999999 0.163412
hs4 180000000 181999999 0.000000
hs4 182000000 183999999 0.242320
hs4 184000000 185999999 0.423445
hs4 186000000 187999999 0.491227
hs4 188000000 189999999 0.015656
hs4 190000000 191999999 0.044453
hs16 0 1999999 0.707654
hs16 2000000 3999999 0.641191
hs16 4000000 5999999 0.420281
hs16 6000000 7999999 0.847105
hs16 8000000 9999999 0.275986
hs16 10000000 11999999 0.496148
hs16 12000000 13999999 0.545908
hs16 14000000 15999999 0.584323
hs16 16000000 17999999 0.333943
hs16 18000000 19999999 0.484546
hs16 20000000 21999999 0.579647
hs16 22000000 23999999 0.589212
hs16 24000000 25999999 0.513297
hs16 26000000 27999999 0.407817
hs16 28000000 29999999 0.428374
hs16 30000000 31999999 0.451439
hs16 32000000 33999999 0.015372
hs16 34000000 35999999 0.016223
hs16 36000000 37999999 0.000000
hs16 38000000 39999999 0.000000
hs16 40000000 41999999 0.000000
hs16 42000000 43999999 0.000000
hs16 44000000 45999999 0.317489
hs16 46000000 47999999 0.329852
hs16 48000000 49999999 0.381360
hs16 50000000 51999999 0.191135
hs16 52000000 53999999 0.298154
hs16 54000000 55999999 0.581561
hs16 56000000 57999999 0.384302
hs16 58000000 59999999 0.000525
hs16 60000000 61999999 0.191402
hs16 62000000 63999999 0.149668
hs16 64000000 65999999 0.483081
hs16 66000000 67999999 0.777922
hs16 68000000 69999999 0.759250
hs16 70000000 71999999 0.390767
hs16 72000000 73999999 0.384698
hs16 74000000 75999999 0.292695
hs16 76000000 77999999 0.680175
hs16 78000000 79999999 0.373509
hs16 80000000 81999999 0.663339
hs16 82000000 83999999 0.578824
hs16 84000000 85999999 0.149592
hs16 86000000 87999999 0.579116
hs16 88000000 89999999 0.275065
hs20 0 1999999 0.355144
hs20 2000000 3999999 0.640243
hs20 4000000 5999999 0.356478
hs20 6000000 7999999 0.078506
hs20 8000000 9999999 0.751640
hs20 10000000 11999999 0.188917
hs20 12000000 13999999 0.403622
hs20 14000000 15999999 0.997735
hs20 16000000 17999999 0.435637
hs20 18000000 19999999 0.577689
hs20 20000000 21999999 0.417287
hs20 22000000 23999999 0.089689
hs20 24000000 25999999 0.378155
hs20 26000000 27999999 0.013137
hs20 28000000 29999999 0.189769
hs20 30000000 31999999 0.545960
hs20 32000000 33999999 0.736264
hs20 34000000 35999999 0.640838
hs20 36000000 37999999 0.355412
hs20 38000000 39999999 0.251281
hs20 40000000 41999999 0.653309
hs20 42000000 43999999 0.588777
hs20 44000000 45999999 0.581893
hs20 46000000 47999999 0.442418
hs20 48000000 49999999 0.413185
hs20 50000000 51999999 0.323410
hs20 52000000 53999999 0.164340
hs20 54000000 55999999 0.235298
hs20 56000000 57999999 0.454285
hs20 58000000 59999999 0.370150
hs20 60000000 61999999 0.580656
hs20 62000000 63999999 0.139082
hs13 0 1999999 0.000000
hs13 2000000 3999999 0.000000
hs13 4000000 5999999 0.000000
hs13 6000000 7999999 0.000000
hs13 8000000 9999999 0.000000
hs13 10000000 11999999 0.000000
hs13 12000000 13999999 0.000000
hs13 14000000 15999999 0.000000
hs13 16000000 17999999 0.000000
hs13 18000000 19999999 0.397692
hs13 20000000 21999999 0.332701
hs13 22000000 23999999 0.387031
hs13 24000000 25999999 0.573982
hs13 26000000 27999999 0.438581
hs13 28000000 29999999 0.419162
hs13 30000000 31999999 0.475697
hs13 32000000 33999999 0.291683
hs13 34000000 35999999 0.879746
hs13 36000000 37999999 0.251939
hs13 38000000 39999999 0.397659
hs13 40000000 41999999 0.586569
hs13 42000000 43999999 0.501630
hs13 44000000 45999999 0.431484
hs13 46000000 47999999 0.328292
hs13 48000000 49999999 0.457068
hs13 50000000 51999999 0.517956
hs13 52000000 53999999 0.092875
hs13 54000000 55999999 0.000000
hs13 56000000 57999999 0.086427
hs13 58000000 59999999 0.314904
hs13 60000000 61999999 0.025926
hs13 62000000 63999999 0.002567
hs13 64000000 65999999 0.112517
hs13 66000000 67999999 0.351235
hs13 68000000 69999999 0.334494
hs13 70000000 71999999 0.214617
hs13 72000000 73999999 0.412058
hs13 74000000 75999999 0.254148
hs13 76000000 77999999 0.288675
hs13 78000000 79999999 0.309090
hs13 80000000 81999999 0.000000
hs13 82000000 83999999 0.210171
hs13 84000000 85999999 0.003282
hs13 86000000 87999999 0.003501
hs13 88000000 89999999 0.000048
hs13 90000000 91999999 0.596973
hs13 92000000 93999999 0.769388
hs13 94000000 95999999 0.687739
hs13 96000000 97999999 0.491135
hs13 98000000 99999999 0.700947
hs13 100000000 101999999 0.689226
hs13 102000000 103999999 0.127306
hs13 104000000 105999999 0.038375
hs13 106000000 107999999 0.390628
hs13 108000000 109999999 0.517554
hs13 110000000 111999999 0.185239
hs13 112000000 113999999 0.609145
hs13 114000000 115999999 0.037418
hs18 0 1999999 0.299327
hs18 2000000 3999999 0.501367
hs18 4000000 5999999 0.139568
hs18 6000000 7999999 0.552832
hs18 8000000 9999999 0.564729
hs18 10000000 11999999 0.395137
hs18 12000000 13999999 0.620517
hs18 14000000 15999999 0.115541
hs18 16000000 17999999 0.357812
hs18 18000000 19999999 0.504820
hs18 20000000 21999999 0.337483
hs18 22000000 23999999 0.481567
hs18 24000000 25999999 0.005722
hs18 26000000 27999999 0.280161
hs18 28000000 29999999 0.661894
hs18 30000000 31999999 0.474857
hs18 32000000 33999999 0.662231
hs18 34000000 35999999 0.272537
hs18 36000000 37999999 0.083288
hs18 38000000 39999999 0.191113
hs18 40000000 41999999 0.377292
hs18 42000000 43999999 0.436391
hs18 44000000 45999999 0.607919
hs18 46000000 47999999 0.224068
hs18 48000000 49999999 0.630580
hs18 50000000 51999999 0.290585
hs18 52000000 53999999 0.423465
hs18 54000000 55999999 0.474426
hs18 56000000 57999999 0.140798
hs18 58000000 59999999 0.524214
hs18 60000000 61999999 0.065344
hs18 62000000 63999999 0.055024
hs18 64000000 65999999 0.550713
hs18 66000000 67999999 0.032621
hs18 68000000 69999999 0.106404
hs18 70000000 71999999 0.365511
hs18 72000000 73999999 0.244661
hs18 74000000 75999999 0.344992
hs18 76000000 77999999 0.060396
hs3 0 1999999 0.261550
hs3 2000000 3999999 0.549260
hs3 4000000 5999999 0.286863
hs3 6000000 7999999 0.440209
hs3 8000000 9999999 0.602821
hs3 10000000 11999999 0.638367
hs3 12000000 13999999 0.582920
hs3 14000000 15999999 0.619887
hs3 16000000 17999999 0.555848
hs3 18000000 19999999 0.286409
hs3 20000000 21999999 0.250847
hs3 22000000 23999999 0.268454
hs3 24000000 25999999 0.346243
hs3 26000000 27999999 0.165858
hs3 28000000 29999999 0.470878
hs3 30000000 31999999 0.354409
hs3 32000000 33999999 0.581500
hs3 34000000 35999999 0.076113
hs3 36000000 37999999 0.575171
hs3 38000000 39999999 0.540412
hs3 40000000 41999999 0.561047
hs3 42000000 43999999 0.463877
hs3 44000000 45999999 0.531880
hs3 46000000 47999999 0.593292
hs3 48000000 49999999 0.743895
hs3 50000000 51999999 0.766644
hs3 52000000 53999999 0.741322
hs3 54000000 55999999 0.737896
hs3 56000000 57999999 0.812106
hs3 58000000 59999999 0.505744
hs3 60000000 61999999 0.844946
hs3 62000000 63999999 0.668195
hs3 64000000 65999999 0.494123
hs3 66000000 67999999 0.423200
hs3 68000000 69999999 0.610274
hs3 70000000 71999999 0.409436
hs3 72000000 73999999 0.285658
hs3 74000000 75999999 0.161696
hs3 76000000 77999999 0.303685
hs3 78000000 79999999 0.585337
hs3 80000000 81999999 0.136051
hs3 82000000 83999999 0.000000
hs3 84000000 85999999 0.454589
hs3 86000000 87999999 0.152324
hs3 88000000 89999999 0.203316
hs3 90000000 91999999 0.000000
hs3 92000000 93999999 0.000000
hs3 94000000 95999999 0.129754
hs3 96000000 97999999 0.026531
hs3 98000000 99999999 0.605800
hs3 100000000 101999999 0.674662
hs3 102000000 103999999 0.383247
hs3 104000000 105999999 0.000000
hs3 106000000 107999999 0.210406
hs3 108000000 109999999 0.535035
hs3 110000000 111999999 0.182233
hs3 112000000 113999999 0.506406
hs3 114000000 115999999 0.713831
hs3 116000000 117999999 0.548716
hs3 118000000 119999999 0.000000
hs3 120000000 121999999 0.658224
hs3 122000000 123999999 0.777218
hs3 124000000 125999999 0.826098
hs3 126000000 127999999 0.587435
hs3 128000000 129999999 0.474452
hs3 130000000 131999999 0.548745
hs3 132000000 133999999 0.715723
hs3 134000000 135999999 0.547086
hs3 136000000 137999999 0.593096
hs3 138000000 139999999 0.398779
hs3 140000000 141999999 0.451568
hs3 142000000 143999999 0.640486
hs3 144000000 145999999 0.374547
hs3 146000000 147999999 0.131793
hs3 148000000 149999999 0.036518
hs3 150000000 151999999 0.438188
hs3 152000000 153999999 0.469286
hs3 154000000 155999999 0.152449
hs3 156000000 157999999 0.466969
hs3 158000000 159999999 0.556953
hs3 160000000 161999999 0.580124
hs3 162000000 163999999 0.179065
hs3 164000000 165999999 0.000000
hs3 166000000 167999999 0.087063
hs3 168000000 169999999 0.561827
hs3 170000000 171999999 0.591033
hs3 172000000 173999999 0.594750
hs3 174000000 175999999 0.579372
hs3 176000000 177999999 0.473160
hs3 178000000 179999999 0.219796
hs3 180000000 181999999 0.417221
hs3 182000000 183999999 0.104953
hs3 184000000 185999999 0.591278
hs3 186000000 187999999 0.603831
hs3 188000000 189999999 0.475337
hs3 190000000 191999999 0.439851
hs3 192000000 193999999 0.384661
hs3 194000000 195999999 0.351608
hs3 196000000 197999999 0.506705
hs3 198000000 199999999 0.453583
hs9 0 1999999 0.362733
hs9 2000000 3999999 0.419861
hs9 4000000 5999999 0.612511
hs9 6000000 7999999 0.344855
hs9 8000000 9999999 0.847877
hs9 10000000 11999999 0.301362
hs9 12000000 13999999 0.104798
hs9 14000000 15999999 0.580666
hs9 16000000 17999999 0.524169
hs9 18000000 19999999 0.503701
hs9 20000000 21999999 0.439029
hs9 22000000 23999999 0.126343
hs9 24000000 25999999 0.001236
hs9 26000000 27999999 0.345457
hs9 28000000 29999999 0.354731
hs9 30000000 31999999 0.000000
hs9 32000000 33999999 0.503782
hs9 34000000 35999999 0.571986
hs9 36000000 37999999 0.623066
hs9 38000000 39999999 0.201735
hs9 40000000 41999999 0.068543
hs9 42000000 43999999 0.123315
hs9 44000000 45999999 0.031720
hs9 46000000 47999999 0.030399
hs9 48000000 49999999 0.000000
hs9 50000000 51999999 0.000000
hs9 52000000 53999999 0.000000
hs9 54000000 55999999 0.000000
hs9 56000000 57999999 0.000000
hs9 58000000 59999999 0.000000
hs9 60000000 61999999 0.000000
hs9 62000000 63999999 0.000000
hs9 64000000 65999999 0.013362
hs9 66000000 67999999 0.068277
hs9 68000000 69999999 0.158811
hs9 70000000 71999999 0.675042
hs9 72000000 73999999 0.497856
hs9 74000000 75999999 0.228125
hs9 76000000 77999999 0.397865
hs9 78000000 79999999 0.586388
hs9 80000000 81999999 0.109363
hs9 82000000 83999999 0.065571
hs9 84000000 85999999 0.329379
hs9 86000000 87999999 0.416478
hs9 88000000 89999999 0.211641
hs9 90000000 91999999 0.283782
hs9 92000000 93999999 0.314262
hs9 94000000 95999999 0.643590
hs9 96000000 97999999 0.515659
hs9 98000000 99999999 0.570905
hs9 100000000 101999999 0.553037
hs9 102000000 103999999 0.431347
hs9 104000000 105999999 0.035170
hs9 106000000 107999999 0.296388
hs9 108000000 109999999 0.101132
hs9 110000000 111999999 0.690058
hs9 112000000 113999999 0.566205
hs9 114000000 115999999 0.609791
hs9 116000000 117999999 0.406756
hs9 118000000 119999999 0.610840
hs9 120000000 121999999 0.101417
hs9 122000000 123999999 0.854987
hs9 124000000 125999999 0.574040
hs9 126000000 127999999 0.729259
hs9 128000000 129999999 0.677794
hs9 130000000 131999999 0.600751
hs9 132000000 133999999 0.566774
hs9 134000000 135999999 0.706625
hs9 136000000 137999999 0.333842
hs9 138000000 139999999 0.670409
hs9 140000000 141999999 0.096878
hs15 0 1999999 0.000000
hs15 2000000 3999999 0.000000
hs15 4000000 5999999 0.000000
hs15 6000000 7999999 0.000000
hs15 8000000 9999999 0.000000
hs15 10000000 11999999 0.000000
hs15 12000000 13999999 0.000000
hs15 14000000 15999999 0.000000
hs15 16000000 17999999 0.000000
hs15 18000000 19999999 0.130412
hs15 20000000 21999999 0.199727
hs15 22000000 23999999 0.276311
hs15 24000000 25999999 0.661779
hs15 26000000 27999999 0.536571
hs15 28000000 29999999 0.309681
hs15 30000000 31999999 0.601695
hs15 32000000 33999999 0.432416
hs15 34000000 35999999 0.241204
hs15 36000000 37999999 0.277298
hs15 38000000 39999999 0.670613
hs15 40000000 41999999 0.796440
hs15 42000000 43999999 0.544272
hs15 44000000 45999999 0.254504
hs15 46000000 47999999 0.669714
hs15 48000000 49999999 0.705696
hs15 50000000 51999999 0.438778
hs15 52000000 53999999 0.582954
hs15 54000000 55999999 0.583232
hs15 56000000 57999999 0.550387
hs15 58000000 59999999 0.460618
hs15 60000000 61999999 0.451807
hs15 62000000 63999999 0.724978
hs15 64000000 65999999 0.681057
hs15 66000000 67999999 0.471326
hs15 68000000 69999999 0.549697
hs15 70000000 71999999 0.587769
hs15 72000000 73999999 0.530014
hs15 74000000 75999999 0.612086
hs15 76000000 77999999 0.401672
hs15 78000000 79999999 0.377526
hs15 80000000 81999999 0.588797
hs15 82000000 83999999 0.627570
hs15 84000000 85999999 0.509555
hs15 86000000 87999999 0.463992
hs15 88000000 89999999 0.514560
hs15 90000000 91999999 0.319644
hs15 92000000 93999999 0.130253
hs15 94000000 95999999 0.008275
hs15 96000000 97999999 0.465869
hs15 98000000 99999999 0.585402
hs15 100000000 101999999 0.052081
hs5 0 1999999 0.473975
hs5 2000000 3999999 0.007046
hs5 4000000 5999999 0.141571
hs5 6000000 7999999 0.345828
hs5 8000000 9999999 0.387526
hs5 10000000 11999999 0.641379
hs5 12000000 13999999 0.242241
hs5 14000000 15999999 0.520833
hs5 16000000 17999999 0.345814
hs5 18000000 19999999 0.245543
hs5 20000000 21999999 0.183637
hs5 22000000 23999999 0.460197
hs5 24000000 25999999 0.078852
hs5 26000000 27999999 0.078991
hs5 28000000 29999999 0.000000
hs5 30000000 31999999 0.225566
hs5 32000000 33999999 0.442020
hs5 34000000 35999999 0.420295
hs5 36000000 37999999 0.571412
hs5 38000000 39999999 0.400953
hs5 40000000 41999999 0.379526
hs5 42000000 43999999 0.379912
hs5 44000000 45999999 0.263575
hs5 46000000 47999999 0.000000
hs5 48000000 49999999 0.023857
hs5 50000000 51999999 0.094860
hs5 52000000 53999999 0.440346
hs5 54000000 55999999 0.399774
hs5 56000000 57999999 0.159837
hs5 58000000 59999999 0.916837
hs5 60000000 61999999 0.502475
hs5 62000000 63999999 0.157971
hs5 64000000 65999999 0.617161
hs5 66000000 67999999 0.295442
hs5 68000000 69999999 1.017090
hs5 70000000 71999999 0.491677
hs5 72000000 73999999 0.307202
hs5 74000000 75999999 0.582632
hs5 76000000 77999999 0.609857
hs5 78000000 79999999 0.566159
hs5 80000000 81999999 0.607662
hs5 82000000 83999999 0.468502
hs5 84000000 85999999 0.008951
hs5 86000000 87999999 0.171859
hs5 88000000 89999999 0.199054
hs5 90000000 91999999 0.275384
hs5 92000000 93999999 0.582863
hs5 94000000 95999999 0.536740
hs5 96000000 97999999 0.185372
hs5 98000000 99999999 0.079299
hs5 100000000 101999999 0.142991
hs5 102000000 103999999 0.153466
hs5 104000000 105999999 0.000313
hs5 106000000 107999999 0.408535
hs5 108000000 109999999 0.544260
hs5 110000000 111999999 0.470693
hs5 112000000 113999999 0.460255
hs5 114000000 115999999 0.374084
hs5 116000000 117999999 0.000000
hs5 118000000 119999999 0.361756
hs5 120000000 121999999 0.154788
hs5 122000000 123999999 0.257216
hs5 124000000 125999999 0.161719
hs5 126000000 127999999 0.459473
hs5 128000000 129999999 0.323744
hs5 130000000 131999999 0.434974
hs5 132000000 133999999 0.511729
hs5 134000000 135999999 0.361908
hs5 136000000 137999999 0.580877
hs5 138000000 139999999 0.710240
hs5 140000000 141999999 2.769252
hs5 142000000 143999999 0.500657
hs5 144000000 145999999 0.254704
hs5 146000000 147999999 0.616927
hs5 148000000 149999999 0.556191
hs5 150000000 151999999 0.341946
hs5 152000000 153999999 0.318858
hs5 154000000 155999999 0.276124
hs5 156000000 157999999 0.343029
hs5 158000000 159999999 0.501416
hs5 160000000 161999999 0.317976
hs5 162000000 163999999 0.030770
hs5 164000000 165999999 0.000000
hs5 166000000 167999999 0.608785
hs5 168000000 169999999 0.794049
hs5 170000000 171999999 0.562075
hs5 172000000 173999999 0.263179
hs5 174000000 175999999 0.268469
hs5 176000000 177999999 0.614406
hs5 178000000 179999999 0.559898
hs5 180000000 181999999 0.096807
hsY 0 1999999 0.211809
hsY 2000000 3999999 0.245739
hsY 4000000 5999999 0.370999
hsY 6000000 7999999 0.212768
hsY 8000000 9999999 0.405220
hsY 10000000 11999999 0.067458
hsY 12000000 13999999 0.175829
hsY 14000000 15999999 0.214362
hsY 16000000 17999999 0.000000
hsY 18000000 19999999 0.226758
hsY 20000000 21999999 0.105221
hsY 22000000 23999999 0.450477
hsY 24000000 25999999 0.273435
hsY 26000000 27999999 0.016350
hsY 28000000 29999999 0.000000
hsY 30000000 31999999 0.000000
hsY 32000000 33999999 0.000000
hsY 34000000 35999999 0.000000
hsY 36000000 37999999 0.000000
hsY 38000000 39999999 0.000000
hsY 40000000 41999999 0.000000
hsY 42000000 43999999 0.000000
hsY 44000000 45999999 0.000000
hsY 46000000 47999999 0.000000
hsY 48000000 49999999 0.000000
hsY 50000000 51999999 0.000000
hsY 52000000 53999999 0.000000
hsY 54000000 55999999 0.000000
hsY 56000000 57999999 0.045199
hs1 0 1999999 0.450001
hs1 2000000 3999999 0.600419
hs1 4000000 5999999 0.135523
hs1 6000000 7999999 0.860071
hs1 8000000 9999999 0.566840
hs1 10000000 11999999 0.631835
hs1 12000000 13999999 0.423748
hs1 14000000 15999999 0.542525
hs1 16000000 17999999 0.567196
hs1 18000000 19999999 0.533159
hs1 20000000 21999999 0.568608
hs1 22000000 23999999 0.472502
hs1 24000000 25999999 0.532620
hs1 26000000 27999999 0.534042
hs1 28000000 29999999 0.566530
hs1 30000000 31999999 0.267697
hs1 32000000 33999999 0.588849
hs1 34000000 35999999 0.497094
hs1 36000000 37999999 0.451865
hs1 38000000 39999999 0.450553
hs1 40000000 41999999 0.544921
hs1 42000000 43999999 0.517197
hs1 44000000 45999999 0.757104
hs1 46000000 47999999 0.475652
hs1 48000000 49999999 0.779070
hs1 50000000 51999999 0.698762
hs1 52000000 53999999 0.721914
hs1 54000000 55999999 0.492449
hs1 56000000 57999999 0.559917
hs1 58000000 59999999 0.540036
hs1 60000000 61999999 0.314237
hs1 62000000 63999999 0.556836
hs1 64000000 65999999 0.676381
hs1 66000000 67999999 0.679666
hs1 68000000 69999999 0.128213
hs1 70000000 71999999 0.589654
hs1 72000000 73999999 0.260433
hs1 74000000 75999999 0.587030
hs1 76000000 77999999 0.742074
hs1 78000000 79999999 0.317916
hs1 80000000 81999999 0.000000
hs1 82000000 83999999 0.096014
hs1 84000000 85999999 0.612866
hs1 86000000 87999999 0.456880
hs1 88000000 89999999 0.293229
hs1 90000000 91999999 0.260936
hs1 92000000 93999999 0.667759
hs1 94000000 95999999 0.315373
hs1 96000000 97999999 0.388769
hs1 98000000 99999999 0.259943
hs1 100000000 101999999 0.351156
hs1 102000000 103999999 0.271763
hs1 104000000 105999999 0.213145
hs1 106000000 107999999 0.214593
hs1 108000000 109999999 0.610017
hs1 110000000 111999999 0.318210
hs1 112000000 113999999 0.495287
hs1 114000000 115999999 0.452049
hs1 116000000 117999999 0.435723
hs1 118000000 119999999 0.307059
hs1 120000000 121999999 0.164844
hs1 122000000 123999999 0.000000
hs1 124000000 125999999 0.000000
hs1 126000000 127999999 0.000000
hs1 128000000 129999999 0.000000
hs1 130000000 131999999 0.000000
hs1 132000000 133999999 0.000000
hs1 134000000 135999999 0.000000
hs1 136000000 137999999 0.000000
hs1 138000000 139999999 0.000000
hs1 140000000 141999999 0.000000
hs1 142000000 143999999 0.371252
hs1 144000000 145999999 0.465404
hs1 146000000 147999999 0.156371
hs1 148000000 149999999 0.633452
hs1 150000000 151999999 0.208784
hs1 152000000 153999999 0.733116
hs1 154000000 155999999 0.518405
hs1 156000000 157999999 0.223041
hs1 158000000 159999999 0.505915
hs1 160000000 161999999 0.460020
hs1 162000000 163999999 0.358429
hs1 164000000 165999999 0.406977
hs1 166000000 167999999 0.479546
hs1 168000000 169999999 0.414347
hs1 170000000 171999999 0.491571
hs1 172000000 173999999 0.769625
hs1 174000000 175999999 0.528524
hs1 176000000 177999999 0.626704
hs1 178000000 179999999 0.617321
hs1 180000000 181999999 0.483210
hs1 182000000 183999999 0.530058
hs1 184000000 185999999 0.370695
hs1 186000000 187999999 0.000000
hs1 188000000 189999999 0.189982
hs1 190000000 191999999 0.167872
hs1 192000000 193999999 0.000000
hs1 194000000 195999999 0.594811
hs1 196000000 197999999 0.167749
hs1 198000000 199999999 0.415161
hs1 200000000 201999999 0.612851
hs1 202000000 203999999 0.565567
hs1 204000000 205999999 0.501740
hs1 206000000 207999999 0.206115
hs1 208000000 209999999 0.659919
hs1 210000000 211999999 0.440562
hs1 212000000 213999999 0.489625
hs1 214000000 215999999 0.813566
hs1 216000000 217999999 0.148697
hs1 218000000 219999999 0.283189
hs1 220000000 221999999 0.312484
hs1 222000000 223999999 0.556591
hs1 224000000 225999999 0.493775
hs1 226000000 227999999 0.330887
hs1 228000000 229999999 0.605263
hs1 230000000 231999999 0.534743
hs1 232000000 233999999 0.550566
hs1 234000000 235999999 0.704664
hs1 236000000 237999999 0.142460
hs1 238000000 239999999 0.742217
hs1 240000000 241999999 0.607729
hs1 242000000 243999999 0.574470
hs1 244000000 245999999 0.600318
hs1 246000000 247999999 0.133196
hs19 0 1999999 0.565882
hs19 2000000 3999999 0.701588
hs19 4000000 5999999 0.634690
hs19 6000000 7999999 0.574573
hs19 8000000 9999999 0.476668
hs19 10000000 11999999 0.663474
hs19 12000000 13999999 0.582364
hs19 14000000 15999999 0.441049
hs19 16000000 17999999 0.712472
hs19 18000000 19999999 0.721897
hs19 20000000 21999999 0.298571
hs19 22000000 23999999 0.145878
hs19 24000000 25999999 0.021968
hs19 26000000 27999999 0.000000
hs19 28000000 29999999 0.000000
hs19 30000000 31999999 0.000000
hs19 32000000 33999999 0.001724
hs19 34000000 35999999 0.178293
hs19 36000000 37999999 0.188633
hs19 38000000 39999999 0.489868
hs19 40000000 41999999 0.483844
hs19 42000000 43999999 0.697557
hs19 44000000 45999999 0.541498
hs19 46000000 47999999 0.427696
hs19 48000000 49999999 0.448577
hs19 50000000 51999999 0.519197
hs19 52000000 53999999 0.652171
hs19 54000000 55999999 0.677492
hs19 56000000 57999999 0.511240
hs19 58000000 59999999 0.496369
hs19 60000000 61999999 0.554392
hs19 62000000 63999999 0.429527
hs2 0 1999999 0.484592
hs2 2000000 3999999 0.372598
hs2 4000000 5999999 0.009225
hs2 6000000 7999999 0.114447
hs2 8000000 9999999 0.388669
hs2 10000000 11999999 0.467676
hs2 12000000 13999999 0.012931
hs2 14000000 15999999 0.222467
hs2 16000000 17999999 0.210475
hs2 18000000 19999999 0.035763
hs2 20000000 21999999 0.208937
hs2 22000000 23999999 0.249074
hs2 24000000 25999999 0.684393
hs2 26000000 27999999 0.722271
hs2 28000000 29999999 0.815284
hs2 30000000 31999999 0.410662
hs2 32000000 33999999 0.754537
hs2 34000000 35999999 0.000000
hs2 36000000 37999999 0.417571
hs2 38000000 39999999 0.509680
hs2 40000000 41999999 0.200146
hs2 42000000 43999999 0.521176
hs2 44000000 45999999 0.570585
hs2 46000000 47999999 0.541176
hs2 48000000 49999999 0.322826
hs2 50000000 51999999 0.556589
hs2 52000000 53999999 0.204420
hs2 54000000 55999999 0.627609
hs2 56000000 57999999 0.103397
hs2 58000000 59999999 0.097734
hs2 60000000 61999999 0.403949
hs2 62000000 63999999 0.599518
hs2 64000000 65999999 0.262223
hs2 66000000 67999999 0.075227
hs2 68000000 69999999 0.564333
hs2 70000000 71999999 0.455247
hs2 72000000 73999999 0.653396
hs2 74000000 75999999 0.446885
hs2 76000000 77999999 0.387323
hs2 78000000 79999999 0.210501
hs2 80000000 81999999 0.365992
hs2 82000000 83999999 0.000484
hs2 84000000 85999999 0.462904
hs2 86000000 87999999 0.577132
hs2 88000000 89999999 0.170961
hs2 90000000 91999999 0.015696
hs2 92000000 93999999 0.000000
hs2 94000000 95999999 0.163405
hs2 96000000 97999999 0.526590
hs2 98000000 99999999 0.785513
hs2 100000000 101999999 0.477330
hs2 102000000 103999999 0.213850
hs2 104000000 105999999 0.220660
hs2 106000000 107999999 0.181960
hs2 108000000 109999999 0.617891
hs2 110000000 111999999 0.614106
hs2 112000000 113999999 0.471100
hs2 114000000 115999999 0.624170
hs2 116000000 117999999 0.159397
hs2 118000000 119999999 0.200965
hs2 120000000 121999999 0.501468
hs2 122000000 123999999 0.072973
hs2 124000000 125999999 0.445001
hs2 126000000 127999999 0.126626
hs2 128000000 129999999 0.270595
hs2 130000000 131999999 0.293807
hs2 132000000 133999999 0.639387
hs2 134000000 135999999 0.555803
hs2 136000000 137999999 0.473282
hs2 138000000 139999999 0.194139
hs2 140000000 141999999 0.647267
hs2 142000000 143999999 0.583533
hs2 144000000 145999999 0.403064
hs2 146000000 147999999 0.047420
hs2 148000000 149999999 0.665996
hs2 150000000 151999999 0.078483
hs2 152000000 153999999 0.534051
hs2 154000000 155999999 0.370730
hs2 156000000 157999999 0.121259
hs2 158000000 159999999 0.676560
hs2 160000000 161999999 0.510574
hs2 162000000 163999999 0.531481
hs2 164000000 165999999 0.370464
hs2 166000000 167999999 0.524828
hs2 168000000 169999999 0.573231
hs2 170000000 171999999 0.729472
hs2 172000000 173999999 0.536894
hs2 174000000 175999999 0.409984
hs2 176000000 177999999 0.183015
hs2 178000000 179999999 0.842495
hs2 180000000 181999999 0.282407
hs2 182000000 183999999 0.512380
hs2 184000000 185999999 0.170562
hs2 186000000 187999999 0.192015
hs2 188000000 189999999 0.328834
hs2 190000000 191999999 0.535763
hs2 192000000 193999999 0.147691
hs2 194000000 195999999 0.000000
hs2 196000000 197999999 0.654597
hs2 198000000 199999999 0.377067
hs2 200000000 201999999 0.518663
hs2 202000000 203999999 0.702273
hs2 204000000 205999999 0.525131
hs2 206000000 207999999 0.470832
hs2 208000000 209999999 0.292673
hs2 210000000 211999999 0.533525
hs2 212000000 213999999 0.703130
hs2 214000000 215999999 0.770051
hs2 216000000 217999999 0.313489
hs2 218000000 219999999 0.677133
hs2 220000000 221999999 0.084521
hs2 222000000 223999999 0.297232
hs2 224000000 225999999 0.337267
hs2 226000000 227999999 0.408629
hs2 228000000 229999999 0.360003
hs2 230000000 231999999 0.682908
hs2 232000000 233999999 0.616765
hs2 234000000 235999999 0.564179
hs2 236000000 237999999 0.501364
hs2 238000000 239999999 0.523054
hs2 240000000 241999999 0.397074
hs2 242000000 243999999 0.204487
hs8 0 1999999 0.320511
hs8 2000000 3999999 0.650253
hs8 4000000 5999999 0.419868
hs8 6000000 7999999 0.366530
hs8 8000000 9999999 0.258501
hs8 10000000 11999999 0.612095
hs8 12000000 13999999 0.369667
hs8 14000000 15999999 0.682253
hs8 16000000 17999999 0.452414
hs8 18000000 19999999 0.486841
hs8 20000000 21999999 0.159558
hs8 22000000 23999999 0.540685
hs8 24000000 25999999 0.337999
hs8 26000000 27999999 0.465404
hs8 28000000 29999999 0.451735
hs8 30000000 31999999 0.524118
hs8 32000000 33999999 0.451474
hs8 34000000 35999999 0.279604
hs8 36000000 37999999 0.148577
hs8 38000000 39999999 0.682385
hs8 40000000 41999999 0.419079
hs8 42000000 43999999 0.380767
hs8 44000000 45999999 0.000000
hs8 46000000 47999999 0.007450
hs8 48000000 49999999 0.378723
hs8 50000000 51999999 0.442287
hs8 52000000 53999999 0.496976
hs8 54000000 55999999 0.202351
hs8 56000000 57999999 0.369683
hs8 58000000 59999999 0.236011
hs8 60000000 61999999 0.289529
hs8 62000000 63999999 0.551855
hs8 64000000 65999999 0.188621
hs8 66000000 67999999 0.355965
hs8 68000000 69999999 0.661269
hs8 70000000 71999999 0.401042
hs8 72000000 73999999 0.411552
hs8 74000000 75999999 0.366791
hs8 76000000 77999999 0.167607
hs8 78000000 79999999 0.117205
hs8 80000000 81999999 0.289131
hs8 82000000 83999999 0.145149
hs8 84000000 85999999 0.369314
hs8 86000000 87999999 0.366235
hs8 88000000 89999999 0.378828
hs8 90000000 91999999 0.168201
hs8 92000000 93999999 0.270627
hs8 94000000 95999999 0.321600
hs8 96000000 97999999 0.308287
hs8 98000000 99999999 0.563812
hs8 100000000 101999999 0.660246
hs8 102000000 103999999 0.453820
hs8 104000000 105999999 0.599000
hs8 106000000 107999999 0.489416
hs8 108000000 109999999 0.263808
hs8 110000000 111999999 0.227111
hs8 112000000 113999999 0.347880
hs8 114000000 115999999 0.259209
hs8 116000000 117999999 0.204313
hs8 118000000 119999999 0.498352
hs8 120000000 121999999 0.573960
hs8 122000000 123999999 0.085315
hs8 124000000 125999999 0.538349
hs8 126000000 127999999 0.197849
hs8 128000000 129999999 0.176408
hs8 130000000 131999999 0.313149
hs8 132000000 133999999 0.471131
hs8 134000000 135999999 0.368098
hs8 136000000 137999999 0.127860
hs8 138000000 139999999 0.346280
hs8 140000000 141999999 0.594573
hs8 142000000 143999999 0.317232
hs8 144000000 145999999 0.492349
hs8 146000000 147999999 0.054821
hs6 0 1999999 0.435386
hs6 2000000 3999999 0.362072
hs6 4000000 5999999 0.512374
hs6 6000000 7999999 0.541644
hs6 8000000 9999999 0.031572
hs6 10000000 11999999 0.392601
hs6 12000000 13999999 0.526483
hs6 14000000 15999999 0.245405
hs6 16000000 17999999 0.474757
hs6 18000000 19999999 0.159135
hs6 20000000 21999999 0.565859
hs6 22000000 23999999 0.159637
hs6 24000000 25999999 0.589112
hs6 26000000 27999999 0.220009
hs6 28000000 29999999 0.183387
hs6 30000000 31999999 0.415938
hs6 32000000 33999999 0.456634
hs6 34000000 35999999 0.653238
hs6 36000000 37999999 0.553720
hs6 38000000 39999999 0.836653
hs6 40000000 41999999 0.322221
hs6 42000000 43999999 0.658773
hs6 44000000 45999999 0.525910
hs6 46000000 47999999 0.525746
hs6 48000000 49999999 0.166878
hs6 50000000 51999999 0.263155
hs6 52000000 53999999 0.394180
hs6 54000000 55999999 0.432198
hs6 56000000 57999999 0.457273
hs6 58000000 59999999 0.020783
hs6 60000000 61999999 0.000000
hs6 62000000 63999999 0.303119
hs6 64000000 65999999 0.817870
hs6 66000000 67999999 0.237723
hs6 68000000 69999999 0.298824
hs6 70000000 71999999 0.585001
hs6 72000000 73999999 0.557526
hs6 74000000 75999999 0.235978
hs6 76000000 77999999 0.330972
hs6 78000000 79999999 0.104251
hs6 80000000 81999999 0.218171
hs6 82000000 83999999 0.206748
hs6 84000000 85999999 0.331372
hs6 86000000 87999999 0.169509
hs6 88000000 89999999 0.440780
hs6 90000000 91999999 0.501515
hs6 92000000 93999999 0.000000
hs6 94000000 95999999 0.124482
hs6 96000000 97999999 0.362150
hs6 98000000 99999999 0.109183
hs6 100000000 101999999 0.336689
hs6 102000000 103999999 0.312325
hs6 104000000 105999999 0.222750
hs6 106000000 107999999 0.426136
hs6 108000000 109999999 0.638649
hs6 110000000 111999999 0.598827
hs6 112000000 113999999 0.222400
hs6 114000000 115999999 0.032858
hs6 116000000 117999999 0.505260
hs6 118000000 119999999 0.566889
hs6 120000000 121999999 0.134575
hs6 122000000 123999999 0.414951
hs6 124000000 125999999 0.656605
hs6 126000000 127999999 0.253966
hs6 128000000 129999999 0.727939
hs6 130000000 131999999 0.373098
hs6 132000000 133999999 0.392576
hs6 134000000 135999999 0.540282
hs6 136000000 137999999 0.719464
hs6 138000000 139999999 0.344537
hs6 140000000 141999999 0.000000
hs6 142000000 143999999 0.472071
hs6 144000000 145999999 0.516914
hs6 146000000 147999999 0.539495
hs6 148000000 149999999 0.389459
hs6 150000000 151999999 0.596222
hs6 152000000 153999999 0.556558
hs6 154000000 155999999 0.471000
hs6 156000000 157999999 0.355152
hs6 158000000 159999999 0.485594
hs6 160000000 161999999 0.621001
hs6 162000000 163999999 0.917816
hs6 164000000 165999999 0.182384
hs6 166000000 167999999 0.390371
hs6 168000000 169999999 0.388719
hs6 170000000 171999999 0.079545
hs14 0 1999999 0.000000
hs14 2000000 3999999 0.000000
hs14 4000000 5999999 0.000000
hs14 6000000 7999999 0.000000
hs14 8000000 9999999 0.000000
hs14 10000000 11999999 0.000000
hs14 12000000 13999999 0.000000
hs14 14000000 15999999 0.000000
hs14 16000000 17999999 0.000000
hs14 18000000 19999999 0.102967
hs14 20000000 21999999 0.202806
hs14 22000000 23999999 0.394807
hs14 24000000 25999999 0.132407
hs14 26000000 27999999 0.068401
hs14 28000000 29999999 0.187945
hs14 30000000 31999999 0.561144
hs14 32000000 33999999 0.645958
hs14 34000000 35999999 0.432571
hs14 36000000 37999999 0.463010
hs14 38000000 39999999 0.132435
hs14 40000000 41999999 0.148496
hs14 42000000 43999999 0.000000
hs14 44000000 45999999 0.164343
hs14 46000000 47999999 0.417986
hs14 48000000 49999999 0.291948
hs14 50000000 51999999 0.506070
hs14 52000000 53999999 0.282419
hs14 54000000 55999999 0.489723
hs14 56000000 57999999 0.374894
hs14 58000000 59999999 0.401116
hs14 60000000 61999999 0.414065
hs14 62000000 63999999 0.650670
hs14 64000000 65999999 0.385620
hs14 66000000 67999999 0.913397
hs14 68000000 69999999 0.559993
hs14 70000000 71999999 0.547065
hs14 72000000 73999999 0.722048
hs14 74000000 75999999 0.728854
hs14 76000000 77999999 0.424506
hs14 78000000 79999999 0.707586
hs14 80000000 81999999 0.432077
hs14 82000000 83999999 0.000000
hs14 84000000 85999999 0.048892
hs14 86000000 87999999 0.134930
hs14 88000000 89999999 0.643476
hs14 90000000 91999999 0.713450
hs14 92000000 93999999 0.689058
hs14 94000000 95999999 0.342156
hs14 96000000 97999999 0.113190
hs14 98000000 99999999 0.411143
hs14 100000000 101999999 0.399568
hs14 102000000 103999999 0.531029
hs14 104000000 105999999 0.266497
hs14 106000000 107999999 0.006538
hs17 0 1999999 0.736440
hs17 2000000 3999999 0.657856
hs17 4000000 5999999 0.531033
hs17 6000000 7999999 0.523374
hs17 8000000 9999999 0.753107
hs17 10000000 11999999 0.577889
hs17 12000000 13999999 0.261966
hs17 14000000 15999999 0.298998
hs17 16000000 17999999 0.640750
hs17 18000000 19999999 0.554994
hs17 20000000 21999999 0.269867
hs17 22000000 23999999 0.326100
hs17 24000000 25999999 0.772630
hs17 26000000 27999999 0.585156
hs17 28000000 29999999 0.734569
hs17 30000000 31999999 0.461118
hs17 32000000 33999999 0.526506
hs17 34000000 35999999 0.632724
hs17 36000000 37999999 0.440300
hs17 38000000 39999999 0.573067
hs17 40000000 41999999 0.595936
hs17 42000000 43999999 0.601512
hs17 44000000 45999999 0.451246
hs17 46000000 47999999 0.512359
hs17 48000000 49999999 0.001168
hs17 50000000 51999999 0.365474
hs17 52000000 53999999 0.486592
hs17 54000000 55999999 0.755028
hs17 56000000 57999999 0.679326
hs17 58000000 59999999 0.708279
hs17 60000000 61999999 0.631138
hs17 62000000 63999999 0.654376
hs17 64000000 65999999 0.351152
hs17 66000000 67999999 0.002701
hs17 68000000 69999999 0.557187
hs17 70000000 71999999 0.738683
hs17 72000000 73999999 0.455232
hs17 74000000 75999999 0.629354
hs17 76000000 77999999 0.684241
hs17 78000000 79999999 0.272224
hs21 0 1999999 0.000000
hs21 2000000 3999999 0.000000
hs21 4000000 5999999 0.000000
hs21 6000000 7999999 0.000000
hs21 8000000 9999999 0.035694
hs21 10000000 11999999 0.183138
hs21 12000000 13999999 0.055747
hs21 14000000 15999999 0.178295
hs21 16000000 17999999 0.381315
hs21 18000000 19999999 0.118718
hs21 20000000 21999999 0.300548
hs21 22000000 23999999 0.000000
hs21 24000000 25999999 0.073896
hs21 26000000 27999999 0.256696
hs21 28000000 29999999 0.317609
hs21 30000000 31999999 0.376085
hs21 32000000 33999999 0.520068
hs21 34000000 35999999 0.408291
hs21 36000000 37999999 0.550122
hs21 38000000 39999999 0.492755
hs21 40000000 41999999 0.633460
hs21 42000000 43999999 0.541524
hs21 44000000 45999999 0.588780
hs21 46000000 47999999 0.304432
