hsX 0 2380951 0.275948
hsX 2380952 4761903 0.242385
hsX 4761904 7142856 0.184547
hsX 7142857 9523808 0.219926
hsX 9523809 11904760 0.625797
hsX 11904761 14285713 0.444273
hsX 14285714 16666665 0.401949
hsX 16666666 19047618 0.651718
hsX 19047619 21428570 0.403581
hsX 21428571 23809522 0.295139
hsX 23809523 26190475 0.301589
hsX 26190476 28571427 0.034512
hsX 28571428 30952379 0.629120
hsX 30952380 33333332 0.932903
hsX 33333333 35714284 0.014670
hsX 35714285 38095237 0.370360
hsX 38095238 40476189 0.191675
hsX 40476190 42857141 0.262421
hsX 42857142 45238094 0.310548
hsX 45238095 47619046 0.324452
hsX 47619047 49999999 0.686663
hsX 50000000 52380951 0.248256
hsX 52380952 54761903 0.444870
hsX 54761904 57142856 0.172881
hsX 57142857 59523808 0.091227
hsX 59523809 61904760 0.000000
hsX 61904761 64285713 0.233937
hsX 64285714 66666665 0.108929
hsX 66666666 69047618 0.429729
hsX 69047619 71428570 0.633819
hsX 71428571 73809522 0.500949
hsX 73809523 76190475 0.208065
hsX 76190476 78571427 0.262695
hsX 78571428 80952379 0.189864
hsX 80952380 83333332 0.065754
hsX 83333333 85714284 0.434172
hsX 85714285 88095237 0.176347
hsX 88095238 90476189 0.000396
hsX 90476190 92857141 0.373334
hsX 92857142 95238094 0.000000
hsX 95238095 97619046 0.385684
hsX 97619047 99999999 0.310952
hsX 100000000 102380951 0.446431
hsX 102380952 104761903 0.534326
hsX 104761904 107142856 0.431125
hsX 107142857 109523808 0.519336
hsX 109523809 111904760 0.614379
hsX 111904761 114285713 0.185065
hsX 114285714 116666665 0.096984
hsX 116666666 119047618 0.410119
hsX 119047619 121428570 0.287049
hsX 121428571 123809522 0.476301
hsX 123809523 126190475 0.052048
hsX 126190476 128571427 0.054896
hsX 128571428 130952379 0.360839
hsX 130952380 133333332 0.484110
hsX 133333333 135714284 0.416355
hsX 135714285 138095237 0.241893
hsX 138095238 140476189 0.132049
hsX 140476190 142857141 0.048476
hsX 142857142 145238094 0.008209
hsX 145238095 147619046 0.138256
hsX 147619047 149999999 0.409242
hsX 150000000 152380951 0.289180
hsX 152380952 154761903 0.557567
hsX 154761904 157142856 0.031806
hs12 0 2380951 0.820496
hs12 2380952 4761903 0.552840
hs12 4761904 7142856 0.546015
hs12 7142857 9523808 0.396438
hs12 9523809 11904760 0.540737
hs12 11904761 14285713 0.486167
hs12 14285714 16666665 0.535318
hs12 16666666 19047618 0.189872
hs12 19047619 21428570 0.468253
hs12 21428571 23809522 0.375764
hs12 23809523 26190475 0.611203
hs12 26190476 28571427 0.583087
hs12 28571428 30952379 0.268707
hs12 30952380 33333332 0.448669
hs12 33333333 35714284 0.029581
hs12 35714285 38095237 0.163100
hs12 38095238 40476189 0.609751
hs12 40476190 42857141 0.430163
hs12 42857142 45238094 0.536659
hs12 45238095 47619046 0.276268
hs12 47619047 49999999 0.677793
hs12 50000000 52380951 0.494585
hs12 52380952 54761903 0.324126
hs12 54761904 57142856 0.454560
hs12 57142857 59523808 0.059057
hs12 59523809 61904760 0.445217
hs12 61904761 64285713 0.486469
hs12 64285714 66666665 0.312296
hs12 66666666 69047618 0.332127
hs12 69047619 71428570 0.572226
hs12 71428571 73809522 0.039075
hs12 73809523 76190475 0.273342
hs12 76190476 78571427 0.433170
hs12 78571428 80952379 0.599638
hs12 80952380 83333332 0.241237
hs12 83333333 85714284 0.488634
hs12 85714285 88095237 0.145680
hs12 88095238 90476189 0.119851
hs12 90476190 92857141 0.218257
hs12 92857142 95238094 0.502625
hs12 95238095 97619046 0.187722
hs12 97619047 99999999 0.845627
hs12 100000000 102380951 0.418711
hs12 102380952 104761903 0.564638
hs12 104761904 107142856 0.614858
hs12 107142857 109523808 0.636019
hs12 109523809 111904760 0.663064
hs12 111904761 114285713 0.241537
hs12 114285714 116666665 0.489023
hs12 116666666 119047618 0.581856
hs12 119047619 121428570 0.708944
hs12 121428571 123809522 0.604949
hs12 123809523 126190475 0.254045
hs12 126190476 128571427 0.442470
hs12 128571428 130952379 0.402950
hs12 130952380 133333332 0.377165
hs11 0 2380951 0.567704
hs11 2380952 4761903 0.554857
hs11 4761904 7142856 0.248795
hs11 7142857 9523808 0.630878
hs11 9523809 11904760 0.556660
hs11 11904761 14285713 0.553091
hs11 14285714 16666665 0.477111
hs11 16666666 19047618 0.552029
hs11 19047619 21428570 0.778383
hs11 21428571 23809522 0.174001
hs11 23809523 26190475 0.245965
hs11 26190476 28571427 0.505934
hs11 28571428 30952379 0.095507
hs11 30952380 33333332 0.492730
hs11 33333333 35714284 0.499768
hs11 35714285 38095237 0.273233
hs11 38095238 40476189 0.075563
hs11 40476190 42857141 0.000000
hs11 42857142 45238094 0.425628
hs11 45238095 47619046 0.616820
hs11 47619047 49999999 0.292839
hs11 50000000 52380951 0.013492
hs11 52380952 54761903 0.000000
hs11 54761904 57142856 0.267001
hs11 57142857 59523808 0.314081
hs11 59523809 61904760 0.462815
hs11 61904761 64285713 0.628395
hs11 64285714 66666665 0.583147
hs11 66666666 69047618 0.465072
hs11 69047619 71428570 0.499122
hs11 71428571 73809522 0.719685
hs11 73809523 76190475 0.543114
hs11 76190476 78571427 0.789729
hs11 78571428 80952379 0.108325
hs11 80952380 83333332 0.335769
hs11 83333333 85714284 0.865177
hs11 85714285 88095237 0.393095
hs11 88095238 90476189 0.382811
hs11 90476190 92857141 0.302985
hs11 92857142 95238094 0.368802
hs11 95238095 97619046 0.195114
hs11 97619047 99999999 0.560954
hs11 100000000 102380951 0.442762
hs11 102380952 104761903 0.320435
hs11 104761904 107142856 0.437535
hs11 107142857 109523808 0.410272
hs11 109523809 111904760 0.397185
hs11 111904761 114285713 0.407195
hs11 114285714 116666665 0.324284
hs11 116666666 119047618 0.602688
hs11 119047619 121428570 0.429418
hs11 121428571 123809522 0.304114
hs11 123809523 126190475 0.621676
hs11 126190476 128571427 0.307397
hs11 128571428 130952379 0.323689
hs11 130952380 133333332 0.810162
hs11 133333333 135714284 0.136741
hs22 0 2380951 0.000000
hs22 2380952 4761903 0.000000
hs22 4761904 7142856 0.000000
hs22 7142857 9523808 0.000000
hs22 9523809 11904760 0.000000
hs22 11904761 14285713 0.000000
hs22 14285714 16666665 0.242225
hs22 16666666 19047618 0.499444
hs22 19047619 21428570 0.418516
hs22 21428571 23809522 0.600599
hs22 23809523 26190475 0.685751
hs22 26190476 28571427 0.722967
hs22 28571428 30952379 0.629827
hs22 30952380 33333332 0.585556
hs22 33333333 35714284 0.397025
hs22 35714285 38095237 0.552460
hs22 38095238 40476189 0.741093
hs22 40476190 42857141 0.667577
hs22 42857142 45238094 0.626553
hs22 45238095 47619046 0.366249
hs22 47619047 49999999 0.327693
hs10 0 2380951 0.570823
hs10 2380952 4761903 0.062060
hs10 4761904 7142856 0.346327
hs10 7142857 9523808 0.283504
hs10 9523809 11904760 0.223440
hs10 11904761 14285713 0.738617
hs10 14285714 16666665 0.489941
hs10 16666666 19047618 0.821554
hs10 19047619 21428570 0.329031
hs10 21428571 23809522 0.421032
hs10 23809523 26190475 0.670084
hs10 26190476 28571427 0.594136
hs10 28571428 30952379 0.244935
hs10 30952380 33333332 0.485801
hs10 33333333 35714284 0.490597
hs10 35714285 38095237 0.125998
hs10 38095238 40476189 0.100075
hs10 40476190 42857141 0.082831
hs10 42857142 45238094 0.203618
hs10 45238095 47619046 0.347975
hs10 47619047 49999999 0.430739
hs10 50000000 52380951 0.625818
hs10 52380952 54761903 0.553655
hs10 54761904 57142856 0.419378
hs10 57142857 59523808 0.001612
hs10 59523809 61904760 0.498363
hs10 61904761 64285713 0.369037
hs10 64285714 66666665 0.179363
hs10 66666666 69047618 0.786646
hs10 69047619 71428570 0.637929
hs10 71428571 73809522 0.609070
hs10 73809523 76190475 0.817630
hs10 76190476 78571427 0.585307
hs10 78571428 80952379 0.486798
hs10 80952380 83333332 0.169086
hs10 83333333 85714284 0.466984
hs10 85714285 88095237 0.426560
hs10 88095238 90476189 0.580652
hs10 90476190 92857141 0.300389
hs10 92857142 95238094 0.656432
hs10 95238095 97619046 0.655677
hs10 97619047 99999999 0.680808
hs10 100000000 102380951 0.682433
hs10 102380952 104761903 0.652414
hs10 104761904 107142856 0.733070
hs10 107142857 109523808 0.248167
hs10 109523809 111904760 0.079123
hs10 111904761 114285713 0.314394
hs10 114285714 116666665 0.577688
hs10 116666666 119047618 0.653498
hs10 119047619 121428570 0.400951
hs10 121428571 123809522 0.327932
hs10 123809523 126190475 0.408174
hs10 126190476 128571427 0.542980
hs10 128571428 130952379 0.356250
hs10 130952380 133333332 0.290395
hs10 133333333 135714284 0.384460
hs7 0 2380951 0.526625
hs7 2380952 4761903 0.626098
hs7 4761904 7142856 0.581671
hs7 7142857 9523808 0.398910
hs7 9523809 11904760 0.279746
hs7 11904761 14285713 0.176906
hs7 14285714 16666665 0.587012
hs7 16666666 19047618 0.340973
hs7 19047619 21428570 0.161204
hs7 21428571 23809522 0.578920
hs7 23809523 26190475 0.202761
hs7 26190476 28571427 0.555088
hs7 28571428 30952379 0.580288
hs7 30952380 33333332 0.408937
hs7 33333333 35714284 0.620327
hs7 35714285 38095237 0.540489
hs7 38095238 40476189 0.683054
hs7 40476190 42857141 0.321859
hs7 42857142 45238094 0.635344
hs7 45238095 47619046 0.198495
hs7 47619047 49999999 0.399572
hs7 50000000 52380951 0.382092
hs7 52380952 54761903 0.012348
hs7 54761904 57142856 0.269005
hs7 57142857 59523808 0.024410
hs7 59523809 61904760 0.000000
hs7 61904761 64285713 0.176896
hs7 64285714 66666665 0.402656
hs7 66666666 69047618 0.145227
hs7 69047619 71428570 0.829567
hs7 71428571 73809522 0.603792
hs7 73809523 76190475 0.559005
hs7 76190476 78571427 0.751778
hs7 78571428 80952379 0.311283
hs7 80952380 83333332 0.527420
hs7 83333333 85714284 0.152434
hs7 85714285 88095237 0.596993
hs7 88095238 90476189 0.437013
hs7 90476190 92857141 0.485231
hs7 92857142 95238094 0.374527
hs7 95238095 97619046 0.316803
hs7 97619047 99999999 0.572967
hs7 100000000 102380951 0.665815
hs7 102380952 104761903 0.839555
hs7 104761904 107142856 0.528047
hs7 107142857 109523808 0.273829
hs7 109523809 111904760 0.673830
hs7 111904761 114285713 0.340872
hs7 114285714 116666665 0.342273
hs7 116666666 119047618 0.210252
hs7 119047619 121428570 0.450472
hs7 121428571 123809522 0.454886
hs7 123809523 126190475 0.189738
hs7 126190476 128571427 0.580794
hs7 128571428 130952379 0.660461
hs7 130952380 133333332 0.658365
hs7 133333333 135714284 0.489460
hs7 135714285 138095237 0.485031
hs7 138095238 140476189 0.655200
hs7 140476190 142857141 0.276031
hs7 142857142 145238094 0.233766
hs7 145238095 147619046 0.913403
hs7 147619047 149999999 0.397772
hs7 150000000 152380951 0.588443
hs7 152380952 154761903 0.508820
hs7 154761904 157142856 0.334266
hs7 157142857 159523808 0.557307
hs4 0 2380951 0.668053
hs4 2380952 4761903 0.450206
hs4 4761904 7142856 0.622780
hs4 7142857 9523808 0.544136
hs4 9523809 11904760 0.173250
hs4 11904761 14285713 0.078082
hs4 14285714 16666665 0.454170
hs4 16666666 19047618 0.189199
hs4 19047619 21428570 0.622795
hs4 21428571 23809522 0.207535
hs4 23809523 26190475 0.305218
hs4 26190476 28571427 0.141147
hs4 28571428 30952379 0.179083
hs4 30952380 33333332 0.000000
hs4 33333333 35714284 0.000000
hs4 35714285 38095237 0.406134
hs4 38095238 40476189 0.584328
hs4 40476190 42857141 0.626608
hs4 42857142 45238094 0.147387
hs4 45238095 47619046 0.548260
hs4 47619047 49999999 0.338100
hs4 50000000 52380951 0.000000
hs4 52380952 54761903 0.420417
hs4 54761904 57142856 0.391280
hs4 57142857 59523808 0.090601
hs4 59523809 61904760 0.000000
hs4 61904761 64285713 0.241639
hs4 64285714 66666665 0.202175
hs4 66666666 69047618 0.256680
hs4 69047619 71428570 0.250448
hs4 71428571 73809522 0.475962
hs4 73809523 76190475 0.285797
hs4 76190476 78571427 0.487559
hs4 78571428 80952379 0.424144
hs4 80952380 83333332 0.448054
hs4 83333333 85714284 0.324684
hs4 85714285 88095237 0.694669
hs4 88095238 90476189 0.543643
hs4 90476190 92857141 0.692682
hs4 92857142 95238094 0.617050
hs4 95238095 97619046 0.473208
hs4 97619047 99999999 0.401162
hs4 100000000 102380951 0.343915
hs4 102380952 104761903 0.485845
hs4 104761904 107142856 0.284608
hs4 107142857 109523808 0.341670
hs4 109523809 111904760 0.568548
hs4 111904761 114285713 0.288106
hs4 114285714 116666665 0.417381
hs4 116666666 119047618 0.000870
hs4 119047619 121428570 0.393045
hs4 121428571 123809522 0.352090
hs4 123809523 126190475 0.355307
hs4 126190476 128571427 0.074139
hs4 128571428 130952379 0.325465
hs4 130952380 133333332 0.000000
hs4 133333333 135714284 0.020026
hs4 135714285 138095237 0.000000
hs4 138095238 140476189 0.111124
hs4 140476190 142857141 0.547698
hs4 142857142 145238094 0.517986
hs4 145238095 147619046 0.374621
hs4 147619047 149999999 0.469611
hs4 150000000 152380951 0.438451
hs4 152380952 154761903 0.511860
hs4 154761904 157142856 0.291697
hs4 157142857 159523808 0.230332
hs4 159523809 161904760 0.234428
hs4 161904761 164285713 0.335388
hs4 164285714 166666665 0.525675
hs4 166666666 169047618 0.307353
hs4 169047619 171428570 0.575468
hs4 171428571 173809522 0.352117
hs4 173809523 176190475 0.402246
hs4 176190476 178571427 0.362252
hs4 178571428 180952379 0.114963
hs4 180952380 183333332 0.002351
hs4 183333333 185714284 0.481958
hs4 185714285 188095237 0.487564
hs4 188095238 190476189 0.013151
hs4 190476190 192857141 0.037341
hs16 0 2380951 0.729552
hs16 2380952 4761903 0.639549
hs16 4761904 7142856 0.593128
hs16 7142857 9523808 0.364234
hs16 9523809 11904760 0.503751
hs16 11904761 14285713 0.556657
hs16 14285714 16666665 0.534466
hs16 16666666 19047618 0.300520
hs16 19047619 21428570 0.622452
hs16 21428571 23809522 0.540682
hs16 23809523 26190475 0.534905
hs16 26190476 28571427 0.437819
hs16 28571428 30952379 0.458417
hs16 30952380 33333332 0.174515
hs16 33333333 35714284 0.013663
hs16 35714285 38095237 0.000000
hs16 38095238 40476189 0.000000
hs16 40476190 42857141 0.000000
hs16 42857142 45238094 0.059055
hs16 45238095 47619046 0.472352
hs16 47619047 49999999 0.332701
hs16 50000000 52380951 0.269217
hs16 52380952 54761903 0.271188
hs16 54761904 57142856 0.629791
hs16 57142857 59523808 0.052573
hs16 59523809 61904760 0.160777
hs16 61904761 64285713 0.196157
hs16 64285714 66666665 0.556445
hs16 66666666 69047618 0.732959
hs16 69047619 71428570 0.571804
hs16 71428571 73809522 0.349620
hs16 73809523 76190475 0.324139
hs16 76190476 78571427 0.563100
hs16 78571428 80952379 0.539656
hs16 80952380 83333332 0.711772
hs16 83333333 85714284 0.195747
hs16 85714285 88095237 0.554693
hs16 88095238 90476189 0.195577
hs20 0 2380951 0.358646
hs20 2380952 4761903 0.537248
hs20 4761904 7142856 0.265238
hs20 7142857 9523808 0.560209
hs20 9523809 11904760 0.270239
hs20 11904761 14285713 0.464767
hs20 14285714 16666665 0.842309
hs20 16666666 19047618 0.417894
hs20 19047619 21428570 0.648283
hs20 21428571 23809522 0.079375
hs20 23809523 26190475 0.330251
hs20 26190476 28571427 0.009295
hs20 28571428 30952379 0.371999
hs20 30952380 33333332 0.619312
hs20 33333333 35714284 0.684639
hs20 35714285 38095237 0.388080
hs20 38095238 40476189 0.354458
hs20 40476190 42857141 0.646707
hs20 42857142 45238094 0.554573
hs20 45238095 47619046 0.480868
hs20 47619047 49999999 0.425320
hs20 50000000 52380951 0.336022
hs20 52380952 54761903 0.157705
hs20 54761904 57142856 0.306647
hs20 57142857 59523808 0.315233
hs20 59523809 61904760 0.657892
hs20 61904761 64285713 0.130966
hs13 0 2380951 0.000000
hs13 2380952 4761903 0.000000
hs13 4761904 7142856 0.000000
hs13 7142857 9523808 0.000000
hs13 9523809 11904760 0.000000
hs13 11904761 14285713 0.000000
hs13 14285714 16666665 0.000000
hs13 16666666 19047618 0.133625
hs13 19047619 21428570 0.479905
hs13 21428571 23809522 0.286516
hs13 23809523 26190475 0.575857
hs13 26190476 28571427 0.360942
hs13 28571428 30952379 0.426293
hs13 30952380 33333332 0.478495
hs13 33333333 35714284 0.726412
hs13 35714285 38095237 0.268457
hs13 38095238 40476189 0.490670
hs13 40476190 42857141 0.511203
hs13 42857142 45238094 0.476055
hs13 45238095 47619046 0.290945
hs13 47619047 49999999 0.501396
hs13 50000000 52380951 0.503314
hs13 52380952 54761903 0.009784
hs13 54761904 57142856 0.048150
hs13 57142857 59523808 0.186604
hs13 59523809 61904760 0.124141
hs13 61904761 64285713 0.002157
hs13 64285714 66666665 0.374514
hs13 66666666 69047618 0.111027
hs13 69047619 71428570 0.365264
hs13 71428571 73809522 0.346129
hs13 73809523 76190475 0.213484
hs13 76190476 78571427 0.360313
hs13 78571428 80952379 0.141810
hs13 80952380 83333332 0.000000
hs13 83333333 85714284 0.179300
hs13 85714285 88095237 0.002941
hs13 88095238 90476189 0.015012
hs13 90476190 92857141 0.695457
hs13 92857142 95238094 0.713473
hs13 95238095 97619046 0.553652
hs13 97619047 99999999 0.749238
hs13 100000000 102380951 0.676290
hs13 102380952 104761903 0.009597
hs13 104761904 107142856 0.260082
hs13 107142857 109523808 0.371008
hs13 109523809 111904760 0.319618
hs13 111904761 114285713 0.543113
hs18 0 2380951 0.251435
hs18 2380952 4761903 0.421148
hs18 4761904 7142856 0.395307
hs18 7142857 9523808 0.545209
hs18 9523809 11904760 0.435398
hs18 11904761 14285713 0.556953
hs18 14285714 16666665 0.073324
hs18 16666666 19047618 0.388501
hs18 19047619 21428570 0.574831
hs18 21428571 23809522 0.369280
hs18 23809523 26190475 0.084828
hs18 26190476 28571427 0.361785
hs18 28571428 30952379 0.680466
hs18 30952380 33333332 0.676207
hs18 33333333 35714284 0.256930
hs18 35714285 38095237 0.069962
hs18 38095238 40476189 0.160535
hs18 40476190 42857141 0.598780
hs18 42857142 45238094 0.407668
hs18 45238095 47619046 0.375915
hs18 47619047 49999999 0.529688
hs18 50000000 52380951 0.244091
hs18 52380952 54761903 0.577121
hs18 54761904 57142856 0.177713
hs18 57142857 59523808 0.471501
hs18 59523809 61904760 0.141394
hs18 61904761 64285713 0.046220
hs18 64285714 66666665 0.490001
hs18 66666666 69047618 0.053691
hs18 69047619 71428570 0.342719
hs18 71428571 73809522 0.205515
hs18 73809523 76190475 0.340526
hs3 0 2380951 0.330459
hs3 2380952 4761903 0.506851
hs3 4761904 7142856 0.196059
hs3 7142857 9523808 0.632428
hs3 9523809 11904760 0.668622
hs3 11904761 14285713 0.559872
hs3 14285714 16666665 0.585079
hs3 16666666 19047618 0.370533
hs3 19047619 21428570 0.274343
hs3 21428571 23809522 0.301493
hs3 23809523 26190475 0.353590
hs3 26190476 28571427 0.239937
hs3 28571428 30952379 0.413779
hs3 30952380 33333332 0.492695
hs3 33333333 35714284 0.197893
hs3 35714285 38095237 0.555831
hs3 38095238 40476189 0.557734
hs3 40476190 42857141 0.514476
hs3 42857142 45238094 0.467957
hs3 45238095 47619046 0.536817
hs3 47619047 49999999 0.775880
hs3 50000000 52380951 0.734699
hs3 52380952 54761903 0.799914
hs3 54761904 57142856 0.778535
hs3 57142857 59523808 0.558604
hs3 59523809 61904760 0.791523
hs3 61904761 64285713 0.656558
hs3 64285714 66666665 0.586312
hs3 66666666 69047618 0.433605
hs3 69047619 71428570 0.393347
hs3 71428571 73809522 0.398523
hs3 73809523 76190475 0.135825
hs3 76190476 78571427 0.255096
hs3 78571428 80952379 0.491683
hs3 80952380 83333332 0.114283
hs3 83333333 85714284 0.261854
hs3 85714285 88095237 0.247952
hs3 88095238 90476189 0.170785
hs3 90476190 92857141 0.000000
hs3 92857142 95238094 0.072122
hs3 95238095 97619046 0.059158
hs3 97619047 99999999 0.508872
hs3 100000000 102380951 0.648626
hs3 102380952 104761903 0.240017
hs3 104761904 107142856 0.176741
hs3 107142857 109523808 0.301698
hs3 109523809 111904760 0.300807
hs3 111904761 114285713 0.471723
hs3 114285714 116666665 0.699780
hs3 116666666 119047618 0.314417
hs3 119047619 121428570 0.445578
hs3 121428571 123809522 0.703100
hs3 123809523 126190475 0.810387
hs3 126190476 128571427 0.522583
hs3 128571428 130952379 0.535123
hs3 130952380 133333332 0.660179
hs3 133333333 135714284 0.587474
hs3 135714285 138095237 0.575869
hs3 138095238 140476189 0.322302
hs3 140476190 142857141 0.551650
hs3 142857142 145238094 0.664259
hs3 145238095 147619046 0.063378
hs3 147619047 149999999 0.078002
hs3 150000000 152380951 0.472062
hs3 152380952 154761903 0.301787
hs3 154761904 157142856 0.312233
hs3 157142857 159523808 0.518831
hs3 159523809 161904760 0.614630
hs3 161904761 164285713 0.168605
hs3 164285714 166666665 0.046016
hs3 166666666 169047618 0.231991
hs3 169047619 171428570 0.656125
hs3 171428571 173809522 0.554248
hs3 173809523 176190475 0.594300
hs3 176190476 178571427 0.416705
hs3 178571428 180952379 0.314607
hs3 180952380 183333332 0.231987
hs3 183333333 185714284 0.489836
hs3 185714285 188095237 0.526228
hs3 188095238 190476189 0.471489
hs3 190476190 192857141 0.363607
hs3 192857142 195238094 0.462547
hs3 195238095 197619046 0.421395
hs3 197619047 199999999 0.465181
hs9 0 2380951 0.379574
hs9 2380952 4761903 0.494313
hs9 4761904 7142856 0.576716
hs9 7142857 9523808 0.523179
hs9 9523809 11904760 0.453144
hs9 11904761 14285713 0.177854
hs9 14285714 16666665 0.510145
hs9 16666666 19047618 0.558364
hs9 19047619 21428570 0.469149
hs9 21428571 23809522 0.195852
hs9 23809523 26190475 0.003785
hs9 26190476 28571427 0.530184
hs9 28571428 30952379 0.057974
hs9 30952380 33333332 0.222503
hs9 33333333 35714284 0.638434
hs9 35714285 38095237 0.590951
hs9 38095238 40476189 0.144589
hs9 40476190 42857141 0.106767
hs9 42857142 45238094 0.080512
hs9 45238095 47619046 0.026062
hs9 47619047 49999999 0.000000
hs9 50000000 52380951 0.000000
hs9 52380952 54761903 0.000000
hs9 54761904 57142856 0.000000
hs9 57142857 59523808 0.000000
hs9 59523809 61904760 0.000000
hs9 61904761 64285713 0.000000
hs9 64285714 66666665 0.016030
hs9 66666666 69047618 0.133164
hs9 69047619 71428570 0.478672
hs9 71428571 73809522 0.536199
hs9 73809523 76190475 0.214772
hs9 76190476 78571427 0.432393
hs9 78571428 80952379 0.421236
hs9 80952380 83333332 0.065008
hs9 83333333 85714284 0.303889
hs9 85714285 88095237 0.400008
hs9 88095238 90476189 0.212599
hs9 90476190 92857141 0.235785
hs9 92857142 95238094 0.621002
hs9 95238095 97619046 0.497421
hs9 97619047 99999999 0.544358
hs9 100000000 102380951 0.583419
hs9 102380952 104761903 0.243464
hs9 104761904 107142856 0.145798
hs9 107142857 109523808 0.217661
hs9 109523809 111904760 0.520973
hs9 111904761 114285713 0.621464
hs9 114285714 116666665 0.570539
hs9 116666666 119047618 0.632502
hs9 119047619 121428570 0.161977
hs9 121428571 123809522 0.659416
hs9 123809523 126190475 0.597859
hs9 126190476 128571427 0.667734
hs9 128571428 130952379 0.775786
hs9 130952380 133333332 0.476877
hs9 133333333 135714284 0.700883
hs9 135714285 138095237 0.380395
hs9 138095238 140476189 0.622590
hs15 0 2380951 0.000000
hs15 2380952 4761903 0.000000
hs15 4761904 7142856 0.000000
hs15 7142857 9523808 0.000000
hs15 9523809 11904760 0.000000
hs15 11904761 14285713 0.000000
hs15 14285714 16666665 0.000000
hs15 16666666 19047618 0.009818
hs15 19047619 21428570 0.262742
hs15 21428571 23809522 0.236857
hs15 23809523 26190475 0.630969
hs15 26190476 28571427 0.432470
hs15 28571428 30952379 0.370880
hs15 30952380 33333332 0.627481
hs15 33333333 35714284 0.276210
hs15 35714285 38095237 0.267364
hs15 38095238 40476189 0.680818
hs15 40476190 42857141 0.801673
hs15 42857142 45238094 0.362962
hs15 45238095 47619046 0.515516
hs15 47619047 49999999 0.663238
hs15 50000000 52380951 0.489769
hs15 52380952 54761903 0.534369
hs15 54761904 57142856 0.605110
hs15 57142857 59523808 0.539557
hs15 59523809 61904760 0.398824
hs15 61904761 64285713 0.738285
hs15 64285714 66666665 0.588162
hs15 66666666 69047618 0.372415
hs15 69047619 71428570 0.730395
hs15 71428571 73809522 0.523350
hs15 73809523 76190475 0.593793
hs15 76190476 78571427 0.382573
hs15 78571428 80952379 0.445766
hs15 80952380 83333332 0.624087
hs15 83333333 85714284 0.605438
hs15 85714285 88095237 0.423127
hs15 88095238 90476189 0.516881
hs15 90476190 92857141 0.229652
hs15 92857142 95238094 0.038348
hs15 95238095 97619046 0.306776
hs15 97619047 99999999 0.576292
hs15 100000000 102380951 0.043748
hs5 0 2380951 0.398139
hs5 2380952 4761903 0.005919
hs5 4761904 7142856 0.201316
hs5 7142857 9523808 0.391081
hs5 9523809 11904760 0.659311
hs5 11904761 14285713 0.262802
hs5 14285714 16666665 0.512397
hs5 16666666 19047618 0.178254
hs5 19047619 21428570 0.216383
hs5 21428571 23809522 0.530693
hs5 23809523 26190475 0.066235
hs5 26190476 28571427 0.066352
hs5 28571428 30952379 0.000000
hs5 30952380 33333332 0.386809
hs5 33333333 35714284 0.442315
hs5 35714285 38095237 0.564682
hs5 38095238 40476189 0.336801
hs5 40476190 42857141 0.468140
hs5 42857142 45238094 0.207706
hs5 45238095 47619046 0.183485
hs5 47619047 49999999 0.020040
hs5 50000000 52380951 0.180512
hs5 52380952 54761903 0.382502
hs5 54761904 57142856 0.316200
hs5 57142857 59523808 0.631100
hs5 59523809 61904760 0.577143
hs5 61904761 64285713 0.267824
hs5 64285714 66666665 0.624291
hs5 66666666 69047618 0.398796
hs5 69047619 71428570 0.771574
hs5 71428571 73809522 0.380737
hs5 73809523 76190475 0.531238
hs5 76190476 78571427 0.613241
hs5 78571428 80952379 0.667711
hs5 80952380 83333332 0.414064
hs5 83333333 85714284 0.167218
hs5 85714285 88095237 0.171495
hs5 88095238 90476189 0.341249
hs5 90476190 92857141 0.067578
hs5 92857142 95238094 0.853813
hs5 95238095 97619046 0.206112
hs5 97619047 99999999 0.066612
hs5 100000000 102380951 0.183754
hs5 102380952 104761903 0.065533
hs5 104761904 107142856 0.123483
hs5 107142857 109523808 0.585764
hs5 109523809 111904760 0.486481
hs5 111904761 114285713 0.386615
hs5 114285714 116666665 0.314231
hs5 116666666 119047618 0.231601
hs5 119047619 121428570 0.122743
hs5 121428571 123809522 0.295615
hs5 123809523 126190475 0.156737
hs5 126190476 128571427 0.401775
hs5 128571428 130952379 0.376433
hs5 130952380 133333332 0.525915
hs5 133333333 135714284 0.425911
hs5 135714285 138095237 0.494144
hs5 138095238 140476189 1.654653
hs5 140476190 142857141 1.551071
hs5 142857142 145238094 0.175215
hs5 145238095 147619046 0.579810
hs5 147619047 149999999 0.581946
hs5 150000000 152380951 0.287235
hs5 152380952 154761903 0.368049
hs5 154761904 157142856 0.389273
hs5 157142857 159523808 0.349381
hs5 159523809 161904760 0.369514
hs5 161904761 164285713 0.025846
hs5 164285714 166666665 0.009343
hs5 166666666 169047618 0.799062
hs5 169047619 171428570 0.706108
hs5 171428571 173809522 0.357081
hs5 173809523 176190475 0.241571
hs5 176190476 178571427 0.610444
hs5 178571428 180952379 0.441231
hsY 0 2380951 0.275948
hsY 2380952 4761903 0.108393
hsY 4761904 7142856 0.441969
hsY 7142857 9523808 0.187461
hsY 9523809 11904760 0.257985
hsY 11904761 14285713 0.190514
hsY 14285714 16666665 0.137247
hsY 16666666 19047618 0.039678
hsY 19047619 21428570 0.236489
hsY 21428571 23809522 0.334018
hsY 23809523 26190475 0.286381
hsY 26190476 28571427 0.004116
hsY 28571428 30952379 0.000000
hsY 30952380 33333332 0.000000
hsY 33333333 35714284 0.000000
hsY 35714285 38095237 0.000000
hsY 38095238 40476189 0.000000
hsY 40476190 42857141 0.000000
hsY 42857142 45238094 0.000000
hsY 45238095 47619046 0.000000
hsY 47619047 49999999 0.000000
hsY 50000000 52380951 0.000000
hsY 52380952 54761903 0.000000
hsY 54761904 57142856 0.000000
hsY 57142857 59523808 0.037967
hs1 0 2380951 0.508208
hs1 2380952 4761903 0.433526
hs1 4761904 7142856 0.467688
hs1 7142857 9523808 0.626456
hs1 9523809 11904760 0.656694
hs1 11904761 14285713 0.399063
hs1 14285714 16666665 0.627673
hs1 16666666 19047618 0.474419
hs1 19047619 21428570 0.574089
hs1 21428571 23809522 0.544709
hs1 23809523 26190475 0.522761
hs1 26190476 28571427 0.541391
hs1 28571428 30952379 0.331244
hs1 30952380 33333332 0.539063
hs1 33333333 35714284 0.521721
hs1 35714285 38095237 0.483241
hs1 38095238 40476189 0.447002
hs1 40476190 42857141 0.562346
hs1 42857142 45238094 0.627164
hs1 45238095 47619046 0.638397
hs1 47619047 49999999 0.658269
hs1 50000000 52380951 0.699872
hs1 52380952 54761903 0.700019
hs1 54761904 57142856 0.335472
hs1 57142857 59523808 0.600411
hs1 59523809 61904760 0.432440
hs1 61904761 64285713 0.609316
hs1 64285714 66666665 0.697786
hs1 66666666 69047618 0.433495
hs1 69047619 71428570 0.345272
hs1 71428571 73809522 0.369455
hs1 73809523 76190475 0.552289
hs1 76190476 78571427 0.729129
hs1 78571428 80952379 0.102079
hs1 80952380 83333332 0.080651
hs1 83333333 85714284 0.432041
hs1 85714285 88095237 0.466545
hs1 88095238 90476189 0.309537
hs1 90476190 92857141 0.408063
hs1 92857142 95238094 0.503865
hs1 95238095 97619046 0.236429
hs1 97619047 99999999 0.378353
hs1 100000000 102380951 0.386279
hs1 102380952 104761903 0.170406
hs1 104761904 107142856 0.145610
hs1 107142857 109523808 0.559321
hs1 109523809 111904760 0.384086
hs1 111904761 114285713 0.534398
hs1 114285714 116666665 0.375771
hs1 116666666 119047618 0.406105
hs1 119047619 121428570 0.258455
hs1 121428571 123809522 0.000000
hs1 123809523 126190475 0.000000
hs1 126190476 128571427 0.000000
hs1 128571428 130952379 0.000000
hs1 130952380 133333332 0.000000
hs1 133333333 135714284 0.000000
hs1 135714285 138095237 0.000000
hs1 138095238 140476189 0.000000
hs1 140476190 142857141 0.033521
hs1 142857142 145238094 0.561925
hs1 145238095 147619046 0.217369
hs1 147619047 149999999 0.553428
hs1 150000000 152380951 0.317487
hs1 152380952 154761903 0.686515
hs1 154761904 157142856 0.341401
hs1 157142857 159523808 0.430245
hs1 159523809 161904760 0.449749
hs1 161904761 164285713 0.336869
hs1 164285714 166666665 0.481522
hs1 166666666 169047618 0.389577
hs1 169047619 171428570 0.498196
hs1 171428571 173809522 0.675713
hs1 173809523 176190475 0.526056
hs1 176190476 178571427 0.692853
hs1 178571428 180952379 0.430986
hs1 180952380 183333332 0.665229
hs1 183333333 185714284 0.407686
hs1 185714285 188095237 0.000000
hs1 188095238 190476189 0.171074
hs1 190476190 192857141 0.129523
hs1 192857142 195238094 0.243908
hs1 195238095 197619046 0.396642
hs1 197619047 199999999 0.348735
hs1 200000000 202380951 0.581898
hs1 202380952 204761903 0.548330
hs1 204761904 207142856 0.401540
hs1 207142857 209523808 0.531353
hs1 209523809 211904760 0.445753
hs1 211904761 214285713 0.531285
hs1 214285714 216666665 0.664389
hs1 216666666 219047618 0.236813
hs1 219047619 221428570 0.149691
hs1 221428571 223809522 0.564173
hs1 223809523 226190475 0.489928
hs1 226190476 228571427 0.354105
hs1 228571428 230952379 0.653897
hs1 230952380 233333332 0.413186
hs1 233333333 235714284 0.714733
hs1 235714285 238095237 0.279667
hs1 238095238 240476189 0.682035
hs1 240476190 242857141 0.548555
hs1 242857142 245238094 0.776925
hs1 245238095 247619046 0.185148
hs19 0 2380951 0.590958
hs19 2380952 4761903 0.675046
hs19 4761904 7142856 0.619690
hs19 7142857 9523808 0.494977
hs19 9523809 11904760 0.637924
hs19 11904761 14285713 0.565889
hs19 14285714 16666665 0.500380
hs19 16666666 19047618 0.719525
hs19 19047619 21428570 0.484024
hs19 21428571 23809522 0.187636
hs19 23809523 26190475 0.018453
hs19 26190476 28571427 0.000000
hs19 28571428 30952379 0.000000
hs19 30952380 33333332 0.001448
hs19 33333333 35714284 0.138628
hs19 35714285 38095237 0.200150
hs19 38095238 40476189 0.474541
hs19 40476190 42857141 0.531264
hs19 42857142 45238094 0.604695
hs19 45238095 47619046 0.540567
hs19 47619047 49999999 0.413167
hs19 50000000 52380951 0.533354
hs19 52380952 54761903 0.667233
hs19 54761904 57142856 0.547194
hs19 57142857 59523808 0.547947
hs19 59523809 61904760 0.560048
hs19 61904761 64285713 0.370152
hs2 0 2380951 0.542268
hs2 2380952 4761903 0.177772
hs2 4761904 7142856 0.095488
hs2 7142857 9523808 0.240262
hs2 9523809 11904760 0.487465
hs2 11904761 14285713 0.010862
hs2 14285714 16666665 0.219227
hs2 16666666 19047618 0.158167
hs2 19047619 21428570 0.191825
hs2 21428571 23809522 0.135737
hs2 23809523 26190475 0.705593
hs2 26190476 28571427 0.733034
hs2 28571428 30952379 0.637290
hs2 30952380 33333332 0.720586
hs2 33333333 35714284 0.122185
hs2 35714285 38095237 0.388254
hs2 38095238 40476189 0.509665
hs2 40476190 42857141 0.212205
hs2 42857142 45238094 0.548139
hs2 45238095 47619046 0.595502
hs2 47619047 49999999 0.336088
hs2 50000000 52380951 0.467535
hs2 52380952 54761903 0.377933
hs2 54761904 57142856 0.407824
hs2 57142857 59523808 0.082096
hs2 59523809 61904760 0.312638
hs2 61904761 64285713 0.593921
hs2 64285714 66666665 0.214313
hs2 66666666 69047618 0.190793
hs2 69047619 71428570 0.536640
hs2 71428571 73809522 0.633465
hs2 73809523 76190475 0.425283
hs2 76190476 78571427 0.325402
hs2 78571428 80952379 0.484203
hs2 80952380 83333332 0.000407
hs2 83333333 85714284 0.338857
hs2 85714285 88095237 0.562672
hs2 88095238 90476189 0.115709
hs2 90476190 92857141 0.013185
hs2 92857142 95238094 0.082025
hs2 95238095 97619046 0.381589
hs2 97619047 99999999 0.775813
hs2 100000000 102380951 0.470506
hs2 102380952 104761903 0.143018
hs2 104761904 107142856 0.264895
hs2 107142857 109523808 0.406079
hs2 109523809 111904760 0.642123
hs2 111904761 114285713 0.463124
hs2 114285714 116666665 0.617845
hs2 116666666 119047618 0.057876
hs2 119047619 121428570 0.408301
hs2 121428571 123809522 0.185164
hs2 123809523 126190475 0.373800
hs2 126190476 128571427 0.270074
hs2 128571428 130952379 0.137180
hs2 130952380 133333332 0.430295
hs2 133333333 135714284 0.626874
hs2 135714285 138095237 0.557558
hs2 138095238 140476189 0.123077
hs2 140476190 142857141 0.798116
hs2 142857142 145238094 0.557020
hs2 145238095 147619046 0.057143
hs2 147619047 149999999 0.559437
hs2 150000000 152380951 0.194649
hs2 152380952 154761903 0.457096
hs2 154761904 157142856 0.237614
hs2 157142857 159523808 0.425637
hs2 159523809 161904760 0.576115
hs2 161904761 164285713 0.527931
hs2 164285714 166666665 0.444447
hs2 166666666 169047618 0.416357
hs2 169047619 171428570 0.771240
hs2 171428571 173809522 0.598495
hs2 173809523 176190475 0.363547
hs2 176190476 178571427 0.363452
hs2 178571428 180952379 0.700321
hs2 180952380 183333332 0.371175
hs2 183333333 185714284 0.237372
hs2 185714285 188095237 0.194600
hs2 188095238 190476189 0.351535
hs2 190476190 192857141 0.454117
hs2 192857142 195238094 0.011364
hs2 195238095 197619046 0.471313
hs2 197619047 199999999 0.395284
hs2 200000000 202380951 0.580606
hs2 202380952 204761903 0.515970
hs2 204761904 207142856 0.641615
hs2 207142857 209523808 0.368597
hs2 209523809 211904760 0.427863
hs2 211904761 214285713 0.732181
hs2 214285714 216666665 0.583683
hs2 216666666 219047618 0.518009
hs2 219047619 221428570 0.324488
hs2 221428571 223809522 0.253459
hs2 223809523 226190475 0.363304
hs2 226190476 228571427 0.355667
hs2 228571428 230952379 0.530626
hs2 230952380 233333332 0.536644
hs2 233333333 235714284 0.708349
hs2 235714285 238095237 0.435687
hs2 238095238 240476189 0.424825
hs2 240476190 242857141 0.505312
hs8 0 2380951 0.303160
hs8 2380952 4761903 0.832281
hs8 4761904 7142856 0.216744
hs8 7142857 9523808 0.253750
hs8 9523809 11904760 0.591677
hs8 11904761 14285713 0.440224
hs8 14285714 16666665 0.488757
hs8 16666666 19047618 0.575188
hs8 19047619 21428570 0.208356
hs8 21428571 23809522 0.557970
hs8 23809523 26190475 0.283919
hs8 26190476 28571427 0.515777
hs8 28571428 30952379 0.459005
hs8 30952380 33333332 0.547556
hs8 33333333 35714284 0.278299
hs8 35714285 38095237 0.166962
hs8 38095238 40476189 0.555941
hs8 40476190 42857141 0.528378
hs8 42857142 45238094 0.142723
hs8 45238095 47619046 0.000000
hs8 47619047 49999999 0.324386
hs8 50000000 52380951 0.371521
hs8 52380952 54761903 0.428761
hs8 54761904 57142856 0.430900
hs8 57142857 59523808 0.136473
hs8 59523809 61904760 0.327638
hs8 61904761 64285713 0.548843
hs8 64285714 66666665 0.088807
hs8 66666666 69047618 0.585700
hs8 69047619 71428570 0.528468
hs8 71428571 73809522 0.342887
hs8 73809523 76190475 0.409084
hs8 76190476 78571427 0.128542
hs8 78571428 80952379 0.113956
hs8 80952380 83333332 0.340560
hs8 83333333 85714284 0.191637
hs8 85714285 88095237 0.466224
hs8 88095238 90476189 0.278216
hs8 90476190 92857141 0.296645
hs8 92857142 95238094 0.151260
hs8 95238095 97619046 0.303868
hs8 97619047 99999999 0.619549
hs8 100000000 102380951 0.572875
hs8 102380952 104761903 0.539758
hs8 104761904 107142856 0.530303
hs8 107142857 109523808 0.408710
hs8 109523809 111904760 0.210812
hs8 111904761 114285713 0.412219
hs8 114285714 116666665 0.171978
hs8 116666666 119047618 0.273189
hs8 119047619 121428570 0.544760
hs8 121428571 123809522 0.194332
hs8 123809523 126190475 0.561698
hs8 126190476 128571427 0.131171
hs8 128571428 130952379 0.159860
hs8 130952380 133333332 0.416385
hs8 133333333 135714284 0.489232
hs8 135714285 138095237 0.141149
hs8 138095238 140476189 0.290876
hs8 140476190 142857141 0.610058
hs8 142857142 145238094 0.371473
hs8 145238095 147619046 0.244009
hs6 0 2380951 0.445880
hs6 2380952 4761903 0.309241
hs6 4761904 7142856 0.601041
hs6 7142857 9523808 0.225599
hs6 9523809 11904760 0.329785
hs6 11904761 14285713 0.473683
hs6 14285714 16666665 0.315605
hs6 16666666 19047618 0.390182
hs6 19047619 21428570 0.380013
hs6 21428571 23809522 0.230790
hs6 23809523 26190475 0.513672
hs6 26190476 28571427 0.240117
hs6 28571428 30952379 0.244136
hs6 30952380 33333332 0.447498
hs6 33333333 35714284 0.572820
hs6 35714285 38095237 0.602267
hs6 38095238 40476189 0.671432
hs6 40476190 42857141 0.525218
hs6 42857142 45238094 0.536952
hs6 45238095 47619046 0.536156
hs6 47619047 49999999 0.240634
hs6 50000000 52380951 0.279464
hs6 52380952 54761903 0.407428
hs6 54761904 57142856 0.453849
hs6 57142857 59523808 0.176035
hs6 59523809 61904760 0.000000
hs6 61904761 64285713 0.273111
hs6 64285714 66666665 0.868206
hs6 66666666 69047618 0.000000
hs6 69047619 71428570 0.620630
hs6 71428571 73809522 0.523880
hs6 73809523 76190475 0.329213
hs6 76190476 78571427 0.213743
hs6 78571428 80952379 0.203005
hs6 80952380 83333332 0.104586
hs6 83333333 85714284 0.414772
hs6 85714285 88095237 0.176896
hs6 88095238 90476189 0.505825
hs6 90476190 92857141 0.251194
hs6 92857142 95238094 0.104565
hs6 95238095 97619046 0.212931
hs6 97619047 99999999 0.182989
hs6 100000000 102380951 0.442819
hs6 102380952 104761903 0.102354
hs6 104761904 107142856 0.288261
hs6 107142857 109523808 0.682385
hs6 109523809 111904760 0.605705
hs6 111904761 114285713 0.195218
hs6 114285714 116666665 0.138958
hs6 116666666 119047618 0.585597
hs6 119047619 121428570 0.203443
hs6 121428571 123809522 0.381751
hs6 123809523 126190475 0.651754
hs6 126190476 128571427 0.382079
hs6 128571428 130952379 0.552790
hs6 130952380 133333332 0.382853
hs6 133333333 135714284 0.348312
hs6 135714285 138095237 0.839763
hs6 138095238 140476189 0.289411
hs6 140476190 142857141 0.097112
hs6 142857142 145238094 0.728650
hs6 145238095 147619046 0.377233
hs6 147619047 149999999 0.408073
hs6 150000000 152380951 0.638431
hs6 152380952 154761903 0.514138
hs6 154761904 157142856 0.212290
hs6 157142857 159523808 0.667829
hs6 159523809 161904760 0.519156
hs6 161904761 164285713 0.810965
hs6 164285714 166666665 0.192251
hs6 166666666 169047618 0.459344
hs6 169047619 171428570 0.222862
hs14 0 2380951 0.000000
hs14 2380952 4761903 0.000000
hs14 4761904 7142856 0.000000
hs14 7142857 9523808 0.000000
hs14 9523809 11904760 0.000000
hs14 11904761 14285713 0.000000
hs14 14285714 16666665 0.000000
hs14 16666666 19047618 0.013676
hs14 19047619 21428570 0.243173
hs14 21428571 23809522 0.289141
hs14 23809523 26190475 0.211175
hs14 26190476 28571427 0.010364
hs14 28571428 30952379 0.397627
hs14 30952380 33333332 0.736645
hs14 33333333 35714284 0.381273
hs14 35714285 38095237 0.398219
hs14 38095238 40476189 0.111245
hs14 40476190 42857141 0.124737
hs14 42857142 45238094 0.138048
hs14 45238095 47619046 0.351108
hs14 47619047 49999999 0.245237
hs14 50000000 52380951 0.555113
hs14 52380952 54761903 0.324385
hs14 54761904 57142856 0.347041
hs14 57142857 59523808 0.438305
hs14 59523809 61904760 0.408517
hs14 61904761 64285713 0.605448
hs14 64285714 66666665 0.531716
hs14 66666666 69047618 0.745188
hs14 69047619 71428570 0.462520
hs14 71428571 73809522 0.808505
hs14 73809523 76190475 0.648978
hs14 76190476 78571427 0.580653
hs14 78571428 80952379 0.691711
hs14 80952380 83333332 0.025606
hs14 83333333 85714284 0.041069
hs14 85714285 88095237 0.150722
hs14 88095238 90476189 0.648080
hs14 90476190 92857141 0.710005
hs14 92857142 95238094 0.497923
hs14 95238095 97619046 0.207728
hs14 97619047 99999999 0.345361
hs14 100000000 102380951 0.439196
hs14 102380952 104761903 0.460903
hs14 104761904 107142856 0.110952
hs17 0 2380951 0.767611
hs17 2380952 4761903 0.619913
hs17 4761904 7142856 0.431132
hs17 7142857 9523808 0.708567
hs17 9523809 11904760 0.612814
hs17 11904761 14285713 0.297251
hs17 14285714 16666665 0.394029
hs17 16666666 19047618 0.610780
hs17 19047619 21428570 0.430912
hs17 21428571 23809522 0.225570
hs17 23809523 26190475 0.733556
hs17 26190476 28571427 0.650688
hs17 28571428 30952379 0.592953
hs17 30952380 33333332 0.561560
hs17 33333333 35714284 0.576392
hs17 35714285 38095237 0.445833
hs17 38095238 40476189 0.564819
hs17 40476190 42857141 0.623009
hs17 42857142 45238094 0.523606
hs17 45238095 47619046 0.565380
hs17 47619047 49999999 0.000981
hs17 50000000 52380951 0.348072
hs17 52380952 54761903 0.649903
hs17 54761904 57142856 0.707867
hs17 57142857 59523808 0.673510
hs17 59523809 61904760 0.626351
hs17 61904761 64285713 0.626065
hs17 64285714 66666665 0.258578
hs17 66666666 69047618 0.320556
hs17 69047619 71428570 0.577605
hs17 71428571 73809522 0.525544
hs17 73809523 76190475 0.617421
hs17 76190476 78571427 0.744540
hs17 78571428 80952379 0.019616
hs21 0 2380951 0.000000
hs21 2380952 4761903 0.000000
hs21 4761904 7142856 0.000000
hs21 7142857 9523808 0.000000
hs21 9523809 11904760 0.183818
hs21 11904761 14285713 0.064427
hs21 14285714 16666665 0.321940
hs21 16666666 19047618 0.230257
hs21 19047619 21428570 0.082564
hs21 21428571 23809522 0.169896
hs21 23809523 26190475 0.092930
hs21 26190476 28571427 0.201023
hs21 28571428 30952379 0.361524
hs21 30952380 33333332 0.483548
hs21 33333333 35714284 0.501196
hs21 35714285 38095237 0.502103
hs21 38095238 40476189 0.495146
hs21 40476190 42857141 0.643677
hs21 42857142 45238094 0.576100
hs21 45238095 47619046 0.396276
