hsX 0 2631577 0.296383
hsX 2631578 5263156 0.172585
hsX 5263157 7894735 0.230079
hsX 7894736 10526314 0.397948
hsX 10526315 13157893 0.574935
hsX 13157894 15789472 0.426907
hsX 15789473 18421051 0.445884
hsX 18421052 21052630 0.528897
hsX 21052631 23684209 0.295502
hsX 23684210 26315788 0.292318
hsX 26315789 28947367 0.174083
hsX 28947368 31578946 0.628695
hsX 31578947 34210525 0.642687
hsX 34210526 36842104 0.135160
hsX 36842105 39473683 0.288795
hsX 39473684 42105262 0.333944
hsX 42105263 44736841 0.215761
hsX 44736842 47368420 0.333294
hsX 47368421 49999999 0.647066
hsX 50000000 52631577 0.258611
hsX 52631578 55263156 0.438587
hsX 55263157 57894735 0.166894
hsX 57894736 60526314 0.001977
hsX 60526315 63157893 0.109902
hsX 63157894 65789472 0.200309
hsX 65789473 68421051 0.266344
hsX 68421052 71052630 0.554645
hsX 71052631 73684209 0.582482
hsX 73684210 76315788 0.200276
hsX 76315789 78947367 0.237677
hsX 78947368 81578946 0.171781
hsX 81578947 84210525 0.154613
hsX 84210526 86842104 0.454381
hsX 86842105 89473683 0.003231
hsX 89473684 92105262 0.322221
hsX 92105263 94736841 0.015557
hsX 94736842 97368420 0.348952
hsX 97368421 99999999 0.281337
hsX 100000000 102631577 0.408822
hsX 102631578 105263156 0.584235
hsX 105263157 107894735 0.531347
hsX 107894736 110526314 0.455926
hsX 110526315 113157893 0.347886
hsX 113157894 115789472 0.230131
hsX 115789473 118421051 0.270181
hsX 118421052 121052630 0.360591
hsX 121052631 123684209 0.383320
hsX 123684210 126315788 0.094710
hsX 126315789 128947367 0.096380
hsX 128947368 131578946 0.370790
hsX 131578947 134210525 0.472766
hsX 134210526 136842104 0.258172
hsX 136842105 139473683 0.325157
hsX 139473684 142105262 0.037335
hsX 142105263 144736841 0.019686
hsX 144736842 147368420 0.038163
hsX 147368421 149999999 0.457369
hsX 150000000 152631577 0.305649
hsX 152631578 155263156 0.489233
hs12 0 2631577 0.837591
hs12 2631578 5263156 0.425149
hs12 5263157 7894735 0.600920
hs12 7894736 10526314 0.354732
hs12 10526315 13157893 0.637098
hs12 13157894 15789472 0.517242
hs12 15789473 18421051 0.183303
hs12 18421052 21052630 0.430328
hs12 21052631 23684209 0.410119
hs12 23684210 26315788 0.615599
hs12 26315789 28947367 0.521285
hs12 28947368 31578946 0.348565
hs12 31578947 34210525 0.318536
hs12 34210526 36842104 0.000000
hs12 36842105 39473683 0.447374
hs12 39473684 42105262 0.435455
hs12 42105263 44736841 0.652764
hs12 44736842 47368420 0.229669
hs12 47368421 49999999 0.671925
hs12 50000000 52631577 0.456662
hs12 52631578 55263156 0.412955
hs12 55263157 57894735 0.300753
hs12 57894736 60526314 0.087511
hs12 60526315 63157893 0.603131
hs12 63157894 65789472 0.447414
hs12 65789473 68421051 0.248730
hs12 68421052 71052630 0.480652
hs12 71052631 73684209 0.112758
hs12 73684210 76315788 0.281267
hs12 76315789 78947367 0.467683
hs12 78947368 81578946 0.515114
hs12 81578947 84210525 0.282561
hs12 84210526 86842104 0.346301
hs12 86842105 89473683 0.186050
hs12 89473684 92105262 0.121378
hs12 92105263 94736841 0.461237
hs12 94736842 97368420 0.225896
hs12 97368421 99999999 0.815987
hs12 100000000 102631577 0.439370
hs12 102631578 105263156 0.499418
hs12 105263157 107894735 0.657539
hs12 107894736 110526314 0.686488
hs12 110526315 113157893 0.531072
hs12 113157894 115789472 0.209425
hs12 115789473 118421051 0.625130
hs12 118421052 121052630 0.670455
hs12 121052631 123684209 0.678643
hs12 123684210 126315788 0.229851
hs12 126315789 128947367 0.543187
hs12 128947368 131578946 0.373988
hs12 131578947 134210525 0.188973
hs11 0 2631577 0.605323
hs11 2631578 5263156 0.421626
hs11 5263157 7894735 0.369419
hs11 7894736 10526314 0.684826
hs11 10526315 13157893 0.511031
hs11 13157894 15789472 0.461274
hs11 15789473 18421051 0.593261
hs11 18421052 21052630 0.661366
hs11 21052631 23684209 0.300287
hs11 23684210 26315788 0.224644
hs11 26315789 28947367 0.455646
hs11 28947368 31578946 0.215025
hs11 31578947 34210525 0.472560
hs11 34210526 36842104 0.544012
hs11 36842105 39473683 0.000000
hs11 39473684 42105262 0.068367
hs11 42105263 44736841 0.255191
hs11 44736842 47368420 0.625004
hs11 47368421 49999999 0.327922
hs11 50000000 52631577 0.012207
hs11 52631578 55263156 0.006366
hs11 55263157 57894735 0.354179
hs11 57894736 60526314 0.325509
hs11 60526315 63157893 0.537243
hs11 63157894 65789472 0.618677
hs11 65789473 68421051 0.582051
hs11 68421052 71052630 0.416573
hs11 71052631 73684209 0.691520
hs11 73684210 76315788 0.548581
hs11 76315789 78947367 0.787359
hs11 78947368 81578946 0.000000
hs11 81578947 84210525 0.637124
hs11 84210526 86842104 0.681908
hs11 86842105 89473683 0.438808
hs11 89473684 92105262 0.175275
hs11 92105263 94736841 0.426997
hs11 94736842 97368420 0.212809
hs11 97368421 99999999 0.507530
hs11 100000000 102631577 0.471936
hs11 102631578 105263156 0.323892
hs11 105263157 107894735 0.505094
hs11 107894736 110526314 0.256191
hs11 110526315 113157893 0.452615
hs11 113157894 115789472 0.301360
hs11 115789473 118421051 0.599298
hs11 118421052 121052630 0.502171
hs11 121052631 123684209 0.273372
hs11 123684210 126315788 0.611866
hs11 126315789 128947367 0.259494
hs11 128947368 131578946 0.501964
hs11 131578947 134210525 0.618627
hs22 0 2631577 0.000000
hs22 2631578 5263156 0.000000
hs22 5263157 7894735 0.000000
hs22 7894736 10526314 0.000000
hs22 10526315 13157893 0.000000
hs22 13157894 15789472 0.046249
hs22 15789473 18421051 0.575003
hs22 18421052 21052630 0.403857
hs22 21052631 23684209 0.546860
hs22 23684210 26315788 0.641563
hs22 26315789 28947367 0.746951
hs22 28947368 31578946 0.678903
hs22 31578947 34210525 0.383301
hs22 34210526 36842104 0.544990
hs22 36842105 39473683 0.663822
hs22 39473684 42105262 0.631624
hs22 42105263 44736841 0.670163
hs22 44736842 47368420 0.402982
hs22 47368421 49999999 0.359310
hs10 0 2631577 0.516459
hs10 2631578 5263156 0.122775
hs10 5263157 7894735 0.419781
hs10 7894736 10526314 0.083440
hs10 10526315 13157893 0.558348
hs10 13157894 15789472 0.687083
hs10 15789473 18421051 0.611710
hs10 18421052 21052630 0.376103
hs10 21052631 23684209 0.501223
hs10 23684210 26315788 0.627507
hs10 26315789 28947367 0.565216
hs10 28947368 31578946 0.247445
hs10 31578947 34210525 0.425793
hs10 34210526 36842104 0.457503
hs10 36842105 39473683 0.131095
hs10 39473684 42105262 0.000000
hs10 42105263 44736841 0.192385
hs10 44736842 47368420 0.360568
hs10 47368421 49999999 0.410767
hs10 50000000 52631577 0.646255
hs10 52631578 55263156 0.432522
hs10 55263157 57894735 0.369260
hs10 57894736 60526314 0.173722
hs10 60526315 63157893 0.376166
hs10 63157894 65789472 0.396669
hs10 65789473 68421051 0.432413
hs10 68421052 71052630 0.795967
hs10 71052631 73684209 0.598089
hs10 73684210 76315788 0.776342
hs10 76315789 78947367 0.649847
hs10 78947368 81578946 0.307898
hs10 81578947 84210525 0.365145
hs10 84210526 86842104 0.302467
hs10 86842105 89473683 0.591570
hs10 89473684 92105262 0.427165
hs10 92105263 94736841 0.556957
hs10 94736842 97368420 0.606048
hs10 97368421 99999999 0.702004
hs10 100000000 102631577 0.649447
hs10 102631578 105263156 0.692172
hs10 105263157 107894735 0.529353
hs10 107894736 110526314 0.224532
hs10 110526315 113157893 0.256589
hs10 113157894 115789472 0.393867
hs10 115789473 118421051 0.717755
hs10 118421052 121052630 0.371275
hs10 121052631 123684209 0.356136
hs10 123684210 126315788 0.448775
hs10 126315789 128947367 0.606761
hs10 128947368 131578946 0.296349
hs10 131578947 134210525 0.248408
hs10 134210526 136842104 0.226993
hs7 0 2631577 0.524704
hs7 2631578 5263156 0.619482
hs7 5263157 7894735 0.562251
hs7 7894736 10526314 0.224283
hs7 10526315 13157893 0.323383
hs7 13157894 15789472 0.468832
hs7 15789473 18421051 0.269346
hs7 18421052 21052630 0.336468
hs7 21052631 23684209 0.479826
hs7 23684210 26315788 0.243861
hs7 26315789 28947367 0.584803
hs7 28947368 31578946 0.474854
hs7 31578947 34210525 0.521719
hs7 34210526 36842104 0.587575
hs7 36842105 39473683 0.637477
hs7 39473684 42105262 0.481430
hs7 42105263 44736841 0.550604
hs7 44736842 47368420 0.188841
hs7 47368421 49999999 0.428893
hs7 50000000 52631577 0.345703
hs7 52631578 55263156 0.085389
hs7 55263157 57894735 0.191254
hs7 57894736 60526314 0.000000
hs7 60526315 63157893 0.013496
hs7 63157894 65789472 0.350330
hs7 65789473 68421051 0.160529
hs7 68421052 71052630 0.739100
hs7 71052631 73684209 0.651314
hs7 73684210 76315788 0.543598
hs7 76315789 78947367 0.812952
hs7 78947368 81578946 0.236115
hs7 81578947 84210525 0.479833
hs7 84210526 86842104 0.245869
hs7 86842105 89473683 0.562391
hs7 89473684 92105262 0.462315
hs7 92105263 94736841 0.420684
hs7 94736842 97368420 0.335502
hs7 97368421 99999999 0.539699
hs7 100000000 102631577 0.688289
hs7 102631578 105263156 0.826887
hs7 105263157 107894735 0.546264
hs7 107894736 110526314 0.194782
hs7 110526315 113157893 0.503521
hs7 113157894 115789472 0.337643
hs7 115789473 118421051 0.408088
hs7 118421052 121052630 0.358862
hs7 121052631 123684209 0.460271
hs7 123684210 126315788 0.219287
hs7 126315789 128947367 0.595149
hs7 128947368 131578946 0.525993
hs7 131578947 134210525 0.710492
hs7 134210526 136842104 0.427508
hs7 136842105 139473683 0.702972
hs7 139473684 142105262 0.355576
hs7 142105263 144736841 0.289123
hs7 144736842 147368420 0.731174
hs7 147368421 149999999 0.455127
hs7 150000000 152631577 0.532401
hs7 152631578 155263156 0.525906
hs7 155263157 157894735 0.522601
hs7 157894736 160526314 0.218516
hs4 0 2631577 0.638868
hs4 2631578 5263156 0.436686
hs4 5263157 7894735 0.753914
hs4 7894736 10526314 0.383176
hs4 10526315 13157893 0.059637
hs4 13157894 15789472 0.252472
hs4 15789473 18421051 0.352279
hs4 18421052 21052630 0.420624
hs4 21052631 23684209 0.330627
hs4 23684210 26315788 0.322185
hs4 26315789 28947367 0.081669
hs4 28947368 31578946 0.162027
hs4 31578947 34210525 0.000000
hs4 34210526 36842104 0.092148
hs4 36842105 39473683 0.586901
hs4 39473684 42105262 0.583837
hs4 42105263 44736841 0.333527
hs4 44736842 47368420 0.407211
hs4 47368421 49999999 0.394734
hs4 50000000 52631577 0.051112
hs4 52631578 55263156 0.372379
hs4 55263157 57894735 0.392875
hs4 57894736 60526314 0.000000
hs4 60526315 63157893 0.218626
hs4 63157894 65789472 0.049778
hs4 65789473 68421051 0.246629
hs4 68421052 71052630 0.296470
hs4 71052631 73684209 0.479507
hs4 73684210 76315788 0.260049
hs4 76315789 78947367 0.513331
hs4 78947368 81578946 0.444600
hs4 81578947 84210525 0.471907
hs4 84210526 86842104 0.332975
hs4 86842105 89473683 0.632511
hs4 89473684 92105262 0.632202
hs4 92105263 94736841 0.733172
hs4 94736842 97368420 0.495362
hs4 97368421 99999999 0.362956
hs4 100000000 102631577 0.351707
hs4 102631578 105263156 0.436465
hs4 105263157 107894735 0.335678
hs4 107894736 110526314 0.428847
hs4 110526315 113157893 0.279070
hs4 113157894 115789472 0.518832
hs4 115789473 118421051 0.120253
hs4 118421052 121052630 0.352786
hs4 121052631 123684209 0.318181
hs4 123684210 126315788 0.324671
hs4 126315789 128947367 0.124917
hs4 128947368 131578946 0.236629
hs4 131578947 134210525 0.000000
hs4 134210526 136842104 0.018118
hs4 136842105 139473683 0.034890
hs4 139473684 142105262 0.461420
hs4 142105263 144736841 0.506719
hs4 144736842 147368420 0.315351
hs4 147368421 149999999 0.510181
hs4 150000000 152631577 0.433178
hs4 152631578 155263156 0.463022
hs4 155263157 157894735 0.227521
hs4 157894736 160526314 0.420497
hs4 160526315 163157893 0.240690
hs4 163157894 165789472 0.414988
hs4 165789473 168421051 0.401459
hs4 168421052 171052630 0.494182
hs4 171052631 173684209 0.297443
hs4 173684210 176315788 0.411556
hs4 176315789 178947367 0.355185
hs4 178947368 181578946 0.076581
hs4 181578947 184210525 0.195504
hs4 184210526 186842104 0.474457
hs4 186842105 189473683 0.221252
hs4 189473684 192105262 0.033784
hs16 0 2631577 0.741479
hs16 2631578 5263156 0.603056
hs16 5263157 7894735 0.643800
hs16 7894736 10526314 0.300526
hs16 10526315 13157893 0.657079
hs16 13157894 15789472 0.434669
hs16 15789473 18421051 0.315344
hs16 18421052 21052630 0.601879
hs16 21052631 23684209 0.553510
hs16 23684210 26315788 0.504756
hs16 26315789 28947367 0.457891
hs16 28947368 31578946 0.461727
hs16 31578947 34210525 0.049189
hs16 34210526 36842104 0.012329
hs16 36842105 39473683 0.000000
hs16 39473684 42105262 0.000000
hs16 42105263 44736841 0.000000
hs16 44736842 47368420 0.480797
hs16 47368421 49999999 0.301015
hs16 50000000 52631577 0.338815
hs16 52631578 55263156 0.285170
hs16 55263157 57894735 0.481930
hs16 57894736 60526314 0.107399
hs16 60526315 63157893 0.038465
hs16 63157894 65789472 0.406887
hs16 65789473 68421051 0.771189
hs16 68421052 71052630 0.662721
hs16 71052631 73684209 0.317994
hs16 73684210 76315788 0.312939
hs16 76315789 78947367 0.508758
hs16 78947368 81578946 0.625391
hs16 81578947 84210525 0.602945
hs16 84210526 86842104 0.284614
hs16 86842105 89473683 0.475215
hs20 0 2631577 0.386796
hs20 2631578 5263156 0.522608
hs20 5263157 7894735 0.162980
hs20 7894736 10526314 0.692341
hs20 10526315 13157893 0.099981
hs20 13157894 15789472 0.929132
hs20 15789473 18421051 0.475220
hs20 18421052 21052630 0.600580
hs20 21052631 23684209 0.148759
hs20 23684210 26315788 0.301352
hs20 26315789 28947367 0.008409
hs20 28947368 31578946 0.446093
hs20 31578947 34210525 0.708592
hs20 34210526 36842104 0.624456
hs20 36842105 39473683 0.200680
hs20 39473684 42105262 0.615123
hs20 42105263 44736841 0.557313
hs20 44736842 47368420 0.491351
hs20 47368421 49999999 0.451304
hs20 50000000 52631577 0.344264
hs20 52631578 55263156 0.135099
hs20 55263157 57894735 0.381407
hs20 57894736 60526314 0.440491
hs20 60526315 63157893 0.421826
hs13 0 2631577 0.000000
hs13 2631578 5263156 0.000000
hs13 5263157 7894735 0.000000
hs13 7894736 10526314 0.000000
hs13 10526315 13157893 0.000000
hs13 13157894 15789472 0.000000
hs13 15789473 18421051 0.014276
hs13 18421052 21052630 0.519105
hs13 21052631 23684209 0.239922
hs13 23684210 26315788 0.564159
hs13 26315789 28947367 0.467302
hs13 28947368 31578946 0.338462
hs13 31578947 34210525 0.377337
hs13 34210526 36842104 0.752682
hs13 36842105 39473683 0.358749
hs13 39473684 42105262 0.513869
hs13 42105263 44736841 0.474253
hs13 44736842 47368420 0.327723
hs13 47368421 49999999 0.486858
hs13 50000000 52631577 0.464202
hs13 52631578 55263156 0.000030
hs13 55263157 57894735 0.065684
hs13 57894736 60526314 0.256812
hs13 60526315 63157893 0.002218
hs13 63157894 65789472 0.007464
hs13 65789473 68421051 0.415228
hs13 68421052 71052630 0.240089
hs13 71052631 73684209 0.422110
hs13 73684210 76315788 0.193152
hs13 76315789 78947367 0.423930
hs13 78947368 81578946 0.030371
hs13 81578947 84210525 0.159730
hs13 84210526 86842104 0.002494
hs13 86842105 89473683 0.002661
hs13 89473684 92105262 0.493736
hs13 92105263 94736841 0.666076
hs13 94736842 97368420 0.592870
hs13 97368421 99999999 0.714452
hs13 100000000 102631577 0.620564
hs13 102631578 105263156 0.009564
hs13 105263157 107894735 0.316478
hs13 107894736 110526314 0.451226
hs13 110526315 113157893 0.374156
hs13 113157894 115789472 0.200128
hs18 0 2631577 0.257543
hs18 2631578 5263156 0.375037
hs18 5263157 7894735 0.462171
hs18 7894736 10526314 0.486111
hs18 10526315 13157893 0.538425
hs18 13157894 15789472 0.304366
hs18 15789473 18421051 0.286046
hs18 18421052 21052630 0.534779
hs18 21052631 23684209 0.375526
hs18 23684210 26315788 0.086096
hs18 26315789 28947367 0.407719
hs18 28947368 31578946 0.615410
hs18 31578947 34210525 0.557000
hs18 34210526 36842104 0.207128
hs18 36842105 39473683 0.208545
hs18 39473684 42105262 0.322070
hs18 42105263 44736841 0.431234
hs18 44736842 47368420 0.497406
hs18 47368421 49999999 0.479241
hs18 50000000 52631577 0.296022
hs18 52631578 55263156 0.509631
hs18 55263157 57894735 0.164596
hs18 57894736 60526314 0.438403
hs18 60526315 63157893 0.087623
hs18 63157894 65789472 0.354766
hs18 65789473 68421051 0.095392
hs18 68421052 71052630 0.319200
hs18 71052631 73684209 0.222431
hs18 73684210 76315788 0.308095
hs3 0 2631577 0.394224
hs3 2631578 5263156 0.440007
hs3 5263157 7894735 0.334559
hs3 7894736 10526314 0.637077
hs3 10526315 13157893 0.588418
hs3 13157894 15789472 0.599008
hs3 15789473 18421051 0.476954
hs3 18421052 21052630 0.260848
hs3 21052631 23684209 0.273144
hs3 23684210 26315788 0.319914
hs3 26315789 28947367 0.217086
hs3 28947368 31578946 0.385564
hs3 31578947 34210525 0.592561
hs3 34210526 36842104 0.131886
hs3 36842105 39473683 0.685460
hs3 39473684 42105262 0.514739
hs3 42105263 44736841 0.459753
hs3 44736842 47368420 0.555790
hs3 47368421 49999999 0.757495
hs3 50000000 52631577 0.749854
hs3 52631578 55263156 0.764542
hs3 55263157 57894735 0.797944
hs3 57894736 60526314 0.596082
hs3 60526315 63157893 0.736293
hs3 63157894 65789472 0.509399
hs3 65789473 68421051 0.509727
hs3 68421052 71052630 0.393610
hs3 71052631 73684209 0.462634
hs3 73684210 76315788 0.150459
hs3 76315789 78947367 0.313752
hs3 78947368 81578946 0.361905
hs3 81578947 84210525 0.103399
hs3 84210526 86842104 0.423869
hs3 86842105 89473683 0.138593
hs3 89473684 92105262 0.053311
hs3 92105263 94736841 0.000000
hs3 94736842 97368420 0.118777
hs3 97368421 99999999 0.460408
hs3 100000000 102631577 0.662816
hs3 102631578 105263156 0.141195
hs3 105263157 107894735 0.159909
hs3 107894736 110526314 0.508412
hs3 110526315 113157893 0.253529
hs3 113157894 115789472 0.630564
hs3 115789473 118421051 0.497024
hs3 118421052 121052630 0.287288
hs3 121052631 123684209 0.710085
hs3 123684210 126315788 0.812596
hs3 126315789 128947367 0.492355
hs3 128947368 131578946 0.529543
hs3 131578947 134210525 0.683716
hs3 134210526 136842104 0.562562
hs3 136842105 139473683 0.421277
hs3 139473684 142105262 0.500181
hs3 142105263 144736841 0.644583
hs3 144736842 147368420 0.161823
hs3 147368421 149999999 0.092934
hs3 150000000 152631577 0.577393
hs3 152631578 155263156 0.122756
hs3 155263157 157894735 0.455534
hs3 157894736 160526314 0.533014
hs3 160526315 163157893 0.472009
hs3 163157894 165789472 0.000000
hs3 165789473 168421051 0.066168
hs3 168421052 171052630 0.685214
hs3 171052631 173684209 0.588480
hs3 173684210 176315788 0.592085
hs3 176315789 178947367 0.329400
hs3 178947368 181578946 0.388753
hs3 181578947 184210525 0.168827
hs3 184210526 186842104 0.615736
hs3 186842105 189473683 0.393047
hs3 189473684 192105262 0.538111
hs3 192105263 194736841 0.436162
hs3 194736842 197368420 0.361479
hs3 197368421 199999999 0.487919
hs9 0 2631577 0.383897
hs9 2631578 5263156 0.496275
hs9 5263157 7894735 0.442197
hs9 7894736 10526314 0.844386
hs9 10526315 13157893 0.077342
hs9 13157894 15789472 0.407124
hs9 15789473 18421051 0.463890
hs9 18421052 21052630 0.626223
hs9 21052631 23684209 0.136168
hs9 23684210 26315788 0.051043
hs9 26315789 28947367 0.532143
hs9 28947368 31578946 0.000000
hs9 31578947 34210525 0.428803
hs9 34210526 36842104 0.534553
hs9 36842105 39473683 0.473662
hs9 39473684 42105262 0.063150
hs9 42105263 44736841 0.113230
hs9 44736842 47368420 0.024058
hs9 47368421 49999999 0.000000
hs9 50000000 52631577 0.000000
hs9 52631578 55263156 0.000000
hs9 55263157 57894735 0.000000
hs9 57894736 60526314 0.000000
hs9 60526315 63157893 0.000000
hs9 63157894 65789472 0.010155
hs9 65789473 68421051 0.071266
hs9 68421052 71052630 0.383477
hs9 71052631 73684209 0.552694
hs9 73684210 76315788 0.235140
hs9 76315789 78947367 0.447390
hs9 78947368 81578946 0.378545
hs9 81578947 84210525 0.049834
hs9 84210526 86842104 0.419566
hs9 86842105 89473683 0.274879
hs9 89473684 92105262 0.248927
hs9 92105263 94736841 0.493726
hs9 94736842 97368420 0.563390
hs9 97368421 99999999 0.496640
hs9 100000000 102631577 0.531291
hs9 102631578 105263156 0.225649
hs9 105263157 107894735 0.243176
hs9 107894736 110526314 0.076860
hs9 110526315 113157893 0.740065
hs9 113157894 115789472 0.626098
hs9 115789473 118421051 0.512469
hs9 118421052 121052630 0.344825
hs9 121052631 123684209 0.550658
hs9 123684210 126315788 0.662169
hs9 126315789 128947367 0.697286
hs9 128947368 131578946 0.617274
hs9 131578947 134210525 0.623157
hs9 134210526 136842104 0.587585
hs9 136842105 139473683 0.473793
hs9 139473684 142105262 0.249903
hs15 0 2631577 0.000000
hs15 2631578 5263156 0.000000
hs15 5263157 7894735 0.000000
hs15 7894736 10526314 0.000000
hs15 10526315 13157893 0.000000
hs15 13157894 15789472 0.000000
hs15 15789473 18421051 0.000000
hs15 18421052 21052630 0.245571
hs15 21052631 23684209 0.215330
hs15 23684210 26315788 0.599922
hs15 26315789 28947367 0.388239
hs15 28947368 31578946 0.455278
hs15 31578947 34210525 0.488589
hs15 34210526 36842104 0.271268
hs15 36842105 39473683 0.476300
hs15 39473684 42105262 0.801455
hs15 42105263 44736841 0.431493
hs15 44736842 47368420 0.460665
hs15 47368421 49999999 0.720223
hs15 50000000 52631577 0.538362
hs15 52631578 55263156 0.520684
hs15 55263157 57894735 0.579021
hs15 57894736 60526314 0.405409
hs15 60526315 63157893 0.623862
hs15 63157894 65789472 0.692757
hs15 65789473 68421051 0.417139
hs15 68421052 71052630 0.636582
hs15 71052631 73684209 0.552311
hs15 73684210 76315788 0.605642
hs15 76315789 78947367 0.402976
hs15 78947368 81578946 0.476135
hs15 81578947 84210525 0.605660
hs15 84210526 86842104 0.489522
hs15 86842105 89473683 0.526997
hs15 89473684 92105262 0.308236
hs15 92105263 94736841 0.104458
hs15 94736842 97368420 0.219937
hs15 97368421 99999999 0.579853
hs15 100000000 102631577 0.039581
hs5 0 2631577 0.360221
hs5 2631578 5263156 0.045389
hs5 5263157 7894735 0.310859
hs5 7894736 10526314 0.380572
hs5 10526315 13157893 0.508451
hs5 13157894 15789472 0.415109
hs5 15789473 18421051 0.340121
hs5 18421052 21052630 0.195775
hs5 21052631 23684209 0.480151
hs5 23684210 26315788 0.059927
hs5 26315789 28947367 0.060033
hs5 28947368 31578946 0.104098
hs5 31578947 34210525 0.428735
hs5 34210526 36842104 0.420841
hs5 36842105 39473683 0.612113
hs5 39473684 42105262 0.288440
hs5 42105263 44736841 0.320535
hs5 44736842 47368420 0.168515
hs5 47368421 49999999 0.018131
hs5 50000000 52631577 0.185026
hs5 52631578 55263156 0.454212
hs5 55263157 57894735 0.160406
hs5 57894736 60526314 0.884315
hs5 60526315 63157893 0.227530
hs5 63157894 65789472 0.560964
hs5 65789473 68421051 0.251922
hs5 68421052 71052630 1.030334
hs5 71052631 73684209 0.344476
hs5 73684210 76315788 0.510648
hs5 76315789 78947367 0.612481
hs5 78947368 81578946 0.670675
hs5 81578947 84210525 0.365980
hs5 84210526 86842104 0.060892
hs5 86842105 89473683 0.153356
hs5 89473684 92105262 0.283741
hs5 92105263 94736841 0.684398
hs5 94736842 97368420 0.307384
hs5 97368421 99999999 0.060268
hs5 100000000 102631577 0.215952
hs5 102631578 105263156 0.009593
hs5 105263157 107894735 0.310486
hs5 107894736 110526314 0.473962
hs5 110526315 113157893 0.596206
hs5 113157894 115789472 0.285399
hs5 115789473 118421051 0.107528
hs5 118421052 121052630 0.236630
hs5 121052631 123684209 0.293795
hs5 123684210 126315788 0.177764
hs5 126315789 128947367 0.374435
hs5 128947368 131578946 0.403018
hs5 131578947 134210525 0.545648
hs5 134210526 136842104 0.403052
hs5 136842105 139473683 0.611410
hs5 139473684 142105262 2.305218
hs5 142105263 144736841 0.358528
hs5 144736842 147368420 0.523906
hs5 147368421 149999999 0.561238
hs5 150000000 152631577 0.259879
hs5 152631578 155263156 0.332997
hs5 155263157 157894735 0.379891
hs5 157894736 160526314 0.464161
hs5 160526315 163157893 0.181961
hs5 163157894 165789472 0.000000
hs5 165789473 168421051 0.612972
hs5 168421052 171052630 0.691860
hs5 171052631 173684209 0.388515
hs5 173684210 176315788 0.264040
hs5 176315789 178947367 0.571697
hs5 178947368 181578946 0.334343
hsY 0 2631577 0.296383
hsY 2631578 5263156 0.178613
hsY 5263157 7894735 0.316405
hsY 7894736 10526314 0.359236
hsY 10526315 13157893 0.005880
hsY 13157894 15789472 0.290665
hsY 15789473 18421051 0.016460
hsY 18421052 21052630 0.202903
hsY 21052631 23684209 0.240447
hsY 23684210 26315788 0.355093
hsY 26315789 28947367 0.000000
hsY 28947368 31578946 0.000000
hsY 31578947 34210525 0.000000
hsY 34210526 36842104 0.000000
hsY 36842105 39473683 0.000000
hsY 39473684 42105262 0.000000
hsY 42105263 44736841 0.000000
hsY 44736842 47368420 0.000000
hsY 47368421 49999999 0.000000
hsY 50000000 52631577 0.000000
hsY 52631578 55263156 0.000000
hsY 55263157 57894735 0.034351
hs1 0 2631577 0.500172
hs1 2631578 5263156 0.351873
hs1 5263157 7894735 0.683832
hs1 7894736 10526314 0.619022
hs1 10526315 13157893 0.531978
hs1 13157894 15789472 0.462746
hs1 15789473 18421051 0.535118
hs1 18421052 21052630 0.501490
hs1 21052631 23684209 0.610189
hs1 23684210 26315788 0.502659
hs1 26315789 28947367 0.590162
hs1 28947368 31578946 0.311293
hs1 31578947 34210525 0.601152
hs1 34210526 36842104 0.478775
hs1 36842105 39473683 0.344184
hs1 39473684 42105262 0.613171
hs1 42105263 44736841 0.544670
hs1 44736842 47368420 0.688434
hs1 47368421 49999999 0.648955
hs1 50000000 52631577 0.724450
hs1 52631578 55263156 0.663287
hs1 55263157 57894735 0.451776
hs1 57894736 60526314 0.518568
hs1 60526315 63157893 0.489984
hs1 63157894 65789472 0.585150
hs1 65789473 68421051 0.610468
hs1 68421052 71052630 0.267048
hs1 71052631 73684209 0.415329
hs1 73684210 76315788 0.500759
hs1 76315789 78947367 0.706499
hs1 78947368 81578946 0.044478
hs1 81578947 84210525 0.112065
hs1 84210526 86842104 0.632577
hs1 86842105 89473683 0.282516
hs1 89473684 92105262 0.319984
hs1 92105263 94736841 0.585067
hs1 94736842 97368420 0.177578
hs1 97368421 99999999 0.437557
hs1 100000000 102631577 0.349491
hs1 102631578 105263156 0.204733
hs1 105263157 107894735 0.212092
hs1 107894736 110526314 0.564218
hs1 110526315 113157893 0.412145
hs1 113157894 115789472 0.475966
hs1 115789473 118421051 0.420077
hs1 118421052 121052630 0.275002
hs1 121052631 123684209 0.000000
hs1 123684210 126315788 0.000000
hs1 126315789 128947367 0.000000
hs1 128947368 131578946 0.000000
hs1 131578947 134210525 0.000000
hs1 134210526 136842104 0.000000
hs1 136842105 139473683 0.000000
hs1 139473684 142105262 0.000000
hs1 142105263 144736841 0.459817
hs1 144736842 147368420 0.270926
hs1 147368421 149999999 0.505382
hs1 150000000 152631577 0.346217
hs1 152631578 155263156 0.708654
hs1 155263157 157894735 0.223598
hs1 157894736 160526314 0.557718
hs1 160526315 163157893 0.288321
hs1 163157894 165789472 0.425660
hs1 165789473 168421051 0.514507
hs1 168421052 171052630 0.485300
hs1 171052631 173684209 0.570893
hs1 173684210 176315788 0.529350
hs1 176315789 178947367 0.714883
hs1 178947368 181578946 0.454077
hs1 181578947 184210525 0.611076
hs1 184210526 186842104 0.201728
hs1 186842105 189473683 0.144386
hs1 189473684 192105262 0.127583
hs1 192105263 194736841 0.104617
hs1 194736842 197368420 0.474929
hs1 197368421 199999999 0.315522
hs1 200000000 202631577 0.595998
hs1 202631578 205263156 0.527526
hs1 205263157 207894735 0.289600
hs1 207894736 210526314 0.611286
hs1 210526315 213157893 0.389927
hs1 213157894 215789472 0.766129
hs1 215789473 218421051 0.273371
hs1 218421052 221052630 0.205246
hs1 221052631 223684209 0.526807
hs1 223684210 226315788 0.494341
hs1 226315789 228947367 0.322718
hs1 228947368 231578946 0.713795
hs1 231578947 234210525 0.482558
hs1 234210526 236842104 0.551595
hs1 236842105 239473683 0.476705
hs1 239473684 242105262 0.630643
hs1 242105263 244736841 0.688790
hs1 244736842 247368420 0.277471
hs19 0 2631577 0.610103
hs19 2631578 5263156 0.687880
hs19 5263157 7894735 0.559310
hs19 7894736 10526314 0.514774
hs19 10526315 13157893 0.631346
hs19 13157894 15789472 0.499717
hs19 15789473 18421051 0.661478
hs19 18421052 21052630 0.549786
hs19 21052631 23684209 0.207900
hs19 23684210 26315788 0.048921
hs19 26315789 28947367 0.000000
hs19 28947368 31578946 0.000000
hs19 31578947 34210525 0.002837
hs19 34210526 36842104 0.162427
hs19 36842105 39473683 0.403948
hs19 39473684 42105262 0.483100
hs19 42105263 44736841 0.641644
hs19 44736842 47368420 0.498422
hs19 47368421 49999999 0.435466
hs19 50000000 52631577 0.531382
hs19 52631578 55263156 0.718014
hs19 55263157 57894735 0.521078
hs19 57894736 60526314 0.546837
hs19 60526315 63157893 0.459680
hs19 63157894 65789472 0.141704
hs2 0 2631577 0.490623
hs2 2631578 5263156 0.160841
hs2 5263157 7894735 0.086394
hs2 7894736 10526314 0.416039
hs2 10526315 13157893 0.252208
hs2 13157894 15789472 0.167671
hs2 15789473 18421051 0.161364
hs2 18421052 21052630 0.169767
hs2 21052631 23684209 0.100721
hs2 23684210 26315788 0.710397
hs2 26315789 28947367 0.727998
hs2 28947368 31578946 0.625374
hs2 31578947 34210525 0.615244
hs2 34210526 36842104 0.116122
hs2 36842105 39473683 0.535494
hs2 39473684 42105262 0.205205
hs2 42105263 44736841 0.596091
hs2 44736842 47368420 0.542241
hs2 47368421 49999999 0.348047
hs2 50000000 52631577 0.423008
hs2 52631578 55263156 0.469386
hs2 55263157 57894735 0.241537
hs2 57894736 60526314 0.074277
hs2 60526315 63157893 0.548340
hs2 63157894 65789472 0.413585
hs2 65789473 68421051 0.123992
hs2 68421052 71052630 0.535683
hs2 71052631 73684209 0.604996
hs2 73684210 76315788 0.403596
hs2 76315789 78947367 0.294411
hs2 78947368 81578946 0.438088
hs2 81578947 84210525 0.000368
hs2 84210526 86842104 0.535238
hs2 86842105 89473683 0.385120
hs2 89473684 92105262 0.011929
hs2 92105263 94736841 0.000000
hs2 94736842 97368420 0.387096
hs2 97368421 99999999 0.734290
hs2 100000000 102631577 0.472862
hs2 102631578 105263156 0.112005
hs2 105263157 107894735 0.235991
hs2 107894736 110526314 0.572746
hs2 110526315 113157893 0.616035
hs2 113157894 115789472 0.510372
hs2 115789473 118421051 0.219814
hs2 118421052 121052630 0.343359
hs2 121052631 123684209 0.227278
hs2 123684210 126315788 0.338200
hs2 126315789 128947367 0.301888
hs2 128947368 131578946 0.161537
hs2 131578947 134210525 0.563841
hs2 134210526 136842104 0.562628
hs2 136842105 139473683 0.350872
hs2 139473684 142105262 0.531923
hs2 142105263 144736841 0.615974
hs2 144736842 147368420 0.129878
hs2 147368421 149999999 0.506157
hs2 150000000 152631577 0.269723
hs2 152631578 155263156 0.417547
hs2 155263157 157894735 0.144330
hs2 157894736 160526314 0.669638
hs2 160526315 163157893 0.551020
hs2 163157894 165789472 0.316772
hs2 165789473 168421051 0.471272
hs2 168421052 171052630 0.742688
hs2 171052631 173684209 0.576154
hs2 173684210 176315788 0.376542
hs2 176315789 178947367 0.445436
hs2 178947368 181578946 0.526751
hs2 181578947 184210525 0.411239
hs2 184210526 186842104 0.165599
hs2 186842105 189473683 0.289038
hs2 189473684 192105262 0.478015
hs2 192105263 194736841 0.112245
hs2 194736842 197368420 0.367707
hs2 197368421 199999999 0.416357
hs2 200000000 202631577 0.559286
hs2 202631578 205263156 0.487725
hs2 205263157 207894735 0.637832
hs2 207894736 210526314 0.408037
hs2 210526315 213157893 0.642319
hs2 213157894 215789472 0.657503
hs2 215789473 218421051 0.421509
hs2 218421052 221052630 0.431848
hs2 221052631 223684209 0.229320
hs2 223684210 226315788 0.342575
hs2 226315789 228947367 0.377530
hs2 228947368 231578946 0.526041
hs2 231578947 234210525 0.639600
hs2 234210526 236842104 0.638483
hs2 236842105 239473683 0.376474
hs2 239473684 242105262 0.473325
hs2 242105263 244736841 0.118728
hs8 0 2631577 0.274288
hs8 2631578 5263156 0.782593
hs8 5263157 7894735 0.275104
hs8 7894736 10526314 0.337519
hs8 10526315 13157893 0.506467
hs8 13157894 15789472 0.620584
hs8 15789473 18421051 0.367850
hs8 18421052 21052630 0.373339
hs8 21052631 23684209 0.499933
hs8 23684210 26315788 0.299981
hs8 26315789 28947367 0.549334
hs8 28947368 31578946 0.362204
hs8 31578947 34210525 0.488733
hs8 34210526 36842104 0.243319
hs8 36842105 39473683 0.463198
hs8 39473684 42105262 0.466905
hs8 42105263 44736841 0.278491
hs8 44736842 47368420 0.000000
hs8 47368421 49999999 0.293492
hs8 50000000 52631577 0.426156
hs8 52631578 55263156 0.434732
hs8 55263157 57894735 0.287697
hs8 57894736 60526314 0.253211
hs8 60526315 63157893 0.308750
hs8 63157894 65789472 0.368128
hs8 65789473 68421051 0.431024
hs8 68421052 71052630 0.509825
hs8 71052631 73684209 0.361903
hs8 73684210 76315788 0.417742
hs8 76315789 78947367 0.116300
hs8 78947368 81578946 0.204218
hs8 81578947 84210525 0.207011
hs8 84210526 86842104 0.359700
hs8 86842105 89473683 0.487226
hs8 89473684 92105262 0.154582
hs8 92105263 94736841 0.196995
hs8 94736842 97368420 0.293820
hs8 97368421 99999999 0.595322
hs8 100000000 102631577 0.540522
hs8 102631578 105263156 0.656621
hs8 105263157 107894735 0.476743
hs8 107894736 110526314 0.282973
hs8 110526315 113157893 0.090125
hs8 113157894 115789472 0.461388
hs8 115789473 118421051 0.243520
hs8 118421052 121052630 0.449036
hs8 121052631 123684209 0.290488
hs8 123684210 126315788 0.555822
hs8 126315789 128947367 0.100260
hs8 128947368 131578946 0.274978
hs8 131578947 134210525 0.515812
hs8 134210526 136842104 0.271720
hs8 136842105 139473683 0.099650
hs8 139473684 142105262 0.645994
hs8 142105263 144736841 0.311959
hs8 144736842 147368420 0.314391
hs6 0 2631577 0.416732
hs6 2631578 5263156 0.402777
hs6 5263157 7894735 0.570501
hs6 7894736 10526314 0.049243
hs6 10526315 13157893 0.477004
hs6 13157894 15789472 0.399871
hs6 15789473 18421051 0.449588
hs6 18421052 21052630 0.265304
hs6 21052631 23684209 0.318243
hs6 23684210 26315788 0.475622
hs6 26315789 28947367 0.222034
hs6 28947368 31578946 0.265813
hs6 31578947 34210525 0.496512
hs6 34210526 36842104 0.650161
hs6 36842105 39473683 0.685922
hs6 39473684 42105262 0.458711
hs6 42105263 44736841 0.557873
hs6 44736842 47368420 0.580422
hs6 47368421 49999999 0.249174
hs6 50000000 52631577 0.311845
hs6 52631578 55263156 0.386996
hs6 55263157 57894735 0.476731
hs6 57894736 60526314 0.015795
hs6 60526315 63157893 0.230370
hs6 63157894 65789472 0.541581
hs6 65789473 68421051 0.260669
hs6 68421052 71052630 0.490603
hs6 71052631 73684209 0.497287
hs6 73684210 76315788 0.371980
hs6 76315789 78947367 0.166885
hs6 78947368 81578946 0.244595
hs6 81578947 84210525 0.232239
hs6 84210526 86842104 0.242105
hs6 86842105 89473683 0.268201
hs6 89473684 92105262 0.511397
hs6 92105263 94736841 0.094606
hs6 94736842 97368420 0.127267
hs6 97368421 99999999 0.230946
hs6 100000000 102631577 0.493251
hs6 102631578 105263156 0.000000
hs6 105263157 107894735 0.461997
hs6 107894736 110526314 0.613410
hs6 110526315 113157893 0.527252
hs6 113157894 115789472 0.024972
hs6 115789473 118421051 0.441498
hs6 118421052 121052630 0.373335
hs6 121052631 123684209 0.297775
hs6 123684210 126315788 0.676625
hs6 126315789 128947367 0.424978
hs6 128947368 131578946 0.496624
hs6 131578947 134210525 0.358904
hs6 134210526 136842104 0.752820
hs6 136842105 139473683 0.418309
hs6 139473684 142105262 0.038037
hs6 142105263 144736841 0.565090
hs6 144736842 147368420 0.503632
hs6 147368421 149999999 0.388911
hs6 150000000 152631577 0.665869
hs6 152631578 155263156 0.455213
hs6 155263157 157894735 0.342907
hs6 157894736 160526314 0.515074
hs6 160526315 163157893 0.806194
hs6 163157894 165789472 0.317578
hs6 165789473 168421051 0.438524
hs6 168421052 171052630 0.292358
hs14 0 2631577 0.000000
hs14 2631578 5263156 0.000000
hs14 5263157 7894735 0.000000
hs14 7894736 10526314 0.000000
hs14 10526315 13157893 0.000000
hs14 13157894 15789472 0.000000
hs14 15789473 18421051 0.000000
hs14 18421052 21052630 0.225195
hs14 21052631 23684209 0.231967
hs14 23684210 26315788 0.227892
hs14 26315789 28947367 0.009377
hs14 28947368 31578946 0.478043
hs14 31578947 34210525 0.608452
hs14 34210526 36842104 0.547293
hs14 36842105 39473683 0.198362
hs14 39473684 42105262 0.112857
hs14 42105263 44736841 0.104679
hs14 44736842 47368420 0.337891
hs14 47368421 49999999 0.221881
hs14 50000000 52631577 0.560080
hs14 52631578 55263156 0.335379
hs14 55263157 57894735 0.329496
hs14 57894736 60526314 0.449013
hs14 60526315 63157893 0.460365
hs14 63157894 65789472 0.529145
hs14 65789473 68421051 0.751170
hs14 68421052 71052630 0.502971
hs14 71052631 73684209 0.782482
hs14 73684210 76315788 0.622788
hs14 76315789 78947367 0.661445
hs14 78947368 81578946 0.506144
hs14 81578947 84210525 0.000000
hs14 84210526 86842104 0.037158
hs14 86842105 89473683 0.473271
hs14 89473684 92105262 0.693879
hs14 92105263 94736841 0.564568
hs14 94736842 97368420 0.251885
hs14 97368421 99999999 0.332425
hs14 100000000 102631577 0.471333
hs14 102631578 105263156 0.431655
hs14 105263157 107894735 0.011772
hs17 0 2631577 0.737955
hs17 2631578 5263156 0.648760
hs17 5263157 7894735 0.453946
hs17 7894736 10526314 0.690369
hs17 10526315 13157893 0.466952
hs17 13157894 15789472 0.222287
hs17 15789473 18421051 0.650594
hs17 18421052 21052630 0.493323
hs17 21052631 23684209 0.219679
hs17 23684210 26315788 0.731093
hs17 26315789 28947367 0.693312
hs17 28947368 31578946 0.516226
hs17 31578947 34210525 0.518152
hs17 34210526 36842104 0.507457
hs17 36842105 39473683 0.578187
hs17 39473684 42105262 0.617578
hs17 42105263 44736841 0.541215
hs17 44736842 47368420 0.522629
hs17 47368421 49999999 0.085991
hs17 50000000 52631577 0.344790
hs17 52631578 55263156 0.681200
hs17 55263157 57894735 0.677534
hs17 57894736 60526314 0.684357
hs17 60526315 63157893 0.693040
hs17 63157894 65789472 0.438916
hs17 65789473 68421051 0.103654
hs17 68421052 71052630 0.593389
hs17 71052631 73684209 0.567269
hs17 73684210 76315788 0.630041
hs17 76315789 78947367 0.643761
hs21 0 2631577 0.000000
hs21 2631578 5263156 0.000000
hs21 5263157 7894735 0.000000
hs21 7894736 10526314 0.166312
hs21 10526315 13157893 0.000000
hs21 13157894 15789472 0.177872
hs21 15789473 18421051 0.320336
hs21 18421052 21052630 0.065711
hs21 21052631 23684209 0.222395
hs21 23684210 26315788 0.131698
hs21 26315789 28947367 0.134653
hs21 28947368 31578946 0.391136
hs21 31578947 34210525 0.590657
hs21 34210526 36842104 0.367269
hs21 36842105 39473683 0.552721
hs21 39473684 42105262 0.607728
hs21 42105263 44736841 0.566983
hs21 44736842 47368420 0.505580
