hsX 0 1190475 0.096703
hsX 1190476 2380951 0.455192
hsX 2380952 3571427 0.425761
hsX 3571428 4761903 0.059008
hsX 4761904 5952379 0.112810
hsX 5952380 7142856 0.256284
hsX 7142857 8333332 0.140697
hsX 8333333 9523808 0.299155
hsX 9523809 10714284 0.737219
hsX 10714285 11904760 0.514374
hsX 11904761 13095237 0.598640
hsX 13095238 14285713 0.289906
hsX 14285714 15476189 0.461617
hsX 15476190 16666665 0.342282
hsX 16666666 17857141 0.633254
hsX 17857142 19047618 0.670182
hsX 19047619 20238094 0.701226
hsX 20238095 21428570 0.105937
hsX 21428571 22619046 0.444329
hsX 22619047 23809522 0.145948
hsX 23809523 24999999 0.598471
hsX 25000000 26190475 0.004706
hsX 26190476 27380951 0.002281
hsX 27380952 28571427 0.066743
hsX 28571428 29761903 1.000000
hsX 29761904 30952379 0.258240
hsX 30952380 32142856 0.920981
hsX 32142857 33333332 0.944824
hsX 33333333 34523808 0.002167
hsX 34523809 35714284 0.027173
hsX 35714285 36904760 0.271601
hsX 36904761 38095237 0.469120
hsX 38095238 39285713 0.169269
hsX 39285714 40476189 0.214080
hsX 40476190 41666665 0.523636
hsX 41666666 42857141 0.001207
hsX 42857142 44047618 0.325057
hsX 44047619 45238094 0.296038
hsX 45238095 46428570 0.151197
hsX 46428571 47619046 0.497707
hsX 47619047 48809522 0.381933
hsX 48809523 49999999 0.991392
hsX 50000000 51190475 0.338746
hsX 51190476 52380951 0.157765
hsX 52380952 53571427 0.355437
hsX 53571428 54761903 0.534304
hsX 54761904 55952379 0.205323
hsX 55952380 57142856 0.140439
hsX 57142857 58333332 0.182455
hsX 58333333 59523808 0.000000
hsX 59523809 60714284 0.000000
hsX 60714285 61904760 0.000000
hsX 61904761 63095237 0.242941
hsX 63095238 64285713 0.224932
hsX 64285714 65476189 0.200727
hsX 65476190 66666665 0.017130
hsX 66666666 67857141 0.569256
hsX 67857142 69047618 0.290202
hsX 69047619 70238094 0.695683
hsX 70238095 71428570 0.571955
hsX 71428571 72619046 0.356105
hsX 72619047 73809522 0.645793
hsX 73809523 74999999 0.408526
hsX 75000000 76190475 0.007605
hsX 76190476 77380951 0.447580
hsX 77380952 78571427 0.077811
hsX 78571428 79761903 0.106532
hsX 79761904 80952379 0.273195
hsX 80952380 82142856 0.000000
hsX 82142857 83333332 0.131508
hsX 83333333 84523808 0.355476
hsX 84523809 85714284 0.512869
hsX 85714285 86904760 0.346344
hsX 86904761 88095237 0.006350
hsX 88095238 89285713 0.000793
hsX 89285714 90476189 0.000000
hsX 90476190 91666665 0.629780
hsX 91666666 92857141 0.116889
hsX 92857142 94047618 0.000000
hsX 94047619 95238094 0.000000
hsX 95238095 96428570 0.507875
hsX 96428571 97619046 0.263494
hsX 97619047 98809522 0.173265
hsX 98809523 99999999 0.448638
hsX 100000000 101190475 0.430914
hsX 101190476 102380951 0.461948
hsX 102380952 103571427 0.173211
hsX 103571428 104761903 0.895442
hsX 104761904 105952379 0.427834
hsX 105952380 107142856 0.434416
hsX 107142857 108333332 0.545971
hsX 108333333 109523808 0.492700
hsX 109523809 110714284 0.528364
hsX 110714285 111904760 0.700394
hsX 111904761 113095237 0.055389
hsX 113095238 114285713 0.314741
hsX 114285714 115476189 0.171990
hsX 115476190 116666665 0.021979
hsX 116666666 117857141 0.490419
hsX 117857142 119047618 0.329820
hsX 119047619 120238094 0.574098
hsX 120238095 121428570 0.000000
hsX 121428571 122619046 0.305540
hsX 122619047 123809522 0.647062
hsX 123809523 124999999 0.097293
hsX 125000000 126190475 0.006802
hsX 126190476 127380951 0.001210
hsX 127380952 128571427 0.108582
hsX 128571428 129761903 0.486920
hsX 129761904 130952379 0.234757
hsX 130952380 132142856 0.485284
hsX 132142857 133333332 0.482937
hsX 133333333 134523808 0.340922
hsX 134523809 135714284 0.491787
hsX 135714285 136904760 0.016048
hsX 136904761 138095237 0.467737
hsX 138095238 139285713 0.249287
hsX 139285714 140476189 0.014811
hsX 140476190 141666665 0.062436
hsX 141666666 142857141 0.034516
hsX 142857142 144047618 0.000000
hsX 144047619 145238094 0.016418
hsX 145238095 146428570 0.002281
hsX 146428571 147619046 0.274231
hsX 147619047 148809522 0.354985
hsX 148809523 149999999 0.463499
hsX 150000000 151190475 0.252685
hsX 151190476 152380951 0.325675
hsX 152380952 153571427 0.575428
hsX 153571428 154761903 0.539707
hsX 154761904 155952379 0.063612
hs12 0 1190475 0.805421
hs12 1190476 2380951 0.835572
hs12 2380952 3571427 0.673979
hs12 3571428 4761903 0.431701
hs12 4761904 5952379 0.440163
hs12 5952380 7142856 0.651866
hs12 7142857 8333332 0.404436
hs12 8333333 9523808 0.388440
hs12 9523809 10714284 0.332910
hs12 10714285 11904760 0.748564
hs12 11904761 13095237 0.555411
hs12 13095238 14285713 0.416923
hs12 14285714 15476189 0.526069
hs12 15476190 16666665 0.544567
hs12 16666666 17857141 0.000000
hs12 17857142 19047618 0.379744
hs12 19047619 20238094 0.276572
hs12 20238095 21428570 0.659934
hs12 21428571 22619046 0.500737
hs12 22619047 23809522 0.250790
hs12 23809523 24999999 0.801760
hs12 25000000 26190475 0.420647
hs12 26190476 27380951 0.618005
hs12 27380952 28571427 0.548169
hs12 28571428 29761903 0.387180
hs12 29761904 30952379 0.150235
hs12 30952380 32142856 0.395984
hs12 32142857 33333332 0.501355
hs12 33333333 34523808 0.059161
hs12 34523809 35714284 0.000000
hs12 35714285 36904760 0.000000
hs12 36904761 38095237 0.326201
hs12 38095238 39285713 0.577841
hs12 39285714 40476189 0.641661
hs12 40476190 41666665 0.346188
hs12 41666666 42857141 0.514138
hs12 42857142 44047618 0.715669
hs12 44047619 45238094 0.357649
hs12 45238095 46428570 0.140883
hs12 46428571 47619046 0.411652
hs12 47619047 48809522 0.575232
hs12 48809523 49999999 0.780355
hs12 50000000 51190475 0.490782
hs12 51190476 52380951 0.498388
hs12 52380952 53571427 0.385738
hs12 53571428 54761903 0.262513
hs12 54761904 55952379 0.602708
hs12 55952380 57142856 0.306413
hs12 57142857 58333332 0.040595
hs12 58333333 59523808 0.077519
hs12 59523809 60714284 0.273822
hs12 60714285 61904760 0.616613
hs12 61904761 63095237 0.509014
hs12 63095238 64285713 0.463924
hs12 64285714 65476189 0.574810
hs12 65476190 66666665 0.049781
hs12 66666666 67857141 0.291756
hs12 67857142 69047618 0.372499
hs12 69047619 70238094 0.519002
hs12 70238095 71428570 0.625450
hs12 71428571 72619046 0.000000
hs12 72619047 73809522 0.078149
hs12 73809523 74999999 0.239048
hs12 75000000 76190475 0.307637
hs12 76190476 77380951 0.320647
hs12 77380952 78571427 0.545693
hs12 78571428 79761903 0.551174
hs12 79761904 80952379 0.648102
hs12 80952380 82142856 0.482474
hs12 82142857 83333332 0.000000
hs12 83333333 84523808 0.256717
hs12 84523809 85714284 0.720551
hs12 85714285 86904760 0.042981
hs12 86904761 88095237 0.248378
hs12 88095238 89285713 0.157166
hs12 89285714 90476189 0.082536
hs12 90476190 91666665 0.034442
hs12 91666666 92857141 0.402073
hs12 92857142 94047618 0.447939
hs12 94047619 95238094 0.557311
hs12 95238095 96428570 0.243444
hs12 96428571 97619046 0.131999
hs12 97619047 98809522 1.002045
hs12 98809523 99999999 0.689209
hs12 100000000 101190475 0.561945
hs12 101190476 102380951 0.275476
hs12 102380952 103571427 0.732705
hs12 103571428 104761903 0.396570
hs12 104761904 105952379 0.765202
hs12 105952380 107142856 0.464513
hs12 107142857 108333332 0.571825
hs12 108333333 109523808 0.700212
hs12 109523809 110714284 0.695756
hs12 110714285 111904760 0.630372
hs12 111904761 113095237 0.425596
hs12 113095238 114285713 0.057478
hs12 114285714 115476189 0.270309
hs12 115476190 116666665 0.707738
hs12 116666666 117857141 0.489131
hs12 117857142 119047618 0.674580
hs12 119047619 120238094 0.602715
hs12 120238095 121428570 0.815173
hs12 121428571 122619046 0.665035
hs12 122619047 123809522 0.544863
hs12 123809523 124999999 0.482635
hs12 125000000 126190475 0.025456
hs12 126190476 127380951 0.052964
hs12 127380952 128571427 0.831975
hs12 128571428 129761903 0.462735
hs12 129761904 130952379 0.343164
hs12 130952380 132142856 0.683241
hs12 132142857 133333332 0.071089
hs11 0 1190475 0.530547
hs11 1190476 2380951 0.604861
hs11 2380952 3571427 0.648220
hs11 3571428 4761903 0.461493
hs11 4761904 5952379 0.177132
hs11 5952380 7142856 0.320458
hs11 7142857 8333332 0.499120
hs11 8333333 9523808 0.762637
hs11 9523809 10714284 0.706822
hs11 10714285 11904760 0.406498
hs11 11904761 13095237 0.612394
hs11 13095238 14285713 0.493788
hs11 14285714 15476189 0.525871
hs11 15476190 16666665 0.428350
hs11 16666666 17857141 0.581816
hs11 17857142 19047618 0.522241
hs11 19047619 20238094 0.734871
hs11 20238095 21428570 0.821896
hs11 21428571 22619046 0.218497
hs11 22619047 23809522 0.129506
hs11 23809523 24999999 0.440890
hs11 25000000 26190475 0.051041
hs11 26190476 27380951 0.462727
hs11 27380952 28571427 0.549142
hs11 28571428 29761903 0.000000
hs11 29761904 30952379 0.191014
hs11 30952380 32142856 0.478281
hs11 32142857 33333332 0.507179
hs11 33333333 34523808 0.505551
hs11 34523809 35714284 0.493985
hs11 35714285 36904760 0.546465
hs11 36904761 38095237 0.000000
hs11 38095238 39285713 0.000000
hs11 39285714 40476189 0.151127
hs11 40476190 41666665 0.000000
hs11 41666666 42857141 0.000000
hs11 42857142 44047618 0.338964
hs11 44047619 45238094 0.512292
hs11 45238095 46428570 0.393187
hs11 46428571 47619046 0.840453
hs11 47619047 48809522 0.320221
hs11 48809523 49999999 0.265457
hs11 50000000 51190475 0.025302
hs11 51190476 52380951 0.001682
hs11 52380952 53571427 0.000000
hs11 53571428 54761903 0.000000
hs11 54761904 55952379 0.092812
hs11 55952380 57142856 0.441191
hs11 57142857 58333332 0.405877
hs11 58333333 59523808 0.222284
hs11 59523809 60714284 0.417120
hs11 60714285 61904760 0.508510
hs11 61904761 63095237 0.578637
hs11 63095238 64285713 0.678153
hs11 64285714 65476189 0.514888
hs11 65476190 66666665 0.651407
hs11 66666666 67857141 0.499245
hs11 67857142 69047618 0.430900
hs11 69047619 70238094 0.465988
hs11 70238095 71428570 0.532255
hs11 71428571 72619046 0.668069
hs11 72619047 73809522 0.771301
hs11 73809523 74999999 0.532018
hs11 75000000 76190475 0.554209
hs11 76190476 77380951 0.756931
hs11 77380952 78571427 0.822527
hs11 78571428 79761903 0.216649
hs11 79761904 80952379 0.000000
hs11 80952380 82142856 0.001564
hs11 82142857 83333332 0.669973
hs11 83333333 84523808 1.000000
hs11 84523809 85714284 0.730355
hs11 85714285 86904760 0.513862
hs11 86904761 88095237 0.272327
hs11 88095238 89285713 0.670600
hs11 89285714 90476189 0.095022
hs11 90476190 91666665 0.000000
hs11 91666666 92857141 0.605971
hs11 92857142 94047618 0.445004
hs11 94047619 95238094 0.292601
hs11 95238095 96428570 0.390229
hs11 96428571 97619046 0.000000
hs11 97619047 98809522 0.346452
hs11 98809523 99999999 0.775455
hs11 100000000 101190475 0.451668
hs11 101190476 102380951 0.433856
hs11 102380952 103571427 0.564225
hs11 103571428 104761903 0.076645
hs11 104761904 105952379 0.364659
hs11 105952380 107142856 0.510412
hs11 107142857 108333332 0.768832
hs11 108333333 109523808 0.051712
hs11 109523809 110714284 0.258685
hs11 110714285 111904760 0.535685
hs11 111904761 113095237 0.391563
hs11 113095238 114285713 0.422826
hs11 114285714 115476189 0.277954
hs11 115476190 116666665 0.370614
hs11 116666666 117857141 0.698560
hs11 117857142 119047618 0.506817
hs11 119047619 120238094 0.455615
hs11 120238095 121428570 0.403221
hs11 121428571 122619046 0.435625
hs11 122619047 123809522 0.172603
hs11 123809523 124999999 0.564329
hs11 125000000 126190475 0.679022
hs11 126190476 127380951 0.155821
hs11 127380952 128571427 0.458973
hs11 128571428 129761903 0.396374
hs11 129761904 130952379 0.251003
hs11 130952380 132142856 0.934349
hs11 132142857 133333332 0.685976
hs11 133333333 134523808 0.273483
hs22 0 1190475 0.000000
hs22 1190476 2380951 0.000000
hs22 2380952 3571427 0.000000
hs22 3571428 4761903 0.000000
hs22 4761904 5952379 0.000000
hs22 5952380 7142856 0.000000
hs22 7142857 8333332 0.000000
hs22 8333333 9523808 0.000000
hs22 9523809 10714284 0.000000
hs22 10714285 11904760 0.000000
hs22 11904761 13095237 0.000000
hs22 13095238 14285713 0.000000
hs22 14285714 15476189 0.040348
hs22 15476190 16666665 0.444102
hs22 16666666 17857141 0.618660
hs22 17857142 19047618 0.380228
hs22 19047619 20238094 0.507140
hs22 20238095 21428570 0.329892
hs22 21428571 22619046 0.456783
hs22 22619047 23809522 0.744416
hs22 23809523 24999999 1.016481
hs22 25000000 26190475 0.355022
hs22 26190476 27380951 0.740103
hs22 27380952 28571427 0.705830
hs22 28571428 29761903 0.622971
hs22 29761904 30952379 0.636683
hs22 30952380 32142856 0.748121
hs22 32142857 33333332 0.422990
hs22 33333333 34523808 0.223298
hs22 34523809 35714284 0.570751
hs22 35714285 36904760 0.585782
hs22 36904761 38095237 0.519138
hs22 38095238 39285713 0.827957
hs22 39285714 40476189 0.654228
hs22 40476190 41666665 0.535084
hs22 41666666 42857141 0.800070
hs22 42857142 44047618 0.581571
hs22 44047619 45238094 0.671535
hs22 45238095 46428570 0.505866
hs22 46428571 47619046 0.226632
hs22 47619047 48809522 0.157727
hs22 48809523 49999999 0.497660
hs10 0 1190475 0.648644
hs10 1190476 2380951 0.493003
hs10 2380952 3571427 0.087638
hs10 3571428 4761903 0.036481
hs10 4761904 5952379 0.342718
hs10 5952380 7142856 0.349936
hs10 7142857 8333332 0.567008
hs10 8333333 9523808 0.000000
hs10 9523809 10714284 0.000000
hs10 10714285 11904760 0.446879
hs10 11904761 13095237 0.787365
hs10 13095238 14285713 0.689868
hs10 14285714 15476189 0.669027
hs10 15476190 16666665 0.310855
hs10 16666666 17857141 0.719699
hs10 17857142 19047618 0.923408
hs10 19047619 20238094 0.077883
hs10 20238095 21428570 0.580178
hs10 21428571 22619046 0.476327
hs10 22619047 23809522 0.365738
hs10 23809523 24999999 0.797645
hs10 25000000 26190475 0.542524
hs10 26190476 27380951 0.615986
hs10 27380952 28571427 0.572286
hs10 28571428 29761903 0.141589
hs10 29761904 30952379 0.348281
hs10 30952380 32142856 0.348106
hs10 32142857 33333332 0.623495
hs10 33333333 34523808 0.203895
hs10 34523809 35714284 0.777298
hs10 35714285 36904760 0.162358
hs10 36904761 38095237 0.089638
hs10 38095238 39285713 0.200150
hs10 39285714 40476189 0.000000
hs10 40476190 41666665 0.000000
hs10 41666666 42857141 0.165662
hs10 42857142 44047618 0.238599
hs10 44047619 45238094 0.168638
hs10 45238095 46428570 0.521244
hs10 46428571 47619046 0.174707
hs10 47619047 48809522 0.232128
hs10 48809523 49999999 0.629351
hs10 50000000 51190475 0.674713
hs10 51190476 52380951 0.576922
hs10 52380952 53571427 0.969925
hs10 53571428 54761903 0.137385
hs10 54761904 55952379 0.604666
hs10 55952380 57142856 0.234090
hs10 57142857 58333332 0.003223
hs10 58333333 59523808 0.000000
hs10 59523809 60714284 0.476062
hs10 60714285 61904760 0.520665
hs10 61904761 63095237 0.166186
hs10 63095238 64285713 0.571889
hs10 64285714 65476189 0.357591
hs10 65476190 66666665 0.001135
hs10 66666666 67857141 0.426226
hs10 67857142 69047618 1.147065
hs10 69047619 70238094 0.709241
hs10 70238095 71428570 0.566617
hs10 71428571 72619046 0.467113
hs10 72619047 73809522 0.751026
hs10 73809523 74999999 0.851499
hs10 75000000 76190475 0.783761
hs10 76190476 77380951 0.432888
hs10 77380952 78571427 0.737726
hs10 78571428 79761903 0.598430
hs10 79761904 80952379 0.375166
hs10 80952380 82142856 0.168889
hs10 82142857 83333332 0.169284
hs10 83333333 84523808 0.754958
hs10 84523809 85714284 0.179010
hs10 85714285 86904760 0.226443
hs10 86904761 88095237 0.626676
hs10 88095238 89285713 0.612365
hs10 89285714 90476189 0.548938
hs10 90476190 91666665 0.463961
hs10 91666666 92857141 0.136817
hs10 92857142 94047618 0.759237
hs10 94047619 95238094 0.553627
hs10 95238095 96428570 0.636540
hs10 96428571 97619046 0.674813
hs10 97619047 98809522 0.669439
hs10 98809523 99999999 0.692177
hs10 100000000 101190475 0.805081
hs10 101190476 102380951 0.559784
hs10 102380952 103571427 0.525188
hs10 103571428 104761903 0.779640
hs10 104761904 105952379 0.777221
hs10 105952380 107142856 0.688918
hs10 107142857 108333332 0.008335
hs10 108333333 109523808 0.487998
hs10 109523809 110714284 0.000000
hs10 110714285 111904760 0.158246
hs10 111904761 113095237 0.408950
hs10 113095238 114285713 0.219837
hs10 114285714 115476189 0.559377
hs10 115476190 116666665 0.595999
hs10 116666666 117857141 0.794280
hs10 117857142 119047618 0.512715
hs10 119047619 120238094 0.322118
hs10 120238095 121428570 0.479784
hs10 121428571 122619046 0.291290
hs10 122619047 123809522 0.364573
hs10 123809523 124999999 0.572056
hs10 125000000 126190475 0.244293
hs10 126190476 127380951 0.458023
hs10 127380952 128571427 0.627937
hs10 128571428 129761903 0.677393
hs10 129761904 130952379 0.035108
hs10 130952380 132142856 0.396552
hs10 132142857 133333332 0.184238
hs10 133333333 134523808 0.466787
hs10 134523809 135714284 0.302132
hs7 0 1190475 0.493497
hs7 1190476 2380951 0.559752
hs7 2380952 3571427 0.599366
hs7 3571428 4761903 0.652830
hs7 4761904 5952379 0.609490
hs7 5952380 7142856 0.553852
hs7 7142857 8333332 0.529852
hs7 8333333 9523808 0.267968
hs7 9523809 10714284 0.001301
hs7 10714285 11904760 0.558192
hs7 11904761 13095237 0.156655
hs7 13095238 14285713 0.197156
hs7 14285714 15476189 0.698552
hs7 15476190 16666665 0.475472
hs7 16666666 17857141 0.184474
hs7 17857142 19047618 0.497472
hs7 19047619 20238094 0.128207
hs7 20238095 21428570 0.194200
hs7 21428571 22619046 0.680048
hs7 22619047 23809522 0.477793
hs7 23809523 24999999 0.331371
hs7 25000000 26190475 0.074151
hs7 26190476 27380951 0.401317
hs7 27380952 28571427 0.708860
hs7 28571428 29761903 0.654446
hs7 29761904 30952379 0.506129
hs7 30952380 32142856 0.430489
hs7 32142857 33333332 0.387385
hs7 33333333 34523808 0.587188
hs7 34523809 35714284 0.653467
hs7 35714285 36904760 0.538802
hs7 36904761 38095237 0.542176
hs7 38095238 39285713 0.674223
hs7 39285714 40476189 0.691884
hs7 40476190 41666665 0.328182
hs7 41666666 42857141 0.315537
hs7 42857142 44047618 0.705465
hs7 44047619 45238094 0.565223
hs7 45238095 46428570 0.174854
hs7 46428571 47619046 0.222137
hs7 47619047 48809522 0.636010
hs7 48809523 49999999 0.163133
hs7 50000000 51190475 0.628496
hs7 51190476 52380951 0.135689
hs7 52380952 53571427 0.001067
hs7 53571428 54761903 0.023629
hs7 54761904 55952379 0.389871
hs7 55952380 57142856 0.148140
hs7 57142857 58333332 0.048820
hs7 58333333 59523808 0.000000
hs7 59523809 60714284 0.000000
hs7 60714285 61904760 0.000000
hs7 61904761 63095237 0.017538
hs7 63095238 64285713 0.336254
hs7 64285714 65476189 0.397131
hs7 65476190 66666665 0.408181
hs7 66666666 67857141 0.000000
hs7 67857142 69047618 0.290454
hs7 69047619 70238094 0.714482
hs7 70238095 71428570 0.944652
hs7 71428571 72619046 0.692134
hs7 72619047 73809522 0.515451
hs7 73809523 74999999 0.501528
hs7 75000000 76190475 0.616482
hs7 76190476 77380951 0.543320
hs7 77380952 78571427 0.960236
hs7 78571428 79761903 0.364548
hs7 79761904 80952379 0.258017
hs7 80952380 82142856 0.471765
hs7 82142857 83333332 0.583075
hs7 83333333 84523808 0.249952
hs7 84523809 85714284 0.054915
hs7 85714285 86904760 0.488086
hs7 86904761 88095237 0.705901
hs7 88095238 89285713 0.486535
hs7 89285714 90476189 0.387492
hs7 90476190 91666665 0.358880
hs7 91666666 92857141 0.611583
hs7 92857142 94047618 0.219033
hs7 94047619 95238094 0.530021
hs7 95238095 96428570 0.461219
hs7 96428571 97619046 0.172386
hs7 97619047 98809522 0.505032
hs7 98809523 99999999 0.640902
hs7 100000000 101190475 0.509742
hs7 101190476 102380951 0.821888
hs7 102380952 103571427 0.841179
hs7 103571428 104761903 0.837930
hs7 104761904 105952379 0.484210
hs7 105952380 107142856 0.571883
hs7 107142857 108333332 0.546827
hs7 108333333 109523808 0.000830
hs7 109523809 110714284 0.553047
hs7 110714285 111904760 0.794614
hs7 111904761 113095237 0.138335
hs7 113095238 114285713 0.543408
hs7 114285714 115476189 0.162423
hs7 115476190 116666665 0.522122
hs7 116666666 117857141 0.420503
hs7 117857142 119047618 0.000000
hs7 119047619 120238094 0.420129
hs7 120238095 121428570 0.480815
hs7 121428571 122619046 0.659337
hs7 122619047 123809522 0.250435
hs7 123809523 124999999 0.106821
hs7 125000000 126190475 0.272655
hs7 126190476 127380951 0.701417
hs7 127380952 128571427 0.460172
hs7 128571428 129761903 0.650340
hs7 129761904 130952379 0.670582
hs7 130952380 132142856 0.460365
hs7 132142857 133333332 0.856366
hs7 133333333 134523808 0.583920
hs7 134523809 135714284 0.395001
hs7 135714285 136904760 0.373625
hs7 136904761 138095237 0.596437
hs7 138095238 139285713 0.767511
hs7 139285714 140476189 0.542889
hs7 140476190 141666665 0.380481
hs7 141666666 142857141 0.171582
hs7 142857142 144047618 0.369705
hs7 144047619 145238094 0.097827
hs7 145238095 146428570 0.826716
hs7 146428571 147619046 1.000089
hs7 147619047 148809522 0.458985
hs7 148809523 149999999 0.336559
hs7 150000000 151190475 0.665422
hs7 151190476 152380951 0.511463
hs7 152380952 153571427 0.299105
hs7 153571428 154761903 0.718535
hs7 154761904 155952379 0.155972
hs7 155952380 157142856 0.512560
hs7 157142857 158333332 0.926213
hs7 158333333 159523808 0.188400
hs4 0 1190475 0.690333
hs4 1190476 2380951 0.645773
hs4 2380952 3571427 0.668459
hs4 3571428 4761903 0.231952
hs4 4761904 5952379 0.658170
hs4 5952380 7142856 0.587390
hs4 7142857 8333332 0.851017
hs4 8333333 9523808 0.237256
hs4 9523809 10714284 0.320757
hs4 10714285 11904760 0.025743
hs4 11904761 13095237 0.102089
hs4 13095238 14285713 0.054076
hs4 14285714 15476189 0.390583
hs4 15476190 16666665 0.517757
hs4 16666666 17857141 0.378398
hs4 17857142 19047618 0.000000
hs4 19047619 20238094 0.307159
hs4 20238095 21428570 0.938431
hs4 21428571 22619046 0.332700
hs4 22619047 23809522 0.082369
hs4 23809523 24999999 0.354758
hs4 25000000 26190475 0.255678
hs4 26190476 27380951 0.282295
hs4 27380952 28571427 0.000000
hs4 28571428 29761903 0.000000
hs4 29761904 30952379 0.358166
hs4 30952380 32142856 0.000000
hs4 32142857 33333332 0.000000
hs4 33333333 34523808 0.000000
hs4 34523809 35714284 0.000000
hs4 35714285 36904760 0.203695
hs4 36904761 38095237 0.608572
hs4 38095238 39285713 0.591423
hs4 39285714 40476189 0.577233
hs4 40476190 41666665 0.685901
hs4 41666666 42857141 0.567314
hs4 42857142 44047618 0.148630
hs4 44047619 45238094 0.146144
hs4 45238095 46428570 0.192169
hs4 46428571 47619046 0.904352
hs4 47619047 48809522 0.676200
hs4 48809523 49999999 0.000000
hs4 50000000 51190475 0.000000
hs4 51190476 52380951 0.000000
hs4 52380952 53571427 0.313621
hs4 53571428 54761903 0.527214
hs4 54761904 55952379 0.188777
hs4 55952380 57142856 0.593784
hs4 57142857 58333332 0.181202
hs4 58333333 59523808 0.000000
hs4 59523809 60714284 0.000000
hs4 60714285 61904760 0.000000
hs4 61904761 63095237 0.483278
hs4 63095238 64285713 0.000000
hs4 64285714 65476189 0.110036
hs4 65476190 66666665 0.294313
hs4 66666666 67857141 0.000000
hs4 67857142 69047618 0.513361
hs4 69047619 70238094 0.180128
hs4 70238095 71428570 0.320768
hs4 71428571 72619046 0.545088
hs4 72619047 73809522 0.406837
hs4 73809523 74999999 0.263689
hs4 75000000 76190475 0.307905
hs4 76190476 77380951 0.461283
hs4 77380952 78571427 0.513834
hs4 78571428 79761903 0.707109
hs4 79761904 80952379 0.141178
hs4 80952380 82142856 0.738363
hs4 82142857 83333332 0.157745
hs4 83333333 84523808 0.520961
hs4 84523809 85714284 0.128407
hs4 85714285 86904760 0.583748
hs4 86904761 88095237 0.805589
hs4 88095238 89285713 0.508310
hs4 89285714 90476189 0.578975
hs4 90476190 91666665 0.481226
hs4 91666666 92857141 0.904139
hs4 92857142 94047618 0.506559
hs4 94047619 95238094 0.727541
hs4 95238095 96428570 0.726334
hs4 96428571 97619046 0.220083
hs4 97619047 98809522 0.092798
hs4 98809523 99999999 0.709526
hs4 100000000 101190475 0.398296
hs4 101190476 102380951 0.289534
hs4 102380952 103571427 0.407706
hs4 103571428 104761903 0.563984
hs4 104761904 105952379 0.098822
hs4 105952380 107142856 0.470394
hs4 107142857 108333332 0.351742
hs4 108333333 109523808 0.331598
hs4 109523809 110714284 0.621112
hs4 110714285 111904760 0.515983
hs4 111904761 113095237 0.000000
hs4 113095238 114285713 0.576212
hs4 114285714 115476189 0.528332
hs4 115476190 116666665 0.306429
hs4 116666666 117857141 0.000037
hs4 117857142 119047618 0.001704
hs4 119047619 120238094 0.542737
hs4 120238095 121428570 0.243352
hs4 121428571 122619046 0.338065
hs4 122619047 123809522 0.366116
hs4 123809523 124999999 0.610105
hs4 125000000 126190475 0.100508
hs4 126190476 127380951 0.148278
hs4 127380952 128571427 0.000000
hs4 128571428 129761903 0.403775
hs4 129761904 130952379 0.247155
hs4 130952380 132142856 0.000000
hs4 132142857 133333332 0.000000
hs4 133333333 134523808 0.035502
hs4 134523809 135714284 0.004549
hs4 135714285 136904760 0.000000
hs4 136904761 138095237 0.000000
hs4 138095238 139285713 0.011390
hs4 139285714 140476189 0.210859
hs4 140476190 141666665 0.647010
hs4 141666666 142857141 0.448385
hs4 142857142 144047618 0.701689
hs4 144047619 145238094 0.334284
hs4 145238095 146428570 0.256009
hs4 146428571 147619046 0.493232
hs4 147619047 148809522 0.334890
hs4 148809523 149999999 0.604331
hs4 150000000 151190475 0.000000
hs4 151190476 152380951 0.876901
hs4 152380952 153571427 0.393628
hs4 153571428 154761903 0.630092
hs4 154761904 155952379 0.363451
hs4 155952380 157142856 0.219943
hs4 157142857 158333332 0.256831
hs4 158333333 159523808 0.203833
hs4 159523809 160714284 0.468856
hs4 160714285 161904760 0.000000
hs4 161904761 163095237 0.479422
hs4 163095238 164285713 0.191355
hs4 164285714 165476189 0.738578
hs4 165476190 166666665 0.312772
hs4 166666666 167857141 0.193691
hs4 167857142 169047618 0.421014
hs4 169047619 170238094 0.651449
hs4 170238095 171428570 0.499488
hs4 171428571 172619046 0.000000
hs4 172619047 173809522 0.704234
hs4 173809523 174999999 0.487720
hs4 175000000 176190475 0.316772
hs4 176190476 177380951 0.538920
hs4 177380952 178571427 0.185584
hs4 178571428 179761903 0.229926
hs4 179761904 180952379 0.000000
hs4 180952380 182142856 0.000000
hs4 182142857 183333332 0.004702
hs4 183333333 184523808 0.618161
hs4 184523809 185714284 0.345756
hs4 185714285 186904760 0.564978
hs4 186904761 188095237 0.410150
hs4 188095238 189285713 0.019538
hs4 189285714 190476189 0.006765
hs4 190476190 191666665 0.074681
hs16 0 1190475 0.682508
hs16 1190476 2380951 0.776597
hs16 2380952 3571427 0.557227
hs16 3571428 4761903 0.721871
hs16 4761904 5952379 0.233927
hs16 5952380 7142856 0.952329
hs16 7142857 8333332 0.470807
hs16 8333333 9523808 0.257661
hs16 9523809 10714284 0.507210
hs16 10714285 11904760 0.500292
hs16 11904761 13095237 0.799015
hs16 13095238 14285713 0.314299
hs16 14285714 15476189 0.421668
hs16 15476190 16666665 0.647264
hs16 16666666 17857141 0.309590
hs16 17857142 19047618 0.291451
hs16 19047619 20238094 0.529964
hs16 20238095 21428570 0.714940
hs16 21428571 22619046 0.541813
hs16 22619047 23809522 0.539551
hs16 23809523 24999999 0.611443
hs16 25000000 26190475 0.458367
hs16 26190476 27380951 0.138697
hs16 27380952 28571427 0.736942
hs16 28571428 29761903 0.359713
hs16 29761904 30952379 0.557120
hs16 30952380 32142856 0.324342
hs16 32142857 33333332 0.024688
hs16 33333333 34523808 0.024651
hs16 34523809 35714284 0.002675
hs16 35714285 36904760 0.000000
hs16 36904761 38095237 0.000000
hs16 38095238 39285713 0.000000
hs16 39285714 40476189 0.000000
hs16 40476190 41666665 0.000000
hs16 41666666 42857141 0.000000
hs16 42857142 44047618 0.000000
hs16 44047619 45238094 0.118110
hs16 45238095 46428570 0.661175
hs16 46428571 47619046 0.283529
hs16 47619047 48809522 0.405155
hs16 48809523 49999999 0.260247
hs16 50000000 51190475 0.092230
hs16 51190476 52380951 0.446203
hs16 52380952 53571427 0.278361
hs16 53571428 54761903 0.264015
hs16 54761904 55952379 0.700083
hs16 55952380 57142856 0.559499
hs16 57142857 58333332 0.104263
hs16 58333333 59523808 0.000882
hs16 59523809 60714284 0.321555
hs16 60714285 61904760 0.000000
hs16 61904761 63095237 0.000000
hs16 63095238 64285713 0.392314
hs16 64285714 65476189 0.321569
hs16 65476190 66666665 0.791321
hs16 66666666 67857141 0.770367
hs16 67857142 69047618 0.695550
hs16 69047619 70238094 0.733275
hs16 70238095 71428570 0.410332
hs16 71428571 72619046 0.187227
hs16 72619047 73809522 0.512013
hs16 73809523 74999999 0.374469
hs16 75000000 76190475 0.273809
hs16 76190476 77380951 0.765007
hs16 77380952 78571427 0.361193
hs16 78571428 79761903 0.481222
hs16 79761904 80952379 0.598091
hs16 80952380 82142856 0.776814
hs16 82142857 83333332 0.646730
hs16 83333333 84523808 0.349760
hs16 84523809 85714284 0.041734
hs16 85714285 86904760 0.450064
hs16 86904761 88095237 0.659321
hs16 88095238 89285713 0.391154
hs20 0 1190475 0.346490
hs20 1190476 2380951 0.370803
hs20 2380952 3571427 0.743310
hs20 3571428 4761903 0.331185
hs20 4761904 5952379 0.454491
hs20 5952380 7142856 0.075984
hs20 7142857 8333332 0.309272
hs20 8333333 9523808 0.811147
hs20 9523809 10714284 0.510433
hs20 10714285 11904760 0.030045
hs20 11904761 13095237 0.132394
hs20 13095238 14285713 0.797140
hs20 14285714 15476189 1.000000
hs20 15476190 16666665 0.684618
hs20 16666666 17857141 0.402100
hs20 17857142 19047618 0.433688
hs20 19047619 20238094 0.806730
hs20 20238095 21428570 0.489837
hs20 21428571 22619046 0.047208
hs20 22619047 23809522 0.111543
hs20 23809523 24999999 0.247254
hs20 25000000 26190475 0.413248
hs20 26190476 27380951 0.000000
hs20 27380952 28571427 0.018589
hs20 28571428 29761903 0.151286
hs20 29761904 30952379 0.592713
hs20 30952380 32142856 0.548548
hs20 32142857 33333332 0.690076
hs20 33333333 34523808 0.728574
hs20 34523809 35714284 0.640703
hs20 35714285 36904760 0.612019
hs20 36904761 38095237 0.164141
hs20 38095238 39285713 0.154224
hs20 39285714 40476189 0.554692
hs20 40476190 41666665 0.713386
hs20 41666666 42857141 0.580028
hs20 42857142 44047618 0.534763
hs20 44047619 45238094 0.574384
hs20 45238095 46428570 0.380432
hs20 46428571 47619046 0.581305
hs20 47619047 48809522 0.405471
hs20 48809523 49999999 0.445169
hs20 50000000 51190475 0.231982
hs20 51190476 52380951 0.440063
hs20 52380952 53571427 0.147375
hs20 53571428 54761903 0.168036
hs20 54761904 55952379 0.227265
hs20 55952380 57142856 0.386030
hs20 57142857 58333332 0.409667
hs20 58333333 59523808 0.220799
hs20 59523809 60714284 0.668627
hs20 60714285 61904760 0.647158
hs20 61904761 63095237 0.261931
hs13 0 1190475 0.000000
hs13 1190476 2380951 0.000000
hs13 2380952 3571427 0.000000
hs13 3571428 4761903 0.000000
hs13 4761904 5952379 0.000000
hs13 5952380 7142856 0.000000
hs13 7142857 8333332 0.000000
hs13 8333333 9523808 0.000000
hs13 9523809 10714284 0.000000
hs13 10714285 11904760 0.000000
hs13 11904761 13095237 0.000000
hs13 13095238 14285713 0.000000
hs13 14285714 15476189 0.000000
hs13 15476190 16666665 0.000000
hs13 16666666 17857141 0.000000
hs13 17857142 19047618 0.267250
hs13 19047619 20238094 0.553038
hs13 20238095 21428570 0.406773
hs13 21428571 22619046 0.000000
hs13 22619047 23809522 0.573032
hs13 23809523 24999999 0.487654
hs13 25000000 26190475 0.664060
hs13 26190476 27380951 0.227154
hs13 27380952 28571427 0.494729
hs13 28571428 29761903 0.559731
hs13 29761904 30952379 0.292856
hs13 30952380 32142856 0.635462
hs13 32142857 33333332 0.321528
hs13 33333333 34523808 0.180389
hs13 34523809 35714284 1.272435
hs13 35714285 36904760 0.299504
hs13 36904761 38095237 0.237410
hs13 38095238 39285713 0.555614
hs13 39285714 40476189 0.425725
hs13 40476190 41666665 0.599638
hs13 41666666 42857141 0.422769
hs13 42857142 44047618 0.532494
hs13 44047619 45238094 0.419615
hs13 45238095 46428570 0.508470
hs13 46428571 47619046 0.073419
hs13 47619047 48809522 0.502113
hs13 48809523 49999999 0.500680
hs13 50000000 51190475 0.478154
hs13 51190476 52380951 0.528473
hs13 52380952 53571427 0.019503
hs13 53571428 54761903 0.000066
hs13 54761904 55952379 0.000000
hs13 55952380 57142856 0.096300
hs13 57142857 58333332 0.048896
hs13 58333333 59523808 0.324312
hs13 59523809 60714284 0.243377
hs13 60714285 61904760 0.004904
hs13 61904761 63095237 0.000000
hs13 63095238 64285713 0.004313
hs13 64285714 65476189 0.000000
hs13 65476190 66666665 0.749027
hs13 66666666 67857141 0.030075
hs13 67857142 69047618 0.191978
hs13 69047619 70238094 0.369972
hs13 70238095 71428570 0.360557
hs13 71428571 72619046 0.316005
hs13 72619047 73809522 0.376252
hs13 73809523 74999999 0.170287
hs13 75000000 76190475 0.256680
hs13 76190476 77380951 0.428933
hs13 77380952 78571427 0.291693
hs13 78571428 79761903 0.279439
hs13 79761904 80952379 0.004180
hs13 80952380 82142856 0.000000
hs13 82142857 83333332 0.000000
hs13 83333333 84523808 0.353087
hs13 84523809 85714284 0.005513
hs13 85714285 86904760 0.000000
hs13 86904761 88095237 0.005882
hs13 88095238 89285713 0.000000
hs13 89285714 90476189 0.030023
hs13 90476190 91666665 0.692971
hs13 91666666 92857141 0.697943
hs13 92857142 94047618 0.893280
hs13 94047619 95238094 0.533666
hs13 95238095 96428570 0.846526
hs13 96428571 97619046 0.260777
hs13 97619047 98809522 0.795842
hs13 98809523 99999999 0.702634
hs13 100000000 101190475 0.602113
hs13 101190476 102380951 0.750467
hs13 102380952 103571427 0.019194
hs13 103571428 104761903 0.000000
hs13 104761904 105952379 0.031461
hs13 105952380 107142856 0.488704
hs13 107142857 108333332 0.441501
hs13 108333333 109523808 0.300515
hs13 109523809 110714284 0.580867
hs13 110714285 111904760 0.058370
hs13 111904761 113095237 0.617309
hs13 113095238 114285713 0.468917
hs18 0 1190475 0.426161
hs18 1190476 2380951 0.076709
hs18 2380952 3571427 0.588638
hs18 3571428 4761903 0.253658
hs18 4761904 5952379 0.194473
hs18 5952380 7142856 0.596140
hs18 7142857 8333332 0.652619
hs18 8333333 9523808 0.437800
hs18 9523809 10714284 0.327552
hs18 10714285 11904760 0.543244
hs18 11904761 13095237 0.571104
hs18 13095238 14285713 0.542802
hs18 14285714 15476189 0.146648
hs18 15476190 16666665 0.000000
hs18 16666666 17857141 0.601124
hs18 17857142 19047618 0.175878
hs18 19047619 20238094 0.866965
hs18 20238095 21428570 0.282697
hs18 21428571 22619046 0.420502
hs18 22619047 23809522 0.318058
hs18 23809523 24999999 0.169614
hs18 25000000 26190475 0.000043
hs18 26190476 27380951 0.234471
hs18 27380952 28571427 0.489100
hs18 28571428 29761903 0.659038
hs18 29761904 30952379 0.701894
hs18 30952380 32142856 0.380682
hs18 32142857 33333332 0.971732
hs18 33333333 34523808 0.055999
hs18 34523809 35714284 0.457861
hs18 35714285 36904760 0.000000
hs18 36904761 38095237 0.139924
hs18 38095238 39285713 0.321071
hs18 39285714 40476189 0.000000
hs18 40476190 41666665 0.413409
hs18 41666666 42857141 0.784152
hs18 42857142 44047618 0.169426
hs18 44047619 45238094 0.645909
hs18 45238095 46428570 0.514376
hs18 46428571 47619046 0.237455
hs18 47619047 48809522 0.578747
hs18 48809523 49999999 0.480629
hs18 50000000 51190475 0.306421
hs18 51190476 52380951 0.181762
hs18 52380952 53571427 0.554105
hs18 53571428 54761903 0.600136
hs18 54761904 55952379 0.354217
hs18 55952380 57142856 0.001209
hs18 57142857 58333332 0.391623
hs18 58333333 59523808 0.551379
hs18 59523809 60714284 0.173010
hs18 60714285 61904760 0.109779
hs18 61904761 63095237 0.083913
hs18 63095238 64285713 0.008526
hs18 64285714 65476189 0.536167
hs18 65476190 66666665 0.443834
hs18 66666666 67857141 0.000000
hs18 67857142 69047618 0.107381
hs18 69047619 70238094 0.140266
hs18 70238095 71428570 0.545172
hs18 71428571 72619046 0.141689
hs18 72619047 73809522 0.269342
hs18 73809523 74999999 0.073530
hs18 75000000 76190475 0.607522
hs3 0 1190475 0.246369
hs3 1190476 2380951 0.414548
hs3 2380952 3571427 0.660699
hs3 3571428 4761903 0.353004
hs3 4761904 5952379 0.169470
hs3 5952380 7142856 0.222647
hs3 7142857 8333332 0.597123
hs3 8333333 9523808 0.667734
hs3 9523809 10714284 0.660323
hs3 10714285 11904760 0.676920
hs3 11904761 13095237 0.623794
hs3 13095238 14285713 0.495950
hs3 14285714 15476189 0.615852
hs3 15476190 16666665 0.554306
hs3 16666666 17857141 0.664637
hs3 17857142 19047618 0.076430
hs3 19047619 20238094 0.547879
hs3 20238095 21428570 0.000807
hs3 21428571 22619046 0.277474
hs3 22619047 23809522 0.325512
hs3 23809523 24999999 0.445484
hs3 25000000 26190475 0.261695
hs3 26190476 27380951 0.198927
hs3 27380952 28571427 0.280946
hs3 28571428 29761903 0.389842
hs3 29761904 30952379 0.437716
hs3 30952380 32142856 0.381192
hs3 32142857 33333332 0.604198
hs3 33333333 34523808 0.349222
hs3 34523809 35714284 0.046564
hs3 35714285 36904760 0.296591
hs3 36904761 38095237 0.815070
hs3 38095238 39285713 0.617766
hs3 39285714 40476189 0.497702
hs3 40476190 41666665 0.408836
hs3 41666666 42857141 0.620116
hs3 42857142 44047618 0.421277
hs3 44047619 45238094 0.514638
hs3 45238095 46428570 0.433943
hs3 46428571 47619046 0.639691
hs3 47619047 48809522 0.738121
hs3 48809523 49999999 0.813639
hs3 50000000 51190475 0.830676
hs3 51190476 52380951 0.638722
hs3 52380952 53571427 0.794103
hs3 53571428 54761903 0.805724
hs3 54761904 55952379 0.663825
hs3 55952380 57142856 0.893244
hs3 57142857 58333332 0.734451
hs3 58333333 59523808 0.382757
hs3 59523809 60714284 0.843536
hs3 60714285 61904760 0.739509
hs3 61904761 63095237 0.730190
hs3 63095238 64285713 0.582926
hs3 64285714 65476189 0.279956
hs3 65476190 66666665 0.892669
hs3 66666666 67857141 0.257930
hs3 67857142 69047618 0.609279
hs3 69047619 70238094 0.500131
hs3 70238095 71428570 0.286563
hs3 71428571 72619046 0.377642
hs3 72619047 73809522 0.419404
hs3 73809523 74999999 0.217243
hs3 75000000 76190475 0.054407
hs3 76190476 77380951 0.175534
hs3 77380952 78571427 0.334658
hs3 78571428 79761903 0.867575
hs3 79761904 80952379 0.115791
hs3 80952380 82142856 0.228566
hs3 82142857 83333332 0.000000
hs3 83333333 84523808 0.000000
hs3 84523809 85714284 0.523709
hs3 85714285 86904760 0.413266
hs3 86904761 88095237 0.082638
hs3 88095238 89285713 0.065831
hs3 89285714 90476189 0.275739
hs3 90476190 91666665 0.000000
hs3 91666666 92857141 0.000000
hs3 92857142 94047618 0.000000
hs3 94047619 95238094 0.144243
hs3 95238095 96428570 0.118317
hs3 96428571 97619046 0.000000
hs3 97619047 98809522 0.666464
hs3 98809523 99999999 0.351280
hs3 100000000 101190475 0.493784
hs3 101190476 102380951 0.803468
hs3 102380952 103571427 0.442378
hs3 103571428 104761903 0.037656
hs3 104761904 105952379 0.000000
hs3 105952380 107142856 0.353483
hs3 107142857 108333332 0.018481
hs3 108333333 109523808 0.584916
hs3 109523809 110714284 0.601615
hs3 110714285 111904760 0.000000
hs3 111904761 113095237 0.426647
hs3 113095238 114285713 0.516799
hs3 114285714 115476189 0.706071
hs3 115476190 116666665 0.693488
hs3 116666666 117857141 0.622743
hs3 117857142 119047618 0.006092
hs3 119047619 120238094 0.114179
hs3 120238095 121428570 0.776976
hs3 121428571 122619046 0.642480
hs3 122619047 123809522 0.763720
hs3 123809523 124999999 0.798912
hs3 125000000 126190475 0.821862
hs3 126190476 127380951 0.582735
hs3 127380952 128571427 0.462431
hs3 128571428 129761903 0.529906
hs3 129761904 130952379 0.540340
hs3 130952380 132142856 0.510964
hs3 132142857 133333332 0.809393
hs3 133333333 134523808 0.655906
hs3 134523809 135714284 0.519043
hs3 135714285 136904760 0.485999
hs3 136904761 138095237 0.665739
hs3 138095238 139285713 0.139852
hs3 139285714 140476189 0.504751
hs3 140476190 141666665 0.620679
hs3 141666666 142857141 0.482621
hs3 142857142 144047618 0.730903
hs3 144047619 145238094 0.597615
hs3 145238095 146428570 0.000000
hs3 146428571 147619046 0.126756
hs3 147619047 148809522 0.118092
hs3 148809523 149999999 0.037913
hs3 150000000 151190475 0.577981
hs3 151190476 152380951 0.366142
hs3 152380952 153571427 0.500774
hs3 153571428 154761903 0.102800
hs3 154761904 155952379 0.232973
hs3 155952380 157142856 0.391493
hs3 157142857 158333332 0.579979
hs3 158333333 159523808 0.457683
hs3 159523809 160714284 0.680978
hs3 160714285 161904760 0.548282
hs3 161904761 163095237 0.337210
hs3 163095238 164285713 0.000000
hs3 164285714 165476189 0.000000
hs3 165476190 166666665 0.092032
hs3 166666666 167857141 0.054233
hs3 167857142 169047618 0.409749
hs3 169047619 170238094 0.560216
hs3 170238095 171428570 0.752034
hs3 171428571 172619046 0.561220
hs3 172619047 173809522 0.547275
hs3 173809523 174999999 0.672433
hs3 175000000 176190475 0.516166
hs3 176190476 177380951 0.685143
hs3 177380952 178571427 0.148267
hs3 178571428 179761903 0.020989
hs3 179761904 180952379 0.608225
hs3 180952380 182142856 0.317665
hs3 182142857 183333332 0.146310
hs3 183333333 184523808 0.383344
hs3 184523809 185714284 0.596329
hs3 185714285 186904760 0.571639
hs3 186904761 188095237 0.480818
hs3 188095238 189285713 0.235028
hs3 189285714 190476189 0.707951
hs3 190476190 191666665 0.455000
hs3 191666666 192857141 0.272213
hs3 192857142 194047618 0.534261
hs3 194047619 195238094 0.390833
hs3 195238095 196428570 0.292816
hs3 196428571 197619046 0.549974
hs3 197619047 198809522 0.578216
hs3 198809523 199999999 0.352147
hs9 0 1190475 0.609391
hs9 1190476 2380951 0.149758
hs9 2380952 3571427 0.397288
hs9 3571428 4761903 0.591338
hs9 4761904 5952379 0.557677
hs9 5952380 7142856 0.595756
hs9 7142857 8333332 0.046358
hs9 8333333 9523808 1.000000
hs9 9523809 10714284 0.906289
hs9 10714285 11904760 0.000000
hs9 11904761 13095237 0.054542
hs9 13095238 14285713 0.301167
hs9 14285714 15476189 0.423233
hs9 15476190 16666665 0.597057
hs9 16666666 17857141 0.656184
hs9 17857142 19047618 0.460545
hs9 19047619 20238094 0.385673
hs9 20238095 21428570 0.552626
hs9 21428571 22619046 0.282993
hs9 22619047 23809522 0.108712
hs9 23809523 24999999 0.005494
hs9 25000000 26190475 0.002076
hs9 26190476 27380951 0.387288
hs9 27380952 28571427 0.673080
hs9 28571428 29761903 0.115948
hs9 29761904 30952379 0.000000
hs9 30952380 32142856 0.000000
hs9 32142857 33333332 0.445006
hs9 33333333 34523808 0.733365
hs9 34523809 35714284 0.543504
hs9 35714285 36904760 0.460279
hs9 36904761 38095237 0.721624
hs9 38095238 39285713 0.242038
hs9 39285714 40476189 0.047139
hs9 40476190 41666665 0.069895
hs9 41666666 42857141 0.143639
hs9 42857142 44047618 0.108788
hs9 44047619 45238094 0.052235
hs9 45238095 46428570 0.001054
hs9 46428571 47619046 0.051070
hs9 47619047 48809522 0.000000
hs9 48809523 49999999 0.000000
hs9 50000000 51190475 0.000000
hs9 51190476 52380951 0.000000
hs9 52380952 53571427 0.000000
hs9 53571428 54761903 0.000000
hs9 54761904 55952379 0.000000
hs9 55952380 57142856 0.000000
hs9 57142857 58333332 0.000000
hs9 58333333 59523808 0.000000
hs9 59523809 60714284 0.000000
hs9 60714285 61904760 0.000000
hs9 61904761 63095237 0.000000
hs9 63095238 64285713 0.000000
hs9 64285714 65476189 0.022449
hs9 65476190 66666665 0.009610
hs9 66666666 67857141 0.105095
hs9 67857142 69047618 0.161233
hs9 69047619 70238094 0.223684
hs9 70238095 71428570 0.733660
hs9 71428571 72619046 0.649425
hs9 72619047 73809522 0.422974
hs9 73809523 74999999 0.429545
hs9 75000000 76190475 0.000000
hs9 76190476 77380951 0.414077
hs9 77380952 78571427 0.450709
hs9 78571428 79761903 0.726507
hs9 79761904 80952379 0.115966
hs9 80952380 82142856 0.130015
hs9 82142857 83333332 0.000000
hs9 83333333 84523808 0.110158
hs9 84523809 85714284 0.497620
hs9 85714285 86904760 0.429841
hs9 86904761 88095237 0.370175
hs9 88095238 89285713 0.093722
hs9 89285714 90476189 0.331476
hs9 90476190 91666665 0.362515
hs9 91666666 92857141 0.109055
hs9 92857142 94047618 0.448452
hs9 94047619 95238094 0.793553
hs9 95238095 96428570 0.425245
hs9 96428571 97619046 0.569597
hs9 97619047 98809522 0.527994
hs9 98809523 99999999 0.560723
hs9 100000000 101190475 0.650658
hs9 101190476 102380951 0.516179
hs9 102380952 103571427 0.486929
hs9 103571428 104761903 0.000000
hs9 104761904 105952379 0.059086
hs9 105952380 107142856 0.232510
hs9 107142857 108333332 0.265421
hs9 108333333 109523808 0.169902
hs9 109523809 110714284 0.039904
hs9 110714285 111904760 1.002042
hs9 111904761 113095237 0.593188
hs9 113095238 114285713 0.649741
hs9 114285714 115476189 0.641749
hs9 115476190 116666665 0.499330
hs9 116666666 117857141 0.355315
hs9 117857142 119047618 0.909689
hs9 119047619 120238094 0.153574
hs9 120238095 121428570 0.170380
hs9 121428571 122619046 0.291906
hs9 122619047 123809522 1.026926
hs9 123809523 124999999 0.523012
hs9 125000000 126190475 0.672706
hs9 126190476 127380951 0.818697
hs9 127380952 128571427 0.516772
hs9 128571428 129761903 0.809775
hs9 129761904 130952379 0.741797
hs9 130952380 132142856 0.405386
hs9 132142857 133333332 0.548368
hs9 133333333 134523808 0.740941
hs9 134523809 135714284 0.660825
hs9 135714285 136904760 0.435122
hs9 136904761 138095237 0.325668
hs9 138095238 139285713 0.561911
hs9 139285714 140476189 0.683269
hs15 0 1190475 0.000000
hs15 1190476 2380951 0.000000
hs15 2380952 3571427 0.000000
hs15 3571428 4761903 0.000000
hs15 4761904 5952379 0.000000
hs15 5952380 7142856 0.000000
hs15 7142857 8333332 0.000000
hs15 8333333 9523808 0.000000
hs15 9523809 10714284 0.000000
hs15 10714285 11904760 0.000000
hs15 11904761 13095237 0.000000
hs15 13095238 14285713 0.000000
hs15 14285714 15476189 0.000000
hs15 15476190 16666665 0.000000
hs15 16666666 17857141 0.000000
hs15 17857142 19047618 0.019636
hs15 19047619 20238094 0.199455
hs15 20238095 21428570 0.326029
hs15 21428571 22619046 0.041160
hs15 22619047 23809522 0.432554
hs15 23809523 24999999 0.457973
hs15 25000000 26190475 0.803965
hs15 26190476 27380951 0.422332
hs15 27380952 28571427 0.442609
hs15 28571428 29761903 0.406615
hs15 29761904 30952379 0.335146
hs15 30952380 32142856 0.854683
hs15 32142857 33333332 0.400278
hs15 33333333 34523808 0.147198
hs15 34523809 35714284 0.405223
hs15 35714285 36904760 0.194421
hs15 36904761 38095237 0.340308
hs15 38095238 39285713 0.570405
hs15 39285714 40476189 0.791231
hs15 40476190 41666665 0.852079
hs15 41666666 42857141 0.751267
hs15 42857142 44047618 0.345175
hs15 44047619 45238094 0.380748
hs15 45238095 46428570 0.199841
hs15 46428571 47619046 0.831190
hs15 47619047 48809522 0.678496
hs15 48809523 49999999 0.647979
hs15 50000000 51190475 0.530572
hs15 51190476 52380951 0.448966
hs15 52380952 53571427 0.498291
hs15 53571428 54761903 0.570447
hs15 54761904 55952379 0.648064
hs15 55952380 57142856 0.562155
hs15 57142857 58333332 0.363943
hs15 58333333 59523808 0.715171
hs15 59523809 60714284 0.179548
hs15 60714285 61904760 0.618099
hs15 61904761 63095237 0.728856
hs15 63095238 64285713 0.747714
hs15 64285714 65476189 0.581792
hs15 65476190 66666665 0.594532
hs15 66666666 67857141 0.513184
hs15 67857142 69047618 0.231647
hs15 69047619 70238094 0.886659
hs15 70238095 71428570 0.574131
hs15 71428571 72619046 0.488184
hs15 72619047 73809522 0.558516
hs15 73809523 74999999 0.797274
hs15 75000000 76190475 0.390311
hs15 76190476 77380951 0.478998
hs15 77380952 78571427 0.286147
hs15 78571428 79761903 0.453353
hs15 79761904 80952379 0.438179
hs15 80952380 82142856 0.641310
hs15 82142857 83333332 0.606865
hs15 83333333 84523808 0.497314
hs15 84523809 85714284 0.713562
hs15 85714285 86904760 0.365713
hs15 86904761 88095237 0.480541
hs15 88095238 89285713 0.569181
hs15 89285714 90476189 0.464580
hs15 90476190 91666665 0.303273
hs15 91666666 92857141 0.156032
hs15 92857142 94047618 0.062793
hs15 94047619 95238094 0.013903
hs15 95238095 96428570 0.121760
hs15 96428571 97619046 0.491792
hs15 97619047 98809522 0.610231
hs15 98809523 99999999 0.542353
hs15 100000000 101190475 0.087495
hs5 0 1190475 0.536797
hs5 1190476 2380951 0.259482
hs5 2380952 3571427 0.007342
hs5 3571428 4761903 0.004495
hs5 4761904 5952379 0.237840
hs5 5952380 7142856 0.164793
hs5 7142857 8333332 0.416197
hs5 8333333 9523808 0.365964
hs5 9523809 10714284 0.510663
hs5 10714285 11904760 0.807960
hs5 11904761 13095237 0.237450
hs5 13095238 14285713 0.288154
hs5 14285714 15476189 0.431073
hs5 15476190 16666665 0.593720
hs5 16666666 17857141 0.356509
hs5 17857142 19047618 0.000000
hs5 19047619 20238094 0.432766
hs5 20238095 21428570 0.000000
hs5 21428571 22619046 0.816588
hs5 22619047 23809522 0.244798
hs5 23809523 24999999 0.132471
hs5 25000000 26190475 0.000000
hs5 26190476 27380951 0.132705
hs5 27380952 28571427 0.000000
hs5 28571428 29761903 0.000000
hs5 29761904 30952379 0.000000
hs5 30952380 32142856 0.498951
hs5 32142857 33333332 0.274668
hs5 33333333 34523808 0.404224
hs5 34523809 35714284 0.480405
hs5 35714285 36904760 0.449875
hs5 36904761 38095237 0.679490
hs5 38095238 39285713 0.561179
hs5 39285714 40476189 0.112422
hs5 40476190 41666665 0.491265
hs5 41666666 42857141 0.445016
hs5 42857142 44047618 0.339576
hs5 44047619 45238094 0.075835
hs5 45238095 46428570 0.366971
hs5 46428571 47619046 0.000000
hs5 47619047 48809522 0.000000
hs5 48809523 49999999 0.040080
hs5 50000000 51190475 0.159365
hs5 51190476 52380951 0.201660
hs5 52380952 53571427 0.453847
hs5 53571428 54761903 0.311157
hs5 54761904 55952379 0.444737
hs5 55952380 57142856 0.187663
hs5 57142857 58333332 0.262199
hs5 58333333 59523808 1.000000
hs5 59523809 60714284 0.744170
hs5 60714285 61904760 0.410116
hs5 61904761 63095237 0.050484
hs5 63095238 64285713 0.485164
hs5 64285714 65476189 0.724385
hs5 65476190 66666665 0.524197
hs5 66666666 67857141 0.063159
hs5 67857142 69047618 0.734433
hs5 69047619 70238094 1.097049
hs5 70238095 71428570 0.446098
hs5 71428571 72619046 0.463408
hs5 72619047 73809522 0.298066
hs5 73809523 74999999 0.521511
hs5 75000000 76190475 0.540965
hs5 76190476 77380951 0.508177
hs5 77380952 78571427 0.718305
hs5 78571428 79761903 0.542779
hs5 79761904 80952379 0.792644
hs5 80952380 82142856 0.362795
hs5 82142857 83333332 0.465333
hs5 83333333 84523808 0.321749
hs5 84523809 85714284 0.012686
hs5 85714285 86904760 0.121918
hs5 86904761 88095237 0.221071
hs5 88095238 89285713 0.117926
hs5 89285714 90476189 0.564572
hs5 90476190 91666665 0.062646
hs5 91666666 92857141 0.072510
hs5 92857142 94047618 0.946700
hs5 94047619 95238094 0.760926
hs5 95238095 96428570 0.350582
hs5 96428571 97619046 0.061642
hs5 97619047 98809522 0.082766
hs5 98809523 99999999 0.050457
hs5 100000000 101190475 0.080933
hs5 101190476 102380951 0.286574
hs5 102380952 103571427 0.130540
hs5 103571428 104761903 0.000525
hs5 104761904 105952379 0.000000
hs5 105952380 107142856 0.246967
hs5 107142857 108333332 0.625777
hs5 108333333 109523808 0.545751
hs5 109523809 110714284 0.421645
hs5 110714285 111904760 0.551318
hs5 111904761 113095237 0.660516
hs5 113095238 114285713 0.112714
hs5 114285714 115476189 0.366390
hs5 115476190 116666665 0.262072
hs5 116666666 117857141 0.000000
hs5 117857142 119047618 0.463201
hs5 119047619 120238094 0.187275
hs5 120238095 121428570 0.058211
hs5 121428571 122619046 0.437190
hs5 122619047 123809522 0.154040
hs5 123809523 124999999 0.090885
hs5 125000000 126190475 0.222589
hs5 126190476 127380951 0.354178
hs5 127380952 128571427 0.449371
hs5 128571428 129761903 0.470468
hs5 129761904 130952379 0.282399
hs5 130952380 132142856 0.531404
hs5 132142857 133333332 0.520425
hs5 133333333 134523808 0.520755
hs5 134523809 135714284 0.331068
hs5 135714285 136904760 0.452602
hs5 136904761 138095237 0.535686
hs5 138095238 139285713 0.699792
hs5 139285714 140476189 2.609515
hs5 140476190 141666665 2.483568
hs5 141666666 142857141 0.618573
hs5 142857142 144047618 0.275202
hs5 144047619 145238094 0.075227
hs5 145238095 146428570 0.712675
hs5 146428571 147619046 0.446946
hs5 147619047 148809522 0.513334
hs5 148809523 149999999 0.650558
hs5 150000000 151190475 0.483872
hs5 151190476 152380951 0.090598
hs5 152380952 153571427 0.344416
hs5 153571428 154761903 0.391682
hs5 154761904 155952379 0.223470
hs5 155952380 157142856 0.555076
hs5 157142857 158333332 0.294593
hs5 158333333 159523808 0.404169
hs5 159523809 160714284 0.444159
hs5 160714285 161904760 0.294869
hs5 161904761 163095237 0.051693
hs5 163095238 164285713 0.000000
hs5 164285714 165476189 0.000000
hs5 165476190 166666665 0.018687
hs5 166666666 167857141 0.964673
hs5 167857142 169047618 0.633451
hs5 169047619 170238094 0.860103
hs5 170238095 171428570 0.552114
hs5 171428571 172619046 0.561149
hs5 172619047 173809522 0.153013
hs5 173809523 174999999 0.050340
hs5 175000000 176190475 0.432803
hs5 176190476 177380951 0.603596
hs5 177380952 178571427 0.617292
hs5 178571428 179761903 0.615491
hs5 179761904 180952379 0.266972
hsY 0 1190475 0.096703
hsY 1190476 2380951 0.455192
hsY 2380952 3571427 0.216786
hsY 3571428 4761903 0.000000
hsY 4761904 5952379 0.623279
hsY 5952380 7142856 0.260660
hsY 7142857 8333332 0.096791
hsY 8333333 9523808 0.278131
hsY 9523809 10714284 0.515969
hsY 10714285 11904760 0.000000
hsY 11904761 13095237 0.012999
hsY 13095238 14285713 0.368028
hsY 14285714 15476189 0.274494
hsY 15476190 16666665 0.000000
hsY 16666666 17857141 0.000000
hsY 17857142 19047618 0.079356
hsY 19047619 20238094 0.359172
hsY 20238095 21428570 0.113806
hsY 21428571 22619046 0.184299
hsY 22619047 23809522 0.483738
hsY 23809523 24999999 0.121620
hsY 25000000 26190475 0.451142
hsY 26190476 27380951 0.008232
hsY 27380952 28571427 0.000000
hsY 28571428 29761903 0.000000
hsY 29761904 30952379 0.000000
hsY 30952380 32142856 0.000000
hsY 32142857 33333332 0.000000
hsY 33333333 34523808 0.000000
hsY 34523809 35714284 0.000000
hsY 35714285 36904760 0.000000
hsY 36904761 38095237 0.000000
hsY 38095238 39285713 0.000000
hsY 39285714 40476189 0.000000
hsY 40476190 41666665 0.000000
hsY 41666666 42857141 0.000000
hsY 42857142 44047618 0.000000
hsY 44047619 45238094 0.000000
hsY 45238095 46428570 0.000000
hsY 46428571 47619046 0.000000
hsY 47619047 48809522 0.000000
hsY 48809523 49999999 0.000000
hsY 50000000 51190475 0.000000
hsY 51190476 52380951 0.000000
hsY 52380952 53571427 0.000000
hsY 53571428 54761903 0.000000
hsY 54761904 55952379 0.000000
hsY 55952380 57142856 0.000000
hsY 57142857 58333332 0.075933
hs1 0 1190475 0.236337
hs1 1190476 2380951 0.780079
hs1 2380952 3571427 0.564732
hs1 3571428 4761903 0.302319
hs1 4761904 5952379 0.089816
hs1 5952380 7142856 0.845560
hs1 7142857 8333332 0.642669
hs1 8333333 9523808 0.610242
hs1 9523809 10714284 0.844691
hs1 10714285 11904760 0.468697
hs1 11904761 13095237 0.553122
hs1 13095238 14285713 0.245003
hs1 14285714 15476189 0.552523
hs1 15476190 16666665 0.702822
hs1 16666666 17857141 0.516939
hs1 17857142 19047618 0.431899
hs1 19047619 20238094 0.569265
hs1 20238095 21428570 0.578913
hs1 21428571 22619046 0.530251
hs1 22619047 23809522 0.559167
hs1 23809523 24999999 0.498576
hs1 25000000 26190475 0.546947
hs1 26190476 27380951 0.480430
hs1 27380952 28571427 0.602351
hs1 28571428 29761903 0.662488
hs1 29761904 30952379 0.000000
hs1 30952380 32142856 0.473077
hs1 32142857 33333332 0.605049
hs1 33333333 34523808 0.747655
hs1 34523809 35714284 0.295788
hs1 35714285 36904760 0.556242
hs1 36904761 38095237 0.410240
hs1 38095238 39285713 0.221244
hs1 39285714 40476189 0.672760
hs1 40476190 41666665 0.507185
hs1 41666666 42857141 0.617508
hs1 42857142 44047618 0.507791
hs1 44047619 45238094 0.746537
hs1 45238095 46428570 0.769258
hs1 46428571 47619046 0.507536
hs1 47619047 48809522 0.275370
hs1 48809523 49999999 1.041168
hs1 50000000 51190475 0.783670
hs1 51190476 52380951 0.616074
hs1 52380952 53571427 0.787314
hs1 53571428 54761903 0.612725
hs1 54761904 55952379 0.414268
hs1 55952380 57142856 0.256676
hs1 57142857 58333332 0.963984
hs1 58333333 59523808 0.236839
hs1 59523809 60714284 0.541048
hs1 60714285 61904760 0.323833
hs1 61904761 63095237 0.753073
hs1 63095238 64285713 0.465559
hs1 64285714 65476189 0.584496
hs1 65476190 66666665 0.811076
hs1 66666666 67857141 0.599642
hs1 67857142 69047618 0.267348
hs1 69047619 70238094 0.202143
hs1 70238095 71428570 0.488400
hs1 71428571 72619046 0.738909
hs1 72619047 73809522 0.000000
hs1 73809523 74999999 0.579312
hs1 75000000 76190475 0.525265
hs1 76190476 77380951 0.677488
hs1 77380952 78571427 0.780771
hs1 78571428 79761903 0.204159
hs1 79761904 80952379 0.000000
hs1 80952380 82142856 0.087518
hs1 82142857 83333332 0.073785
hs1 83333333 84523808 0.243781
hs1 84523809 85714284 0.620301
hs1 85714285 86904760 0.638392
hs1 86904761 88095237 0.294699
hs1 88095238 89285713 0.233423
hs1 89285714 90476189 0.385652
hs1 90476190 91666665 0.215156
hs1 91666666 92857141 0.600970
hs1 92857142 94047618 0.617630
hs1 94047619 95238094 0.390100
hs1 95238095 96428570 0.139726
hs1 96428571 97619046 0.333132
hs1 97619047 98809522 0.453818
hs1 98809523 99999999 0.302888
hs1 100000000 101190475 0.530824
hs1 101190476 102380951 0.241734
hs1 102380952 103571427 0.194906
hs1 103571428 104761903 0.145905
hs1 104761904 105952379 0.291220
hs1 105952380 107142856 0.000000
hs1 107142857 108333332 0.620134
hs1 108333333 109523808 0.498508
hs1 109523809 110714284 0.466040
hs1 110714285 111904760 0.302131
hs1 111904761 113095237 0.560834
hs1 113095238 114285713 0.507963
hs1 114285714 115476189 0.500221
hs1 115476190 116666665 0.251321
hs1 116666666 117857141 0.506829
hs1 117857142 119047618 0.305380
hs1 119047619 120238094 0.308634
hs1 120238095 121428570 0.208275
hs1 121428571 122619046 0.000000
hs1 122619047 123809522 0.000000
hs1 123809523 124999999 0.000000
hs1 125000000 126190475 0.000000
hs1 126190476 127380951 0.000000
hs1 127380952 128571427 0.000000
hs1 128571428 129761903 0.000000
hs1 129761904 130952379 0.000000
hs1 130952380 132142856 0.000000
hs1 132142857 133333332 0.000000
hs1 133333333 134523808 0.000000
hs1 134523809 135714284 0.000000
hs1 135714285 136904760 0.000000
hs1 136904761 138095237 0.000000
hs1 138095238 139285713 0.000000
hs1 139285714 140476189 0.000000
hs1 140476190 141666665 0.000000
hs1 141666666 142857141 0.067043
hs1 142857142 144047618 0.592691
hs1 144047619 145238094 0.531160
hs1 145238095 146428570 0.318612
hs1 146428571 147619046 0.116127
hs1 147619047 148809522 0.439379
hs1 148809523 149999999 0.667477
hs1 150000000 151190475 0.195118
hs1 151190476 152380951 0.439856
hs1 152380952 153571427 0.667939
hs1 153571428 154761903 0.705092
hs1 154761904 155952379 0.430313
hs1 155952380 157142856 0.252490
hs1 157142857 158333332 0.272976
hs1 158333333 159523808 0.587513
hs1 159523809 160714284 0.598477
hs1 160714285 161904760 0.301020
hs1 161904761 163095237 0.245486
hs1 163095238 164285713 0.428252
hs1 164285714 165476189 0.280561
hs1 165476190 166666665 0.682484
hs1 166666666 167857141 0.420011
hs1 167857142 169047618 0.359144
hs1 169047619 170238094 0.520322
hs1 170238095 171428570 0.476069
hs1 171428571 172619046 0.540246
hs1 172619047 173809522 0.811180
hs1 173809523 174999999 0.616118
hs1 175000000 176190475 0.435994
hs1 176190476 177380951 0.627468
hs1 177380952 178571427 0.758239
hs1 178571428 179761903 0.482741
hs1 179761904 180952379 0.379231
hs1 180952380 182142856 0.752563
hs1 182142857 183333332 0.577895
hs1 183333333 184523808 0.551039
hs1 184523809 185714284 0.264332
hs1 185714285 186904760 0.000000
hs1 186904761 188095237 0.000000
hs1 188095238 189285713 0.319170
hs1 189285714 190476189 0.022978
hs1 190476190 191666665 0.259047
hs1 191666666 192857141 0.000000
hs1 192857142 194047618 0.000000
hs1 194047619 195238094 0.487817
hs1 195238095 196428570 0.569881
hs1 196428571 197619046 0.223402
hs1 197619047 198809522 0.148508
hs1 198809523 199999999 0.548963
hs1 200000000 201190475 0.773916
hs1 201190476 202380951 0.389880
hs1 202380952 203571427 0.645818
hs1 203571428 204761903 0.450841
hs1 204761904 205952379 0.546034
hs1 205952380 207142856 0.257046
hs1 207142857 208333332 0.296493
hs1 208333333 209523808 0.766213
hs1 209523809 210714284 0.466028
hs1 210714285 211904760 0.425478
hs1 211904761 213095237 0.309278
hs1 213095238 214285713 0.753293
hs1 214285714 215476189 0.850214
hs1 215476190 216666665 0.478564
hs1 216666666 217857141 0.047825
hs1 217857142 219047618 0.425802
hs1 219047619 220238094 0.049956
hs1 220238095 221428570 0.249426
hs1 221428571 222619046 0.498490
hs1 222619047 223809522 0.629856
hs1 223809523 224999999 0.474370
hs1 225000000 226190475 0.505486
hs1 226190476 227380951 0.289934
hs1 227380952 228571427 0.418276
hs1 228571428 229761903 0.447123
hs1 229761904 230952379 0.860672
hs1 230952380 232142856 0.416921
hs1 232142857 233333332 0.409452
hs1 233333333 234523808 0.754055
hs1 234523809 235714284 0.675411
hs1 235714285 236904760 0.360890
hs1 236904761 238095237 0.198444
hs1 238095238 239285713 0.697431
hs1 239285714 240476189 0.666638
hs1 240476190 241666665 0.533877
hs1 241666666 242857141 0.563233
hs1 242857142 244047618 0.731840
hs1 244047619 245238094 0.822010
hs1 245238095 246428570 0.312879
hs1 246428571 247619046 0.057417
hs19 0 1190475 0.554064
hs19 1190476 2380951 0.627851
hs19 2380952 3571427 0.679824
hs19 3571428 4761903 0.670269
hs19 4761904 5952379 0.623621
hs19 5952380 7142856 0.615759
hs19 7142857 8333332 0.542958
hs19 8333333 9523808 0.446996
hs19 9523809 10714284 0.605993
hs19 10714285 11904760 0.669855
hs19 11904761 13095237 0.578478
hs19 13095238 14285713 0.553300
hs19 14285714 15476189 0.485562
hs19 15476190 16666665 0.515197
hs19 16666666 17857141 0.754362
hs19 17857142 19047618 0.684688
hs19 19047619 20238094 0.670066
hs19 20238095 21428570 0.297982
hs19 21428571 22619046 0.212369
hs19 22619047 23809522 0.162903
hs19 23809523 24999999 0.036906
hs19 25000000 26190475 0.000000
hs19 26190476 27380951 0.000000
hs19 27380952 28571427 0.000000
hs19 28571428 29761903 0.000000
hs19 29761904 30952379 0.000000
hs19 30952380 32142856 0.000000
hs19 32142857 33333332 0.002896
hs19 33333333 34523808 0.008390
hs19 34523809 35714284 0.268866
hs19 35714285 36904760 0.085168
hs19 36904761 38095237 0.315132
hs19 38095238 39285713 0.499301
hs19 39285714 40476189 0.449781
hs19 40476190 41666665 0.483153
hs19 41666666 42857141 0.579375
hs19 42857142 44047618 0.760448
hs19 44047619 45238094 0.448942
hs19 45238095 46428570 0.537406
hs19 46428571 47619046 0.543729
hs19 47619047 48809522 0.324864
hs19 48809523 49999999 0.501471
hs19 50000000 51190475 0.636534
hs19 51190476 52380951 0.430173
hs19 52380952 53571427 0.625668
hs19 53571428 54761903 0.708799
hs19 54761904 55952379 0.693830
hs19 55952380 57142856 0.400557
hs19 57142857 58333332 0.609759
hs19 58333333 59523808 0.486134
hs19 59523809 60714284 0.615166
hs19 60714285 61904760 0.504929
hs19 61904761 63095237 0.400851
hs19 63095238 64285713 0.339452
hs2 0 1190475 0.284978
hs2 1190476 2380951 0.799558
hs2 2380952 3571427 0.261519
hs2 3571428 4761903 0.094025
hs2 4761904 5952379 0.007325
hs2 5952380 7142856 0.183652
hs2 7142857 8333332 0.045687
hs2 8333333 9523808 0.434838
hs2 9523809 10714284 0.511331
hs2 10714285 11904760 0.463599
hs2 11904761 13095237 0.021724
hs2 13095238 14285713 0.000000
hs2 14285714 15476189 0.217615
hs2 15476190 16666665 0.220838
hs2 16666666 17857141 0.242801
hs2 17857142 19047618 0.073534
hs2 19047619 20238094 0.111082
hs2 20238095 21428570 0.272568
hs2 21428571 22619046 0.000000
hs2 22619047 23809522 0.271475
hs2 23809523 24999999 0.710139
hs2 25000000 26190475 0.701047
hs2 26190476 27380951 0.716599
hs2 27380952 28571427 0.749469
hs2 28571428 29761903 0.804321
hs2 29761904 30952379 0.470260
hs2 30952380 32142856 0.506751
hs2 32142857 33333332 0.934421
hs2 33333333 34523808 0.244370
hs2 34523809 35714284 0.000000
hs2 35714285 36904760 0.301493
hs2 36904761 38095237 0.475016
hs2 38095238 39285713 0.522599
hs2 39285714 40476189 0.496731
hs2 40476190 41666665 0.098188
hs2 41666666 42857141 0.326222
hs2 42857142 44047618 0.589354
hs2 44047619 45238094 0.506924
hs2 45238095 46428570 0.679753
hs2 46428571 47619046 0.511251
hs2 47619047 48809522 0.483718
hs2 48809523 49999999 0.188458
hs2 50000000 51190475 0.935070
hs2 51190476 52380951 0.000000
hs2 52380952 53571427 0.000000
hs2 53571428 54761903 0.755866
hs2 54761904 55952379 0.601941
hs2 55952380 57142856 0.213707
hs2 57142857 58333332 0.164192
hs2 58333333 59523808 0.000000
hs2 59523809 60714284 0.085960
hs2 60714285 61904760 0.539316
hs2 61904761 63095237 0.550903
hs2 63095238 64285713 0.636939
hs2 64285714 65476189 0.282186
hs2 65476190 66666665 0.146439
hs2 66666666 67857141 0.010998
hs2 67857142 69047618 0.370588
hs2 69047619 70238094 0.608035
hs2 70238095 71428570 0.465246
hs2 71428571 72619046 0.586289
hs2 72619047 73809522 0.680642
hs2 73809523 74999999 0.594152
hs2 75000000 76190475 0.256414
hs2 76190476 77380951 0.464173
hs2 77380952 78571427 0.186631
hs2 78571428 79761903 0.153539
hs2 79761904 80952379 0.814867
hs2 80952380 82142856 0.000000
hs2 82142857 83333332 0.000813
hs2 83333333 84523808 0.017784
hs2 84523809 85714284 0.659929
hs2 85714285 86904760 0.546731
hs2 86904761 88095237 0.578613
hs2 88095238 89285713 0.231418
hs2 89285714 90476189 0.000000
hs2 90476190 91666665 0.026369
hs2 91666666 92857141 0.000000
hs2 92857142 94047618 0.000000
hs2 94047619 95238094 0.164049
hs2 95238095 96428570 0.252375
hs2 96428571 97619046 0.510802
hs2 97619047 98809522 0.726115
hs2 98809523 99999999 0.825511
hs2 100000000 101190475 0.475079
hs2 101190476 102380951 0.465934
hs2 102380952 103571427 0.220172
hs2 103571428 104761903 0.065865
hs2 104761904 105952379 0.304844
hs2 105952380 107142856 0.224946
hs2 107142857 108333332 0.113874
hs2 108333333 109523808 0.698284
hs2 109523809 110714284 0.622327
hs2 110714285 111904760 0.661920
hs2 111904761 113095237 0.574103
hs2 113095238 114285713 0.352146
hs2 114285714 115476189 0.527901
hs2 115476190 116666665 0.707788
hs2 116666666 117857141 0.000000
hs2 117857142 119047618 0.115753
hs2 119047619 120238094 0.322320
hs2 120238095 121428570 0.494282
hs2 121428571 122619046 0.370327
hs2 122619047 123809522 0.000000
hs2 123809523 124999999 0.420560
hs2 125000000 126190475 0.327041
hs2 126190476 127380951 0.034074
hs2 127380952 128571427 0.506074
hs2 128571428 129761903 0.127184
hs2 129761904 130952379 0.147176
hs2 130952380 132142856 0.351249
hs2 132142857 133333332 0.509342
hs2 133333333 134523808 0.595702
hs2 134523809 135714284 0.658047
hs2 135714285 136904760 0.585657
hs2 136904761 138095237 0.529458
hs2 138095238 139285713 0.244598
hs2 139285714 140476189 0.001556
hs2 140476190 141666665 0.807409
hs2 141666666 142857141 0.788823
hs2 142857142 144047618 0.511512
hs2 144047619 145238094 0.602527
hs2 145238095 146428570 0.110982
hs2 146428571 147619046 0.003305
hs2 147619047 148809522 0.409672
hs2 148809523 149999999 0.709202
hs2 150000000 151190475 0.063874
hs2 151190476 152380951 0.325424
hs2 152380952 153571427 0.639761
hs2 153571428 154761903 0.274432
hs2 154761904 155952379 0.348394
hs2 155952380 157142856 0.126833
hs2 157142857 158333332 0.197087
hs2 158333333 159523808 0.654188
hs2 159523809 160714284 0.813579
hs2 160714285 161904760 0.338652
hs2 161904761 163095237 0.701718
hs2 163095238 164285713 0.354144
hs2 164285714 165476189 0.263782
hs2 165476190 166666665 0.625113
hs2 166666666 167857141 0.519980
hs2 167857142 169047618 0.312734
hs2 169047619 170238094 0.792428
hs2 170238095 171428570 0.750052
hs2 171428571 172619046 0.646723
hs2 172619047 173809522 0.550266
hs2 173809523 174999999 0.304383
hs2 175000000 176190475 0.422710
hs2 176190476 177380951 0.148234
hs2 177380952 178571427 0.578671
hs2 178571428 179761903 0.932371
hs2 179761904 180952379 0.468271
hs2 180952380 182142856 0.165565
hs2 182142857 183333332 0.576786
hs2 183333333 184523808 0.188201
hs2 184523809 185714284 0.286543
hs2 185714285 186904760 0.079517
hs2 186904761 188095237 0.309683
hs2 188095238 189285713 0.281895
hs2 189285714 190476189 0.421174
hs2 190476190 191666665 0.483326
hs2 191666666 192857141 0.424908
hs2 192857142 194047618 0.022727
hs2 194047619 195238094 0.000000
hs2 195238095 196428570 0.166989
hs2 196428571 197619046 0.775638
hs2 197619047 198809522 0.658242
hs2 198809523 199999999 0.132327
hs2 200000000 201190475 0.326337
hs2 201190476 202380951 0.834875
hs2 202380952 203571427 0.579772
hs2 203571428 204761903 0.452167
hs2 204761904 205952379 0.700241
hs2 205952380 207142856 0.582989
hs2 207142857 208333332 0.362615
hs2 208333333 209523808 0.374578
hs2 209523809 210714284 0.568614
hs2 210714285 211904760 0.287112
hs2 211904761 213095237 0.963187
hs2 213095238 214285713 0.501176
hs2 214285714 215476189 0.792209
hs2 215476190 216666665 0.375157
hs2 216666666 217857141 0.292982
hs2 217857142 219047618 0.743035
hs2 219047619 220238094 0.648976
hs2 220238095 221428570 0.000000
hs2 221428571 222619046 0.129583
hs2 222619047 223809522 0.377336
hs2 223809523 224999999 0.214713
hs2 225000000 226190475 0.511895
hs2 226190476 227380951 0.087342
hs2 227380952 228571427 0.623992
hs2 228571428 229761903 0.292446
hs2 229761904 230952379 0.768806
hs2 230952380 232142856 0.525547
hs2 232142857 233333332 0.547741
hs2 233333333 234523808 1.245951
hs2 234523809 235714284 0.170747
hs2 235714285 236904760 0.596767
hs2 236904761 238095237 0.274607
hs2 238095238 239285713 0.551526
hs2 239285714 240476189 0.298124
hs2 240476190 241666665 0.392721
hs2 241666666 242857141 0.617903
hs8 0 1190475 0.188024
hs8 1190476 2380951 0.418296
hs8 2380952 3571427 0.664563
hs8 3571428 4761903 1.000000
hs8 4761904 5952379 0.065380
hs8 5952380 7142856 0.368107
hs8 7142857 8333332 0.315112
hs8 8333333 9523808 0.192389
hs8 9523809 10714284 0.573035
hs8 10714285 11904760 0.610320
hs8 11904761 13095237 0.362185
hs8 13095238 14285713 0.518263
hs8 14285714 15476189 0.746436
hs8 15476190 16666665 0.231077
hs8 16666666 17857141 0.602056
hs8 17857142 19047618 0.548321
hs8 19047619 20238094 0.416711
hs8 20238095 21428570 0.000000
hs8 21428571 22619046 0.614051
hs8 22619047 23809522 0.501890
hs8 23809523 24999999 0.135733
hs8 25000000 26190475 0.432105
hs8 26190476 27380951 0.438747
hs8 27380952 28571427 0.592806
hs8 28571428 29761903 0.482281
hs8 29761904 30952379 0.435730
hs8 30952380 32142856 0.591747
hs8 32142857 33333332 0.503365
hs8 33333333 34523808 0.135111
hs8 34523809 35714284 0.421486
hs8 35714285 36904760 0.169008
hs8 36904761 38095237 0.164916
hs8 38095238 39285713 0.693673
hs8 39285714 40476189 0.418209
hs8 40476190 41666665 0.449992
hs8 41666666 42857141 0.606763
hs8 42857142 44047618 0.285445
hs8 44047619 45238094 0.000000
hs8 45238095 46428570 0.000000
hs8 46428571 47619046 0.000000
hs8 47619047 48809522 0.410197
hs8 48809523 49999999 0.238575
hs8 50000000 51190475 0.173937
hs8 51190476 52380951 0.569104
hs8 52380952 53571427 0.731233
hs8 53571428 54761903 0.126288
hs8 54761904 55952379 0.317347
hs8 55952380 57142856 0.544453
hs8 57142857 58333332 0.106804
hs8 58333333 59523808 0.166141
hs8 59523809 60714284 0.363397
hs8 60714285 61904760 0.291878
hs8 61904761 63095237 0.390621
hs8 63095238 64285713 0.707064
hs8 64285714 65476189 0.001928
hs8 65476190 66666665 0.175687
hs8 66666666 67857141 0.485185
hs8 67857142 69047618 0.686215
hs8 69047619 70238094 0.537553
hs8 70238095 71428570 0.519383
hs8 71428571 72619046 0.292800
hs8 72619047 73809522 0.392973
hs8 73809523 74999999 0.604881
hs8 75000000 76190475 0.213287
hs8 76190476 77380951 0.022562
hs8 77380952 78571427 0.234521
hs8 78571428 79761903 0.090904
hs8 79761904 80952379 0.137008
hs8 80952380 82142856 0.521485
hs8 82142857 83333332 0.159634
hs8 83333333 84523808 0.000000
hs8 84523809 85714284 0.383274
hs8 85714285 86904760 0.412760
hs8 86904761 88095237 0.519688
hs8 88095238 89285713 0.453010
hs8 89285714 90476189 0.103421
hs8 90476190 91666665 0.155891
hs8 91666666 92857141 0.437398
hs8 92857142 94047618 0.183882
hs8 94047619 95238094 0.118637
hs8 95238095 96428570 0.468485
hs8 96428571 97619046 0.139252
hs8 97619047 98809522 0.555069
hs8 98809523 99999999 0.684029
hs8 100000000 101190475 0.867534
hs8 101190476 102380951 0.278215
hs8 102380952 103571427 0.680319
hs8 103571428 104761903 0.399196
hs8 104761904 105952379 0.652686
hs8 105952380 107142856 0.407921
hs8 107142857 108333332 0.416355
hs8 108333333 109523808 0.401064
hs8 109523809 110714284 0.365646
hs8 110714285 111904760 0.055978
hs8 111904761 113095237 0.000000
hs8 113095238 114285713 0.824438
hs8 114285714 115476189 0.195472
hs8 115476190 116666665 0.148484
hs8 116666666 117857141 0.170457
hs8 117857142 119047618 0.375920
hs8 119047619 120238094 0.543038
hs8 120238095 121428570 0.546481
hs8 121428571 122619046 0.360348
hs8 122619047 123809522 0.028316
hs8 123809523 124999999 0.583876
hs8 125000000 126190475 0.539520
hs8 126190476 127380951 0.223572
hs8 127380952 128571427 0.038771
hs8 128571428 129761903 0.262450
hs8 129761904 130952379 0.057269
hs8 130952380 132142856 0.571317
hs8 132142857 133333332 0.261453
hs8 133333333 134523808 0.747644
hs8 134523809 135714284 0.230820
hs8 135714285 136904760 0.282299
hs8 136904761 138095237 0.000000
hs8 138095238 139285713 0.062384
hs8 139285714 140476189 0.519367
hs8 140476190 141666665 0.738079
hs8 141666666 142857141 0.482037
hs8 142857142 144047618 0.311717
hs8 144047619 145238094 0.431228
hs8 145238095 146428570 0.488017
hs6 0 1190475 0.359752
hs6 1190476 2380951 0.532007
hs6 2380952 3571427 0.393567
hs6 3571428 4761903 0.224914
hs6 4761904 5952379 0.690065
hs6 5952380 7142856 0.512016
hs6 7142857 8333332 0.430926
hs6 8333333 9523808 0.020273
hs6 9523809 10714284 0.096309
hs6 10714285 11904760 0.563261
hs6 11904761 13095237 0.360216
hs6 13095238 14285713 0.587149
hs6 14285714 15476189 0.102215
hs6 15476190 16666665 0.528995
hs6 16666666 17857141 0.405382
hs6 17857142 19047618 0.374981
hs6 19047619 20238094 0.027285
hs6 20238095 21428570 0.732741
hs6 21428571 22619046 0.460678
hs6 22619047 23809522 0.000902
hs6 23809523 24999999 0.508465
hs6 25000000 26190475 0.518879
hs6 26190476 27380951 0.276850
hs6 27380952 28571427 0.203385
hs6 28571428 29761903 0.124617
hs6 29761904 30952379 0.363654
hs6 30952380 32142856 0.517492
hs6 32142857 33333332 0.377504
hs6 33333333 34523808 0.441711
hs6 34523809 35714284 0.703929
hs6 35714285 36904760 0.680670
hs6 36904761 38095237 0.523864
hs6 38095238 39285713 0.850994
hs6 39285714 40476189 0.491870
hs6 40476190 41666665 0.334588
hs6 41666666 42857141 0.715848
hs6 42857142 44047618 0.592043
hs6 44047619 45238094 0.481861
hs6 45238095 46428570 0.632568
hs6 46428571 47619046 0.439744
hs6 47619047 48809522 0.322198
hs6 48809523 49999999 0.159071
hs6 50000000 51190475 0.096106
hs6 51190476 52380951 0.462822
hs6 52380952 53571427 0.414959
hs6 53571428 54761903 0.399896
hs6 54761904 55952379 0.456631
hs6 55952380 57142856 0.451067
hs6 57142857 58333332 0.317153
hs6 58333333 59523808 0.034916
hs6 59523809 60714284 0.000000
hs6 60714285 61904760 0.000000
hs6 61904761 63095237 0.509239
hs6 63095238 64285713 0.036983
hs6 64285714 65476189 0.897039
hs6 65476190 66666665 0.839374
hs6 66666666 67857141 0.000000
hs6 67857142 69047618 0.000000
hs6 69047619 70238094 0.633169
hs6 70238095 71428570 0.608090
hs6 71428571 72619046 0.260319
hs6 72619047 73809522 0.787440
hs6 73809523 74999999 0.426763
hs6 75000000 76190475 0.231664
hs6 76190476 77380951 0.426499
hs6 77380952 78571427 0.000986
hs6 78571428 79761903 0.077433
hs6 79761904 80952379 0.328577
hs6 80952380 82142856 0.134675
hs6 82142857 83333332 0.074497
hs6 83333333 84523808 0.581461
hs6 84523809 85714284 0.248083
hs6 85714285 86904760 0.144507
hs6 86904761 88095237 0.209284
hs6 88095238 89285713 0.302121
hs6 89285714 90476189 0.709530
hs6 90476190 91666665 0.502388
hs6 91666666 92857141 0.000000
hs6 92857142 94047618 0.034575
hs6 94047619 95238094 0.174555
hs6 95238095 96428570 0.026809
hs6 96428571 97619046 0.399054
hs6 97619047 98809522 0.182624
hs6 98809523 99999999 0.183353
hs6 100000000 101190475 0.320452
hs6 101190476 102380951 0.565186
hs6 102380952 103571427 0.204707
hs6 103571428 104761903 0.000000
hs6 104761904 105952379 0.369783
hs6 105952380 107142856 0.206738
hs6 107142857 108333332 0.722807
hs6 108333333 109523808 0.641962
hs6 109523809 110714284 0.580767
hs6 110714285 111904760 0.630643
hs6 111904761 113095237 0.390020
hs6 113095238 114285713 0.000416
hs6 114285714 115476189 0.054786
hs6 115476190 116666665 0.223131
hs6 116666666 117857141 0.542481
hs6 117857142 119047618 0.628712
hs6 119047619 120238094 0.406885
hs6 120238095 121428570 0.000000
hs6 121428571 122619046 0.226085
hs6 122619047 123809522 0.537418
hs6 123809523 124999999 0.859616
hs6 125000000 126190475 0.443893
hs6 126190476 127380951 0.158224
hs6 127380952 128571427 0.605934
hs6 128571428 129761903 0.695572
hs6 129761904 130952379 0.410007
hs6 130952380 132142856 0.461395
hs6 132142857 133333332 0.304310
hs6 133333333 134523808 0.376257
hs6 134523809 135714284 0.320368
hs6 135714285 136904760 1.302212
hs6 136904761 138095237 0.377314
hs6 138095238 139285713 0.427539
hs6 139285714 140476189 0.151282
hs6 140476190 141666665 0.000000
hs6 141666666 142857141 0.194224
hs6 142857142 144047618 0.638854
hs6 144047619 145238094 0.818446
hs6 145238095 146428570 0.205457
hs6 146428571 147619046 0.549008
hs6 147619047 148809522 0.249301
hs6 148809523 149999999 0.566845
hs6 150000000 151190475 0.505520
hs6 151190476 152380951 0.771342
hs6 152380952 153571427 0.659810
hs6 153571428 154761903 0.368466
hs6 154761904 155952379 0.422815
hs6 155952380 157142856 0.001766
hs6 157142857 158333332 0.718573
hs6 158333333 159523808 0.617085
hs6 159523809 160714284 0.365708
hs6 160714285 161904760 0.672603
hs6 161904761 163095237 1.000565
hs6 163095238 164285713 0.621366
hs6 164285714 165476189 0.000000
hs6 165476190 166666665 0.384502
hs6 166666666 167857141 0.540172
hs6 167857142 169047618 0.378516
hs6 169047619 170238094 0.312089
hs6 170238095 171428570 0.133635
hs14 0 1190475 0.000000
hs14 1190476 2380951 0.000000
hs14 2380952 3571427 0.000000
hs14 3571428 4761903 0.000000
hs14 4761904 5952379 0.000000
hs14 5952380 7142856 0.000000
hs14 7142857 8333332 0.000000
hs14 8333333 9523808 0.000000
hs14 9523809 10714284 0.000000
hs14 10714285 11904760 0.000000
hs14 11904761 13095237 0.000000
hs14 13095238 14285713 0.000000
hs14 14285714 15476189 0.000000
hs14 15476190 16666665 0.000000
hs14 16666666 17857141 0.000000
hs14 17857142 19047618 0.027351
hs14 19047619 20238094 0.186889
hs14 20238095 21428570 0.299457
hs14 21428571 22619046 0.196164
hs14 22619047 23809522 0.382119
hs14 23809523 24999999 0.294776
hs14 25000000 26190475 0.127573
hs14 26190476 27380951 0.000000
hs14 27380952 28571427 0.020729
hs14 28571428 29761903 0.295020
hs14 29761904 30952379 0.500233
hs14 30952380 32142856 0.562488
hs14 32142857 33333332 0.910801
hs14 33333333 34523808 0.242293
hs14 34523809 35714284 0.520253
hs14 35714285 36904760 0.633074
hs14 36904761 38095237 0.163364
hs14 38095238 39285713 0.222490
hs14 39285714 40476189 0.000000
hs14 40476190 41666665 0.249473
hs14 41666666 42857141 0.000000
hs14 42857142 44047618 0.002645
hs14 44047619 45238094 0.273451
hs14 45238095 46428570 0.042675
hs14 46428571 47619046 0.659541
hs14 47619047 48809522 0.000000
hs14 48809523 49999999 0.490473
hs14 50000000 51190475 0.579656
hs14 51190476 52380951 0.530570
hs14 52380952 53571427 0.182713
hs14 53571428 54761903 0.466057
hs14 54761904 55952379 0.388399
hs14 55952380 57142856 0.305682
hs14 57142857 58333332 0.404432
hs14 58333333 59523808 0.472177
hs14 59523809 60714284 0.449528
hs14 60714285 61904760 0.367507
hs14 61904761 63095237 0.550793
hs14 63095238 64285713 0.660102
hs14 64285714 65476189 0.530071
hs14 65476190 66666665 0.533361
hs14 66666666 67857141 0.881146
hs14 67857142 69047618 0.609231
hs14 69047619 70238094 0.504192
hs14 70238095 71428570 0.420848
hs14 71428571 72619046 0.817050
hs14 72619047 73809522 0.799959
hs14 73809523 74999999 0.489320
hs14 75000000 76190475 0.808636
hs14 76190476 77380951 0.555935
hs14 77380952 78571427 0.605372
hs14 78571428 79761903 0.708745
hs14 79761904 80952379 0.674678
hs14 80952380 82142856 0.051211
hs14 82142857 83333332 0.000000
hs14 83333333 84523808 0.000000
hs14 84523809 85714284 0.082139
hs14 85714285 86904760 0.000000
hs14 86904761 88095237 0.301444
hs14 88095238 89285713 0.626745
hs14 89285714 90476189 0.669415
hs14 90476190 91666665 0.761752
hs14 91666666 92857141 0.658258
hs14 92857142 94047618 0.677124
hs14 94047619 95238094 0.318723
hs14 95238095 96428570 0.371343
hs14 96428571 97619046 0.044113
hs14 97619047 98809522 0.091012
hs14 98809523 99999999 0.599709
hs14 100000000 101190475 0.156980
hs14 101190476 102380951 0.721412
hs14 102380952 103571427 0.612354
hs14 103571428 104761903 0.309453
hs14 104761904 105952379 0.210920
hs14 105952380 107142856 0.010984
hs17 0 1190475 0.671446
hs17 1190476 2380951 0.863775
hs17 2380952 3571427 0.507809
hs17 3571428 4761903 0.732017
hs17 4761904 5952379 0.445986
hs17 5952380 7142856 0.416278
hs17 7142857 8333332 0.606799
hs17 8333333 9523808 0.810335
hs17 9523809 10714284 0.592445
hs17 10714285 11904760 0.633184
hs17 11904761 13095237 0.347043
hs17 13095238 14285713 0.247459
hs17 14285714 15476189 0.170141
hs17 15476190 16666665 0.617917
hs17 16666666 17857141 0.604246
hs17 17857142 19047618 0.617315
hs17 19047619 20238094 0.611573
hs17 20238095 21428570 0.250250
hs17 21428571 22619046 0.008518
hs17 22619047 23809522 0.442623
hs17 23809523 24999999 0.700024
hs17 25000000 26190475 0.767089
hs17 26190476 27380951 0.585440
hs17 27380952 28571427 0.715936
hs17 28571428 29761903 0.798286
hs17 29761904 30952379 0.387620
hs17 30952380 32142856 0.471565
hs17 32142857 33333332 0.651554
hs17 33333333 34523808 0.434343
hs17 34523809 35714284 0.718441
hs17 35714285 36904760 0.279917
hs17 36904761 38095237 0.611750
hs17 38095238 39285713 0.554829
hs17 39285714 40476189 0.574808
hs17 40476190 41666665 0.619492
hs17 41666666 42857141 0.626525
hs17 42857142 44047618 0.595956
hs17 44047619 45238094 0.451257
hs17 45238095 46428570 0.452600
hs17 46428571 47619046 0.678161
hs17 47619047 48809522 0.000000
hs17 48809523 49999999 0.001962
hs17 50000000 51190475 0.321303
hs17 51190476 52380951 0.374841
hs17 52380952 53571427 0.489653
hs17 53571428 54761903 0.810152
hs17 54761904 55952379 0.698945
hs17 55952380 57142856 0.716789
hs17 57142857 58333332 0.614134
hs17 58333333 59523808 0.732886
hs17 59523809 60714284 0.595678
hs17 60714285 61904760 0.657025
hs17 61904761 63095237 0.766927
hs17 63095238 64285713 0.485204
hs17 64285714 65476189 0.457659
hs17 65476190 66666665 0.059498
hs17 66666666 67857141 0.004537
hs17 67857142 69047618 0.636576
hs17 69047619 70238094 0.405245
hs17 70238095 71428570 0.749965
hs17 71428571 72619046 0.609163
hs17 72619047 73809522 0.441926
hs17 73809523 74999999 0.744933
hs17 75000000 76190475 0.489909
hs17 76190476 77380951 0.726043
hs17 77380952 78571427 0.763038
hs17 78571428 79761903 0.039232
hs21 0 1190475 0.000000
hs21 1190476 2380951 0.000000
hs21 2380952 3571427 0.000000
hs21 3571428 4761903 0.000000
hs21 4761904 5952379 0.000000
hs21 5952380 7142856 0.000000
hs21 7142857 8333332 0.000000
hs21 8333333 9523808 0.000000
hs21 9523809 10714284 0.367636
hs21 10714285 11904760 0.000000
hs21 11904761 13095237 0.000000
hs21 13095238 14285713 0.128853
hs21 14285714 15476189 0.264337
hs21 15476190 16666665 0.379543
hs21 16666666 17857141 0.241498
hs21 17857142 19047618 0.219015
hs21 19047619 20238094 0.000000
hs21 20238095 21428570 0.165129
hs21 21428571 22619046 0.339793
hs21 22619047 23809522 0.000000
hs21 23809523 24999999 0.000000
hs21 25000000 26190475 0.185860
hs21 26190476 27380951 0.369534
hs21 27380952 28571427 0.032511
hs21 28571428 29761903 0.330060
hs21 29761904 30952379 0.392988
hs21 30952380 32142856 0.431941
hs21 32142857 33333332 0.535155
hs21 33333333 34523808 0.574624
hs21 34523809 35714284 0.427769
hs21 35714285 36904760 0.314522
hs21 36904761 38095237 0.689684
hs21 38095238 39285713 0.504348
hs21 39285714 40476189 0.485943
hs21 40476190 41666665 0.707226
hs21 41666666 42857141 0.580128
hs21 42857142 44047618 0.463326
hs21 44047619 45238094 0.688874
hs21 45238095 46428570 0.443157
hs21 46428571 47619046 0.349395
