hsX 0 1470587 0.152676
hsX 1470588 2941175 0.541336
hsX 2941176 4411763 0.145192
hsX 4411764 5882351 0.043704
hsX 5882352 7352940 0.347031
hsX 7352941 8823528 0.168550
hsX 8823529 10294116 0.460704
hsX 10294117 11764704 0.648067
hsX 11764705 13235293 0.484614
hsX 13235294 14705881 0.372396
hsX 14705882 16176469 0.412092
hsX 16176470 17647057 0.548477
hsX 17647058 19117646 0.609738
hsX 19117647 20588234 0.565580
hsX 20588235 22058822 0.364470
hsX 22058823 23529410 0.124541
hsX 23529411 24999999 0.559067
hsX 25000000 26470587 0.003809
hsX 26470588 27941175 0.017915
hsX 27941176 29411763 0.609391
hsX 29411764 30882351 0.447147
hsX 30882352 32352940 0.888413
hsX 32352941 33823528 0.622001
hsX 33823529 35294116 0.023752
hsX 35294117 36764704 0.219867
hsX 36764705 38235293 0.426662
hsX 38235294 39705881 0.090129
hsX 39705882 41176469 0.291188
hsX 41176470 42647057 0.306988
hsX 42647058 44117646 0.290511
hsX 44117647 45588234 0.212431
hsX 45588235 47058822 0.381554
hsX 47058823 48529410 0.345119
hsX 48529411 49999999 0.910219
hsX 50000000 51470587 0.278710
hsX 51470588 52941175 0.235714
hsX 52941176 54411763 0.544764
hsX 54411764 55882351 0.229231
hsX 55882352 57352940 0.132015
hsX 57352941 58823528 0.129375
hsX 58823529 60294116 0.000000
hsX 60294117 61764704 0.000000
hsX 61764705 63235293 0.196667
hsX 63235294 64705881 0.210225
hsX 64705882 66176469 0.148224
hsX 66176470 67647057 0.396311
hsX 67647058 69117646 0.347060
hsX 69117647 70588234 0.646076
hsX 70588235 72058822 0.606939
hsX 72058823 73529410 0.438473
hsX 73529411 74999999 0.428848
hsX 75000000 76470587 0.006156
hsX 76470588 77941175 0.408289
hsX 77941176 79411763 0.028597
hsX 79411764 80882351 0.295828
hsX 80882352 82352940 0.000000
hsX 82352941 83823528 0.231991
hsX 83823529 85294116 0.291700
hsX 85294117 86764704 0.534126
hsX 86764705 88235293 0.037101
hsX 88235294 89705881 0.000642
hsX 89705882 91176469 0.176489
hsX 91176470 92647057 0.400118
hsX 92647058 94117646 0.027839
hsX 94117647 95588234 0.000556
hsX 95588235 97058822 0.623885
hsX 97058823 98529410 0.000000
hsX 98529411 99999999 0.503445
hsX 100000000 101470587 0.504895
hsX 101470588 102941175 0.280677
hsX 102941176 104411763 0.564225
hsX 104411764 105882351 0.540674
hsX 105882352 107352940 0.512421
hsX 107352941 108823528 0.441835
hsX 108823529 110294116 0.573347
hsX 110294117 111764704 0.672544
hsX 111764705 113235293 0.075662
hsX 113235294 114705881 0.332942
hsX 114705882 116176469 0.078870
hsX 116176470 117647057 0.310524
hsX 117647058 119117646 0.360924
hsX 119117647 120588234 0.457301
hsX 120588235 122058822 0.000000
hsX 122058823 123529410 0.580678
hsX 123529411 124999999 0.269237
hsX 125000000 126470587 0.005507
hsX 126470588 127941175 0.000980
hsX 127941176 129411763 0.361804
hsX 129411764 130882351 0.310311
hsX 130882352 132352940 0.455336
hsX 132352941 133823528 0.517711
hsX 133823529 135294116 0.345391
hsX 135294117 136764704 0.152450
hsX 136764705 138235293 0.391982
hsX 138235294 139705881 0.194211
hsX 139705882 141176469 0.056788
hsX 141176470 142647057 0.027135
hsX 142647058 144117646 0.000806
hsX 144117647 145588234 0.013291
hsX 145588235 147058822 0.067976
hsX 147058823 148529410 0.408612
hsX 148529411 149999999 0.409837
hsX 150000000 151470587 0.327148
hsX 151470588 152941175 0.348858
hsX 152941176 154411763 0.627788
hsX 154411764 155882351 0.118626
hs12 0 1470587 0.842483
hs12 1470588 2941175 0.767102
hs12 2941176 4411763 0.459182
hs12 4411764 5882351 0.465229
hs12 5882352 7352940 0.635905
hs12 7352941 8823528 0.387053
hs12 8823529 10294116 0.375321
hs12 10294117 11764704 0.597339
hs12 11764705 13235293 0.580211
hs12 13235294 14705881 0.469660
hs12 14705882 16176469 0.586191
hs12 16176470 17647057 0.113009
hs12 17647058 19117646 0.307412
hs12 19117647 20588234 0.342736
hs12 20588235 22058822 0.646186
hs12 22058823 23529410 0.219123
hs12 23529411 24999999 0.807501
hs12 25000000 26470587 0.429247
hs12 26470588 27941175 0.662249
hs12 27941176 29411763 0.302055
hs12 29411764 30882351 0.326067
hs12 30882352 32352940 0.457571
hs12 32352941 33823528 0.312643
hs12 33823529 35294116 0.004095
hs12 35294117 36764704 0.000000
hs12 36764705 38235293 0.285982
hs12 38235294 39705881 0.672476
hs12 39705882 41176469 0.509580
hs12 41176470 42647057 0.336841
hs12 42647058 44117646 0.769827
hs12 44117647 45588234 0.283548
hs12 45588235 47058822 0.267460
hs12 47058823 48529410 0.501804
hs12 48529411 49999999 0.733764
hs12 50000000 51470587 0.456630
hs12 51470588 52941175 0.501408
hs12 52941176 54411763 0.223287
hs12 54411764 55882351 0.592574
hs12 55882352 57352940 0.287587
hs12 57352941 58823528 0.095615
hs12 58823529 60294116 0.000000
hs12 60294117 61764704 0.716492
hs12 61764705 63235293 0.473140
hs12 63235294 64705881 0.462147
hs12 64705882 66176469 0.352812
hs12 66176470 67647057 0.245658
hs12 67647058 69117646 0.344813
hs12 69117647 70588234 0.526089
hs12 70588235 72058822 0.357105
hs12 72058823 73529410 0.002498
hs12 73529411 74999999 0.254281
hs12 75000000 76470587 0.249039
hs12 76470588 77941175 0.367877
hs12 77941176 79411763 0.618049
hs12 79411764 80882351 0.686240
hs12 80882352 82352940 0.390574
hs12 82352941 83823528 0.031368
hs12 83823529 85294116 0.474039
hs12 85294117 86764704 0.315874
hs12 86764705 88235293 0.205702
hs12 88235294 89705881 0.127229
hs12 89705882 91176469 0.070636
hs12 91176470 92647057 0.266856
hs12 92647058 94117646 0.492928
hs12 94117647 95588234 0.473369
hs12 95588235 97058822 0.143021
hs12 97058823 98529410 0.710221
hs12 98529411 99999999 0.749967
hs12 100000000 101470587 0.512528
hs12 101470588 102941175 0.471111
hs12 102941176 104411763 0.608448
hs12 104411764 105882351 0.576908
hs12 105882352 107352940 0.470842
hs12 107352941 108823528 0.645670
hs12 108823529 110294116 0.668197
hs12 110294117 111764704 0.663536
hs12 111764705 113235293 0.418139
hs12 113235294 114705881 0.046530
hs12 114705882 116176469 0.520457
hs12 116176470 117647057 0.667258
hs12 117647058 119117646 0.591990
hs12 119117647 120588234 0.608360
hs12 120588235 122058822 0.772219
hs12 122058823 123529410 0.662225
hs12 123529411 124999999 0.429255
hs12 125000000 126470587 0.020607
hs12 126470588 127941175 0.346805
hs12 127941176 129411763 0.653870
hs12 129411764 130882351 0.349694
hs12 130882352 132352940 0.629054
hs11 0 1470587 0.545726
hs11 1470588 2941175 0.746688
hs11 2941176 4411763 0.489444
hs11 4411764 5882351 0.177729
hs11 5882352 7352940 0.344470
hs11 7352941 8823528 0.598152
hs11 8823529 10294116 0.763002
hs11 10294117 11764704 0.419814
hs11 11764705 13235293 0.553694
hs11 13235294 14705881 0.618765
hs11 14705882 16176469 0.364364
hs11 16176470 17647057 0.564420
hs11 17647058 19117646 0.533627
hs11 19117647 20588234 0.683456
hs11 20588235 22058822 0.646724
hs11 22058823 23529410 0.196558
hs11 23529411 24999999 0.356911
hs11 25000000 26470587 0.150347
hs11 26470588 27941175 0.497304
hs11 27941176 29411763 0.212799
hs11 29411764 30882351 0.154631
hs11 30882352 32352940 0.387180
hs11 32352941 33823528 0.547566
hs11 33823529 35294116 0.486237
hs11 35294117 36764704 0.628296
hs11 36764705 38235293 0.000000
hs11 38235294 39705881 0.000000
hs11 39705882 41176469 0.122341
hs11 41176470 42647057 0.000000
hs11 42647058 44117646 0.314179
hs11 44117647 45588234 0.392861
hs11 45588235 47058822 0.688045
hs11 47058823 48529410 0.551913
hs11 48529411 49999999 0.214894
hs11 50000000 51470587 0.021844
hs11 51470588 52941175 0.000000
hs11 52941176 54411763 0.000000
hs11 54411764 55882351 0.037350
hs11 55882352 57352940 0.494899
hs11 57352941 58823528 0.294866
hs11 58823529 60294116 0.313118
hs11 60294117 61764704 0.514693
hs11 61764705 63235293 0.580075
hs11 63235294 64705881 0.632462
hs11 64705882 66176469 0.558300
hs11 66176470 67647057 0.569935
hs11 67647058 69117646 0.408940
hs11 69117647 70588234 0.615324
hs11 70588235 72058822 0.432178
hs11 72058823 73529410 0.771563
hs11 73529411 74999999 0.584923
hs11 75000000 76470587 0.574756
hs11 76470588 77941175 0.777251
hs11 77941176 79411763 0.550631
hs11 79411764 80882351 0.000000
hs11 80882352 82352940 0.075464
hs11 82352941 83823528 0.801495
hs11 83823529 85294116 0.942609
hs11 85294117 86764704 0.540805
hs11 86764705 88235293 0.315693
hs11 88235294 89705881 0.524551
hs11 89705882 91176469 0.000000
hs11 91176470 92647057 0.413292
hs11 92647058 94117646 0.437497
hs11 94117647 95588234 0.438197
hs11 95588235 97058822 0.114570
hs11 97058823 98529410 0.089985
hs11 98529411 99999999 0.818226
hs11 100000000 101470587 0.466173
hs11 101470588 102941175 0.530817
hs11 102941176 104411763 0.228479
hs11 104411764 105882351 0.305385
hs11 105882352 107352940 0.483319
hs11 107352941 108823528 0.557053
hs11 108823529 110294116 0.215189
hs11 110294117 111764704 0.464941
hs11 111764705 113235293 0.386814
hs11 113235294 114705881 0.378757
hs11 114705882 116176469 0.144102
hs11 116176470 117647057 0.760212
hs11 117647058 119117646 0.528974
hs11 119117647 120588234 0.518943
hs11 120588235 122058822 0.234278
hs11 122058823 123529410 0.380681
hs11 123529411 124999999 0.471781
hs11 125000000 126470587 0.675825
hs11 126470588 127941175 0.072971
hs11 127941176 129411763 0.474202
hs11 129411764 130882351 0.300824
hs11 130882352 132352940 0.946854
hs11 132352941 133823528 0.633848
hs22 0 1470587 0.000000
hs22 1470588 2941175 0.000000
hs22 2941176 4411763 0.000000
hs22 4411764 5882351 0.000000
hs22 5882352 7352940 0.000000
hs22 7352941 8823528 0.000000
hs22 8823529 10294116 0.000000
hs22 10294117 11764704 0.000000
hs22 11764705 13235293 0.000000
hs22 13235294 14705881 0.021493
hs22 14705882 16176469 0.172474
hs22 16176470 17647057 0.588129
hs22 17647058 19117646 0.434374
hs22 19117647 20588234 0.560297
hs22 20588235 22058822 0.308532
hs22 22058823 23529410 0.642843
hs22 23529411 24999999 0.945517
hs22 25000000 26470587 0.287399
hs22 26470588 27941175 0.870045
hs22 27941176 29411763 0.622065
hs22 29411764 30882351 0.681055
hs22 30882352 32352940 0.765551
hs22 32352941 33823528 0.214015
hs22 33823529 35294116 0.481966
hs22 35294117 36764704 0.541320
hs22 36764705 38235293 0.564543
hs22 38235294 39705881 0.780028
hs22 39705882 41176469 0.599612
hs22 41176470 42647057 0.703021
hs22 42647058 44117646 0.633496
hs22 44117647 45588234 0.671391
hs22 45588235 47058822 0.252064
hs22 47058823 48529410 0.209237
hs22 48529411 49999999 0.504778
hs10 0 1470587 0.700140
hs10 1470588 2941175 0.224050
hs10 2941176 4411763 0.077260
hs10 4411764 5882351 0.285798
hs10 5882352 7352940 0.372047
hs10 7352941 8823528 0.385100
hs10 8823529 10294116 0.000000
hs10 10294117 11764704 0.346996
hs10 11764705 13235293 0.678127
hs10 13235294 14705881 0.690635
hs10 14705882 16176469 0.577270
hs10 16176470 17647057 0.557418
hs10 17647058 19117646 0.830540
hs10 19117647 20588234 0.301143
hs10 20588235 22058822 0.439750
hs10 22058823 23529410 0.452165
hs10 23529411 24999999 0.667041
hs10 25000000 26470587 0.580341
hs10 26470588 27941175 0.513856
hs10 27941176 29411763 0.397764
hs10 29411764 30882351 0.297788
hs10 30882352 32352940 0.378078
hs10 32352941 33823528 0.523433
hs10 33823529 35294116 0.479922
hs10 35294117 36764704 0.338767
hs10 36764705 38235293 0.092005
hs10 38235294 39705881 0.142586
hs10 39705882 41176469 0.000000
hs10 41176470 42647057 0.131842
hs10 42647058 44117646 0.195417
hs10 44117647 45588234 0.315907
hs10 45588235 47058822 0.305980
hs10 47058823 48529410 0.265931
hs10 48529411 49999999 0.509474
hs10 50000000 51470587 0.608825
hs10 51470588 52941175 0.758214
hs10 52941176 54411763 0.542583
hs10 54411764 55882351 0.441872
hs10 55882352 57352940 0.237120
hs10 57352941 58823528 0.002609
hs10 58823529 60294116 0.310872
hs10 60294117 61764704 0.458745
hs10 61764705 63235293 0.240372
hs10 63235294 64705881 0.483230
hs10 64705882 66176469 0.200622
hs10 66176470 67647057 0.203102
hs10 67647058 69117646 1.119053
hs10 69117647 70588234 0.676947
hs10 70588235 72058822 0.567882
hs10 72058823 73529410 0.608884
hs10 73529411 74999999 0.806926
hs10 75000000 76470587 0.776764
hs10 76470588 77941175 0.589095
hs10 77941176 79411763 0.652693
hs10 79411764 80882351 0.349101
hs10 80882352 82352940 0.246886
hs10 82352941 83823528 0.164448
hs10 83823529 85294116 0.621103
hs10 85294117 86764704 0.183311
hs10 86764705 88235293 0.555790
hs10 88235294 89705881 0.647707
hs10 89705882 91176469 0.451013
hs10 91176470 92647057 0.265365
hs10 92647058 94117646 0.666637
hs10 94117647 95588234 0.539889
hs10 95588235 97058822 0.599339
hs10 97058823 98529410 0.739350
hs10 98529411 99999999 0.695292
hs10 100000000 101470587 0.704347
hs10 101470588 102941175 0.573016
hs10 102941176 104411763 0.692292
hs10 104411764 105882351 0.773085
hs10 105882352 107352940 0.605315
hs10 107352941 108823528 0.340081
hs10 108823529 110294116 0.061713
hs10 110294117 111764704 0.046090
hs10 111764705 113235293 0.413069
hs10 113235294 114705881 0.377285
hs10 114705882 116176469 0.510474
hs10 116176470 117647057 0.799044
hs10 117647058 119117646 0.532128
hs10 119117647 120588234 0.265171
hs10 120588235 122058822 0.469308
hs10 122058823 123529410 0.236764
hs10 123529411 124999999 0.624326
hs10 125000000 126470587 0.374784
hs10 126470588 127941175 0.550869
hs10 127941176 129411763 0.573374
hs10 129411764 130882351 0.154631
hs10 130882352 132352940 0.321018
hs10 132352941 133823528 0.211401
hs10 133823529 135294116 0.515464
hs10 135294117 136764704 0.044738
hs7 0 1470587 0.419270
hs7 1470588 2941175 0.665089
hs7 2941176 4411763 0.732008
hs7 4411764 5882351 0.493711
hs7 5882352 7352940 0.539969
hs7 7352941 8823528 0.603873
hs7 8823529 10294116 0.001053
hs7 10294117 11764704 0.401791
hs7 11764705 13235293 0.176895
hs7 13235294 14705881 0.445317
hs7 14705882 16176469 0.449946
hs7 16176470 17647057 0.323119
hs7 17647058 19117646 0.443673
hs7 19117647 20588234 0.161354
hs7 20588235 22058822 0.432921
hs7 22058823 23529410 0.485974
hs7 23529411 24999999 0.386299
hs7 25000000 26470587 0.174903
hs7 26470588 27941175 0.435523
hs7 27941176 29411763 0.775147
hs7 29411764 30882351 0.492354
hs7 30882352 32352940 0.368819
hs7 32352941 33823528 0.503231
hs7 33823529 35294116 0.772203
hs7 35294117 36764704 0.448568
hs7 36764705 38235293 0.503581
hs7 38235294 39705881 0.695157
hs7 39705882 41176469 0.641842
hs7 41176470 42647057 0.255435
hs7 42647058 44117646 0.597185
hs7 44117647 45588234 0.436626
hs7 45588235 47058822 0.136390
hs7 47058823 48529410 0.607496
hs7 48529411 49999999 0.219254
hs7 50000000 51470587 0.618626
hs7 51470588 52941175 0.000000
hs7 52941176 54411763 0.001679
hs7 54411764 55882351 0.320200
hs7 55882352 57352940 0.157266
hs7 57352941 58823528 0.015901
hs7 58823529 60294116 0.000000
hs7 60294117 61764704 0.000000
hs7 61764705 63235293 0.036709
hs7 63235294 64705881 0.299709
hs7 64705882 66176469 0.469747
hs7 66176470 67647057 0.132157
hs7 67647058 69117646 0.282749
hs7 69117647 70588234 0.768866
hs7 70588235 72058822 0.830676
hs7 72058823 73529410 0.520519
hs7 73529411 74999999 0.558996
hs7 75000000 76470587 0.514366
hs7 76470588 77941175 0.773284
hs7 77941176 79411763 0.666163
hs7 79411764 80882351 0.266390
hs7 80882352 82352940 0.471451
hs7 82352941 83823528 0.543328
hs7 83823529 85294116 0.085936
hs7 85294117 86764704 0.320471
hs7 86764705 88235293 0.651942
hs7 88235294 89705881 0.417011
hs7 89705882 91176469 0.424763
hs7 91176470 92647057 0.533623
hs7 92647058 94117646 0.333541
hs7 94117647 95588234 0.606892
hs7 95588235 97058822 0.232976
hs7 97058823 98529410 0.365180
hs7 98529411 99999999 0.620276
hs7 100000000 101470587 0.565361
hs7 101470588 102941175 0.858048
hs7 102941176 104411763 0.795342
hs7 104411764 105882351 0.610494
hs7 105882352 107352940 0.523965
hs7 107352941 108823528 0.381657
hs7 108823529 110294116 0.139237
hs7 110294117 111764704 0.911909
hs7 111764705 113235293 0.152475
hs7 113235294 114705881 0.506380
hs7 114705882 116176469 0.181006
hs7 116176470 117647057 0.634789
hs7 117647058 119117646 0.012289
hs7 119117647 120588234 0.506340
hs7 120588235 122058822 0.527452
hs7 122058823 123529410 0.432026
hs7 123529411 124999999 0.086474
hs7 125000000 126470587 0.411197
hs7 126470588 127941175 0.549584
hs7 127941176 129411763 0.590670
hs7 129411764 130882351 0.672417
hs7 130882352 132352940 0.522037
hs7 132352941 133823528 0.719760
hs7 133823529 135294116 0.597757
hs7 135294117 136764704 0.232555
hs7 136764705 138235293 0.656202
hs7 138235294 139705881 0.707263
hs7 139705882 141176469 0.425419
hs7 141176470 142647057 0.227545
hs7 142647058 144117646 0.416251
hs7 144117647 145588234 0.129392
hs7 145588235 147058822 1.000072
hs7 147058823 148529410 0.698733
hs7 148529411 149999999 0.326231
hs7 150000000 151470587 0.662861
hs7 151470588 152941175 0.289855
hs7 152941176 154411763 0.794226
hs7 154411764 155882351 0.155841
hs7 155882352 157352940 0.557787
hs7 157352941 158823528 0.759449
hs4 0 1470587 0.654801
hs4 1470588 2941175 0.673961
hs4 2941176 4411763 0.375750
hs4 4411764 5882351 0.595738
hs4 5882352 7352940 0.595836
hs4 7352941 8823528 0.727857
hs4 8823529 10294116 0.334594
hs4 10294117 11764704 0.021770
hs4 11764705 13235293 0.124288
hs4 13235294 14705881 0.048017
hs4 14705882 16176469 0.462960
hs4 16176470 17647057 0.532798
hs4 17647058 19117646 0.000000
hs4 19117647 20588234 0.436906
hs4 20588235 22058822 0.708434
hs4 22058823 23529410 0.199003
hs4 23529411 24999999 0.287185
hs4 25000000 26470587 0.323511
hs4 26470588 27941175 0.111991
hs4 27941176 29411763 0.000000
hs4 29411764 30882351 0.289944
hs4 30882352 32352940 0.000000
hs4 32352941 33823528 0.000000
hs4 33823529 35294116 0.000000
hs4 35294117 36764704 0.164896
hs4 36764705 38235293 0.492654
hs4 38235294 39705881 0.663055
hs4 39705882 41176469 0.667622
hs4 41176470 42647057 0.575230
hs4 42647058 44117646 0.222594
hs4 44117647 45588234 0.070688
hs4 45588235 47058822 0.549860
hs4 47058823 48529410 0.799232
hs4 48529411 49999999 0.085968
hs4 50000000 51470587 0.000000
hs4 51470588 52941175 0.109578
hs4 52941176 54411763 0.531324
hs4 54411764 55882351 0.175281
hs4 55882352 57352940 0.520924
hs4 57352941 58823528 0.123758
hs4 58823529 60294116 0.000000
hs4 60294117 61764704 0.000000
hs4 61764705 63235293 0.391225
hs4 63235294 64705881 0.000000
hs4 64705882 66176469 0.298921
hs4 66176470 67647057 0.028410
hs4 67647058 69117646 0.436890
hs4 69117647 70588234 0.209692
hs4 70588235 72058822 0.344778
hs4 72058823 73529410 0.516011
hs4 73529411 74999999 0.297762
hs4 75000000 76470587 0.251889
hs4 76470588 77941175 0.696575
hs4 77941176 79411763 0.437141
hs4 79411764 80882351 0.339740
hs4 80882352 82352940 0.694927
hs4 82352941 83823528 0.165067
hs4 83823529 85294116 0.387737
hs4 85294117 86764704 0.380688
hs4 86764705 88235293 0.842620
hs4 88235294 89705881 0.420909
hs4 89705882 91176469 0.482307
hs4 91176470 92647057 0.938387
hs4 92647058 94117646 0.522519
hs4 94117647 95588234 0.628388
hs4 95588235 97058822 0.679101
hs4 97058823 98529410 0.000000
hs4 98529411 99999999 0.649501
hs4 100000000 101470587 0.325550
hs4 101470588 102941175 0.310886
hs4 102941176 104411763 0.685340
hs4 104411764 105882351 0.101644
hs4 105882352 107352940 0.493852
hs4 107352941 108823528 0.218783
hs4 108823529 110294116 0.541048
hs4 110294117 111764704 0.591786
hs4 111764705 113235293 0.009012
hs4 113235294 114705881 0.706413
hs4 114705882 116176469 0.382756
hs4 116176470 117647057 0.053078
hs4 117647058 119117646 0.001379
hs4 119117647 120588234 0.539886
hs4 120588235 122058822 0.248415
hs4 122058823 123529410 0.381088
hs4 123529411 124999999 0.530915
hs4 125000000 126470587 0.090592
hs4 126470588 127941175 0.110806
hs4 127941176 129411763 0.314849
hs4 129411764 130882351 0.212094
hs4 130882352 132352940 0.000000
hs4 132352941 133823528 0.000000
hs4 133823529 135294116 0.028740
hs4 135294117 136764704 0.003683
hs4 136764705 138235293 0.000000
hs4 138235294 139705881 0.062435
hs4 139705882 141176469 0.447726
hs4 141176470 142647057 0.502145
hs4 142647058 144117646 0.622392
hs4 144117647 145588234 0.291996
hs4 145588235 147058822 0.408972
hs4 147058823 148529410 0.370627
hs4 148529411 149999999 0.565867
hs4 150000000 151470587 0.165970
hs4 151470588 152941175 0.788047
hs4 152941176 154411763 0.384045
hs4 154411764 155882351 0.467822
hs4 155882352 157352940 0.204986
hs4 157352941 158823528 0.309331
hs4 158823529 160294116 0.380370
hs4 160294117 161764704 0.062767
hs4 161764705 163235293 0.483341
hs4 163235294 164705881 0.133275
hs4 164705882 166176469 0.576604
hs4 166176470 167647057 0.357680
hs4 167647058 169117646 0.340821
hs4 169117647 170588234 0.672935
hs4 170588235 172058822 0.258775
hs4 172058823 173529410 0.379618
hs4 173529411 174999999 0.585297
hs4 175000000 176470587 0.256434
hs4 176470588 177941175 0.543788
hs4 177941176 179411763 0.228847
hs4 179411764 180882351 0.000000
hs4 180882352 182352940 0.000000
hs4 182352941 183823528 0.235958
hs4 183823529 185294116 0.433348
hs4 185294117 186764704 0.476939
hs4 186764705 188235293 0.427264
hs4 188235294 189705881 0.021292
hs4 189705882 191176469 0.016820
hs4 191176470 192647057 0.043636
hs16 0 1470587 0.660262
hs16 1470588 2941175 0.775257
hs16 2941176 4411763 0.580412
hs16 4411764 5882351 0.390079
hs16 5882352 7352940 0.913790
hs16 7352941 8823528 0.349859
hs16 8823529 10294116 0.388952
hs16 10294117 11764704 0.468653
hs16 11764705 13235293 0.797049
hs16 13235294 14705881 0.331429
hs16 14705882 16176469 0.605135
hs16 16176470 17647057 0.338576
hs16 17647058 19117646 0.256683
hs16 19117647 20588234 0.562498
hs16 20588235 22058822 0.662755
hs16 22058823 23529410 0.533222
hs16 23529411 24999999 0.598926
hs16 25000000 26470587 0.371059
hs16 26470588 27941175 0.488218
hs16 27941176 29411763 0.439383
hs16 29411764 30882351 0.491936
hs16 30882352 32352940 0.294074
hs16 32352941 33823528 0.019986
hs16 33823529 35294116 0.022121
hs16 35294117 36764704 0.000000
hs16 36764705 38235293 0.000000
hs16 38235294 39705881 0.000000
hs16 39705882 41176469 0.000000
hs16 41176470 42647057 0.000000
hs16 42647058 44117646 0.000000
hs16 44117647 45588234 0.217129
hs16 45588235 47058822 0.594635
hs16 47058823 48529410 0.297371
hs16 48529411 49999999 0.289898
hs16 50000000 51470587 0.074663
hs16 51470588 52941175 0.584317
hs16 52941176 54411763 0.134677
hs16 54411764 55882351 0.646548
hs16 55882352 57352940 0.538801
hs16 57352941 58823528 0.000714
hs16 58823529 60294116 0.033580
hs16 60294117 61764704 0.226726
hs16 61764705 63235293 0.000000
hs16 63235294 64705881 0.317588
hs16 64705882 66176469 0.610354
hs16 66176470 67647057 0.797496
hs16 67647058 69117646 0.727018
hs16 69117647 70588234 0.758682
hs16 70588235 72058822 0.271398
hs16 72058823 73529410 0.284750
hs16 73529411 74999999 0.432878
hs16 75000000 76470587 0.296693
hs16 76470588 77941175 0.831971
hs16 77941176 79411763 0.264321
hs16 79411764 80882351 0.614085
hs16 80882352 82352940 0.771707
hs16 82352941 83823528 0.547201
hs16 83823529 85294116 0.150409
hs16 85294117 86764704 0.364338
hs16 86764705 88235293 0.600926
hs16 88235294 89705881 0.249459
hs20 0 1470587 0.373464
hs20 1470588 2941175 0.485372
hs20 2941176 4411763 0.540658
hs20 4411764 5882351 0.378720
hs20 5882352 7352940 0.101714
hs20 7352941 8823528 0.576909
hs20 8823529 10294116 0.570940
hs20 10294117 11764704 0.172364
hs20 11764705 13235293 0.185256
hs20 13235294 14705881 0.877261
hs20 14705882 16176469 0.867653
hs20 16176470 17647057 0.524007
hs20 17647058 19117646 0.362953
hs20 19117647 20588234 0.871283
hs20 20588235 22058822 0.187389
hs20 22058823 23529410 0.104932
hs20 23529411 24999999 0.214668
hs20 25000000 26470587 0.334534
hs20 26470588 27941175 0.000000
hs20 27941176 29411763 0.020043
hs20 29411764 30882351 0.584017
hs20 30882352 32352940 0.492070
hs20 32352941 33823528 0.785781
hs20 33823529 35294116 0.767375
hs20 35294117 36764704 0.529834
hs20 36764705 38235293 0.177692
hs20 38235294 39705881 0.341743
hs20 39705882 41176469 0.708332
hs20 41176470 42647057 0.484308
hs20 42647058 44117646 0.547720
hs20 44117647 45588234 0.563449
hs20 45588235 47058822 0.381823
hs20 47058823 48529410 0.498080
hs20 48529411 49999999 0.460520
hs20 50000000 51470587 0.378271
hs20 51470588 52941175 0.285068
hs20 52941176 54411763 0.035482
hs20 54411764 55882351 0.284524
hs20 55882352 57352940 0.376178
hs20 57352941 58823528 0.267957
hs20 58823529 60294116 0.616356
hs20 60294117 61764704 0.532161
hs20 61764705 63235293 0.307424
hs13 0 1470587 0.000000
hs13 1470588 2941175 0.000000
hs13 2941176 4411763 0.000000
hs13 4411764 5882351 0.000000
hs13 5882352 7352940 0.000000
hs13 7352941 8823528 0.000000
hs13 8823529 10294116 0.000000
hs13 10294117 11764704 0.000000
hs13 11764705 13235293 0.000000
hs13 13235294 14705881 0.000000
hs13 14705882 16176469 0.000000
hs13 16176470 17647057 0.000000
hs13 17647058 19117646 0.224410
hs13 19117647 20588234 0.590564
hs13 20588235 22058822 0.178361
hs13 22058823 23529410 0.355492
hs13 23529411 24999999 0.503158
hs13 25000000 26470587 0.541369
hs13 26470588 27941175 0.485688
hs13 27941176 29411763 0.488759
hs13 29411764 30882351 0.296328
hs13 30882352 32352940 0.587387
hs13 32352941 33823528 0.258966
hs13 33823529 35294116 0.771164
hs13 35294117 36764704 0.575740
hs13 36764705 38235293 0.243952
hs13 38235294 39705881 0.398020
hs13 39705882 41176469 0.556336
hs13 41176470 42647057 0.499357
hs13 42647058 44117646 0.548408
hs13 44117647 45588234 0.484408
hs13 45588235 47058822 0.266164
hs13 47058823 48529410 0.310283
hs13 48529411 49999999 0.560937
hs13 50000000 51470587 0.510637
hs13 51470588 52941175 0.320040
hs13 52941176 54411763 0.000053
hs13 54411764 55882351 0.000000
hs13 55882352 57352940 0.117540
hs13 57352941 58823528 0.000000
hs13 58823529 60294116 0.459558
hs13 60294117 61764704 0.003970
hs13 61764705 63235293 0.003492
hs13 63235294 64705881 0.000000
hs13 64705882 66176469 0.273022
hs13 66176470 67647057 0.357680
hs13 67647058 69117646 0.155411
hs13 69117647 70588234 0.299501
hs13 70588235 72058822 0.291879
hs13 72058823 73529410 0.508272
hs13 73529411 74999999 0.189978
hs13 75000000 76470587 0.216906
hs13 76470588 77941175 0.383481
hs13 77941176 79411763 0.416979
hs13 79411764 80882351 0.003384
hs13 80882352 82352940 0.000000
hs13 82352941 83823528 0.277168
hs13 83823529 85294116 0.013127
hs13 85294117 86764704 0.000000
hs13 86764705 88235293 0.004761
hs13 88235294 89705881 0.000066
hs13 89705882 91176469 0.251882
hs13 91176470 92647057 0.775892
hs13 92647058 94117646 0.864509
hs13 94117647 95588234 0.621291
hs13 95588235 97058822 0.622739
hs13 97058823 98529410 0.584926
hs13 98529411 99999999 0.693567
hs13 100000000 101470587 0.677901
hs13 101470588 102941175 0.432583
hs13 102941176 104411763 0.000000
hs13 104411764 105882351 0.017115
hs13 105882352 107352940 0.522702
hs13 107352941 108823528 0.459690
hs13 108823529 110294116 0.362253
hs13 110294117 111764704 0.174688
hs13 111764705 113235293 0.576272
hs13 113235294 114705881 0.305848
hs18 0 1470587 0.407085
hs18 1470588 2941175 0.226358
hs18 2941176 4411763 0.455501
hs18 4411764 5882351 0.152211
hs18 5882352 7352940 0.488426
hs18 7352941 8823528 0.673955
hs18 8823529 10294116 0.395104
hs18 10294117 11764704 0.425037
hs18 11764705 13235293 0.586758
hs18 13235294 14705881 0.447160
hs18 14705882 16176469 0.079468
hs18 16176470 17647057 0.447166
hs18 17647058 19117646 0.213670
hs18 19117647 20588234 0.701422
hs18 20588235 22058822 0.288476
hs18 22058823 23529410 0.490105
hs18 23529411 24999999 0.154032
hs18 25000000 26470587 0.000035
hs18 26470588 27941175 0.364428
hs18 27941176 29411763 0.587748
hs18 29411764 30882351 0.687659
hs18 30882352 32352940 0.498647
hs18 32352941 33823528 0.689116
hs18 33823529 35294116 0.172198
hs18 35294117 36764704 0.198452
hs18 36764705 38235293 0.113272
hs18 38235294 39705881 0.259914
hs18 39705882 41176469 0.264071
hs18 41176470 42647057 0.574487
hs18 42647058 44117646 0.268051
hs18 44117647 45588234 0.569231
hs18 45588235 47058822 0.562272
hs18 47058823 48529410 0.278033
hs18 48529411 49999999 0.579557
hs18 50000000 51470587 0.395196
hs18 51470588 52941175 0.281718
hs18 52941176 54411763 0.520052
hs18 54411764 55882351 0.419363
hs18 55882352 57352940 0.031026
hs18 57352941 58823528 0.504688
hs18 58823529 60294116 0.368703
hs18 60294117 61764704 0.088869
hs18 61764705 63235293 0.067930
hs18 63235294 64705881 0.152315
hs18 64705882 66176469 0.647922
hs18 66176470 67647057 0.000000
hs18 67647058 69117646 0.086928
hs18 69117647 70588234 0.264299
hs18 70588235 72058822 0.290579
hs18 72058823 73529410 0.332739
hs18 73529411 74999999 0.059524
hs18 75000000 76470587 0.491804
hs3 0 1470587 0.355708
hs3 1470588 2941175 0.560272
hs3 2941176 4411763 0.219293
hs3 4411764 5882351 0.357562
hs3 5882352 7352940 0.323095
hs3 7352941 8823528 0.556772
hs3 8823529 10294116 0.707961
hs3 10294117 11764704 0.660496
hs3 11764705 13235293 0.543352
hs3 13235294 14705881 0.517327
hs3 14705882 16176469 0.613514
hs3 16176470 17647057 0.679665
hs3 17647058 19117646 0.138159
hs3 19117647 20588234 0.443521
hs3 20588235 22058822 0.225275
hs3 22058823 23529410 0.210544
hs3 23529411 24999999 0.413595
hs3 25000000 26470587 0.211849
hs3 26470588 27941175 0.225568
hs3 27941176 29411763 0.240393
hs3 29411764 30882351 0.572849
hs3 30882352 32352940 0.423454
hs3 32352941 33823528 0.633918
hs3 33823529 35294116 0.042616
hs3 35294117 36764704 0.236006
hs3 36764705 38235293 0.780713
hs3 38235294 39705881 0.485875
hs3 39705882 41176469 0.366667
hs3 41176470 42647057 0.690850
hs3 42647058 44117646 0.454491
hs3 44117647 45588234 0.526850
hs3 45588235 47058822 0.441831
hs3 47058823 48529410 0.773220
hs3 48529411 49999999 0.800030
hs3 50000000 51470587 0.862293
hs3 51470588 52941175 0.669861
hs3 52941176 54411763 0.709103
hs3 54411764 55882351 0.733117
hs3 55882352 57352940 0.875556
hs3 57352941 58823528 0.672258
hs3 58823529 60294116 0.524463
hs3 60294117 61764704 0.789126
hs3 61764705 63235293 0.686344
hs3 63235294 64705881 0.588877
hs3 64705882 66176469 0.521391
hs3 66176470 67647057 0.424037
hs3 67647058 69117646 0.607496
hs3 69117647 70588234 0.386254
hs3 70588235 72058822 0.488711
hs3 72058823 73529410 0.233896
hs3 73529411 74999999 0.330463
hs3 75000000 76470587 0.044044
hs3 76470588 77941175 0.413012
hs3 77941176 79411763 0.464227
hs3 79411764 80882351 0.331830
hs3 80882352 82352940 0.185029
hs3 82352941 83823528 0.000000
hs3 83823529 85294116 0.138241
hs3 85294117 86764704 0.620263
hs3 86764705 88235293 0.079303
hs3 88235294 89705881 0.264104
hs3 89705882 91176469 0.000000
hs3 91176470 92647057 0.000000
hs3 92647058 94117646 0.000000
hs3 94117647 95588234 0.176465
hs3 95588235 97058822 0.036083
hs3 97058823 98529410 0.349042
hs3 98529411 99999999 0.474846
hs3 100000000 101470587 0.625376
hs3 101470588 102941175 0.669458
hs3 102941176 104411763 0.143922
hs3 104411764 105882351 0.000000
hs3 105882352 107352940 0.286153
hs3 107352941 108823528 0.215879
hs3 108823529 110294116 0.656242
hs3 110294117 111764704 0.103364
hs3 111764705 113235293 0.421779
hs3 113235294 114705881 0.539942
hs3 114705882 116176469 0.817801
hs3 116176470 117647057 0.621310
hs3 117647058 119117646 0.004944
hs3 119117647 120588234 0.274581
hs3 120588235 122058822 0.620603
hs3 122058823 123529410 0.802118
hs3 123529411 124999999 0.809199
hs3 125000000 126470587 0.828880
hs3 126470588 127941175 0.499223
hs3 127941176 129411763 0.462781
hs3 129411764 130882351 0.539290
hs3 130882352 132352940 0.606011
hs3 132352941 133823528 0.674626
hs3 133823529 135294116 0.686236
hs3 135294117 136764704 0.494183
hs3 136764705 138235293 0.612804
hs3 138235294 139705881 0.273363
hs3 139705882 141176469 0.343707
hs3 141176470 142647057 0.635941
hs3 142647058 144117646 0.709089
hs3 144117647 145588234 0.454464
hs3 145588235 147058822 0.000000
hs3 147058823 148529410 0.179238
hs3 148529411 149999999 0.049664
hs3 150000000 151470587 0.467890
hs3 151470588 152941175 0.589194
hs3 152941176 154411763 0.183435
hs3 154411764 155882351 0.200976
hs3 155882352 157352940 0.338622
hs3 157352941 158823528 0.666416
hs3 158823529 160294116 0.422924
hs3 160294117 161764704 0.722284
hs3 161764705 163235293 0.274784
hs3 163235294 164705881 0.000000
hs3 164705882 166176469 0.000000
hs3 166176470 167647057 0.118405
hs3 167647058 169117646 0.331701
hs3 169117647 170588234 0.660402
hs3 170588235 172058822 0.575786
hs3 172058823 173529410 0.659036
hs3 173529411 174999999 0.608777
hs3 175000000 176470587 0.608325
hs3 176470588 177941175 0.364164
hs3 177941176 179411763 0.120025
hs3 179411764 180882351 0.461744
hs3 180882352 182352940 0.332534
hs3 182352941 183823528 0.090684
hs3 183823529 185294116 0.660757
hs3 185294117 186764704 0.523397
hs3 186764705 188235293 0.531818
hs3 188235294 189705881 0.359925
hs3 189705882 191176469 0.558948
hs3 191176470 192647057 0.362071
hs3 192647058 194117646 0.480317
hs3 194117647 195588234 0.295780
hs3 195588235 197058822 0.461240
hs3 197058823 198529410 0.618879
hs3 198529411 199999999 0.328280
hs9 0 1470587 0.493316
hs9 1470588 2941175 0.237937
hs9 2941176 4411763 0.530298
hs9 4411764 5882351 0.563393
hs9 5882352 7352940 0.539150
hs9 7352941 8823528 0.355363
hs9 8823529 10294116 1.000000
hs9 10294117 11764704 0.209853
hs9 11764705 13235293 0.139076
hs9 13235294 14705881 0.217317
hs9 14705882 16176469 0.575838
hs9 16176470 17647057 0.617626
hs9 17647058 19117646 0.506983
hs9 19117647 20588234 0.445516
hs9 20588235 22058822 0.464857
hs9 22058823 23529410 0.039374
hs9 23529411 24999999 0.092453
hs9 25000000 26470587 0.001680
hs9 26470588 27941175 0.429822
hs9 27941176 29411763 0.522434
hs9 29411764 30882351 0.000000
hs9 30882352 32352940 0.000000
hs9 32352941 33823528 0.565893
hs9 33823529 35294116 0.612082
hs9 35294117 36764704 0.536693
hs9 36764705 38235293 0.636009
hs9 38235294 39705881 0.220827
hs9 39705882 41176469 0.036468
hs9 41176470 42647057 0.139315
hs9 42647058 44117646 0.098413
hs9 44117647 45588234 0.042286
hs9 45588235 47058822 0.042196
hs9 47058823 48529410 0.000000
hs9 48529411 49999999 0.000000
hs9 50000000 51470587 0.000000
hs9 51470588 52941175 0.000000
hs9 52941176 54411763 0.000000
hs9 54411764 55882351 0.000000
hs9 55882352 57352940 0.000000
hs9 57352941 58823528 0.000000
hs9 58823529 60294116 0.000000
hs9 60294117 61764704 0.000000
hs9 61764705 63235293 0.000000
hs9 63235294 64705881 0.000000
hs9 64705882 66176469 0.018173
hs9 66176470 67647057 0.092857
hs9 67647058 69117646 0.130522
hs9 69117647 70588234 0.305682
hs9 70588235 72058822 0.719399
hs9 72058823 73529410 0.512683
hs9 73529411 74999999 0.453087
hs9 75000000 76470587 0.114592
hs9 76470588 77941175 0.387756
hs9 77941176 79411763 0.596678
hs9 79411764 80882351 0.283042
hs9 80882352 82352940 0.105250
hs9 82352941 83823528 0.089176
hs9 83823529 85294116 0.219449
hs9 85294117 86764704 0.488091
hs9 86764705 88235293 0.386437
hs9 88235294 89705881 0.194814
hs9 89705882 91176469 0.270501
hs9 91176470 92647057 0.180679
hs9 92647058 94117646 0.444746
hs9 94117647 95588234 0.749650
hs9 95588235 97058822 0.553671
hs9 97058823 98529410 0.434445
hs9 98529411 99999999 0.546062
hs9 100000000 101470587 0.526723
hs9 101470588 102941175 0.499030
hs9 102941176 104411763 0.313010
hs9 104411764 105882351 0.015762
hs9 105882352 107352940 0.323461
hs9 107352941 108823528 0.212621
hs9 108823529 110294116 0.036614
hs9 110294117 111764704 0.711546
hs9 111764705 113235293 0.662082
hs9 113235294 114705881 0.708040
hs9 114705882 116176469 0.564990
hs9 116176470 117647057 0.389321
hs9 117647058 119117646 0.809082
hs9 119117647 120588234 0.076703
hs9 120588235 122058822 0.137976
hs9 122058823 123529410 0.718688
hs9 123529411 124999999 0.772279
hs9 125000000 126470587 0.697758
hs9 126470588 127941175 0.746494
hs9 127941176 129411763 0.652319
hs9 129411764 130882351 0.742077
hs9 130882352 132352940 0.400481
hs9 132352941 133823528 0.632108
hs9 133823529 135294116 0.719541
hs9 135294117 136764704 0.473987
hs9 136764705 138235293 0.369175
hs9 138235294 139705881 0.673812
hs9 139705882 141176469 0.304680
hs15 0 1470587 0.000000
hs15 1470588 2941175 0.000000
hs15 2941176 4411763 0.000000
hs15 4411764 5882351 0.000000
hs15 5882352 7352940 0.000000
hs15 7352941 8823528 0.000000
hs15 8823529 10294116 0.000000
hs15 10294117 11764704 0.000000
hs15 11764705 13235293 0.000000
hs15 13235294 14705881 0.000000
hs15 14705882 16176469 0.000000
hs15 16176470 17647057 0.000000
hs15 17647058 19117646 0.015896
hs15 19117647 20588234 0.300433
hs15 20588235 22058822 0.132660
hs15 22058823 23529410 0.287361
hs15 23529411 24999999 0.459162
hs15 25000000 26470587 0.702804
hs15 26470588 27941175 0.556213
hs15 27941176 29411763 0.273030
hs15 29411764 30882351 0.371825
hs15 30882352 32352940 0.834610
hs15 32352941 33823528 0.348091
hs15 33823529 35294116 0.328037
hs15 35294117 36764704 0.155048
hs15 36764705 38235293 0.307977
hs15 38235294 39705881 0.643243
hs15 39705882 41176469 0.846922
hs15 41176470 42647057 0.781030
hs15 42647058 44117646 0.378306
hs15 44117647 45588234 0.308225
hs15 45588235 47058822 0.469218
hs15 47058823 48529410 0.745052
hs15 48529411 49999999 0.694188
hs15 50000000 51470587 0.429510
hs15 51470588 52941175 0.585908
hs15 52941176 54411763 0.527736
hs15 54411764 55882351 0.639596
hs15 55882352 57352940 0.585944
hs15 57352941 58823528 0.412721
hs15 58823529 60294116 0.475330
hs15 60294117 61764704 0.405128
hs15 61764705 63235293 0.736219
hs15 63235294 64705881 0.750109
hs15 64705882 66176469 0.565317
hs15 66176470 67647057 0.604041
hs15 67647058 69117646 0.237710
hs15 69117647 70588234 0.816932
hs15 70588235 72058822 0.517608
hs15 72058823 73529410 0.512170
hs15 73529411 74999999 0.780958
hs15 75000000 76470587 0.416378
hs15 76470588 77941175 0.333786
hs15 77941176 79411763 0.523877
hs15 79411764 80882351 0.366682
hs15 80882352 82352940 0.678376
hs15 82352941 83823528 0.517530
hs15 83823529 85294116 0.757282
hs15 85294117 86764704 0.313891
hs15 86764705 88235293 0.488323
hs15 88235294 89705881 0.584330
hs15 89705882 91176469 0.316739
hs15 91176470 92647057 0.121122
hs15 92647058 94117646 0.173999
hs15 94117647 95588234 0.011255
hs15 95588235 97058822 0.184086
hs15 97058823 98529410 0.651583
hs15 98529411 99999999 0.594060
hs15 100000000 101470587 0.070829
hs5 0 1470587 0.528338
hs5 1470588 2941175 0.122213
hs5 2941176 4411763 0.003639
hs5 4411764 5882351 0.192537
hs5 5882352 7352940 0.133404
hs5 7352941 8823528 0.336922
hs5 8823529 10294116 0.537018
hs5 10294117 11764704 0.731458
hs5 11764705 13235293 0.287459
hs5 13235294 14705881 0.444843
hs5 14705882 16176469 0.474392
hs5 16176470 17647057 0.432229
hs5 17647058 19117646 0.000000
hs5 19117647 20588234 0.350335
hs5 20588235 22058822 0.273350
hs5 22058823 23529410 0.571598
hs5 23529411 24999999 0.121507
hs5 25000000 26470587 0.000000
hs5 26470588 27941175 0.107428
hs5 27941176 29411763 0.000000
hs5 29411764 30882351 0.000000
hs5 30882352 32352940 0.498804
hs5 32352941 33823528 0.323153
hs5 33823529 35294116 0.479267
hs5 35294117 36764704 0.405351
hs5 36764705 38235293 0.550064
hs5 38235294 39705881 0.545296
hs5 39705882 41176469 0.178076
hs5 41176470 42647057 0.465427
hs5 42647058 44117646 0.389333
hs5 44117647 45588234 0.260717
hs5 45588235 47058822 0.097745
hs5 47058823 48529410 0.000000
hs5 48529411 49999999 0.032446
hs5 50000000 51470587 0.129010
hs5 51470588 52941175 0.238991
hs5 52941176 54411763 0.371830
hs5 54411764 55882351 0.531742
hs5 55882352 57352940 0.151917
hs5 57352941 58823528 0.545590
hs5 58823529 60294116 0.911537
hs5 60294117 61764704 0.403838
hs5 61764705 63235293 0.136106
hs5 63235294 64705881 0.590086
hs5 64705882 66176469 0.582750
hs5 66176470 67647057 0.281801
hs5 67647058 69117646 0.642160
hs5 69117647 70588234 1.068504
hs5 70588235 72058822 0.341260
hs5 72058823 73529410 0.408262
hs5 73529411 74999999 0.422176
hs5 75000000 76470587 0.558022
hs5 76470588 77941175 0.624444
hs5 77941176 79411763 0.568803
hs5 79411764 80882351 0.712960
hs5 80882352 82352940 0.341310
hs5 82352941 83823528 0.637162
hs5 83823529 85294116 0.000000
hs5 85294117 86764704 0.108965
hs5 86764705 88235293 0.274200
hs5 88235294 89705881 0.000226
hs5 89705882 91176469 0.507747
hs5 91176470 92647057 0.000000
hs5 92647058 94117646 0.865407
hs5 94117647 95588234 0.628050
hs5 95588235 97058822 0.281310
hs5 97058823 98529410 0.067001
hs5 98529411 99999999 0.040846
hs5 100000000 101470587 0.065517
hs5 101470588 102941175 0.337664
hs5 102941176 104411763 0.000000
hs5 104411764 105882351 0.000425
hs5 105882352 107352940 0.288531
hs5 107352941 108823528 0.617356
hs5 108823529 110294116 0.467489
hs5 110294117 111764704 0.549237
hs5 111764705 113235293 0.548031
hs5 113235294 114705881 0.184680
hs5 114705882 116176469 0.415320
hs5 116176470 117647057 0.000000
hs5 117647058 119117646 0.374972
hs5 119117647 120588234 0.151604
hs5 120588235 122058822 0.175924
hs5 122058823 123529410 0.349814
hs5 123529411 124999999 0.073574
hs5 125000000 126470587 0.318981
hs5 126470588 127941175 0.452266
hs5 127941176 129411763 0.346136
hs5 129411764 130882351 0.275144
hs5 130882352 132352940 0.550935
hs5 132352941 133823528 0.495195
hs5 133823529 135294116 0.373444
hs5 135294117 136764704 0.468704
hs5 136764705 138235293 0.582447
hs5 138235294 139705881 0.663253
hs5 139705882 141176469 3.849643
hs5 141176470 142647057 0.494527
hs5 142647058 144117646 0.323568
hs5 144117647 145588234 0.225058
hs5 145588235 147058822 0.638978
hs5 147058823 148529410 0.406496
hs5 148529411 149999999 0.671305
hs5 150000000 151470587 0.455704
hs5 151470588 152941175 0.071155
hs5 152941176 154411763 0.534077
hs5 154411764 155882351 0.133285
hs5 155882352 157352940 0.546520
hs5 157352941 158823528 0.345661
hs5 158823529 160294116 0.482158
hs5 160294117 161764704 0.286553
hs5 161764705 163235293 0.041847
hs5 163235294 164705881 0.000000
hs5 164705882 166176469 0.000000
hs5 166176470 167647057 0.665938
hs5 167647058 169117646 0.690527
hs5 169117647 170588234 0.886750
hs5 170588235 172058822 0.463236
hs5 172058823 173529410 0.323749
hs5 173529411 174999999 0.040751
hs5 175000000 176470587 0.503494
hs5 176470588 177941175 0.633767
hs5 177941176 179411763 0.536916
hs5 179411764 180882351 0.378900
hsY 0 1470587 0.152676
hsY 1470588 2941175 0.468938
hsY 2941176 4411763 0.000651
hsY 4411764 5882351 0.504559
hsY 5882352 7352940 0.284161
hsY 7352941 8823528 0.029265
hsY 8823529 10294116 0.617195
hsY 10294117 11764704 0.001586
hsY 11764705 13235293 0.010523
hsY 13235294 14705881 0.301611
hsY 14705882 16176469 0.218526
hsY 16176470 17647057 0.000000
hsY 17647058 19117646 0.064241
hsY 19117647 20588234 0.317635
hsY 20588235 22058822 0.069615
hsY 22058823 23529410 0.328075
hsY 23529411 24999999 0.306808
hsY 25000000 26470587 0.371874
hsY 26470588 27941175 0.000000
hsY 27941176 29411763 0.000000
hsY 29411764 30882351 0.000000
hsY 30882352 32352940 0.000000
hsY 32352941 33823528 0.000000
hsY 33823529 35294116 0.000000
hsY 35294117 36764704 0.000000
hsY 36764705 38235293 0.000000
hsY 38235294 39705881 0.000000
hsY 39705882 41176469 0.000000
hsY 41176470 42647057 0.000000
hsY 42647058 44117646 0.000000
hsY 44117647 45588234 0.000000
hsY 45588235 47058822 0.000000
hsY 47058823 48529410 0.000000
hsY 48529411 49999999 0.000000
hsY 50000000 51470587 0.000000
hsY 51470588 52941175 0.000000
hsY 52941176 54411763 0.000000
hsY 54411764 55882351 0.000000
hsY 55882352 57352940 0.000000
hsY 57352941 58823528 0.061470
hs1 0 1470587 0.319823
hs1 1470588 2941175 0.576188
hs1 2941176 4411763 0.541151
hs1 4411764 5882351 0.112638
hs1 5882352 7352940 0.874977
hs1 7352941 8823528 0.693760
hs1 8823529 10294116 0.604297
hs1 10294117 11764704 0.593748
hs1 11764705 13235293 0.499744
hs1 13235294 14705881 0.189177
hs1 14705882 16176469 0.817511
hs1 16176470 17647057 0.536802
hs1 17647058 19117646 0.468636
hs1 19117647 20588234 0.505781
hs1 20588235 22058822 0.696778
hs1 22058823 23529410 0.465890
hs1 23529411 24999999 0.507939
hs1 25000000 26470587 0.528746
hs1 26470588 27941175 0.523361
hs1 27941176 29411763 0.729683
hs1 29411764 30882351 0.073813
hs1 30882352 32352940 0.448830
hs1 32352941 33823528 0.596072
hs1 33823529 35294116 0.508261
hs1 35294117 36764704 0.614588
hs1 36764705 38235293 0.415318
hs1 38235294 39705881 0.363231
hs1 39705882 41176469 0.514899
hs1 41176470 42647057 0.584926
hs1 42647058 44117646 0.546597
hs1 44117647 45588234 0.711519
hs1 45588235 47058822 0.693128
hs1 47058823 48529410 0.264442
hs1 48529411 49999999 0.986996
hs1 50000000 51470587 0.675092
hs1 51470588 52941175 0.755316
hs1 52941176 54411763 0.683295
hs1 54411764 55882351 0.488148
hs1 55882352 57352940 0.321487
hs1 57352941 58823528 0.818713
hs1 58823529 60294116 0.465501
hs1 60294117 61764704 0.274321
hs1 61764705 63235293 0.614663
hs1 63235294 64705881 0.488891
hs1 64705882 66176469 0.715967
hs1 66176470 67647057 0.767439
hs1 67647058 69117646 0.231150
hs1 69117647 70588234 0.382482
hs1 70588235 72058822 0.460505
hs1 72058823 73529410 0.314189
hs1 73529411 74999999 0.468967
hs1 75000000 76470587 0.532391
hs1 76470588 77941175 0.767498
hs1 77941176 79411763 0.471092
hs1 79411764 80882351 0.000000
hs1 80882352 82352940 0.130578
hs1 82352941 83823528 0.000000
hs1 83823529 85294116 0.500543
hs1 85294117 86764704 0.678498
hs1 86764705 88235293 0.275813
hs1 88235294 89705881 0.290348
hs1 89705882 91176469 0.230013
hs1 91176470 92647057 0.558224
hs1 92647058 94117646 0.589684
hs1 94117647 95588234 0.422454
hs1 95588235 97058822 0.063530
hs1 97058823 98529410 0.573525
hs1 98529411 99999999 0.245195
hs1 100000000 101470587 0.474327
hs1 101470588 102941175 0.151077
hs1 102941176 104411763 0.275895
hs1 104411764 105882351 0.235749
hs1 105882352 107352940 0.000000
hs1 107352941 108823528 0.574520
hs1 108823529 110294116 0.599632
hs1 110294117 111764704 0.277705
hs1 111764705 113235293 0.529572
hs1 113235294 114705881 0.481683
hs1 114705882 116176469 0.455096
hs1 116176470 117647057 0.394147
hs1 117647058 119117646 0.346176
hs1 119117647 120588234 0.359085
hs1 120588235 122058822 0.059366
hs1 122058823 123529410 0.000000
hs1 123529411 124999999 0.000000
hs1 125000000 126470587 0.000000
hs1 126470588 127941175 0.000000
hs1 127941176 129411763 0.000000
hs1 129411764 130882351 0.000000
hs1 130882352 132352940 0.000000
hs1 132352941 133823528 0.000000
hs1 133823529 135294116 0.000000
hs1 135294117 136764704 0.000000
hs1 136764705 138235293 0.000000
hs1 138235294 139705881 0.000000
hs1 139705882 141176469 0.000000
hs1 141176470 142647057 0.054273
hs1 142647058 144117646 0.501843
hs1 144117647 145588234 0.467290
hs1 145588235 147058822 0.267396
hs1 147058823 148529410 0.247927
hs1 148529411 149999999 0.673284
hs1 150000000 151470587 0.170765
hs1 151470588 152941175 0.584168
hs1 152941176 154411763 0.721893
hs1 154411764 155882351 0.481632
hs1 155882352 157352940 0.291309
hs1 157352941 158823528 0.369799
hs1 158823529 160294116 0.516564
hs1 160294117 161764704 0.466891
hs1 161764705 163235293 0.198727
hs1 163235294 164705881 0.412477
hs1 164705882 166176469 0.535502
hs1 166176470 167647057 0.419508
hs1 167647058 169117646 0.389545
hs1 169117647 170588234 0.659459
hs1 170588235 172058822 0.341227
hs1 172058823 173529410 0.729271
hs1 173529411 174999999 0.669419
hs1 175000000 176470587 0.460922
hs1 176470588 177941175 0.712592
hs1 177941176 179411763 0.663041
hs1 179411764 180882351 0.318073
hs1 180882352 182352940 0.726275
hs1 182352941 183823528 0.504355
hs1 183823529 185294116 0.524338
hs1 185294117 186764704 0.000000
hs1 186764705 188235293 0.000000
hs1 188235294 189705881 0.258376
hs1 189705882 191176469 0.074323
hs1 191176470 192647057 0.153983
hs1 192647058 194117646 0.000000
hs1 194117647 195588234 0.550649
hs1 195588235 197058822 0.486282
hs1 197058823 198529410 0.102675
hs1 198529411 199999999 0.462095
hs1 200000000 201470587 0.723031
hs1 201470588 202941175 0.470112
hs1 202941176 204411763 0.486762
hs1 204411764 205882351 0.546251
hs1 205882352 207352940 0.253849
hs1 207352941 208823528 0.470636
hs1 208823529 210294116 0.636961
hs1 210294117 211764704 0.474383
hs1 211764705 213235293 0.311039
hs1 213235294 214705881 0.805937
hs1 214705882 216176469 0.728198
hs1 216176470 217647057 0.129394
hs1 217647058 219117646 0.349283
hs1 219117647 220588234 0.035854
hs1 220588235 222058822 0.462345
hs1 222058823 223529410 0.503467
hs1 223529411 224999999 0.533541
hs1 225000000 226470587 0.498390
hs1 226470588 227941175 0.305739
hs1 227941176 229411763 0.396959
hs1 229411764 230882351 0.840119
hs1 230882352 232352940 0.480364
hs1 232352941 233823528 0.468731
hs1 233823529 235294116 0.591346
hs1 235294117 236764704 0.577863
hs1 236764705 238235293 0.190635
hs1 238235294 239705881 0.739541
hs1 239705882 241176469 0.524049
hs1 241176470 242647057 0.562242
hs1 242647058 244117646 0.776623
hs1 244117647 245588234 0.683962
hs1 245588235 247058822 0.200527
hs1 247058823 248529410 0.033092
hs19 0 1470587 0.558966
hs19 1470588 2941175 0.656782
hs19 2941176 4411763 0.723940
hs19 4411764 5882351 0.577350
hs19 5882352 7352940 0.605456
hs19 7352941 8823528 0.517530
hs19 8823529 10294116 0.507992
hs19 10294117 11764704 0.692414
hs19 11764705 13235293 0.572885
hs19 13235294 14705881 0.567639
hs19 14705882 16176469 0.409509
hs19 16176470 17647057 0.741437
hs19 17647058 19117646 0.685031
hs19 19117647 20588234 0.545567
hs19 20588235 22058822 0.326660
hs19 22058823 23529410 0.095828
hs19 23529411 24999999 0.110874
hs19 25000000 26470587 0.000000
hs19 26470588 27941175 0.000000
hs19 27941176 29411763 0.000000
hs19 29411764 30882351 0.000000
hs19 30882352 32352940 0.000000
hs19 32352941 33823528 0.002345
hs19 33823529 35294116 0.116245
hs19 35294117 36764704 0.177145
hs19 36764705 38235293 0.349111
hs19 38235294 39705881 0.499419
hs19 39705882 41176469 0.375261
hs19 41176470 42647057 0.538330
hs19 42647058 44117646 0.776782
hs19 44117647 45588234 0.454069
hs19 45588235 47058822 0.509158
hs19 47058823 48529410 0.393874
hs19 48529411 49999999 0.510720
hs19 50000000 51470587 0.551322
hs19 51470588 52941175 0.557936
hs19 52941176 54411763 0.694220
hs19 54411764 55882351 0.680218
hs19 55882352 57352940 0.434245
hs19 57352941 58823528 0.583413
hs19 58823529 60294116 0.522422
hs19 60294117 61764704 0.563445
hs19 61764705 63235293 0.410946
hs19 63235294 64705881 0.224762
hs2 0 1470587 0.389995
hs2 1470588 2941175 0.487963
hs2 2941176 4411763 0.287821
hs2 4411764 5882351 0.005930
hs2 5882352 7352940 0.148670
hs2 7352941 8823528 0.063888
hs2 8823529 10294116 0.590306
hs2 10294117 11764704 0.469090
hs2 11764705 13235293 0.072527
hs2 13235294 14705881 0.005003
hs2 14705882 16176469 0.300666
hs2 16176470 17647057 0.126410
hs2 17647058 19117646 0.178939
hs2 19117647 20588234 0.161799
hs2 20588235 22058822 0.148775
hs2 22058823 23529410 0.045974
hs2 23529411 24999999 0.748665
hs2 25000000 26470587 0.721543
hs2 26470588 27941175 0.694668
hs2 27941176 29411763 0.751142
hs2 29411764 30882351 0.617786
hs2 30882352 32352940 0.540774
hs2 32352941 33823528 0.824708
hs2 33823529 35294116 0.000000
hs2 35294117 36764704 0.163755
hs2 36764705 38235293 0.522426
hs2 38235294 39705881 0.509816
hs2 39705882 41176469 0.337262
hs2 41176470 42647057 0.160821
hs2 42647058 44117646 0.600100
hs2 44117647 45588234 0.471487
hs2 45588235 47058822 0.680260
hs2 47058823 48529410 0.357522
hs2 48529411 49999999 0.389647
hs2 50000000 51470587 0.756962
hs2 51470588 52941175 0.000000
hs2 52941176 54411763 0.444471
hs2 54411764 55882351 0.650779
hs2 55882352 57352940 0.176928
hs2 57352941 58823528 0.132918
hs2 58823529 60294116 0.000000
hs2 60294117 61764704 0.506176
hs2 61764705 63235293 0.497678
hs2 63235294 64705881 0.515498
hs2 64705882 66176469 0.201987
hs2 66176470 67647057 0.102309
hs2 67647058 69117646 0.320588
hs2 69117647 70588234 0.590388
hs2 70588235 72058822 0.475653
hs2 72058823 73529410 0.668894
hs2 73529411 74999999 0.619914
hs2 75000000 76470587 0.207573
hs2 76470588 77941175 0.526759
hs2 77941176 79411763 0.009906
hs2 79411764 80882351 0.774124
hs2 80882352 82352940 0.000000
hs2 82352941 83823528 0.000658
hs2 83823529 85294116 0.387146
hs2 85294117 86764704 0.542645
hs2 86764705 88235293 0.583628
hs2 88235294 89705881 0.133538
hs2 89705882 91176469 0.000000
hs2 91176470 92647057 0.021347
hs2 92647058 94117646 0.000000
hs2 94117647 95588234 0.216991
hs2 95588235 97058822 0.375110
hs2 97058823 98529410 0.604640
hs2 98529411 99999999 0.809949
hs2 100000000 101470587 0.498258
hs2 101470588 102941175 0.441748
hs2 102941176 104411763 0.000000
hs2 104411764 105882351 0.300098
hs2 105882352 107352940 0.182099
hs2 107352941 108823528 0.286979
hs2 108823529 110294116 0.759323
hs2 110294117 111764704 0.607473
hs2 111764705 113235293 0.536118
hs2 113235294 114705881 0.303687
hs2 114705882 116176469 0.856869
hs2 116176470 117647057 0.096781
hs2 117647058 119117646 0.093705
hs2 119117647 120588234 0.474837
hs2 120588235 122058822 0.426856
hs2 122058823 123529410 0.059155
hs2 123529411 124999999 0.340454
hs2 125000000 126470587 0.264747
hs2 126470588 127941175 0.141511
hs2 127941176 129411763 0.398710
hs2 129411764 130882351 0.119142
hs2 130882352 132352940 0.319444
hs2 132352941 133823528 0.710558
hs2 133823529 135294116 0.463820
hs2 135294117 136764704 0.691890
hs2 136764705 138235293 0.467042
hs2 138235294 139705881 0.160834
hs2 139705882 141176469 0.320283
hs2 141176470 142647057 0.971904
hs2 142647058 144117646 0.461700
hs2 144117647 145588234 0.440141
hs2 145588235 147058822 0.089842
hs2 147058823 148529410 0.143838
hs2 148529411 149999999 0.764592
hs2 150000000 151470587 0.051707
hs2 151470588 152941175 0.521147
hs2 152941176 154411763 0.261193
hs2 154411764 155882351 0.503192
hs2 155882352 157352940 0.108321
hs2 157352941 158823528 0.382161
hs2 158823529 160294116 0.729305
hs2 160294117 161764704 0.458563
hs2 161764705 163235293 0.709505
hs2 163235294 164705881 0.201681
hs2 164705882 166176469 0.513127
hs2 166176470 167647057 0.496493
hs2 167647058 169117646 0.421450
hs2 169117647 170588234 0.801961
hs2 170588235 172058822 0.702800
hs2 172058823 173529410 0.490411
hs2 173529411 174999999 0.421280
hs2 175000000 176470587 0.342194
hs2 176470588 177941175 0.208935
hs2 177941176 179411763 1.043576
hs2 179411764 180882351 0.469790
hs2 180882352 182352940 0.196189
hs2 182352941 183823528 0.557115
hs2 183823529 185294116 0.083490
hs2 185294117 186764704 0.212844
hs2 186764705 188235293 0.272610
hs2 188235294 189705881 0.339436
hs2 189705882 191176469 0.437763
hs2 191176470 192647057 0.423110
hs2 192647058 194117646 0.100564
hs2 194117647 195588234 0.000000
hs2 195588235 197058822 0.500915
hs2 197058823 198529410 0.663486
hs2 198529411 199999999 0.238662
hs2 200000000 201470587 0.406502
hs2 201470588 202941175 0.642318
hs2 202941176 204411763 0.705505
hs2 204411764 205882351 0.540325
hs2 205882352 207352940 0.631100
hs2 207352941 208823528 0.359651
hs2 208823529 210294116 0.327616
hs2 210294117 211764704 0.490701
hs2 211764705 213235293 0.790847
hs2 213235294 214705881 0.680303
hs2 214705882 216176469 0.573415
hs2 216176470 217647057 0.322955
hs2 217647058 219117646 0.649226
hs2 219117647 220588234 0.477743
hs2 220588235 222058822 0.046126
hs2 222058823 223529410 0.361859
hs2 223529411 224999999 0.176192
hs2 225000000 226470587 0.439213
hs2 226470588 227941175 0.393847
hs2 227941176 229411763 0.281734
hs2 229411764 230882351 0.696423
hs2 230882352 232352940 0.500279
hs2 232352941 233823528 0.680080
hs2 233823529 235294116 0.802931
hs2 235294117 236764704 0.501476
hs2 236764705 238235293 0.332398
hs2 238235294 239705881 0.436870
hs2 239705882 241176469 0.340244
hs2 241176470 242647057 0.622176
hs2 242647058 244117646 0.048706
hs8 0 1470587 0.175067
hs8 1470588 2941175 0.425172
hs8 2941176 4411763 1.000000
hs8 4411764 5882351 0.291022
hs8 5882352 7352940 0.386272
hs8 7352941 8823528 0.242349
hs8 8823529 10294116 0.421419
hs8 10294117 11764704 0.613197
hs8 11764705 13235293 0.391977
hs8 13235294 14705881 0.610023
hs8 14705882 16176469 0.505606
hs8 16176470 17647057 0.406258
hs8 17647058 19117646 0.524999
hs8 19117647 20588234 0.337338
hs8 20588235 22058822 0.194079
hs8 22058823 23529410 0.694959
hs8 23529411 24999999 0.124222
hs8 25000000 26470587 0.431807
hs8 26470588 27941175 0.512772
hs8 27941176 29411763 0.612446
hs8 29411764 30882351 0.370993
hs8 30882352 32352940 0.621891
hs8 32352941 33823528 0.374005
hs8 33823529 35294116 0.055489
hs8 35294117 36764704 0.327292
hs8 36764705 38235293 0.299641
hs8 38235294 39705881 0.697832
hs8 39705882 41176469 0.381079
hs8 41176470 42647057 0.540912
hs8 42647058 44117646 0.295916
hs8 44117647 45588234 0.000000
hs8 45588235 47058822 0.000000
hs8 47058823 48529410 0.141588
hs8 48529411 49999999 0.383608
hs8 50000000 51470587 0.331282
hs8 51470588 52941175 0.636308
hs8 52941176 54411763 0.328103
hs8 54411764 55882351 0.256900
hs8 55882352 57352940 0.484788
hs8 57352941 58823528 0.045948
hs8 58823529 60294116 0.425146
hs8 60294117 61764704 0.141044
hs8 61764705 63235293 0.411455
hs8 63235294 64705881 0.573872
hs8 64705882 66176469 0.142296
hs8 66176470 67647057 0.288706
hs8 67647058 69117646 0.707190
hs8 69117647 70588234 0.419383
hs8 70588235 72058822 0.513577
hs8 72058823 73529410 0.295992
hs8 73529411 74999999 0.623859
hs8 75000000 76470587 0.172661
hs8 76470588 77941175 0.193368
hs8 77941176 79411763 0.014748
hs8 79411764 80882351 0.184500
hs8 80882352 82352940 0.452076
hs8 82352941 83823528 0.099306
hs8 83823529 85294116 0.024555
hs8 85294117 86764704 0.619120
hs8 86764705 88235293 0.516671
hs8 88235294 89705881 0.355206
hs8 89705882 91176469 0.126198
hs8 91176470 92647057 0.354084
hs8 92647058 94117646 0.148857
hs8 94117647 95588234 0.228816
hs8 95588235 97058822 0.246473
hs8 97058823 98529410 0.504990
hs8 98529411 99999999 0.610817
hs8 100000000 101470587 0.806141
hs8 101470588 102941175 0.360201
hs8 102941176 104411763 0.472521
hs8 104411764 105882351 0.690907
hs8 105882352 107352940 0.331101
hs8 107352941 108823528 0.503517
hs8 108823529 110294116 0.211620
hs8 110294117 111764704 0.287018
hs8 111764705 113235293 0.000000
hs8 113235294 114705881 0.825642
hs8 114705882 116176469 0.000000
hs8 116176470 117647057 0.177143
hs8 117647058 119117646 0.432983
hs8 119117647 120588234 0.422878
hs8 120588235 122058822 0.703205
hs8 122058823 123529410 0.022923
hs8 123529411 124999999 0.472661
hs8 125000000 126470587 0.612245
hs8 126470588 127941175 0.009428
hs8 127941176 129411763 0.239915
hs8 129411764 130882351 0.026312
hs8 130882352 132352940 0.482543
hs8 132352941 133823528 0.460096
hs8 133823529 135294116 0.436415
hs8 135294117 136764704 0.335758
hs8 136764705 138235293 0.000000
hs8 138235294 139705881 0.274056
hs8 139705882 141176469 0.506421
hs8 141176470 142647057 0.678177
hs8 142647058 144117646 0.252343
hs8 144117647 145588234 0.505583
hs8 145588235 147058822 0.238568
hs6 0 1470587 0.296725
hs6 1470588 2941175 0.541611
hs6 2941176 4411763 0.309090
hs6 4411764 5882351 0.627552
hs6 5882352 7352940 0.534643
hs6 7352941 8823528 0.251323
hs6 8823529 10294116 0.000000
hs6 10294117 11764704 0.489471
hs6 11764705 13235293 0.431308
hs6 13235294 14705881 0.380073
hs6 14705882 16176469 0.282854
hs6 16176470 17647057 0.473381
hs6 17647058 19117646 0.386468
hs6 19117647 20588234 0.131347
hs6 20588235 22058822 0.680466
hs6 22058823 23529410 0.177107
hs6 23529411 24999999 0.411614
hs6 25000000 26470587 0.443008
hs6 26470588 27941175 0.242612
hs6 27941176 29411763 0.175991
hs6 29411764 30882351 0.342463
hs6 30882352 32352940 0.508374
hs6 32352941 33823528 0.393907
hs6 33823529 35294116 0.546430
hs6 35294117 36764704 0.694256
hs6 36764705 38235293 0.575970
hs6 38235294 39705881 0.826754
hs6 39705882 41176469 0.335746
hs6 41176470 42647057 0.581147
hs6 42647058 44117646 0.584808
hs6 44117647 45588234 0.658337
hs6 45588235 47058822 0.469511
hs6 47058823 48529410 0.387476
hs6 48529411 49999999 0.128772
hs6 50000000 51470587 0.077800
hs6 51470588 52941175 0.530304
hs6 52941176 54411763 0.504006
hs6 54411764 55882351 0.369653
hs6 55882352 57352940 0.439383
hs6 57352941 58823528 0.210774
hs6 58823529 60294116 0.000000
hs6 60294117 61764704 0.000000
hs6 61764705 63235293 0.412241
hs6 63235294 64705881 0.232303
hs6 64705882 66176469 1.000000
hs6 66176470 67647057 0.203303
hs6 67647058 69117646 0.000000
hs6 69117647 70588234 0.595123
hs6 70588235 72058822 0.609345
hs6 72058823 73529410 0.458072
hs6 73529411 74999999 0.535951
hs6 75000000 76470587 0.304489
hs6 76470588 77941175 0.228309
hs6 77941176 79411763 0.000798
hs6 79411764 80882351 0.281056
hs6 80882352 82352940 0.156641
hs6 82352941 83823528 0.172251
hs6 83823529 85294116 0.539366
hs6 85294117 86764704 0.137208
hs6 86764705 88235293 0.233161
hs6 88235294 89705881 0.404673
hs6 89705882 91176469 0.708579
hs6 91176470 92647057 0.048658
hs6 92647058 94117646 0.075609
hs6 94117647 95588234 0.093687
hs6 95588235 97058822 0.157461
hs6 97058823 98529410 0.335064
hs6 98529411 99999999 0.148488
hs6 100000000 101470587 0.426333
hs6 101470588 102941175 0.456328
hs6 102941176 104411763 0.000000
hs6 104411764 105882351 0.251729
hs6 105882352 107352940 0.317002
hs6 107352941 108823528 0.659537
hs6 108823529 110294116 0.695038
hs6 110294117 111764704 0.533642
hs6 111764705 113235293 0.410969
hs6 113235294 114705881 0.044687
hs6 114705882 116176469 0.000000
hs6 116176470 117647057 0.520842
hs6 117647058 119117646 0.655516
hs6 119117647 120588234 0.281764
hs6 120588235 122058822 0.183021
hs6 122058823 123529410 0.278420
hs6 123529411 124999999 0.852512
hs6 125000000 126470587 0.481647
hs6 126470588 127941175 0.180965
hs6 127941176 129411763 0.640321
hs6 129411764 130882351 0.570006
hs6 130882352 132352940 0.434944
hs6 132352941 133823528 0.346640
hs6 133823529 135294116 0.253505
hs6 135294117 136764704 1.107635
hs6 136764705 138235293 0.404097
hs6 138235294 139705881 0.463530
hs6 139705882 141176469 0.001625
hs6 141176470 142647057 0.059072
hs6 142647058 144117646 0.662944
hs6 144117647 145588234 0.614933
hs6 145588235 147058822 0.492797
hs6 147058823 148529410 0.248987
hs6 148529411 149999999 0.529664
hs6 150000000 151470587 0.580829
hs6 151470588 152941175 0.821253
hs6 152941176 154411763 0.191836
hs6 154411764 155882351 0.614424
hs6 155882352 157352940 0.144286
hs6 157352941 158823528 0.688050
hs6 158823529 160294116 0.380119
hs6 160294117 161764704 0.615520
hs6 161764705 163235293 1.000457
hs6 163235294 164705881 0.407772
hs6 164705882 166176469 0.248042
hs6 166176470 167647057 0.479109
hs6 167647058 169117646 0.327812
hs6 169117647 170588234 0.330868
hs6 170588235 172058822 0.029955
hs14 0 1470587 0.000000
hs14 1470588 2941175 0.000000
hs14 2941176 4411763 0.000000
hs14 4411764 5882351 0.000000
hs14 5882352 7352940 0.000000
hs14 7352941 8823528 0.000000
hs14 8823529 10294116 0.000000
hs14 10294117 11764704 0.000000
hs14 11764705 13235293 0.000000
hs14 13235294 14705881 0.000000
hs14 14705882 16176469 0.000000
hs14 16176470 17647057 0.000000
hs14 17647058 19117646 0.046839
hs14 19117647 20588234 0.150498
hs14 20588235 22058822 0.218513
hs14 22058823 23529410 0.341895
hs14 23529411 24999999 0.364867
hs14 25000000 26470587 0.103274
hs14 26470588 27941175 0.000000
hs14 27941176 29411763 0.218283
hs14 29411764 30882351 0.411279
hs14 30882352 32352940 0.629200
hs14 32352941 33823528 0.619391
hs14 33823529 35294116 0.524610
hs14 35294117 36764704 0.485007
hs14 36764705 38235293 0.227485
hs14 38235294 39705881 0.180111
hs14 39705882 41176469 0.020371
hs14 41176470 42647057 0.181584
hs14 42647058 44117646 0.002141
hs14 44117647 45588234 0.221365
hs14 45588235 47058822 0.463118
hs14 47058823 48529410 0.105343
hs14 48529411 49999999 0.397050
hs14 50000000 51470587 0.571591
hs14 51470588 52941175 0.470246
hs14 52941176 54411763 0.235851
hs14 54411764 55882351 0.460680
hs14 55882352 57352940 0.247457
hs14 57352941 58823528 0.394295
hs14 58823529 60294116 0.459422
hs14 60294117 61764704 0.517329
hs14 61764705 63235293 0.486301
hs14 63235294 64705881 0.695832
hs14 64705882 66176469 0.325655
hs14 66176470 67647057 0.903785
hs14 67647058 69117646 0.648786
hs14 69117647 70588234 0.548684
hs14 70588235 72058822 0.588130
hs14 72058823 73529410 0.747702
hs14 73529411 74999999 0.556708
hs14 75000000 76470587 0.716321
hs14 76470588 77941175 0.449823
hs14 77941176 79411763 0.992350
hs14 79411764 80882351 0.520552
hs14 80882352 82352940 0.077041
hs14 82352941 83823528 0.000000
hs14 83823529 85294116 0.066493
hs14 85294117 86764704 0.000000
hs14 86764705 88235293 0.335806
hs14 88235294 89705881 0.656651
hs14 89705882 91176469 0.650864
hs14 91176470 92647057 0.718124
hs14 92647058 94117646 0.639695
hs14 94117647 95588234 0.259449
hs14 95588235 97058822 0.289016
hs14 97058823 98529410 0.039892
hs14 98529411 99999999 0.554974
hs14 100000000 101470587 0.241510
hs14 101470588 102941175 0.637458
hs14 102941176 104411763 0.469979
hs14 104411764 105882351 0.279101
hs14 105882352 107352940 0.008892
hs17 0 1470587 0.701852
hs17 1470588 2941175 0.784102
hs17 2941176 4411763 0.628801
hs17 4411764 5882351 0.467097
hs17 5882352 7352940 0.459660
hs17 7352941 8823528 0.608918
hs17 8823529 10294116 0.808169
hs17 10294117 11764704 0.551207
hs17 11764705 13235293 0.355004
hs17 13235294 14705881 0.200324
hs17 14705882 16176469 0.452890
hs17 16176470 17647057 0.535871
hs17 17647058 19117646 0.662801
hs17 19117647 20588234 0.489843
hs17 20588235 22058822 0.189990
hs17 22058823 23529410 0.261168
hs17 23529411 24999999 0.663832
hs17 25000000 26470587 0.726275
hs17 26470588 27941175 0.598811
hs17 27941176 29411763 0.920815
hs17 29411764 30882351 0.365106
hs17 30882352 32352940 0.405228
hs17 32352941 33823528 0.612699
hs17 33823529 35294116 0.663241
hs17 35294117 36764704 0.384155
hs17 36764705 38235293 0.600464
hs17 38235294 39705881 0.559734
hs17 39705882 41176469 0.515919
hs17 41176470 42647057 0.653849
hs17 42647058 44117646 0.601673
hs17 44117647 45588234 0.448820
hs17 45588235 47058822 0.467997
hs17 47058823 48529410 0.360199
hs17 48529411 49999999 0.001588
hs17 50000000 51470587 0.273208
hs17 51470588 52941175 0.515314
hs17 52941176 54411763 0.635273
hs17 54411764 55882351 0.710168
hs17 55882352 57352940 0.769392
hs17 57352941 58823528 0.616013
hs17 58823529 60294116 0.680380
hs17 60294117 61764704 0.571391
hs17 61764705 63235293 0.750908
hs17 63235294 64705881 0.553650
hs17 64705882 66176469 0.222961
hs17 66176470 67647057 0.003673
hs17 67647058 69117646 0.562942
hs17 69117647 70588234 0.455520
hs17 70588235 72058822 0.769245
hs17 72058823 73529410 0.372125
hs17 73529411 74999999 0.744584
hs17 75000000 76470587 0.587069
hs17 76470588 77941175 0.636326
hs17 77941176 79411763 0.410403
hs21 0 1470587 0.000000
hs21 1470588 2941175 0.000000
hs21 2941176 4411763 0.000000
hs21 4411764 5882351 0.000000
hs21 5882352 7352940 0.000000
hs21 7352941 8823528 0.000000
hs21 8823529 10294116 0.297610
hs21 10294117 11764704 0.000000
hs21 11764705 13235293 0.000000
hs21 13235294 14705881 0.206309
hs21 14705882 16176469 0.213909
hs21 16176470 17647057 0.366867
hs21 17647058 19117646 0.211258
hs21 19117647 20588234 0.000000
hs21 20588235 22058822 0.408746
hs21 22058823 23529410 0.000000
hs21 23529411 24999999 0.000000
hs21 25000000 26470587 0.337141
hs21 26470588 27941175 0.112464
hs21 27941176 29411763 0.146607
hs21 29411764 30882351 0.463447
hs21 30882352 32352940 0.440167
hs21 32352941 33823528 0.481719
hs21 33823529 35294116 0.639481
hs21 35294117 36764704 0.217081
hs21 36764705 38235293 0.708842
hs21 38235294 39705881 0.443327
hs21 39705882 41176469 0.731923
hs21 41176470 42647057 0.481093
hs21 42647058 44117646 0.494796
hs21 44117647 45588234 0.678241
hs21 45588235 47058822 0.510328
