hsX 0 3571427 0.325885
hsX 3571428 7142856 0.142701
hsX 7142857 10714284 0.392357
hsX 10714285 14285713 0.467640
hsX 14285714 17857141 0.479051
hsX 17857142 21428570 0.492448
hsX 21428571 24999999 0.396250
hsX 25000000 28571427 0.024577
hsX 28571428 32142856 0.726407
hsX 32142857 35714284 0.324722
hsX 35714285 39285713 0.303330
hsX 39285714 42857141 0.246308
hsX 42857142 46428570 0.257431
hsX 46428571 49999999 0.623677
hsX 50000000 53571427 0.283983
hsX 53571428 57142856 0.293355
hsX 57142857 60714284 0.060818
hsX 60714285 64285713 0.155958
hsX 64285714 67857141 0.262371
hsX 67857142 71428570 0.519280
hsX 71428571 74999999 0.470141
hsX 75000000 78571427 0.177665
hsX 78571428 82142856 0.126576
hsX 82142857 85714284 0.333284
hsX 85714285 89285713 0.117829
hsX 89285714 92857141 0.248889
hsX 92857142 96428570 0.169292
hsX 96428571 99999999 0.295132
hsX 100000000 103571427 0.355358
hsX 103571428 107142856 0.585897
hsX 107142857 110714284 0.522345
hsX 110714285 114285713 0.356841
hsX 114285714 117857141 0.228129
hsX 117857142 121428570 0.301306
hsX 121428571 124999999 0.349965
hsX 125000000 128571427 0.038865
hsX 128571428 132142856 0.402321
hsX 132142857 135714284 0.438549
hsX 135714285 139285713 0.244357
hsX 139285714 142857141 0.037254
hsX 142857142 146428570 0.006233
hsX 146428571 149999999 0.364238
hsX 150000000 153571427 0.384596
hsX 153571428 157142856 0.201106
hs12 0 3571427 0.771657
hs12 3571428 7142856 0.507910
hs12 7142857 10714284 0.375262
hs12 10714285 14285713 0.573633
hs12 14285714 17857141 0.356879
hs12 17857142 21428570 0.438750
hs12 21428571 24999999 0.517763
hs12 25000000 28571427 0.528940
hs12 28571428 32142856 0.311133
hs12 32142857 35714284 0.186839
hs12 35714285 39285713 0.301347
hs12 39285714 42857141 0.500662
hs12 42857142 46428570 0.404734
hs12 46428571 49999999 0.589080
hs12 50000000 53571427 0.458303
hs12 53571428 57142856 0.390545
hs12 57142857 60714284 0.130645
hs12 60714285 64285713 0.529850
hs12 64285714 67857141 0.305449
hs12 67857142 71428570 0.505650
hs12 71428571 74999999 0.105732
hs12 75000000 78571427 0.391326
hs12 78571428 82142856 0.560584
hs12 82142857 85714284 0.325756
hs12 85714285 89285713 0.149508
hs12 89285714 92857141 0.173017
hs12 92857142 96428570 0.416231
hs12 96428571 99999999 0.607751
hs12 100000000 103571427 0.523375
hs12 103571428 107142856 0.542095
hs12 107142857 110714284 0.655931
hs12 110714285 114285713 0.371149
hs12 114285714 117857141 0.489059
hs12 117857142 121428570 0.697490
hs12 121428571 124999999 0.564178
hs12 125000000 128571427 0.303465
hs12 128571428 132142856 0.496380
hs12 132142857 135714284 0.023696
hs11 0 3571427 0.594543
hs11 3571428 7142856 0.319694
hs11 7142857 10714284 0.656193
hs11 10714285 14285713 0.504227
hs11 14285714 17857141 0.512012
hs11 17857142 21428570 0.693003
hs11 21428571 24999999 0.262964
hs11 25000000 28571427 0.354303
hs11 28571428 32142856 0.223098
hs11 32142857 35714284 0.502238
hs11 35714285 39285713 0.182155
hs11 39285714 42857141 0.050376
hs11 42857142 46428570 0.414814
hs11 46428571 49999999 0.475377
hs11 50000000 53571427 0.008994
hs11 53571428 57142856 0.178001
hs11 57142857 60714284 0.348427
hs11 60714285 64285713 0.588433
hs11 64285714 67857141 0.555180
hs11 67857142 71428570 0.476381
hs11 71428571 74999999 0.657129
hs11 75000000 78571427 0.711222
hs11 78571428 82142856 0.072738
hs11 82142857 85714284 0.800109
hs11 85714285 89285713 0.485596
hs11 89285714 92857141 0.233664
hs11 92857142 96428570 0.375945
hs11 96428571 99999999 0.373969
hs11 100000000 103571427 0.483250
hs11 103571428 107142856 0.317239
hs11 107142857 110714284 0.359743
hs11 110714285 114285713 0.450025
hs11 114285714 117857141 0.449043
hs11 117857142 121428570 0.455218
hs11 121428571 124999999 0.390852
hs11 125000000 128571427 0.431272
hs11 128571428 132142856 0.527242
hs11 132142857 135714284 0.319820
hs22 0 3571427 0.000000
hs22 3571428 7142856 0.000000
hs22 7142857 10714284 0.000000
hs22 10714285 14285713 0.000000
hs22 14285714 17857141 0.367703
hs22 17857142 21428570 0.405753
hs22 21428571 24999999 0.739226
hs22 25000000 28571427 0.600318
hs22 28571428 32142856 0.669258
hs22 32142857 35714284 0.405680
hs22 35714285 39285713 0.644292
hs22 39285714 42857141 0.663127
hs22 42857142 46428570 0.586324
hs22 46428571 49999999 0.294006
hs10 0 3571427 0.409762
hs10 3571428 7142856 0.243045
hs10 7142857 10714284 0.189003
hs10 10714285 14285713 0.641371
hs10 14285714 17857141 0.566527
hs10 17857142 21428570 0.527156
hs10 21428571 24999999 0.546570
hs10 25000000 28571427 0.576932
hs10 28571428 32142856 0.279325
hs10 32142857 35714284 0.534896
hs10 35714285 39285713 0.150715
hs10 39285714 42857141 0.055221
hs10 42857142 46428570 0.309493
hs10 46428571 49999999 0.345395
hs10 50000000 53571427 0.740520
hs10 53571428 57142856 0.325380
hs10 57142857 60714284 0.159762
hs10 60714285 64285713 0.419580
hs10 64285714 67857141 0.261650
hs10 67857142 71428570 0.807641
hs10 71428571 74999999 0.689879
hs10 75000000 78571427 0.651458
hs10 78571428 82142856 0.380828
hs10 82142857 85714284 0.367751
hs10 85714285 89285713 0.488495
hs10 89285714 92857141 0.383239
hs10 92857142 96428570 0.649802
hs10 96428571 99999999 0.678810
hs10 100000000 103571427 0.630018
hs10 103571428 107142856 0.748593
hs10 107142857 110714284 0.165444
hs10 110714285 114285713 0.262344
hs10 114285714 117857141 0.649886
hs10 117857142 121428570 0.438206
hs10 121428571 124999999 0.409307
hs10 125000000 128571427 0.443418
hs10 128571428 132142856 0.369684
hs10 132142857 135714284 0.317719
hs7 0 3571427 0.550872
hs7 3571428 7142856 0.605391
hs7 7142857 10714284 0.266374
hs7 10714285 14285713 0.304001
hs7 14285714 17857141 0.452833
hs7 17857142 21428570 0.273293
hs7 21428571 24999999 0.496404
hs7 25000000 28571427 0.394776
hs7 28571428 32142856 0.530355
hs7 32142857 35714284 0.542680
hs7 35714285 39285713 0.585067
hs7 39285714 42857141 0.445201
hs7 42857142 46428570 0.481847
hs7 46428571 49999999 0.340427
hs7 50000000 53571427 0.255084
hs7 53571428 57142856 0.187213
hs7 57142857 60714284 0.016273
hs7 60714285 64285713 0.117930
hs7 64285714 67857141 0.268437
hs7 67857142 71428570 0.649863
hs7 71428571 74999999 0.569704
hs7 75000000 78571427 0.706679
hs7 78571428 82142856 0.364777
hs7 82142857 85714284 0.295981
hs7 85714285 89285713 0.560174
hs7 89285714 92857141 0.452652
hs7 92857142 96428570 0.403424
hs7 96428571 99999999 0.439440
hs7 100000000 103571427 0.724270
hs7 103571428 107142856 0.631341
hs7 107142857 110714284 0.366901
hs7 110714285 114285713 0.492119
hs7 114285714 117857141 0.368350
hs7 117857142 121428570 0.300315
hs7 121428571 124999999 0.338864
hs7 125000000 128571427 0.478081
hs7 128571428 132142856 0.593762
hs7 132142857 135714284 0.611762
hs7 135714285 139285713 0.579191
hs7 139285714 142857141 0.364984
hs7 142857142 146428570 0.431416
hs7 146428571 149999999 0.598545
hs7 150000000 153571427 0.491997
hs7 153571428 157142856 0.462356
hs7 157142857 160714284 0.371538
hs4 0 3571427 0.668188
hs4 3571428 7142856 0.492504
hs4 7142857 10714284 0.469677
hs4 10714285 14285713 0.060636
hs4 14285714 17857141 0.428913
hs4 17857142 21428570 0.415197
hs4 21428571 24999999 0.256609
hs4 25000000 28571427 0.179324
hs4 28571428 32142856 0.119389
hs4 32142857 35714284 0.000000
hs4 35714285 39285713 0.467897
hs4 39285714 42857141 0.610149
hs4 42857142 46428570 0.162315
hs4 46428571 49999999 0.526851
hs4 50000000 53571427 0.104540
hs4 53571428 57142856 0.436592
hs4 57142857 60714284 0.060401
hs4 60714285 64285713 0.161093
hs4 64285714 67857141 0.134783
hs4 67857142 71428570 0.338086
hs4 71428571 74999999 0.405205
hs4 75000000 78571427 0.427674
hs4 78571428 82142856 0.528883
hs4 82142857 85714284 0.269038
hs4 85714285 89285713 0.632549
hs4 89285714 92857141 0.654780
hs4 92857142 96428570 0.653478
hs4 96428571 99999999 0.340802
hs4 100000000 103571427 0.365179
hs4 103571428 107142856 0.377733
hs4 107142857 110714284 0.434817
hs4 110714285 114285713 0.364065
hs4 114285714 117857141 0.278266
hs4 117857142 121428570 0.262598
hs4 121428571 124999999 0.438095
hs4 125000000 128571427 0.082929
hs4 128571428 132142856 0.216976
hs4 132142857 135714284 0.013350
hs4 135714285 139285713 0.003797
hs4 139285714 142857141 0.435418
hs4 142857142 146428570 0.430661
hs4 146428571 149999999 0.477485
hs4 150000000 153571427 0.423510
hs4 153571428 157142856 0.404495
hs4 157142857 160714284 0.309840
hs4 160714285 164285713 0.223592
hs4 164285714 167857141 0.415014
hs4 167857142 171428570 0.523983
hs4 171428571 174999999 0.397318
hs4 175000000 178571427 0.347092
hs4 178571428 182142856 0.076642
hs4 182142857 185714284 0.322873
hs4 185714285 189285713 0.331555
hs4 189285714 192857141 0.027149
hs16 0 3571427 0.672111
hs16 3571428 7142856 0.636042
hs16 7142857 10714284 0.411893
hs16 10714285 14285713 0.537869
hs16 14285714 17857141 0.459507
hs16 17857142 21428570 0.512119
hs16 21428571 24999999 0.564269
hs16 25000000 28571427 0.444669
hs16 28571428 32142856 0.413725
hs16 32142857 35714284 0.017338
hs16 35714285 39285713 0.000000
hs16 39285714 42857141 0.000000
hs16 42857142 46428570 0.259762
hs16 46428571 49999999 0.316310
hs16 50000000 53571427 0.272265
hs16 53571428 57142856 0.507866
hs16 57142857 60714284 0.142233
hs16 60714285 64285713 0.130771
hs16 64285714 67857141 0.627752
hs16 67857142 71428570 0.613052
hs16 71428571 74999999 0.357903
hs16 75000000 78571427 0.466670
hs16 78571428 82142856 0.618709
hs16 82142857 85714284 0.346075
hs16 85714285 89285713 0.500180
hs20 0 3571427 0.486868
hs20 3571428 7142856 0.287220
hs20 7142857 10714284 0.543617
hs20 10714285 14285713 0.319860
hs20 14285714 17857141 0.695572
hs20 17857142 21428570 0.576752
hs20 21428571 24999999 0.135335
hs20 25000000 28571427 0.143946
hs20 28571428 32142856 0.430849
hs20 32142857 35714284 0.686451
hs20 35714285 39285713 0.310128
hs20 39285714 42857141 0.616035
hs20 42857142 46428570 0.496526
hs20 46428571 49999999 0.477315
hs20 50000000 53571427 0.273140
hs20 53571428 57142856 0.260443
hs20 57142857 60714284 0.433031
hs20 60714285 64285713 0.303030
hs13 0 3571427 0.000000
hs13 3571428 7142856 0.000000
hs13 7142857 10714284 0.000000
hs13 10714285 14285713 0.000000
hs13 14285714 17857141 0.000000
hs13 17857142 21428570 0.409020
hs13 21428571 24999999 0.353562
hs13 25000000 28571427 0.461981
hs13 28571428 32142856 0.496016
hs13 32142857 35714284 0.591451
hs13 35714285 39285713 0.364176
hs13 39285714 42857141 0.482711
hs13 42857142 46428570 0.486860
hs13 46428571 49999999 0.358737
hs13 50000000 53571427 0.342044
hs13 53571428 57142856 0.032122
hs13 57142857 60714284 0.205529
hs13 60714285 64285713 0.003072
hs13 64285714 67857141 0.259701
hs13 67857142 71428570 0.307502
hs13 71428571 74999999 0.287515
hs13 75000000 78571427 0.325769
hs13 78571428 82142856 0.094540
hs13 82142857 85714284 0.119533
hs13 85714285 89285713 0.001961
hs13 89285714 92857141 0.473646
hs13 92857142 96428570 0.757824
hs13 96428571 99999999 0.586418
hs13 100000000 103571427 0.457258
hs13 103571428 107142856 0.173388
hs13 107142857 110714284 0.440961
hs13 110714285 114285713 0.381532
hs18 0 3571427 0.363836
hs18 3571428 7142856 0.348090
hs18 7142857 10714284 0.472657
hs18 10714285 14285713 0.552383
hs18 14285714 17857141 0.249257
hs18 17857142 21428570 0.441847
hs18 21428571 24999999 0.302725
hs18 25000000 28571427 0.241205
hs18 28571428 32142856 0.580538
hs18 32142857 35714284 0.495198
hs18 35714285 39285713 0.153665
hs18 39285714 42857141 0.399187
hs18 42857142 46428570 0.443237
hs18 46428571 49999999 0.432277
hs18 50000000 53571427 0.347429
hs18 53571428 57142856 0.318521
hs18 57142857 60714284 0.372004
hs18 60714285 64285713 0.067406
hs18 64285714 67857141 0.326667
hs18 67857142 71428570 0.264273
hs18 71428571 74999999 0.161520
hs18 75000000 78571427 0.202507
hs3 0 3571427 0.440539
hs3 3571428 7142856 0.248374
hs3 7142857 10714284 0.641727
hs3 10714285 14285713 0.598888
hs3 14285714 17857141 0.611598
hs3 17857142 21428570 0.208372
hs3 21428571 24999999 0.349490
hs3 25000000 28571427 0.247190
hs3 28571428 32142856 0.402917
hs3 32142857 35714284 0.333328
hs3 35714285 39285713 0.576476
hs3 39285714 42857141 0.508884
hs3 42857142 46428570 0.456619
hs3 46428571 49999999 0.730484
hs3 50000000 53571427 0.754500
hs3 53571428 57142856 0.787598
hs3 57142857 60714284 0.653582
hs3 60714285 64285713 0.684209
hs3 64285714 67857141 0.476852
hs3 67857142 71428570 0.465324
hs3 71428571 74999999 0.338096
hs3 75000000 78571427 0.188199
hs3 78571428 82142856 0.403977
hs3 82142857 85714284 0.174570
hs3 85714285 89285713 0.187245
hs3 89285714 92857141 0.091913
hs3 92857142 96428570 0.087520
hs3 96428571 99999999 0.339248
hs3 100000000 103571427 0.579877
hs3 103571428 107142856 0.130379
hs3 107142857 110714284 0.401670
hs3 110714285 114285713 0.314482
hs3 114285714 117857141 0.674101
hs3 117857142 121428570 0.299082
hs3 121428571 124999999 0.735038
hs3 125000000 128571427 0.622343
hs3 128571428 132142856 0.527070
hs3 132142857 135714284 0.661447
hs3 135714285 139285713 0.430530
hs3 139285714 142857141 0.536017
hs3 142857142 146428570 0.442840
hs3 146428571 149999999 0.094254
hs3 150000000 153571427 0.481632
hs3 153571428 157142856 0.242422
hs3 157142857 160714284 0.572880
hs3 160714285 164285713 0.295164
hs3 164285714 167857141 0.048755
hs3 167857142 171428570 0.573999
hs3 171428571 174999999 0.593643
hs3 175000000 178571427 0.449859
hs3 178571428 182142856 0.315626
hs3 182142857 185714284 0.375327
hs3 185714285 189285713 0.429162
hs3 189285714 192857141 0.478388
hs3 192857142 196428570 0.405970
hs3 196428571 199999999 0.493446
hs9 0 3571427 0.385479
hs9 3571428 7142856 0.581590
hs9 7142857 10714284 0.650882
hs9 10714285 14285713 0.118570
hs9 14285714 17857141 0.558825
hs9 17857142 21428570 0.466281
hs9 21428571 24999999 0.132400
hs9 25000000 28571427 0.354148
hs9 28571428 32142856 0.038649
hs9 32142857 35714284 0.573958
hs9 35714285 39285713 0.474647
hs9 39285714 42857141 0.086891
hs9 42857142 46428570 0.054026
hs9 46428571 49999999 0.017023
hs9 50000000 53571427 0.000000
hs9 53571428 57142856 0.000000
hs9 57142857 60714284 0.000000
hs9 60714285 64285713 0.000000
hs9 64285714 67857141 0.045718
hs9 67857142 71428570 0.372859
hs9 71428571 74999999 0.500648
hs9 75000000 78571427 0.288262
hs9 78571428 82142856 0.324163
hs9 82142857 85714284 0.202593
hs9 85714285 89285713 0.297913
hs9 89285714 92857141 0.267682
hs9 92857142 96428570 0.555750
hs9 96428571 99999999 0.552771
hs9 100000000 103571427 0.551255
hs9 103571428 107142856 0.097199
hs9 107142857 110714284 0.158409
hs9 110714285 114285713 0.748324
hs9 114285714 117857141 0.498798
hs9 117857142 121428570 0.411214
hs9 121428571 124999999 0.613948
hs9 125000000 128571427 0.669392
hs9 128571428 132142856 0.652319
hs9 132142857 135714284 0.650045
hs9 135714285 139285713 0.440900
hs9 139285714 142857141 0.227756
hs15 0 3571427 0.000000
hs15 3571428 7142856 0.000000
hs15 7142857 10714284 0.000000
hs15 10714285 14285713 0.000000
hs15 14285714 17857141 0.000000
hs15 17857142 21428570 0.181707
hs15 21428571 24999999 0.310562
hs15 25000000 28571427 0.556302
hs15 28571428 32142856 0.532148
hs15 32142857 35714284 0.317566
hs15 35714285 39285713 0.368378
hs15 39285714 42857141 0.798192
hs15 42857142 46428570 0.308588
hs15 46428571 49999999 0.719222
hs15 50000000 53571427 0.492609
hs15 53571428 57142856 0.593555
hs15 57142857 60714284 0.419554
hs15 60714285 64285713 0.698223
hs15 64285714 67857141 0.563169
hs15 67857142 71428570 0.564146
hs15 71428571 74999999 0.614658
hs15 75000000 78571427 0.385152
hs15 78571428 82142856 0.510947
hs15 82142857 85714284 0.605914
hs15 85714285 89285713 0.471812
hs15 89285714 92857141 0.307961
hs15 92857142 96428570 0.066152
hs15 96428571 99999999 0.548125
hs15 100000000 103571427 0.029165
hs5 0 3571427 0.267874
hs5 3571428 7142856 0.135709
hs5 7142857 10714284 0.430942
hs5 10714285 14285713 0.444521
hs5 14285714 17857141 0.460434
hs5 17857142 21428570 0.144255
hs5 21428571 24999999 0.397952
hs5 25000000 28571427 0.044235
hs5 28571428 32142856 0.166317
hs5 32142857 35714284 0.386432
hs5 35714285 39285713 0.563515
hs5 39285714 42857141 0.349568
hs5 42857142 46428570 0.260794
hs5 46428571 49999999 0.013360
hs5 50000000 53571427 0.271624
hs5 53571428 57142856 0.314519
hs5 57142857 60714284 0.668790
hs5 60714285 64285713 0.315255
hs5 64285714 67857141 0.437247
hs5 67857142 71428570 0.759193
hs5 71428571 74999999 0.427662
hs5 75000000 78571427 0.589149
hs5 78571428 82142856 0.566073
hs5 82142857 85714284 0.266589
hs5 85714285 89285713 0.153639
hs5 89285714 92857141 0.233243
hs5 92857142 96428570 0.686069
hs5 96428571 99999999 0.064955
hs5 100000000 103571427 0.166016
hs5 103571428 107142856 0.082497
hs5 107142857 110714284 0.531058
hs5 110714285 114285713 0.441516
hs5 114285714 117857141 0.209487
hs5 117857142 121428570 0.236229
hs5 121428571 124999999 0.227372
hs5 125000000 128571427 0.342046
hs5 128571428 132142856 0.428090
hs5 132142857 135714284 0.457416
hs5 135714285 139285713 0.562693
hs5 139285714 142857141 1.903885
hs5 142857142 146428570 0.354368
hs5 146428571 149999999 0.536946
hs5 150000000 153571427 0.306295
hs5 153571428 157142856 0.390076
hs5 157142857 160714284 0.380974
hs5 160714285 164285713 0.115521
hs5 164285714 167857141 0.327786
hs5 167857142 171428570 0.681889
hs5 171428571 174999999 0.254834
hs5 175000000 178571427 0.551230
hs5 178571428 182142856 0.294154
hsY 0 3571427 0.256227
hsY 3571428 7142856 0.294646
hsY 7142857 10714284 0.296964
hsY 10714285 14285713 0.127009
hsY 14285714 17857141 0.091498
hsY 17857142 21428570 0.184111
hsY 21428571 24999999 0.263219
hsY 25000000 28571427 0.153125
hsY 28571428 32142856 0.000000
hsY 32142857 35714284 0.000000
hsY 35714285 39285713 0.000000
hsY 39285714 42857141 0.000000
hsY 42857142 46428570 0.000000
hsY 46428571 49999999 0.000000
hsY 50000000 53571427 0.000000
hsY 53571428 57142856 0.000000
hsY 57142857 60714284 0.025311
hs1 0 3571427 0.527049
hs1 3571428 7142856 0.412565
hs1 7142857 10714284 0.699201
hs1 10714285 14285713 0.422274
hs1 14285714 17857141 0.590761
hs1 17857142 21428570 0.526693
hs1 21428571 24999999 0.529331
hs1 25000000 28571427 0.543243
hs1 28571428 32142856 0.378522
hs1 32142857 35714284 0.549497
hs1 35714285 39285713 0.395909
hs1 39285714 42857141 0.599151
hs1 42857142 46428570 0.674529
hs1 46428571 49999999 0.608025
hs1 50000000 53571427 0.729019
hs1 53571428 57142856 0.427890
hs1 57142857 60714284 0.580624
hs1 60714285 64285713 0.514155
hs1 64285714 67857141 0.665071
hs1 67857142 71428570 0.319297
hs1 71428571 74999999 0.439407
hs1 75000000 78571427 0.661175
hs1 78571428 82142856 0.097226
hs1 82142857 85714284 0.312623
hs1 85714285 89285713 0.388838
hs1 89285714 92857141 0.400593
hs1 92857142 96428570 0.382485
hs1 96428571 99999999 0.363279
hs1 100000000 103571427 0.322488
hs1 103571428 107142856 0.145708
hs1 107142857 110714284 0.528228
hs1 110714285 114285713 0.456976
hs1 114285714 117857141 0.419457
hs1 117857142 121428570 0.274097
hs1 121428571 124999999 0.000000
hs1 125000000 128571427 0.000000
hs1 128571428 132142856 0.000000
hs1 132142857 135714284 0.000000
hs1 135714285 139285713 0.000000
hs1 139285714 142857141 0.022348
hs1 142857142 146428570 0.480821
hs1 146428571 149999999 0.407661
hs1 150000000 153571427 0.434304
hs1 153571428 157142856 0.462631
hs1 157142857 160714284 0.486322
hs1 160714285 164285713 0.324919
hs1 164285714 167857141 0.461019
hs1 167857142 171428570 0.451845
hs1 171428571 174999999 0.655848
hs1 175000000 178571427 0.607233
hs1 178571428 182142856 0.538178
hs1 182142857 185714284 0.464422
hs1 185714285 189285713 0.106390
hs1 189285714 192857141 0.094008
hs1 192857142 196428570 0.352566
hs1 196428571 199999999 0.306958
hs1 200000000 203571427 0.603205
hs1 203571428 207142856 0.417974
hs1 207142857 210714284 0.509578
hs1 210714285 214285713 0.496016
hs1 214285714 217857141 0.458867
hs1 217857142 221428570 0.241728
hs1 221428571 224999999 0.534239
hs1 225000000 228571427 0.404566
hs1 228571428 232142856 0.574905
hs1 232142857 235714284 0.612973
hs1 235714285 239285713 0.418922
hs1 239285714 242857141 0.587916
hs1 242857142 246428570 0.622243
hs1 246428571 249999999 0.019139
hs19 0 3571427 0.620580
hs19 3571428 7142856 0.636549
hs19 7142857 10714284 0.531982
hs19 10714285 14285713 0.600544
hs19 14285714 17857141 0.585040
hs19 17857142 21428570 0.550912
hs19 21428571 24999999 0.137393
hs19 25000000 28571427 0.000000
hs19 28571428 32142856 0.000000
hs19 32142857 35714284 0.093384
hs19 35714285 39285713 0.299867
hs19 39285714 42857141 0.504103
hs19 42857142 46428570 0.582265
hs19 46428571 49999999 0.456688
hs19 50000000 53571427 0.564125
hs19 53571428 57142856 0.601062
hs19 57142857 60714284 0.570353
hs19 60714285 64285713 0.415078
hs2 0 3571427 0.448685
hs2 3571428 7142856 0.095000
hs2 7142857 10714284 0.330618
hs2 10714285 14285713 0.161774
hs2 14285714 17857141 0.227085
hs2 17857142 21428570 0.152394
hs2 21428571 24999999 0.327204
hs2 25000000 28571427 0.722372
hs2 28571428 32142856 0.593777
hs2 32142857 35714284 0.392930
hs2 35714285 39285713 0.433036
hs2 39285714 42857141 0.307047
hs2 42857142 46428570 0.592010
hs2 46428571 49999999 0.394476
hs2 50000000 53571427 0.311690
hs2 53571428 57142856 0.523838
hs2 57142857 60714284 0.083384
hs2 60714285 64285713 0.575719
hs2 64285714 67857141 0.146541
hs2 67857142 71428570 0.481289
hs2 71428571 74999999 0.620361
hs2 75000000 78571427 0.302406
hs2 78571428 82142856 0.322802
hs2 82142857 85714284 0.226176
hs2 85714285 89285713 0.452254
hs2 89285714 92857141 0.008790
hs2 92857142 96428570 0.138808
hs2 96428571 99999999 0.687476
hs2 100000000 103571427 0.387061
hs2 103571428 107142856 0.198552
hs2 107142857 110714284 0.478162
hs2 110714285 114285713 0.529390
hs2 114285714 117857141 0.411897
hs2 117857142 121428570 0.310785
hs2 121428571 124999999 0.263629
hs2 125000000 128571427 0.289063
hs2 128571428 132142856 0.208536
hs2 132142857 135714284 0.587697
hs2 135714285 139285713 0.453238
hs2 139285714 142857141 0.532596
hs2 142857142 146428570 0.408340
hs2 146428571 149999999 0.374060
hs2 150000000 153571427 0.343019
hs2 153571428 157142856 0.249887
hs2 157142857 160714284 0.554951
hs2 160714285 164285713 0.464838
hs2 164285714 167857141 0.469625
hs2 167857142 171428570 0.618405
hs2 171428571 174999999 0.500457
hs2 175000000 178571427 0.383205
hs2 178571428 182142856 0.522069
hs2 182142857 185714284 0.350510
hs2 185714285 189285713 0.223698
hs2 189285714 192857141 0.443136
hs2 192857142 196428570 0.063239
hs2 196428571 199999999 0.522069
hs2 200000000 203571427 0.580328
hs2 203571428 207142856 0.578465
hs2 207142857 210714284 0.435269
hs2 210714285 214285713 0.583825
hs2 214285714 217857141 0.486783
hs2 217857142 221428570 0.464004
hs2 221428571 224999999 0.240544
hs2 225000000 228571427 0.407743
hs2 228571428 232142856 0.528933
hs2 232142857 235714284 0.654813
hs2 235714285 239285713 0.474300
hs2 239285714 242857141 0.436249
hs8 0 3571427 0.423628
hs8 3571428 7142856 0.477829
hs8 7142857 10714284 0.360178
hs8 10714285 14285713 0.496923
hs8 14285714 17857141 0.526523
hs8 17857142 21428570 0.321677
hs8 21428571 24999999 0.417225
hs8 25000000 28571427 0.487886
hs8 28571428 32142856 0.503253
hs8 32142857 35714284 0.353321
hs8 35714285 39285713 0.342532
hs8 39285714 42857141 0.491655
hs8 42857142 46428570 0.095148
hs8 46428571 49999999 0.216257
hs8 50000000 53571427 0.491425
hs8 53571428 57142856 0.329363
hs8 57142857 60714284 0.212114
hs8 60714285 64285713 0.463188
hs8 64285714 67857141 0.220933
hs8 67857142 71428570 0.581050
hs8 71428571 74999999 0.430218
hs8 75000000 78571427 0.156790
hs8 78571428 82142856 0.249799
hs8 82142857 85714284 0.180969
hs8 85714285 89285713 0.461819
hs8 89285714 92857141 0.232237
hs8 92857142 96428570 0.257001
hs8 96428571 99999999 0.459450
hs8 100000000 103571427 0.608689
hs8 103571428 107142856 0.486601
hs8 107142857 110714284 0.394355
hs8 110714285 114285713 0.293472
hs8 114285714 117857141 0.171471
hs8 117857142 121428570 0.488480
hs8 121428571 124999999 0.324180
hs8 125000000 128571427 0.267288
hs8 128571428 132142856 0.297012
hs8 132142857 135714284 0.413305
hs8 135714285 139285713 0.114894
hs8 139285714 142857141 0.579828
hs8 142857142 146428570 0.410321
hs6 0 3571427 0.428442
hs6 3571428 7142856 0.475665
hs6 7142857 10714284 0.182503
hs6 10714285 14285713 0.503542
hs6 14285714 17857141 0.345531
hs6 17857142 21428570 0.378336
hs6 21428571 24999999 0.323348
hs6 25000000 28571427 0.333038
hs6 28571428 32142856 0.335255
hs6 32142857 35714284 0.507715
hs6 35714285 39285713 0.685176
hs6 39285714 42857141 0.514102
hs6 42857142 46428570 0.568824
hs6 46428571 49999999 0.307004
hs6 50000000 53571427 0.324629
hs6 53571428 57142856 0.435865
hs6 57142857 60714284 0.117356
hs6 60714285 64285713 0.182074
hs6 64285714 67857141 0.578804
hs6 67857142 71428570 0.413753
hs6 71428571 74999999 0.491508
hs6 75000000 78571427 0.219716
hs6 78571428 82142856 0.180228
hs6 82142857 85714284 0.301347
hs6 85714285 89285713 0.218637
hs6 89285714 92857141 0.403973
hs6 92857142 96428570 0.078646
hs6 96428571 99999999 0.255010
hs6 100000000 103571427 0.363448
hs6 103571428 107142856 0.192174
hs6 107142857 110714284 0.648512
hs6 110714285 114285713 0.340360
hs6 114285714 117857141 0.273466
hs6 117857142 121428570 0.345199
hs6 121428571 124999999 0.541040
hs6 125000000 128571427 0.402684
hs6 128571428 132142856 0.522325
hs6 132142857 135714284 0.333645
hs6 135714285 139285713 0.702355
hs6 139285714 142857141 0.115169
hs6 142857142 146428570 0.554253
hs6 146428571 149999999 0.455052
hs6 150000000 153571427 0.645557
hs6 153571428 157142856 0.264349
hs6 157142857 160714284 0.567122
hs6 160714285 164285713 0.764845
hs6 164285714 167857141 0.308225
hs6 167857142 171428570 0.274746
hs14 0 3571427 0.000000
hs14 3571428 7142856 0.000000
hs14 7142857 10714284 0.000000
hs14 10714285 14285713 0.000000
hs14 14285714 17857141 0.000000
hs14 17857142 21428570 0.171233
hs14 21428571 24999999 0.291020
hs14 25000000 28571427 0.049434
hs14 28571428 32142856 0.452581
hs14 32142857 35714284 0.557782
hs14 35714285 39285713 0.339643
hs14 39285714 42857141 0.083158
hs14 42857142 46428570 0.106257
hs14 46428571 49999999 0.383338
hs14 50000000 53571427 0.430980
hs14 53571428 57142856 0.386713
hs14 57142857 60714284 0.442046
hs14 60714285 64285713 0.526134
hs14 64285714 67857141 0.648192
hs14 67857142 71428570 0.511424
hs14 71428571 74999999 0.702110
hs14 75000000 78571427 0.656648
hs14 78571428 82142856 0.478211
hs14 82142857 85714284 0.027380
hs14 85714285 89285713 0.309396
hs14 89285714 92857141 0.696475
hs14 92857142 96428570 0.455730
hs14 96428571 99999999 0.244945
hs14 100000000 103571427 0.496915
hs14 103571428 107142856 0.177119
hs17 0 3571427 0.681010
hs17 3571428 7142856 0.531427
hs17 7142857 10714284 0.669860
hs17 10714285 14285713 0.409229
hs17 14285714 17857141 0.464101
hs17 17857142 21428570 0.493046
hs17 21428571 24999999 0.383722
hs17 25000000 28571427 0.689488
hs17 28571428 32142856 0.552490
hs17 32142857 35714284 0.601446
hs17 35714285 39285713 0.482165
hs17 39285714 42857141 0.606942
hs17 42857142 46428570 0.499937
hs17 46428571 49999999 0.226708
hs17 50000000 53571427 0.395266
hs17 53571428 57142856 0.741962
hs17 57142857 60714284 0.647566
hs17 60714285 64285713 0.636385
hs17 64285714 67857141 0.173898
hs17 67857142 71428570 0.597262
hs17 71428571 74999999 0.598674
hs17 75000000 78571427 0.659663
hs17 78571428 82142856 0.013077
hs21 0 3571427 0.000000
hs21 3571428 7142856 0.000000
hs21 7142857 10714284 0.122545
hs21 10714285 14285713 0.042951
hs21 14285714 17857141 0.295126
hs21 17857142 21428570 0.128048
hs21 21428571 24999999 0.113264
hs21 25000000 28571427 0.195969
hs21 28571428 32142856 0.384996
hs21 32142857 35714284 0.512516
hs21 35714285 39285713 0.502851
hs21 39285714 42857141 0.591099
hs21 42857142 46428570 0.531786
hs21 46428571 49999999 0.116465
