hsX 0 1249999 0.092098
hsX 1250000 2499999 0.483611
hsX 2500000 3749999 0.411590
hsX 3750000 4999999 0.000000
hsX 5000000 6249999 0.270900
hsX 6250000 7499999 0.188788
hsX 7500000 8749999 0.198294
hsX 8750000 9999999 0.419417
hsX 10000000 11249999 0.595949
hsX 11250000 12499999 0.635867
hsX 12500000 13749999 0.387482
hsX 13750000 14999999 0.336040
hsX 15000000 16249999 0.422742
hsX 16250000 17499999 0.527621
hsX 17500000 18749999 0.646162
hsX 18750000 19999999 0.710660
hsX 20000000 21249999 0.143552
hsX 21250000 22499999 0.524062
hsX 22500000 23749999 0.100489
hsX 23750000 24999999 0.608482
hsX 25000000 26249999 0.004482
hsX 26250000 27499999 0.004678
hsX 27500000 28749999 0.203917
hsX 28750000 29999999 0.907151
hsX 30000000 31249999 0.311154
hsX 31250000 32499999 1.000000
hsX 32500000 33749999 0.614118
hsX 33750000 34999999 0.027943
hsX 35000000 36249999 0.207983
hsX 36250000 37499999 0.261509
hsX 37500000 38749999 0.397165
hsX 38750000 39999999 0.100868
hsX 40000000 41249999 0.264261
hsX 41250000 42499999 0.337910
hsX 42500000 43749999 0.185837
hsX 43750000 44999999 0.406379
hsX 45000000 46249999 0.028456
hsX 46250000 47499999 0.559306
hsX 47500000 48749999 0.375737
hsX 48750000 49999999 0.962434
hsX 50000000 51249999 0.322934
hsX 51250000 52499999 0.159794
hsX 52500000 53749999 0.452497
hsX 53750000 54999999 0.458660
hsX 55000000 56249999 0.121902
hsX 56250000 57499999 0.272958
hsX 57500000 58749999 0.034559
hsX 58750000 59999999 0.000000
hsX 60000000 61249999 0.000000
hsX 61250000 62499999 0.003290
hsX 62500000 63749999 0.347627
hsX 63750000 64999999 0.187206
hsX 65000000 66249999 0.114954
hsX 66250000 67499999 0.401070
hsX 67500000 68749999 0.181474
hsX 68750000 69999999 0.847621
hsX 70000000 71249999 0.456570
hsX 71250000 72499999 0.472352
hsX 72500000 73749999 0.619958
hsX 73750000 74999999 0.390022
hsX 75000000 76249999 0.007242
hsX 76250000 77499999 0.470234
hsX 77500000 78749999 0.030138
hsX 78750000 79999999 0.213658
hsX 80000000 81249999 0.147987
hsX 81250000 82499999 0.000000
hsX 82500000 83749999 0.272930
hsX 83750000 84999999 0.190864
hsX 85000000 86249999 0.696428
hsX 86250000 87499999 0.121870
hsX 87500000 88749999 0.006047
hsX 88750000 89999999 0.000755
hsX 90000000 91249999 0.266458
hsX 91250000 92499999 0.411903
hsX 92500000 93749999 0.032752
hsX 93750000 94999999 0.000000
hsX 95000000 96249999 0.340834
hsX 96250000 97499999 0.393803
hsX 97500000 98749999 0.117396
hsX 98750000 99999999 0.474893
hsX 100000000 101249999 0.410394
hsX 101250000 102499999 0.448853
hsX 102500000 103749999 0.197939
hsX 103750000 104999999 0.957630
hsX 105000000 106249999 0.424012
hsX 106250000 107499999 0.505751
hsX 107500000 108749999 0.359138
hsX 108750000 109999999 0.541588
hsX 110000000 111249999 0.694147
hsX 111250000 112499999 0.362054
hsX 112500000 113749999 0.020155
hsX 113750000 114999999 0.439983
hsX 115000000 116249999 0.024347
hsX 116250000 117499999 0.258795
hsX 117500000 118749999 0.461982
hsX 118750000 119999999 0.605294
hsX 120000000 121249999 0.001869
hsX 121250000 122499999 0.245338
hsX 122500000 123749999 0.614284
hsX 123750000 124999999 0.140278
hsX 125000000 126249999 0.006478
hsX 126250000 127499999 0.001153
hsX 127500000 128749999 0.142376
hsX 128750000 129999999 0.507158
hsX 130000000 131249999 0.236306
hsX 131250000 132499999 0.461764
hsX 132500000 133749999 0.534178
hsX 133750000 134999999 0.307043
hsX 135000000 136249999 0.327622
hsX 136250000 137499999 0.004732
hsX 137500000 138749999 0.674977
hsX 138750000 139999999 0.020062
hsX 140000000 141249999 0.061410
hsX 141250000 142499999 0.013687
hsX 142500000 143749999 0.019185
hsX 143750000 144999999 0.015636
hsX 145000000 146249999 0.002172
hsX 146250000 147499999 0.165935
hsX 147500000 148749999 0.429582
hsX 148750000 149999999 0.445163
hsX 150000000 151249999 0.288272
hsX 151250000 152499999 0.317533
hsX 152500000 153749999 0.610810
hsX 153750000 154999999 0.456821
hs12 0 1249999 0.814686
hs12 1250000 2499999 0.843402
hs12 2500000 3749999 0.658523
hs12 3750000 4999999 0.339498
hs12 5000000 6249999 0.530646
hs12 6250000 7499999 0.629332
hs12 7500000 8749999 0.311720
hs12 8750000 9999999 0.384091
hs12 10000000 11249999 0.748592
hs12 11250000 12499999 0.449120
hs12 12500000 13749999 0.437992
hs12 13750000 14999999 0.530291
hs12 15000000 16249999 0.589694
hs12 16250000 17499999 0.119101
hs12 17500000 18749999 0.335049
hs12 18750000 19999999 0.290014
hs12 20000000 21249999 0.499806
hs12 21250000 22499999 0.534620
hs12 22500000 23749999 0.262206
hs12 23750000 24999999 0.811199
hs12 25000000 26249999 0.408988
hs12 26250000 27499999 0.647230
hs12 27500000 28749999 0.473391
hs12 28750000 29999999 0.404036
hs12 30000000 31249999 0.169954
hs12 31250000 32499999 0.513375
hs12 32500000 33749999 0.312241
hs12 33750000 34999999 0.004818
hs12 35000000 36249999 0.000000
hs12 36250000 37499999 0.144564
hs12 37500000 38749999 0.572265
hs12 38750000 39999999 0.551541
hs12 40000000 41249999 0.517558
hs12 41250000 42499999 0.232796
hs12 42500000 43749999 0.798699
hs12 43750000 44999999 0.484500
hs12 45000000 46249999 0.086861
hs12 46250000 47499999 0.399907
hs12 47500000 48749999 0.563190
hs12 48750000 49999999 0.779041
hs12 50000000 51249999 0.482816
hs12 51250000 52499999 0.472375
hs12 52500000 53749999 0.389978
hs12 53750000 54999999 0.360873
hs12 55000000 56249999 0.549963
hs12 56250000 57499999 0.169272
hs12 57500000 58749999 0.112489
hs12 58750000 59999999 0.000000
hs12 60000000 61249999 0.586690
hs12 61250000 62499999 0.372475
hs12 62500000 63749999 0.560592
hs12 63750000 64999999 0.522370
hs12 65000000 66249999 0.316216
hs12 66250000 67499999 0.178975
hs12 67500000 68749999 0.374164
hs12 68750000 69999999 0.490506
hs12 70000000 71249999 0.613528
hs12 71250000 72499999 0.076551
hs12 72500000 73749999 0.026810
hs12 73750000 74999999 0.275283
hs12 75000000 76249999 0.292987
hs12 76250000 77499999 0.305378
hs12 77500000 78749999 0.596524
hs12 78750000 79999999 0.526577
hs12 80000000 81249999 0.538775
hs12 81250000 82499999 0.459499
hs12 82500000 83749999 0.000000
hs12 83750000 84999999 0.359303
hs12 85000000 86249999 0.605450
hs12 86250000 87499999 0.243462
hs12 87500000 88749999 0.149682
hs12 88750000 89999999 0.041738
hs12 90000000 91249999 0.041363
hs12 91250000 92499999 0.272527
hs12 92500000 93749999 0.454249
hs12 93750000 94999999 0.549578
hs12 95000000 96249999 0.287540
hs12 96250000 97499999 0.085584
hs12 97500000 98749999 0.983410
hs12 98750000 99999999 0.704008
hs12 100000000 101249999 0.535186
hs12 101250000 102499999 0.288701
hs12 102500000 103749999 0.781138
hs12 103750000 104999999 0.283017
hs12 105000000 106249999 0.772186
hs12 106250000 107499999 0.485763
hs12 107500000 108749999 0.690343
hs12 108750000 109999999 0.590114
hs12 110000000 111249999 0.845049
hs12 111250000 112499999 0.532771
hs12 112500000 113749999 0.174449
hs12 113750000 114999999 0.095388
hs12 115000000 116249999 0.575738
hs12 116250000 117499999 0.726186
hs12 117500000 118749999 0.501758
hs12 118750000 119999999 0.598146
hs12 120000000 121249999 0.757480
hs12 121250000 122499999 0.712290
hs12 122500000 123749999 0.575438
hs12 123750000 124999999 0.459652
hs12 125000000 126249999 0.024244
hs12 126250000 127499999 0.145680
hs12 127500000 128749999 0.839977
hs12 128750000 129999999 0.340942
hs12 130000000 131249999 0.465729
hs12 131250000 132499999 0.536404
hs11 0 1249999 0.536572
hs11 1250000 2499999 0.621942
hs11 2500000 3749999 0.649907
hs11 3750000 4999999 0.340943
hs11 5000000 6249999 0.199850
hs11 6250000 7499999 0.464114
hs11 7500000 8749999 0.542211
hs11 8750000 9999999 0.736782
hs11 10000000 11249999 0.432212
hs11 11250000 12499999 0.708578
hs11 12500000 13749999 0.426147
hs11 13750000 14999999 0.657306
hs11 15000000 16249999 0.356198
hs11 16250000 17499999 0.587168
hs11 17500000 18749999 0.606018
hs11 18750000 19999999 0.638715
hs11 20000000 21249999 0.722970
hs11 21250000 22499999 0.348301
hs11 22500000 23749999 0.125987
hs11 23750000 24999999 0.419895
hs11 25000000 26249999 0.048610
hs11 26250000 27499999 0.518566
hs11 27500000 28749999 0.445118
hs11 28750000 29999999 0.005380
hs11 30000000 31249999 0.183942
hs11 31250000 32499999 0.489783
hs11 32500000 33749999 0.600396
hs11 33750000 34999999 0.447502
hs11 35000000 36249999 0.633750
hs11 36250000 37499999 0.232081
hs11 37500000 38749999 0.000000
hs11 38750000 39999999 0.000000
hs11 40000000 41249999 0.143930
hs11 41250000 42499999 0.000000
hs11 42500000 43749999 0.208080
hs11 43750000 44999999 0.481833
hs11 45000000 46249999 0.375772
hs11 46250000 47499999 0.853807
hs11 47500000 48749999 0.371094
hs11 48750000 49999999 0.252816
hs11 50000000 51249999 0.024097
hs11 51250000 52499999 0.001602
hs11 52500000 53749999 0.000000
hs11 53750000 54999999 0.008770
hs11 55000000 56249999 0.325188
hs11 56250000 57499999 0.292217
hs11 57500000 58749999 0.346902
hs11 58750000 59999999 0.254141
hs11 60000000 61249999 0.544349
hs11 61250000 62499999 0.540203
hs11 62500000 63749999 0.639673
hs11 63750000 64999999 0.552014
hs11 65000000 66249999 0.566019
hs11 66250000 67499999 0.535211
hs11 67500000 68749999 0.574733
hs11 68750000 69999999 0.255830
hs11 70000000 71249999 0.559430
hs11 71250000 72499999 0.739934
hs11 72500000 73749999 0.739130
hs11 73750000 74999999 0.536405
hs11 75000000 76249999 0.528167
hs11 76250000 77499999 0.749900
hs11 77500000 78749999 0.896854
hs11 78750000 79999999 0.063475
hs11 80000000 81249999 0.000000
hs11 81250000 82499999 0.161216
hs11 82500000 83749999 0.811677
hs11 83750000 84999999 1.000000
hs11 85000000 86249999 0.563452
hs11 86250000 87499999 0.251702
hs11 87500000 88749999 0.657779
hs11 88750000 89999999 0.319606
hs11 90000000 91249999 0.000000
hs11 91250000 92499999 0.446029
hs11 92500000 93749999 0.421749
hs11 93750000 94999999 0.335446
hs11 95000000 96249999 0.448019
hs11 96250000 97499999 0.000000
hs11 97500000 98749999 0.282336
hs11 98750000 99999999 0.786147
hs11 100000000 101249999 0.430160
hs11 101250000 102499999 0.458127
hs11 102500000 103749999 0.492426
hs11 103750000 104999999 0.084188
hs11 105000000 106249999 0.485606
hs11 106250000 107499999 0.500398
hs11 107500000 108749999 0.568425
hs11 108750000 109999999 0.187873
hs11 110000000 111249999 0.402430
hs11 111250000 112499999 0.345726
hs11 112500000 113749999 0.549462
hs11 113750000 114999999 0.360629
hs11 115000000 116249999 0.060518
hs11 116250000 117499999 0.784905
hs11 117500000 118749999 0.618047
hs11 118750000 119999999 0.309906
hs11 120000000 121249999 0.545506
hs11 121250000 122499999 0.357906
hs11 122500000 123749999 0.219105
hs11 123750000 124999999 0.539710
hs11 125000000 126249999 0.694307
hs11 126250000 127499999 0.100782
hs11 127500000 128749999 0.437117
hs11 128750000 129999999 0.418615
hs11 130000000 131249999 0.436030
hs11 131250000 132499999 0.937474
hs11 132500000 133749999 0.600181
hs11 133750000 134999999 0.027875
hs22 0 1249999 0.000000
hs22 1250000 2499999 0.000000
hs22 2500000 3749999 0.000000
hs22 3750000 4999999 0.000000
hs22 5000000 6249999 0.000000
hs22 6250000 7499999 0.000000
hs22 7500000 8749999 0.000000
hs22 8750000 9999999 0.000000
hs22 10000000 11249999 0.000000
hs22 11250000 12499999 0.000000
hs22 12500000 13749999 0.000000
hs22 13750000 14999999 0.026071
hs22 15000000 16249999 0.202125
hs22 16250000 17499999 0.598396
hs22 17500000 18749999 0.569502
hs22 18750000 19999999 0.418818
hs22 20000000 21249999 0.383304
hs22 21250000 22499999 0.414107
hs22 22500000 23749999 0.697084
hs22 23750000 24999999 1.012543
hs22 25000000 26249999 0.338116
hs22 26250000 27499999 0.781491
hs22 27500000 28749999 0.708262
hs22 28750000 29999999 0.602325
hs22 30000000 31249999 0.604846
hs22 31250000 32499999 0.878036
hs22 32500000 33749999 0.117134
hs22 33750000 34999999 0.453058
hs22 35000000 36249999 0.528178
hs22 36250000 37499999 0.679862
hs22 37500000 38749999 0.530989
hs22 38750000 39999999 0.733311
hs22 40000000 41249999 0.601521
hs22 41250000 42499999 0.736483
hs22 42500000 43749999 0.696410
hs22 43750000 44999999 0.550513
hs22 45000000 46249999 0.648187
hs22 46250000 47499999 0.197262
hs22 47500000 48749999 0.151649
hs22 48750000 49999999 0.499530
hs10 0 1249999 0.647223
hs10 1250000 2499999 0.440059
hs10 2500000 3749999 0.083465
hs10 3750000 4999999 0.091547
hs10 5000000 6249999 0.426350
hs10 6250000 7499999 0.375880
hs10 7500000 8749999 0.340646
hs10 8750000 9999999 0.000000
hs10 10000000 11249999 0.152350
hs10 11250000 12499999 0.607734
hs10 12500000 13749999 0.643834
hs10 13750000 14999999 0.806436
hs10 15000000 16249999 0.487328
hs10 16250000 17499999 0.626777
hs10 17500000 18749999 0.809626
hs10 18750000 19999999 0.196490
hs10 20000000 21249999 0.483868
hs10 21250000 22499999 0.596502
hs10 22500000 23749999 0.345832
hs10 23750000 24999999 0.762151
hs10 25000000 26249999 0.516690
hs10 26250000 27499999 0.673585
hs10 27500000 28749999 0.489820
hs10 28750000 29999999 0.274246
hs10 30000000 31249999 0.226741
hs10 31250000 32499999 0.395252
hs10 32500000 33749999 0.589854
hs10 33750000 34999999 0.449206
hs10 35000000 36249999 0.513958
hs10 36250000 37499999 0.036168
hs10 37500000 38749999 0.220614
hs10 38750000 39999999 0.019206
hs10 40000000 41249999 0.000000
hs10 41250000 42499999 0.115829
hs10 42500000 43749999 0.269182
hs10 43750000 44999999 0.111474
hs10 45000000 46249999 0.494607
hs10 46250000 47499999 0.217337
hs10 47500000 48749999 0.221074
hs10 48750000 49999999 0.599382
hs10 50000000 51249999 0.664926
hs10 51250000 52499999 0.590347
hs10 52500000 53749999 0.986283
hs10 53750000 54999999 0.005058
hs10 55000000 56249999 0.798814
hs10 56250000 57499999 0.000000
hs10 57500000 58749999 0.003070
hs10 58750000 59999999 0.156635
hs10 60000000 61249999 0.431945
hs10 61250000 62499999 0.479497
hs10 62500000 63749999 0.337114
hs10 63750000 64999999 0.543653
hs10 65000000 66249999 0.043910
hs10 66250000 67499999 0.121297
hs10 67500000 68749999 1.140062
hs10 68750000 69999999 0.757839
hs10 70000000 71249999 0.584230
hs10 71250000 72499999 0.555998
hs10 72500000 73749999 0.687470
hs10 73750000 74999999 0.838744
hs10 75000000 76249999 0.746439
hs10 76250000 77499999 0.507513
hs10 77500000 78749999 0.750215
hs10 78750000 79999999 0.427076
hs10 80000000 81249999 0.365682
hs10 81250000 82499999 0.313688
hs10 82500000 83749999 0.099961
hs10 83750000 84999999 0.789533
hs10 85000000 86249999 0.201054
hs10 86250000 87499999 0.135173
hs10 87500000 88749999 0.807834
hs10 88750000 89999999 0.497582
hs10 90000000 91249999 0.576475
hs10 91250000 92499999 0.149801
hs10 92500000 93749999 0.622423
hs10 93750000 94999999 0.609959
hs10 95000000 96249999 0.673050
hs10 96250000 97499999 0.621333
hs10 97500000 98749999 0.685180
hs10 98750000 99999999 0.706834
hs10 100000000 101249999 0.766744
hs10 101250000 102499999 0.536762
hs10 102500000 103749999 0.634627
hs10 103750000 104999999 0.744893
hs10 105000000 106249999 0.756554
hs10 106250000 107499999 0.499309
hs10 107500000 108749999 0.341272
hs10 108750000 109999999 0.131426
hs10 110000000 111249999 0.000000
hs10 111250000 112499999 0.349233
hs10 112500000 113749999 0.190954
hs10 113750000 114999999 0.613099
hs10 115000000 116249999 0.486637
hs10 116250000 117499999 0.767092
hs10 117500000 118749999 0.622812
hs10 118750000 119999999 0.345009
hs10 120000000 121249999 0.409770
hs10 121250000 122499999 0.336504
hs10 122500000 123749999 0.314291
hs10 123750000 124999999 0.592434
hs10 125000000 126249999 0.280279
hs10 126250000 127499999 0.458082
hs10 127500000 128749999 0.661338
hs10 128750000 129999999 0.545782
hs10 130000000 131249999 0.075646
hs10 131250000 132499999 0.302023
hs10 132500000 133749999 0.204526
hs10 133750000 134999999 0.565791
hs10 135000000 136249999 0.137452
hs7 0 1249999 0.473166
hs7 1250000 2499999 0.559457
hs7 2500000 3749999 0.684154
hs7 3750000 4999999 0.633905
hs7 5000000 6249999 0.645502
hs7 6250000 7499999 0.464999
hs7 7500000 8749999 0.594958
hs7 8750000 9999999 0.008534
hs7 10000000 11249999 0.162202
hs7 11250000 12499999 0.448920
hs7 12500000 13749999 0.069685
hs7 13750000 14999999 0.637278
hs7 15000000 16249999 0.474797
hs7 16250000 17499999 0.321316
hs7 17500000 18749999 0.319154
hs7 18750000 19999999 0.258727
hs7 20000000 21249999 0.251142
hs7 21250000 22499999 0.642523
hs7 22500000 23749999 0.412564
hs7 23750000 24999999 0.363210
hs7 25000000 26249999 0.091054
hs7 26250000 27499999 0.361773
hs7 27500000 28749999 0.817962
hs7 28750000 29999999 0.593735
hs7 30000000 31249999 0.424463
hs7 31250000 32499999 0.361068
hs7 32500000 33749999 0.585212
hs7 33750000 34999999 0.817482
hs7 35000000 36249999 0.299334
hs7 36250000 37499999 0.795089
hs7 37500000 38749999 0.344667
hs7 38750000 39999999 0.680257
hs7 40000000 41249999 0.664761
hs7 41250000 42499999 0.300511
hs7 42500000 43749999 0.487149
hs7 43750000 44999999 0.624074
hs7 45000000 46249999 0.265483
hs7 46250000 47499999 0.174979
hs7 47500000 48749999 0.642304
hs7 48750000 49999999 0.155365
hs7 50000000 51249999 0.646187
hs7 51250000 52499999 0.081608
hs7 52500000 53749999 0.001016
hs7 53750000 54999999 0.028105
hs7 55000000 56249999 0.486202
hs7 56250000 57499999 0.048377
hs7 57500000 58749999 0.018707
hs7 58750000 59999999 0.000000
hs7 60000000 61249999 0.000000
hs7 61250000 62499999 0.016702
hs7 62500000 63749999 0.134154
hs7 63750000 64999999 0.331228
hs7 65000000 66249999 0.525169
hs7 66250000 67499999 0.096654
hs7 67500000 68749999 0.038528
hs7 68750000 69999999 0.916658
hs7 70000000 71249999 0.758709
hs7 71250000 72499999 0.725318
hs7 72500000 73749999 0.520001
hs7 73750000 74999999 0.525264
hs7 75000000 76249999 0.587126
hs7 76250000 77499999 0.565046
hs7 77500000 78749999 1.009770
hs7 78750000 79999999 0.246937
hs7 80000000 81249999 0.257533
hs7 81250000 82499999 0.617887
hs7 82500000 83749999 0.521562
hs7 83750000 84999999 0.101102
hs7 85000000 86249999 0.111068
hs7 86250000 87499999 0.852678
hs7 87500000 88749999 0.593325
hs7 88750000 89999999 0.172832
hs7 90000000 91249999 0.404436
hs7 91250000 92499999 0.598346
hs7 92500000 93749999 0.302639
hs7 93750000 94999999 0.557347
hs7 95000000 96249999 0.453757
hs7 96250000 97499999 0.128246
hs7 97500000 98749999 0.484614
hs7 98750000 99999999 0.642685
hs7 100000000 101249999 0.488660
hs7 101250000 102499999 0.874798
hs7 102500000 103749999 0.757302
hs7 103750000 104999999 0.877154
hs7 105000000 106249999 0.332565
hs7 106250000 107499999 0.715970
hs7 107500000 108749999 0.347514
hs7 108750000 109999999 0.000790
hs7 110000000 111249999 0.824231
hs7 111250000 112499999 0.583618
hs7 112500000 113749999 0.230253
hs7 113750000 114999999 0.372874
hs7 115000000 116249999 0.252314
hs7 116250000 117499999 0.691439
hs7 117500000 118749999 0.030463
hs7 118750000 119999999 0.239234
hs7 120000000 121249999 0.516266
hs7 121250000 122499999 0.667902
hs7 122500000 123749999 0.301089
hs7 123750000 124999999 0.101734
hs7 125000000 126249999 0.307290
hs7 126250000 127499999 0.720795
hs7 127500000 128749999 0.455778
hs7 128750000 129999999 0.635106
hs7 130000000 131249999 0.504998
hs7 131250000 132499999 0.658052
hs7 132500000 133749999 0.781807
hs7 133750000 134999999 0.603033
hs7 135000000 136249999 0.180394
hs7 136250000 137499999 0.675976
hs7 137500000 138749999 0.582962
hs7 138750000 139999999 0.689386
hs7 140000000 141249999 0.367198
hs7 141250000 142499999 0.255862
hs7 142500000 143749999 0.227285
hs7 143750000 144999999 0.307291
hs7 145000000 146249999 0.644492
hs7 146250000 147499999 1.000085
hs7 147500000 148749999 0.501720
hs7 148750000 149999999 0.351179
hs7 150000000 151249999 0.645554
hs7 151250000 152499999 0.475289
hs7 152500000 153749999 0.427719
hs7 153750000 154999999 0.557454
hs7 155000000 156249999 0.230945
hs7 156250000 157499999 0.675474
hs7 157500000 158749999 0.775822
hs4 0 1249999 0.694007
hs4 1250000 2499999 0.623280
hs4 2500000 3749999 0.593390
hs4 3750000 4999999 0.222755
hs4 5000000 6249999 0.785410
hs4 6250000 7499999 0.609710
hs4 7500000 8749999 0.734911
hs4 8750000 9999999 0.225070
hs4 10000000 11249999 0.194181
hs4 11250000 12499999 0.000000
hs4 12500000 13749999 0.148728
hs4 13750000 14999999 0.093458
hs4 15000000 16249999 0.564009
hs4 16250000 17499999 0.461932
hs4 17500000 18749999 0.106066
hs4 18750000 19999999 0.108534
hs4 20000000 21249999 0.934885
hs4 21250000 22499999 0.459714
hs4 22500000 23749999 0.078446
hs4 23750000 24999999 0.337865
hs4 25000000 26249999 0.287789
hs4 26250000 27499999 0.224566
hs4 27500000 28749999 0.000000
hs4 28750000 29999999 0.000000
hs4 30000000 31249999 0.341110
hs4 31250000 32499999 0.000000
hs4 32500000 33749999 0.000000
hs4 33750000 34999999 0.000000
hs4 35000000 36249999 0.193995
hs4 36250000 37499999 0.351647
hs4 37500000 38749999 0.477641
hs4 38750000 39999999 0.658799
hs4 40000000 41249999 0.715832
hs4 41250000 42499999 0.572303
hs4 42500000 43749999 0.109914
hs4 43750000 44999999 0.280738
hs4 45000000 46249999 0.183018
hs4 46250000 47499999 0.779531
hs4 47500000 48749999 0.718674
hs4 48750000 49999999 0.007082
hs4 50000000 51249999 0.000000
hs4 51250000 52499999 0.058983
hs4 52500000 53749999 0.382561
hs4 53750000 54999999 0.414571
hs4 55000000 56249999 0.301542
hs4 56250000 57499999 0.444338
hs4 57500000 58749999 0.116669
hs4 58750000 59999999 0.000000
hs4 60000000 61249999 0.000000
hs4 61250000 62499999 0.363654
hs4 62500000 63749999 0.096611
hs4 63750000 64999999 0.104796
hs4 65000000 66249999 0.280298
hs4 66250000 67499999 0.000000
hs4 67500000 68749999 0.380036
hs4 68750000 69999999 0.246628
hs4 70000000 71249999 0.268889
hs4 71250000 72499999 0.494300
hs4 72500000 73749999 0.482702
hs4 73750000 74999999 0.251132
hs4 75000000 76249999 0.296340
hs4 76250000 77499999 0.502992
hs4 77500000 78749999 0.501050
hs4 78750000 79999999 0.661738
hs4 80000000 81249999 0.233685
hs4 81250000 82499999 0.651575
hs4 82500000 83749999 0.144484
hs4 83750000 84999999 0.505874
hs4 85000000 86249999 0.328350
hs4 86250000 87499999 0.697794
hs4 87500000 88749999 0.631052
hs4 88750000 89999999 0.494922
hs4 90000000 91249999 0.349676
hs4 91250000 92499999 0.986338
hs4 92500000 93749999 0.438257
hs4 93750000 94999999 0.930991
hs4 95000000 96249999 0.556958
hs4 96250000 97499999 0.344390
hs4 97500000 98749999 0.040761
hs4 98750000 99999999 0.723358
hs4 100000000 101249999 0.379330
hs4 101250000 102499999 0.361106
hs4 102500000 103749999 0.389718
hs4 103750000 104999999 0.529157
hs4 105000000 106249999 0.015301
hs4 106250000 107499999 0.691390
hs4 107500000 108749999 0.091597
hs4 108750000 109999999 0.456641
hs4 110000000 111249999 0.784942
hs4 111250000 112499999 0.157173
hs4 112500000 113749999 0.248216
hs4 113750000 114999999 0.740179
hs4 115000000 116249999 0.351804
hs4 116250000 117499999 0.003621
hs4 117500000 118749999 0.001622
hs4 118750000 119999999 0.378966
hs4 120000000 121249999 0.369690
hs4 121250000 122499999 0.304661
hs4 122500000 123749999 0.359243
hs4 123750000 124999999 0.587797
hs4 125000000 126249999 0.095722
hs4 126250000 127499999 0.141218
hs4 127500000 128749999 0.000000
hs4 128750000 129999999 0.424365
hs4 130000000 131249999 0.195568
hs4 131250000 132499999 0.000000
hs4 132500000 133749999 0.000000
hs4 133750000 134999999 0.033811
hs4 135000000 136249999 0.004333
hs4 136250000 137499999 0.000000
hs4 137500000 138749999 0.010847
hs4 138750000 139999999 0.062606
hs4 140000000 141249999 0.585560
hs4 141250000 142499999 0.531935
hs4 142500000 143749999 0.542582
hs4 143750000 144999999 0.461658
hs4 145000000 146249999 0.237243
hs4 146250000 147499999 0.427434
hs4 147500000 148749999 0.375240
hs4 148750000 149999999 0.614494
hs4 150000000 151249999 0.024377
hs4 151250000 152499999 0.822193
hs4 152500000 153749999 0.446814
hs4 153750000 154999999 0.593353
hs4 155000000 156249999 0.283150
hs4 156250000 157499999 0.195842
hs4 157500000 158749999 0.363918
hs4 158750000 159999999 0.296250
hs4 160000000 161249999 0.225089
hs4 161250000 162499999 0.000000
hs4 162500000 163749999 0.624111
hs4 163750000 164999999 0.336614
hs4 165000000 166249999 0.474422
hs4 166250000 167499999 0.389442
hs4 167500000 168749999 0.400966
hs4 168750000 169999999 0.533334
hs4 170000000 171249999 0.562795
hs4 171250000 172499999 0.000000
hs4 172500000 173749999 0.623081
hs4 173750000 174999999 0.512114
hs4 175000000 176249999 0.301687
hs4 176250000 177499999 0.560157
hs4 177500000 178749999 0.139230
hs4 178750000 179999999 0.209595
hs4 180000000 181249999 0.000000
hs4 181250000 182499999 0.000000
hs4 182500000 183749999 0.218774
hs4 183750000 184999999 0.440939
hs4 185000000 186249999 0.406987
hs4 186250000 187499999 0.658262
hs4 187500000 188749999 0.126226
hs4 188750000 189999999 0.025050
hs4 190000000 191249999 0.071125
hs16 0 1249999 0.674691
hs16 1250000 2499999 0.795778
hs16 2500000 3749999 0.553705
hs16 3750000 4999999 0.750986
hs16 5000000 6249999 0.248134
hs16 6250000 7499999 1.000000
hs16 7500000 8749999 0.243742
hs16 8750000 9999999 0.360510
hs16 10000000 11249999 0.588152
hs16 11250000 12499999 0.606555
hs16 12500000 13749999 0.446828
hs16 13750000 14999999 0.467089
hs16 15000000 16249999 0.681144
hs16 16250000 17499999 0.346748
hs16 17500000 18749999 0.121287
hs16 18750000 19999999 0.653986
hs16 20000000 21249999 0.622974
hs16 21250000 22499999 0.580960
hs16 22500000 23749999 0.470080
hs16 23750000 24999999 0.626105
hs16 25000000 26249999 0.436540
hs16 26250000 27499999 0.227158
hs16 27500000 28749999 0.652084
hs16 28750000 29999999 0.413454
hs16 30000000 31249999 0.552092
hs16 31250000 32499999 0.171224
hs16 32500000 33749999 0.023513
hs16 33750000 34999999 0.026025
hs16 35000000 36249999 0.000000
hs16 36250000 37499999 0.000000
hs16 37500000 38749999 0.000000
hs16 38750000 39999999 0.000000
hs16 40000000 41249999 0.000000
hs16 41250000 42499999 0.000000
hs16 42500000 43749999 0.000000
hs16 43750000 44999999 0.000000
hs16 45000000 46249999 0.707827
hs16 46250000 47499999 0.304377
hs16 47500000 48749999 0.338243
hs16 48750000 49999999 0.295473
hs16 50000000 51249999 0.087838
hs16 51250000 52499999 0.520194
hs16 52500000 53749999 0.169867
hs16 53750000 54999999 0.440049
hs16 55000000 56249999 0.624935
hs16 56250000 57499999 0.485359
hs16 57500000 58749999 0.000840
hs16 58750000 59999999 0.000000
hs16 60000000 61249999 0.306242
hs16 61250000 62499999 0.000000
hs16 62500000 63749999 0.140190
hs16 63750000 64999999 0.263975
hs16 65000000 66249999 0.741650
hs16 66250000 67499999 0.766465
hs16 67500000 68749999 0.775942
hs16 68750000 69999999 0.783651
hs16 70000000 71249999 0.403488
hs16 71250000 72499999 0.221739
hs16 72500000 73749999 0.474260
hs16 73750000 74999999 0.370009
hs16 75000000 76249999 0.260770
hs16 76250000 77499999 0.823817
hs16 77500000 78749999 0.248755
hs16 78750000 79999999 0.592113
hs16 80000000 81249999 0.461342
hs16 81250000 82499999 0.921979
hs16 82500000 83749999 0.604139
hs16 83750000 84999999 0.148270
hs16 85000000 86249999 0.202247
hs16 86250000 87499999 0.566827
hs16 87500000 88749999 0.688692
hs20 0 1249999 0.373505
hs20 1250000 2499999 0.366734
hs20 2500000 3749999 0.730320
hs20 3750000 4999999 0.362258
hs20 5000000 6249999 0.369130
hs20 6250000 7499999 0.009734
hs20 7500000 8749999 0.627878
hs20 8750000 9999999 0.651660
hs20 10000000 11249999 0.273654
hs20 11250000 12499999 0.028614
hs20 12500000 13749999 0.472141
hs20 13750000 14999999 0.984558
hs20 15000000 16249999 0.824875
hs20 16250000 17499999 0.473078
hs20 17500000 18749999 0.531003
hs20 18750000 19999999 0.577838
hs20 20000000 21249999 0.600581
hs20 21250000 22499999 0.091973
hs20 22500000 23749999 0.110249
hs20 23750000 24999999 0.240856
hs20 25000000 26249999 0.393570
hs20 26250000 27499999 0.000000
hs20 27500000 28749999 0.017704
hs20 28750000 29999999 0.285926
hs20 30000000 31249999 0.515292
hs20 31250000 32499999 0.547127
hs20 32500000 33749999 0.814988
hs20 33750000 34999999 0.740977
hs20 35000000 36249999 0.581102
hs20 36250000 37499999 0.446074
hs20 37500000 38749999 0.001656
hs20 38750000 39999999 0.400394
hs20 40000000 41249999 0.892156
hs20 41250000 42499999 0.432732
hs20 42500000 43749999 0.540983
hs20 43750000 44999999 0.504914
hs20 45000000 46249999 0.547583
hs20 46250000 47499999 0.481323
hs20 47500000 48749999 0.445913
hs20 48750000 49999999 0.441730
hs20 50000000 51249999 0.268554
hs20 51250000 52499999 0.371488
hs20 52500000 53749999 0.140357
hs20 53750000 54999999 0.160034
hs20 55000000 56249999 0.231614
hs20 56250000 57499999 0.427391
hs20 57500000 58749999 0.315244
hs20 58750000 59999999 0.561290
hs20 60000000 61249999 0.556487
hs20 61250000 62499999 0.595094
hs13 0 1249999 0.000000
hs13 1250000 2499999 0.000000
hs13 2500000 3749999 0.000000
hs13 3750000 4999999 0.000000
hs13 5000000 6249999 0.000000
hs13 6250000 7499999 0.000000
hs13 7500000 8749999 0.000000
hs13 8750000 9999999 0.000000
hs13 10000000 11249999 0.000000
hs13 11250000 12499999 0.000000
hs13 12500000 13749999 0.000000
hs13 13750000 14999999 0.000000
hs13 15000000 16249999 0.000000
hs13 16250000 17499999 0.000000
hs13 17500000 18749999 0.109726
hs13 18750000 19999999 0.526582
hs13 20000000 21249999 0.532322
hs13 21250000 22499999 0.000000
hs13 22500000 23749999 0.512010
hs13 23750000 24999999 0.498166
hs13 25000000 26249999 0.636905
hs13 26250000 27499999 0.250926
hs13 27500000 28749999 0.574974
hs13 28750000 29999999 0.437030
hs13 30000000 31249999 0.262757
hs13 31250000 32499999 0.669530
hs13 32500000 33749999 0.295522
hs13 33750000 34999999 0.513663
hs13 35000000 36249999 0.913074
hs13 36250000 37499999 0.373399
hs13 37500000 38749999 0.222622
hs13 38750000 39999999 0.424193
hs13 40000000 41249999 0.606239
hs13 41250000 42499999 0.463610
hs13 42500000 43749999 0.576694
hs13 43750000 44999999 0.455941
hs13 45000000 46249999 0.494200
hs13 46250000 47499999 0.113360
hs13 47500000 48749999 0.465700
hs13 48750000 49999999 0.512326
hs13 50000000 51249999 0.498238
hs13 51250000 52499999 0.460455
hs13 52500000 53749999 0.018574
hs13 53750000 54999999 0.000062
hs13 55000000 56249999 0.000000
hs13 56250000 57499999 0.138282
hs13 57500000 58749999 0.000000
hs13 58750000 59999999 0.503846
hs13 60000000 61249999 0.041482
hs13 61250000 62499999 0.000000
hs13 62500000 63749999 0.004108
hs13 63750000 64999999 0.000000
hs13 65000000 66249999 0.380026
hs13 66250000 67499999 0.361976
hs13 67500000 68749999 0.182836
hs13 68750000 69999999 0.352354
hs13 70000000 71249999 0.271922
hs13 71250000 72499999 0.357594
hs13 72500000 73749999 0.373164
hs13 73750000 74999999 0.162178
hs13 75000000 76249999 0.244458
hs13 76250000 77499999 0.461879
hs13 77500000 78749999 0.361945
hs13 78750000 79999999 0.132600
hs13 80000000 81249999 0.000000
hs13 81250000 82499999 0.000000
hs13 82500000 83749999 0.267257
hs13 83750000 84999999 0.069017
hs13 85000000 86249999 0.005250
hs13 86250000 87499999 0.005602
hs13 87500000 88749999 0.000000
hs13 88750000 89999999 0.000078
hs13 90000000 91249999 0.355156
hs13 91250000 92499999 0.853990
hs13 92500000 93749999 0.858338
hs13 93750000 94999999 0.478944
hs13 95000000 96249999 0.940130
hs13 96250000 97499999 0.259720
hs13 97500000 98749999 0.724050
hs13 98750000 99999999 0.723561
hs13 100000000 101249999 0.621060
hs13 101250000 102499999 0.671633
hs13 102500000 103749999 0.013758
hs13 103750000 104999999 0.020135
hs13 105000000 106249999 0.056078
hs13 106250000 107499999 0.558866
hs13 107500000 108749999 0.540812
hs13 108750000 109999999 0.338601
hs13 110000000 111249999 0.293094
hs13 111250000 112499999 0.248328
hs13 112500000 113749999 0.608869
hs13 113750000 114999999 0.180591
hs18 0 1249999 0.405867
hs18 1250000 2499999 0.073056
hs18 2500000 3749999 0.706078
hs18 3750000 4999999 0.096109
hs18 5000000 6249999 0.423309
hs18 6250000 7499999 0.330382
hs18 7500000 8749999 0.734667
hs18 8750000 9999999 0.523049
hs18 10000000 11249999 0.431588
hs18 11250000 12499999 0.359340
hs18 12500000 13749999 0.802622
hs18 13750000 14999999 0.206467
hs18 15000000 16249999 0.009892
hs18 16250000 17499999 0.437782
hs18 17500000 18749999 0.164421
hs18 18750000 19999999 0.778009
hs18 20000000 21249999 0.454707
hs18 21250000 22499999 0.387663
hs18 22500000 23749999 0.296051
hs18 23750000 24999999 0.181214
hs18 25000000 26249999 0.000041
hs18 26250000 27499999 0.265634
hs18 27500000 28749999 0.451917
hs18 28750000 29999999 0.789696
hs18 30000000 31249999 0.577163
hs18 31250000 32499999 0.549099
hs18 32500000 33749999 0.693078
hs18 33750000 34999999 0.000000
hs18 35000000 36249999 0.436058
hs18 36250000 37499999 0.032262
hs18 37500000 38749999 0.239248
hs18 38750000 39999999 0.167533
hs18 40000000 41249999 0.310671
hs18 41250000 42499999 0.612698
hs18 42500000 43749999 0.367522
hs18 43750000 44999999 0.435676
hs18 45000000 46249999 0.609886
hs18 46250000 47499999 0.296619
hs18 47500000 48749999 0.503569
hs18 48750000 49999999 0.505360
hs18 50000000 51249999 0.339449
hs18 51250000 52499999 0.178492
hs18 52500000 53749999 0.514633
hs18 53750000 54999999 0.595002
hs18 55000000 56249999 0.275138
hs18 56250000 57499999 0.051674
hs18 57500000 58749999 0.538510
hs18 58750000 59999999 0.472685
hs18 60000000 61249999 0.000000
hs18 61250000 62499999 0.184469
hs18 62500000 63749999 0.008120
hs18 63750000 64999999 0.305094
hs18 65000000 66249999 0.628241
hs18 66250000 67499999 0.000000
hs18 67500000 68749999 0.102268
hs18 68750000 69999999 0.067979
hs18 70000000 71249999 0.570607
hs18 71250000 72499999 0.149153
hs18 72500000 73749999 0.256516
hs18 73750000 74999999 0.070029
hs18 75000000 76249999 0.578593
hs3 0 1249999 0.282257
hs3 1250000 2499999 0.442426
hs3 2500000 3749999 0.533998
hs3 3750000 4999999 0.423331
hs3 5000000 6249999 0.074263
hs3 6250000 7499999 0.497759
hs3 7500000 8749999 0.511648
hs3 8750000 9999999 0.659441
hs3 10000000 11249999 0.592446
hs3 11250000 12499999 0.701150
hs3 12500000 13749999 0.563771
hs3 13750000 14999999 0.554754
hs3 15000000 16249999 0.577813
hs3 16250000 17499999 0.637903
hs3 17500000 18749999 0.280186
hs3 18750000 19999999 0.385464
hs3 20000000 21249999 0.136326
hs3 21250000 22499999 0.265030
hs3 22500000 23749999 0.310011
hs3 23750000 24999999 0.424270
hs3 25000000 26249999 0.249234
hs3 26250000 27499999 0.260653
hs3 27500000 28749999 0.196370
hs3 28750000 29999999 0.561755
hs3 30000000 31249999 0.226396
hs3 31250000 32499999 0.554530
hs3 32500000 33749999 0.659625
hs3 33750000 34999999 0.056904
hs3 35000000 36249999 0.121781
hs3 36250000 37499999 0.554120
hs3 37500000 38749999 0.792464
hs3 38750000 39999999 0.438349
hs3 40000000 41249999 0.319662
hs3 41250000 42499999 0.703102
hs3 42500000 43749999 0.617114
hs3 43750000 44999999 0.407638
hs3 45000000 46249999 0.463878
hs3 46250000 47499999 0.600027
hs3 47500000 48749999 0.706926
hs3 48750000 49999999 0.812036
hs3 50000000 51249999 0.838739
hs3 51250000 52499999 0.641394
hs3 52500000 53749999 0.818439
hs3 53750000 54999999 0.822730
hs3 55000000 56249999 0.672079
hs3 56250000 57499999 0.853594
hs3 57500000 58749999 0.614422
hs3 58750000 59999999 0.440545
hs3 60000000 61249999 0.969739
hs3 61250000 62499999 0.714620
hs3 62500000 63749999 0.567770
hs3 63750000 64999999 0.411810
hs3 65000000 66249999 0.672225
hs3 66250000 67499999 0.322397
hs3 67500000 68749999 0.663238
hs3 68750000 69999999 0.543382
hs3 70000000 71249999 0.210203
hs3 71250000 72499999 0.444894
hs3 72500000 73749999 0.451643
hs3 73750000 74999999 0.212309
hs3 75000000 76249999 0.051816
hs3 76250000 77499999 0.262414
hs3 77500000 78749999 0.240222
hs3 78750000 79999999 0.919800
hs3 80000000 81249999 0.000000
hs3 81250000 82499999 0.217682
hs3 82500000 83749999 0.000000
hs3 83750000 84999999 0.000000
hs3 85000000 86249999 0.892357
hs3 86250000 87499999 0.078703
hs3 87500000 88749999 0.025615
hs3 88750000 89999999 0.299690
hs3 90000000 91249999 0.000000
hs3 91250000 92499999 0.000000
hs3 92500000 93749999 0.000000
hs3 93750000 94999999 0.000000
hs3 95000000 96249999 0.250057
hs3 96250000 97499999 0.000000
hs3 97500000 98749999 0.587109
hs3 98750000 99999999 0.382171
hs3 100000000 101249999 0.565509
hs3 101250000 102499999 0.727588
hs3 102500000 103749999 0.399557
hs3 103750000 104999999 0.000000
hs3 105000000 106249999 0.000000
hs3 106250000 107499999 0.336650
hs3 107500000 108749999 0.195152
hs3 108750000 109999999 0.660904
hs3 110000000 111249999 0.291574
hs3 111250000 112499999 0.049759
hs3 112500000 113749999 0.703006
hs3 113750000 114999999 0.566649
hs3 115000000 116249999 0.832966
hs3 116250000 117499999 0.554482
hs3 117500000 118749999 0.123462
hs3 118750000 119999999 0.000000
hs3 120000000 121249999 0.762712
hs3 121250000 122499999 0.602655
hs3 122500000 123749999 0.776618
hs3 123750000 124999999 0.806841
hs3 125000000 126249999 0.830345
hs3 126250000 127499999 0.508346
hs3 127500000 128749999 0.439431
hs3 128750000 129999999 0.590535
hs3 130000000 131249999 0.545862
hs3 131250000 132499999 0.657464
hs3 132500000 133749999 0.620712
hs3 133750000 134999999 0.707704
hs3 135000000 136249999 0.566746
hs3 136250000 137499999 0.391390
hs3 137500000 138749999 0.499153
hs3 138750000 139999999 0.496457
hs3 140000000 141249999 0.288332
hs3 141250000 142499999 0.592290
hs3 142500000 143749999 0.689318
hs3 143750000 144999999 0.720111
hs3 145000000 146249999 0.056508
hs3 146250000 147499999 0.120720
hs3 147500000 148749999 0.112469
hs3 148750000 149999999 0.036107
hs3 150000000 151249999 0.550458
hs3 151250000 152499999 0.505651
hs3 152500000 153749999 0.395849
hs3 153750000 154999999 0.022039
hs3 155000000 156249999 0.221879
hs3 156250000 157499999 0.516026
hs3 157500000 158749999 0.624999
hs3 158750000 159999999 0.497250
hs3 160000000 161249999 0.683958
hs3 161250000 162499999 0.503201
hs3 162500000 163749999 0.027543
hs3 163750000 164999999 0.000000
hs3 165000000 166249999 0.056497
hs3 166250000 167499999 0.082803
hs3 167500000 168749999 0.194342
hs3 168750000 169999999 0.704581
hs3 170000000 171249999 0.632512
hs3 171250000 172499999 0.547822
hs3 172500000 173749999 0.616452
hs3 173750000 174999999 0.640413
hs3 175000000 176249999 0.539206
hs3 176250000 177499999 0.604898
hs3 177500000 178749999 0.141206
hs3 178750000 179999999 0.210466
hs3 180000000 181249999 0.607962
hs3 181250000 182499999 0.116017
hs3 182500000 183749999 0.106687
hs3 183750000 184999999 0.623905
hs3 185000000 186249999 0.516853
hs3 186250000 187499999 0.628170
hs3 187500000 188749999 0.366174
hs3 188750000 189999999 0.542426
hs3 190000000 191249999 0.481116
hs3 191250000 192499999 0.286658
hs3 192500000 193749999 0.406819
hs3 193750000 194999999 0.554028
hs3 195000000 196249999 0.153172
hs3 196250000 197499999 0.573447
hs3 197500000 198749999 0.599962
hs3 198750000 199999999 0.363052
hs9 0 1249999 0.580372
hs9 1250000 2499999 0.142626
hs9 2500000 3749999 0.378370
hs9 3750000 4999999 0.637634
hs9 5000000 6249999 0.509909
hs9 6250000 7499999 0.532377
hs9 7500000 8749999 0.359251
hs9 8750000 9999999 1.000000
hs9 10000000 11249999 0.482179
hs9 11250000 12499999 0.000000
hs9 12500000 13749999 0.167676
hs9 13750000 14999999 0.408403
hs9 15000000 16249999 0.520663
hs9 16250000 17499999 0.664134
hs9 17500000 18749999 0.403253
hs9 18750000 19999999 0.577204
hs9 20000000 21249999 0.519454
hs9 21250000 22499999 0.276374
hs9 22500000 23749999 0.055917
hs9 23750000 24999999 0.052851
hs9 25000000 26249999 0.001977
hs9 26250000 27499999 0.464084
hs9 27500000 28749999 0.656091
hs9 28750000 29999999 0.000126
hs9 30000000 31249999 0.000000
hs9 31250000 32499999 0.096747
hs9 32500000 33749999 0.524546
hs9 33750000 34999999 0.610311
hs9 35000000 36249999 0.636359
hs9 36250000 37499999 0.543663
hs9 37500000 38749999 0.411958
hs9 38750000 39999999 0.217325
hs9 40000000 41249999 0.027294
hs9 41250000 42499999 0.163900
hs9 42500000 43749999 0.115780
hs9 43750000 44999999 0.049748
hs9 45000000 46249999 0.001004
hs9 46250000 47499999 0.048638
hs9 47500000 48749999 0.000000
hs9 48750000 49999999 0.000000
hs9 50000000 51249999 0.000000
hs9 51250000 52499999 0.000000
hs9 52500000 53749999 0.000000
hs9 53750000 54999999 0.000000
hs9 55000000 56249999 0.000000
hs9 56250000 57499999 0.000000
hs9 57500000 58749999 0.000000
hs9 58750000 59999999 0.000000
hs9 60000000 61249999 0.000000
hs9 61250000 62499999 0.000000
hs9 62500000 63749999 0.000000
hs9 63750000 64999999 0.000000
hs9 65000000 66249999 0.028390
hs9 66250000 67499999 0.032942
hs9 67500000 68749999 0.211975
hs9 68750000 69999999 0.111414
hs9 70000000 71249999 0.668357
hs9 71250000 72499999 0.666030
hs9 72500000 73749999 0.475605
hs9 73750000 74999999 0.431644
hs9 75000000 76249999 0.000000
hs9 76250000 77499999 0.394359
hs9 77500000 78749999 0.557450
hs9 78750000 79999999 0.622995
hs9 80000000 81249999 0.051157
hs9 81250000 82499999 0.123824
hs9 82500000 83749999 0.095861
hs9 83750000 84999999 0.073634
hs9 85000000 86249999 0.534682
hs9 86250000 87499999 0.403014
hs9 87500000 88749999 0.285477
hs9 88750000 89999999 0.244240
hs9 90000000 91249999 0.361290
hs9 91250000 92499999 0.119158
hs9 92500000 93749999 0.388046
hs9 93750000 94999999 0.751566
hs9 95000000 96249999 0.468564
hs9 96250000 97499999 0.590934
hs9 97500000 98749999 0.463918
hs9 98750000 99999999 0.581640
hs9 100000000 101249999 0.619674
hs9 101250000 102499999 0.498834
hs9 102500000 103749999 0.456507
hs9 103750000 104999999 0.018543
hs9 105000000 106249999 0.037729
hs9 106250000 107499999 0.412407
hs9 107500000 108749999 0.129654
hs9 108750000 109999999 0.093970
hs9 110000000 111249999 0.402383
hs9 111250000 112499999 0.940957
hs9 112500000 113749999 0.559083
hs9 113750000 114999999 0.618091
hs9 115000000 116249999 0.645886
hs9 116250000 117499999 0.405340
hs9 117500000 118749999 0.657634
hs9 118750000 119999999 0.384466
hs9 120000000 121249999 0.162266
hs9 121250000 122499999 0.230763
hs9 122500000 123749999 0.938638
hs9 123750000 124999999 0.584736
hs9 125000000 126249999 0.662326
hs9 126250000 127499999 0.853296
hs9 127500000 128749999 0.470160
hs9 128750000 129999999 0.797810
hs9 130000000 131249999 0.610084
hs9 131250000 132499999 0.473790
hs9 132500000 133749999 0.628106
hs9 133750000 134999999 0.781878
hs9 135000000 136249999 0.516815
hs9 136250000 137499999 0.302545
hs9 137500000 138749999 0.521970
hs9 138750000 139999999 0.770253
hs9 140000000 141249999 0.155004
hs15 0 1249999 0.000000
hs15 1250000 2499999 0.000000
hs15 2500000 3749999 0.000000
hs15 3750000 4999999 0.000000
hs15 5000000 6249999 0.000000
hs15 6250000 7499999 0.000000
hs15 7500000 8749999 0.000000
hs15 8750000 9999999 0.000000
hs15 10000000 11249999 0.000000
hs15 11250000 12499999 0.000000
hs15 12500000 13749999 0.000000
hs15 13750000 14999999 0.000000
hs15 15000000 16249999 0.000000
hs15 16250000 17499999 0.000000
hs15 17500000 18749999 0.000000
hs15 18750000 19999999 0.208658
hs15 20000000 21249999 0.308333
hs15 21250000 22499999 0.041371
hs15 22500000 23749999 0.411956
hs15 23750000 24999999 0.436165
hs15 25000000 26249999 0.806013
hs15 26250000 27499999 0.457127
hs15 27500000 28749999 0.381033
hs15 28750000 29999999 0.332513
hs15 30000000 31249999 0.475185
hs15 31250000 32499999 0.872014
hs15 32500000 33749999 0.307378
hs15 33750000 34999999 0.241292
hs15 35000000 36249999 0.157569
hs15 36250000 37499999 0.175561
hs15 37500000 38749999 0.606692
hs15 38750000 39999999 0.721470
hs15 40000000 41249999 0.818091
hs15 41250000 42499999 0.777613
hs15 42500000 43749999 0.532818
hs15 43750000 44999999 0.348925
hs15 45000000 46249999 0.116901
hs15 46250000 47499999 0.748787
hs15 47500000 48749999 0.761703
hs15 48750000 49999999 0.648163
hs15 50000000 51249999 0.505306
hs15 51250000 52499999 0.522825
hs15 52500000 53749999 0.473794
hs15 53750000 54999999 0.517119
hs15 55000000 56249999 0.664563
hs15 56250000 57499999 0.653219
hs15 57500000 58749999 0.347192
hs15 58750000 59999999 0.501531
hs15 60000000 61249999 0.323614
hs15 61250000 62499999 0.758108
hs15 62500000 63749999 0.667536
hs15 63750000 64999999 0.656218
hs15 65000000 66249999 0.660172
hs15 66250000 67499999 0.622619
hs15 67500000 68749999 0.091095
hs15 68750000 69999999 0.826821
hs15 70000000 71249999 0.595008
hs15 71250000 72499999 0.573220
hs15 72500000 73749999 0.520982
hs15 73750000 74999999 0.793099
hs15 75000000 76249999 0.405025
hs15 76250000 77499999 0.432249
hs15 77500000 78749999 0.347885
hs15 78750000 79999999 0.347041
hs15 80000000 81249999 0.586686
hs15 81250000 82499999 0.726791
hs15 82500000 83749999 0.432710
hs15 83750000 84999999 0.714450
hs15 85000000 86249999 0.324045
hs15 86250000 87499999 0.483335
hs15 87500000 88749999 0.545338
hs15 88750000 89999999 0.513805
hs15 90000000 91249999 0.376990
hs15 91250000 92499999 0.134440
hs15 92500000 93749999 0.148602
hs15 93750000 94999999 0.071310
hs15 95000000 96249999 0.107186
hs15 96250000 97499999 0.385114
hs15 97500000 98749999 0.633821
hs15 98750000 99999999 0.557647
hs15 100000000 101249999 0.083329
hs5 0 1249999 0.511235
hs5 1250000 2499999 0.247126
hs5 2500000 3749999 0.011274
hs5 3750000 4999999 0.000000
hs5 5000000 6249999 0.226514
hs5 6250000 7499999 0.197472
hs5 7500000 8749999 0.355852
hs5 8750000 9999999 0.620042
hs5 10000000 11249999 0.460518
hs5 11250000 12499999 0.565689
hs5 12500000 13749999 0.189514
hs5 13750000 14999999 0.679726
hs5 15000000 16249999 0.441618
hs5 16250000 17499999 0.463362
hs5 17500000 18749999 0.000000
hs5 18750000 19999999 0.392870
hs5 20000000 21249999 0.019289
hs5 21250000 22499999 0.682466
hs5 22500000 23749999 0.328378
hs5 23750000 24999999 0.126162
hs5 25000000 26249999 0.000000
hs5 26250000 27499999 0.126386
hs5 27500000 28749999 0.000000
hs5 28750000 29999999 0.000000
hs5 30000000 31249999 0.016358
hs5 31250000 32499999 0.642782
hs5 32500000 33749999 0.249045
hs5 33750000 34999999 0.442642
hs5 35000000 36249999 0.526584
hs5 36250000 37499999 0.527407
hs5 37500000 38749999 0.512046
hs5 38750000 39999999 0.379530
hs5 40000000 41249999 0.267028
hs5 41250000 42499999 0.372389
hs5 42500000 43749999 0.575685
hs5 43750000 44999999 0.072224
hs5 45000000 46249999 0.349496
hs5 46250000 47499999 0.000000
hs5 47500000 48749999 0.000000
hs5 48750000 49999999 0.038171
hs5 50000000 51249999 0.151776
hs5 51250000 52499999 0.237753
hs5 52500000 53749999 0.443126
hs5 53750000 54999999 0.362151
hs5 55000000 56249999 0.373351
hs5 56250000 57499999 0.106537
hs5 57500000 58749999 0.583047
hs5 58750000 59999999 0.960906
hs5 60000000 61249999 0.552634
hs5 61250000 62499999 0.252907
hs5 62500000 63749999 0.166638
hs5 63750000 64999999 0.732216
hs5 65000000 66249999 0.539778
hs5 66250000 67499999 0.212555
hs5 67500000 68749999 0.273463
hs5 68750000 69999999 1.414032
hs5 70000000 71249999 0.541780
hs5 71250000 72499999 0.439783
hs5 72500000 73749999 0.285430
hs5 73750000 74999999 0.496678
hs5 75000000 76249999 0.562824
hs5 76250000 77499999 0.531598
hs5 77500000 78749999 0.694321
hs5 78750000 79999999 0.539631
hs5 80000000 81249999 0.731100
hs5 81250000 82499999 0.333696
hs5 82500000 83749999 0.657066
hs5 83750000 84999999 0.000000
hs5 85000000 86249999 0.014322
hs5 86250000 87499999 0.113872
hs5 87500000 88749999 0.322854
hs5 88750000 89999999 0.156735
hs5 90000000 91249999 0.440614
hs5 91250000 92499999 0.000000
hs5 92500000 93749999 0.732590
hs5 93750000 94999999 0.869007
hs5 95000000 96249999 0.327711
hs5 96250000 97499999 0.158654
hs5 97500000 98749999 0.078825
hs5 98750000 99999999 0.048054
hs5 100000000 101249999 0.077079
hs5 101250000 102499999 0.316719
hs5 102500000 103749999 0.080533
hs5 103750000 104999999 0.000500
hs5 105000000 106249999 0.000000
hs5 106250000 107499999 0.457096
hs5 107500000 108749999 0.589794
hs5 108750000 109999999 0.477580
hs5 110000000 111249999 0.472524
hs5 111250000 112499999 0.560446
hs5 112500000 113749999 0.368470
hs5 113750000 114999999 0.284615
hs5 115000000 116249999 0.401998
hs5 116250000 117499999 0.000000
hs5 117500000 118749999 0.357673
hs5 118750000 119999999 0.221138
hs5 120000000 121249999 0.041391
hs5 121250000 122499999 0.429795
hs5 122500000 123749999 0.188020
hs5 123750000 124999999 0.086558
hs5 125000000 126249999 0.235052
hs5 126250000 127499999 0.405565
hs5 127500000 128749999 0.336658
hs5 128750000 129999999 0.448065
hs5 130000000 131249999 0.430391
hs5 131250000 132499999 0.496787
hs5 132500000 133749999 0.504058
hs5 133750000 134999999 0.401372
hs5 135000000 136249999 0.261167
hs5 136250000 137499999 0.680070
hs5 137500000 138749999 0.685611
hs5 138750000 139999999 0.700106
hs5 140000000 141249999 4.289608
hs5 141250000 142499999 0.483070
hs5 142500000 143749999 0.389466
hs5 143750000 144999999 0.069710
hs5 145000000 146249999 0.607526
hs5 146250000 147499999 0.554147
hs5 147500000 148749999 0.482336
hs5 148750000 149999999 0.640505
hs5 150000000 151249999 0.508450
hs5 151250000 152499999 0.038665
hs5 152500000 153749999 0.470873
hs5 153750000 154999999 0.230173
hs5 155000000 156249999 0.354420
hs5 156250000 157499999 0.445351
hs5 157500000 158749999 0.394350
hs5 158750000 159999999 0.407915
hs5 160000000 161249999 0.430807
hs5 161250000 162499999 0.077954
hs5 162500000 163749999 0.049231
hs5 163750000 164999999 0.000000
hs5 165000000 166249999 0.000000
hs5 166250000 167499999 0.684464
hs5 167500000 168749999 0.797806
hs5 168750000 169999999 0.762264
hs5 170000000 171249999 0.525552
hs5 171250000 172499999 0.630603
hs5 172500000 173749999 0.164252
hs5 173750000 174999999 0.047942
hs5 175000000 176249999 0.459838
hs5 176250000 177499999 0.565794
hs5 177500000 178749999 0.656118
hs5 178750000 179999999 0.578744
hs5 180000000 181249999 0.154890
hsY 0 1249999 0.092098
hsY 1250000 2499999 0.483611
hsY 2500000 3749999 0.156368
hsY 3750000 4999999 0.057387
hsY 5000000 6249999 0.540310
hsY 6250000 7499999 0.330209
hsY 7500000 8749999 0.034430
hsY 8750000 9999999 0.620045
hsY 10000000 11249999 0.107933
hsY 11250000 12499999 0.000000
hsY 12500000 13749999 0.177052
hsY 13750000 14999999 0.190165
hsY 15000000 16249999 0.257090
hsY 16250000 17499999 0.000000
hsY 17500000 18749999 0.040929
hsY 18750000 19999999 0.321883
hsY 20000000 21249999 0.143248
hsY 21250000 22499999 0.195495
hsY 22500000 23749999 0.370639
hsY 23750000 24999999 0.205892
hsY 25000000 26249999 0.429659
hsY 26250000 27499999 0.007840
hsY 27500000 28749999 0.000000
hsY 28750000 29999999 0.000000
hsY 30000000 31249999 0.000000
hsY 31250000 32499999 0.000000
hsY 32500000 33749999 0.000000
hsY 33750000 34999999 0.000000
hsY 35000000 36249999 0.000000
hsY 36250000 37499999 0.000000
hsY 37500000 38749999 0.000000
hsY 38750000 39999999 0.000000
hsY 40000000 41249999 0.000000
hsY 41250000 42499999 0.000000
hsY 42500000 43749999 0.000000
hsY 43750000 44999999 0.000000
hsY 45000000 46249999 0.000000
hsY 46250000 47499999 0.000000
hsY 47500000 48749999 0.000000
hsY 48750000 49999999 0.000000
hsY 50000000 51249999 0.000000
hsY 51250000 52499999 0.000000
hsY 52500000 53749999 0.000000
hsY 53750000 54999999 0.000000
hsY 55000000 56249999 0.000000
hsY 56250000 57499999 0.000000
hsY 57500000 58749999 0.072318
hs1 0 1249999 0.265242
hs1 1250000 2499999 0.750105
hs1 2500000 3749999 0.610919
hs1 3750000 4999999 0.167512
hs1 5000000 6249999 0.275845
hs1 6250000 7499999 0.900704
hs1 7500000 8749999 0.658311
hs1 8750000 9999999 0.551928
hs1 10000000 11249999 0.770184
hs1 11250000 12499999 0.575104
hs1 12500000 13749999 0.235740
hs1 13750000 14999999 0.288994
hs1 15000000 16249999 0.821174
hs1 16250000 17499999 0.515787
hs1 17500000 18749999 0.499059
hs1 18750000 19999999 0.611500
hs1 20000000 21249999 0.472906
hs1 21250000 22499999 0.615539
hs1 22500000 23749999 0.531008
hs1 23750000 24999999 0.476366
hs1 25000000 26249999 0.544531
hs1 26250000 27499999 0.487049
hs1 27500000 28749999 0.669192
hs1 28750000 29999999 0.482291
hs1 30000000 31249999 0.120729
hs1 31250000 32499999 0.513661
hs1 32500000 33749999 0.537840
hs1 33750000 34999999 0.570982
hs1 35000000 36249999 0.564401
hs1 36250000 37499999 0.433658
hs1 37500000 38749999 0.316493
hs1 38750000 39999999 0.551931
hs1 40000000 41249999 0.488230
hs1 41250000 42499999 0.581026
hs1 42500000 43749999 0.468223
hs1 43750000 44999999 0.762508
hs1 45000000 46249999 0.777273
hs1 46250000 47499999 0.509247
hs1 47500000 48749999 0.309490
hs1 48750000 49999999 1.022317
hs1 50000000 51249999 0.757547
hs1 51250000 52499999 0.670782
hs1 52500000 53749999 0.666781
hs1 53750000 54999999 0.731893
hs1 55000000 56249999 0.233998
hs1 56250000 57499999 0.495867
hs1 57500000 58749999 0.815858
hs1 58750000 59999999 0.448200
hs1 60000000 61249999 0.143454
hs1 61250000 62499999 0.715551
hs1 62500000 63749999 0.431188
hs1 63750000 64999999 0.651093
hs1 65000000 66249999 0.710017
hs1 66250000 67499999 0.771633
hs1 67500000 68749999 0.344354
hs1 68750000 69999999 0.001244
hs1 70000000 71249999 0.613264
hs1 71250000 72499999 0.730182
hs1 72500000 73749999 0.016693
hs1 73750000 74999999 0.551726
hs1 75000000 76249999 0.500253
hs1 76250000 77499999 0.706642
hs1 77500000 78749999 0.727769
hs1 78750000 79999999 0.148844
hs1 80000000 81249999 0.000000
hs1 81250000 82499999 0.153622
hs1 82500000 83749999 0.000000
hs1 83750000 84999999 0.443474
hs1 85000000 86249999 0.737111
hs1 86250000 87499999 0.514645
hs1 87500000 88749999 0.016363
hs1 88750000 89999999 0.469166
hs1 90000000 91249999 0.201848
hs1 91250000 92499999 0.496816
hs1 92500000 93749999 0.656974
hs1 93750000 94999999 0.403909
hs1 95000000 96249999 0.230962
hs1 96250000 97499999 0.222031
hs1 97500000 98749999 0.527445
hs1 98750000 99999999 0.288465
hs1 100000000 101249999 0.546871
hs1 101250000 102499999 0.188898
hs1 102500000 103749999 0.185625
hs1 103750000 104999999 0.138958
hs1 105000000 106249999 0.277352
hs1 106250000 107499999 0.014793
hs1 107500000 108749999 0.644828
hs1 108750000 109999999 0.659755
hs1 110000000 111249999 0.254532
hs1 111250000 112499999 0.507960
hs1 112500000 113749999 0.339103
hs1 113750000 114999999 0.639809
hs1 115000000 116249999 0.376206
hs1 116250000 117499999 0.415844
hs1 117500000 118749999 0.451325
hs1 118750000 119999999 0.228545
hs1 120000000 121249999 0.263750
hs1 121250000 122499999 0.000000
hs1 122500000 123749999 0.000000
hs1 123750000 124999999 0.000000
hs1 125000000 126249999 0.000000
hs1 126250000 127499999 0.000000
hs1 127500000 128749999 0.000000
hs1 128750000 129999999 0.000000
hs1 130000000 131249999 0.000000
hs1 131250000 132499999 0.000000
hs1 132500000 133749999 0.000000
hs1 133750000 134999999 0.000000
hs1 135000000 136249999 0.000000
hs1 136250000 137499999 0.000000
hs1 137500000 138749999 0.000000
hs1 138750000 139999999 0.000000
hs1 140000000 141249999 0.000000
hs1 141250000 142499999 0.017078
hs1 142500000 143749999 0.469120
hs1 143750000 144999999 0.556748
hs1 145000000 146249999 0.351739
hs1 146250000 147499999 0.143721
hs1 147500000 148749999 0.416746
hs1 148750000 149999999 0.647216
hs1 150000000 151249999 0.190458
hs1 151250000 152499999 0.503842
hs1 152500000 153749999 0.689307
hs1 153750000 154999999 0.632994
hs1 155000000 156249999 0.376320
hs1 156250000 157499999 0.280538
hs1 157500000 158749999 0.369906
hs1 158750000 159999999 0.459455
hs1 160000000 161249999 0.653706
hs1 161250000 162499999 0.082325
hs1 162500000 163749999 0.422779
hs1 163750000 164999999 0.313342
hs1 165000000 166249999 0.671769
hs1 166250000 167499999 0.315739
hs1 167500000 168749999 0.499710
hs1 168750000 169999999 0.431540
hs1 170000000 171249999 0.579900
hs1 171250000 172499999 0.434341
hs1 172500000 173749999 0.820171
hs1 173750000 174999999 0.634398
hs1 175000000 176249999 0.427390
hs1 176250000 177499999 0.653023
hs1 177500000 178749999 0.788314
hs1 178750000 179999999 0.516456
hs1 180000000 181249999 0.282239
hs1 181250000 182499999 0.721877
hs1 182500000 183749999 0.593358
hs1 183750000 184999999 0.488802
hs1 185000000 186249999 0.128066
hs1 186250000 187499999 0.000000
hs1 187500000 188749999 0.303971
hs1 188750000 189999999 0.000000
hs1 190000000 191249999 0.087439
hs1 191250000 192499999 0.181156
hs1 192500000 193749999 0.000000
hs1 193750000 194999999 0.382573
hs1 195000000 196249999 0.596086
hs1 196250000 197499999 0.241437
hs1 197500000 198749999 0.123615
hs1 198750000 199999999 0.540642
hs1 200000000 201249999 0.755414
hs1 201250000 202499999 0.421752
hs1 202500000 203749999 0.602961
hs1 203750000 204999999 0.493704
hs1 205000000 206249999 0.466160
hs1 206250000 207499999 0.177663
hs1 207500000 208749999 0.494866
hs1 208750000 209999999 0.661388
hs1 210000000 211249999 0.522489
hs1 211250000 212499999 0.220734
hs1 212500000 213749999 0.591831
hs1 213750000 214999999 0.889368
hs1 215000000 216249999 0.651271
hs1 216250000 217499999 0.152228
hs1 217500000 218749999 0.243937
hs1 218750000 219999999 0.209166
hs1 220000000 221249999 0.210446
hs1 221250000 222499999 0.427883
hs1 222500000 223749999 0.626216
hs1 223750000 224999999 0.499399
hs1 225000000 226249999 0.490874
hs1 226250000 227499999 0.287868
hs1 227500000 228749999 0.384029
hs1 228750000 229999999 0.751683
hs1 230000000 231249999 0.564408
hs1 231250000 232499999 0.605339
hs1 232500000 233749999 0.397063
hs1 233750000 234999999 0.628042
hs1 235000000 236249999 0.779729
hs1 236250000 237499999 0.004506
hs1 237500000 238749999 0.555326
hs1 238750000 239999999 0.745026
hs1 240000000 241249999 0.410502
hs1 241250000 242499999 0.625382
hs1 242500000 243749999 0.692604
hs1 243750000 244999999 0.890451
hs1 245000000 246249999 0.323078
hs1 246250000 247499999 0.123126
hs19 0 1249999 0.558529
hs19 1250000 2499999 0.620636
hs19 2500000 3749999 0.705065
hs19 3750000 4999999 0.679368
hs19 5000000 6249999 0.630770
hs19 6250000 7499999 0.569034
hs19 7500000 8749999 0.505424
hs19 8750000 9999999 0.456615
hs19 10000000 11249999 0.727410
hs19 11250000 12499999 0.499362
hs19 12500000 13749999 0.633865
hs19 13750000 14999999 0.518886
hs19 15000000 16249999 0.437777
hs19 16250000 17499999 0.746108
hs19 17500000 18749999 0.683130
hs19 18750000 19999999 0.747470
hs19 20000000 21249999 0.275097
hs19 21250000 22499999 0.272811
hs19 22500000 23749999 0.121003
hs19 23750000 24999999 0.077357
hs19 25000000 26249999 0.000000
hs19 26250000 27499999 0.000000
hs19 27500000 28749999 0.000000
hs19 28750000 29999999 0.000000
hs19 30000000 31249999 0.000000
hs19 31250000 32499999 0.000000
hs19 32500000 33749999 0.002758
hs19 33750000 34999999 0.072558
hs19 35000000 36249999 0.212711
hs19 36250000 37499999 0.059895
hs19 37500000 38749999 0.639273
hs19 38750000 39999999 0.386434
hs19 40000000 41249999 0.463885
hs19 41250000 42499999 0.499614
hs19 42500000 43749999 0.779510
hs19 43750000 44999999 0.478765
hs19 45000000 46249999 0.593985
hs19 46250000 47499999 0.478706
hs19 47500000 48749999 0.350521
hs19 48750000 49999999 0.513690
hs19 50000000 51249999 0.629242
hs19 51250000 52499999 0.429106
hs19 52500000 53749999 0.650708
hs19 53750000 54999999 0.731581
hs19 55000000 56249999 0.599675
hs19 56250000 57499999 0.457683
hs19 57500000 58749999 0.597884
hs19 58750000 59999999 0.474473
hs19 60000000 61249999 0.659419
hs19 61250000 62499999 0.382580
hs19 62500000 63749999 0.494714
hs19 63750000 64999999 0.037558
hs2 0 1249999 0.319026
hs2 1250000 2499999 0.713865
hs2 2500000 3749999 0.338613
hs2 3750000 4999999 0.000000
hs2 5000000 6249999 0.050007
hs2 6250000 7499999 0.131875
hs2 7500000 8749999 0.045489
hs2 8750000 9999999 0.592375
hs2 10000000 11249999 0.447918
hs2 11250000 12499999 0.300364
hs2 12500000 13749999 0.020690
hs2 13750000 14999999 0.005886
hs2 15000000 16249999 0.353725
hs2 16250000 17499999 0.093123
hs2 17500000 18749999 0.266111
hs2 18750000 19999999 0.031081
hs2 20000000 21249999 0.334300
hs2 21250000 22499999 0.000000
hs2 22500000 23749999 0.230558
hs2 23750000 24999999 0.704311
hs2 25000000 26249999 0.686774
hs2 26250000 27499999 0.738633
hs2 27500000 28749999 0.756684
hs2 28750000 29999999 0.836674
hs2 30000000 31249999 0.442090
hs2 31250000 32499999 0.526465
hs2 32500000 33749999 0.894040
hs2 33750000 34999999 0.001723
hs2 35000000 36249999 0.000000
hs2 36250000 37499999 0.645246
hs2 37500000 38749999 0.284348
hs2 38750000 39999999 0.554009
hs2 40000000 41249999 0.320233
hs2 41250000 42499999 0.147535
hs2 42500000 43749999 0.498541
hs2 43750000 44999999 0.701966
hs2 45000000 46249999 0.598774
hs2 46250000 47499999 0.477039
hs2 47500000 48749999 0.436378
hs2 48750000 49999999 0.268986
hs2 50000000 51249999 0.890543
hs2 51250000 52499999 0.000000
hs2 52500000 53749999 0.000000
hs2 53750000 54999999 0.875351
hs2 55000000 56249999 0.459686
hs2 56250000 57499999 0.161642
hs2 57500000 58749999 0.156374
hs2 58750000 59999999 0.000000
hs2 60000000 61249999 0.312398
hs2 61250000 62499999 0.530174
hs2 62500000 63749999 0.701032
hs2 63750000 64999999 0.261703
hs2 65000000 66249999 0.219798
hs2 66250000 67499999 0.120363
hs2 67500000 68749999 0.268282
hs2 68750000 69999999 0.634651
hs2 70000000 71249999 0.423746
hs2 71250000 72499999 0.511566
hs2 72500000 73749999 0.729841
hs2 73750000 74999999 0.579486
hs2 75000000 76249999 0.244204
hs2 76250000 77499999 0.537308
hs2 77500000 78749999 0.082506
hs2 78750000 79999999 0.336704
hs2 80000000 81249999 0.585587
hs2 81250000 82499999 0.000000
hs2 82500000 83749999 0.000774
hs2 83750000 84999999 0.320874
hs2 85000000 86249999 0.535798
hs2 86250000 87499999 0.550741
hs2 87500000 88749999 0.450208
hs2 88750000 89999999 0.079974
hs2 90000000 91249999 0.018614
hs2 91250000 92499999 0.006499
hs2 92500000 93749999 0.000000
hs2 93750000 94999999 0.081190
hs2 95000000 96249999 0.236036
hs2 96250000 97499999 0.507559
hs2 97500000 98749999 0.723601
hs2 98750000 99999999 0.812427
hs2 100000000 101249999 0.463835
hs2 101250000 102499999 0.494989
hs2 102500000 103749999 0.147066
hs2 103750000 104999999 0.063932
hs2 105000000 106249999 0.379953
hs2 106250000 107499999 0.123406
hs2 107500000 108749999 0.279559
hs2 108750000 109999999 0.785969
hs2 110000000 111249999 0.568246
hs2 111250000 112499999 0.608278
hs2 112500000 113749999 0.508965
hs2 113750000 114999999 0.249512
hs2 115000000 116249999 1.000000
hs2 116250000 117499999 0.055036
hs2 117500000 118749999 0.110241
hs2 118750000 119999999 0.211303
hs2 120000000 121249999 0.440625
hs2 121250000 122499999 0.478481
hs2 122500000 123749999 0.000000
hs2 123750000 124999999 0.400534
hs2 125000000 126249999 0.311467
hs2 126250000 127499999 0.032451
hs2 127500000 128749999 0.568989
hs2 128750000 129999999 0.034114
hs2 130000000 131249999 0.199094
hs2 131250000 132499999 0.316889
hs2 132500000 133749999 0.777127
hs2 133750000 134999999 0.450060
hs2 135000000 136249999 0.825993
hs2 136250000 137499999 0.170484
hs2 137500000 138749999 0.563109
hs2 138750000 139999999 0.147514
hs2 140000000 141249999 0.435628
hs2 141250000 142499999 1.000000
hs2 142500000 143749999 0.333652
hs2 143750000 144999999 0.811930
hs2 145000000 146249999 0.105697
hs2 146250000 147499999 0.003147
hs2 147500000 148749999 0.342546
hs2 148750000 149999999 0.723049
hs2 150000000 151249999 0.060832
hs2 151250000 152499999 0.401744
hs2 152500000 153749999 0.517479
hs2 153750000 154999999 0.451841
hs2 155000000 156249999 0.141327
hs2 156250000 157499999 0.127437
hs2 157500000 158749999 0.390778
hs2 158750000 159999999 0.758294
hs2 160000000 161249999 0.647626
hs2 161250000 162499999 0.418020
hs2 162500000 163749999 0.601641
hs2 163750000 164999999 0.102718
hs2 165000000 166249999 0.662503
hs2 166250000 167499999 0.407639
hs2 167500000 168749999 0.486335
hs2 168750000 169999999 0.690441
hs2 170000000 171249999 0.810314
hs2 171250000 172499999 0.573038
hs2 172500000 173749999 0.558720
hs2 173750000 174999999 0.337507
hs2 175000000 176249999 0.402581
hs2 176250000 177499999 0.141175
hs2 177500000 178749999 0.652785
hs2 178750000 179999999 0.846857
hs2 180000000 181249999 0.385419
hs2 181250000 182499999 0.259038
hs2 182500000 183749999 0.627202
hs2 183750000 184999999 0.000000
hs2 185000000 186249999 0.272898
hs2 186250000 187499999 0.240098
hs2 187500000 188749999 0.156350
hs2 188750000 189999999 0.436911
hs2 190000000 191249999 0.499766
hs2 191250000 192499999 0.376196
hs2 192500000 193749999 0.217564
hs2 193750000 194999999 0.000000
hs2 195000000 196249999 0.016179
hs2 196250000 197499999 0.840318
hs2 197500000 198749999 0.668139
hs2 198750000 199999999 0.126026
hs2 200000000 201249999 0.353986
hs2 201250000 202499999 0.820375
hs2 202500000 203749999 0.613442
hs2 203750000 204999999 0.300912
hs2 205000000 206249999 0.856018
hs2 206250000 207499999 0.510297
hs2 207500000 208749999 0.388267
hs2 208750000 209999999 0.172018
hs2 210000000 211249999 0.810927
hs2 211250000 212499999 0.442713
hs2 212500000 213749999 0.610897
hs2 213750000 214999999 0.913125
hs2 215000000 216249999 0.440299
hs2 216250000 217499999 0.379947
hs2 217500000 218749999 0.525339
hs2 218750000 219999999 0.672480
hs2 220000000 221249999 0.128026
hs2 221250000 222499999 0.123412
hs2 222500000 223749999 0.359367
hs2 223750000 224999999 0.204489
hs2 225000000 226249999 0.516722
hs2 226250000 227499999 0.126849
hs2 227500000 228749999 0.664267
hs2 228750000 229999999 0.257110
hs2 230000000 231249999 0.733754
hs2 231250000 232499999 0.440253
hs2 232500000 233749999 0.755514
hs2 233750000 234999999 0.966449
hs2 235000000 236249999 0.232214
hs2 236250000 237499999 0.573278
hs2 237500000 238749999 0.485272
hs2 238750000 239999999 0.434498
hs2 240000000 241249999 0.198187
hs2 241250000 242499999 0.707010
hs2 242500000 243749999 0.057302
hs8 0 1249999 0.179070
hs8 1250000 2499999 0.398378
hs8 2500000 3749999 0.775774
hs8 3750000 4999999 0.871790
hs8 5000000 6249999 0.000000
hs8 6250000 7499999 0.474475
hs8 7500000 8749999 0.234246
hs8 8750000 9999999 0.291327
hs8 10000000 11249999 0.688506
hs8 11250000 12499999 0.398878
hs8 12500000 13749999 0.476830
hs8 13750000 14999999 0.806665
hs8 15000000 16249999 0.359477
hs8 16250000 17499999 0.360847
hs8 17500000 18749999 0.602368
hs8 18750000 19999999 0.471662
hs8 20000000 21249999 0.057588
hs8 21250000 22499999 0.514448
hs8 22500000 23749999 0.538042
hs8 23750000 24999999 0.139580
hs8 25000000 26249999 0.447590
hs8 26250000 27499999 0.434290
hs8 27500000 28749999 0.608846
hs8 28750000 29999999 0.388225
hs8 30000000 31249999 0.532036
hs8 31250000 32499999 0.706553
hs8 32500000 33749999 0.322358
hs8 33750000 34999999 0.000000
hs8 35000000 36249999 0.447366
hs8 36250000 37499999 0.121442
hs8 37500000 38749999 0.443054
hs8 38750000 39999999 0.765044
hs8 40000000 41249999 0.304344
hs8 41250000 42499999 0.604818
hs8 42500000 43749999 0.370591
hs8 43750000 44999999 0.000000
hs8 45000000 46249999 0.000000
hs8 46250000 47499999 0.000000
hs8 47500000 48749999 0.343046
hs8 48750000 49999999 0.274833
hs8 50000000 51249999 0.213274
hs8 51250000 52499999 0.578634
hs8 52500000 53749999 0.679248
hs8 53750000 54999999 0.213844
hs8 55000000 56249999 0.199526
hs8 56250000 57499999 0.528933
hs8 57500000 58749999 0.037518
hs8 58750000 59999999 0.344714
hs8 60000000 61249999 0.155458
hs8 61250000 62499999 0.417326
hs8 62500000 63749999 0.573430
hs8 63750000 64999999 0.334387
hs8 65000000 66249999 0.167407
hs8 66250000 67499999 0.280935
hs8 67500000 68749999 0.761374
hs8 68750000 69999999 0.585266
hs8 70000000 71249999 0.351794
hs8 71250000 72499999 0.421714
hs8 72500000 73749999 0.326642
hs8 73750000 74999999 0.623695
hs8 75000000 76249999 0.203130
hs8 76250000 77499999 0.021488
hs8 77500000 78749999 0.223354
hs8 78750000 79999999 0.170897
hs8 80000000 81249999 0.244679
hs8 81250000 82499999 0.336718
hs8 82500000 83749999 0.113450
hs8 83750000 84999999 0.000000
hs8 85000000 86249999 0.622094
hs8 86250000 87499999 0.270983
hs8 87500000 88749999 0.655058
hs8 88750000 89999999 0.234867
hs8 90000000 91249999 0.148468
hs8 91250000 92499999 0.416570
hs8 92500000 93749999 0.109034
hs8 93750000 94999999 0.149482
hs8 95000000 96249999 0.457210
hs8 96250000 97499999 0.115992
hs8 97500000 98749999 0.516211
hs8 98750000 99999999 0.699074
hs8 100000000 101249999 0.847322
hs8 101250000 102499999 0.244430
hs8 102500000 103749999 0.660462
hs8 103750000 104999999 0.557562
hs8 105000000 106249999 0.431129
hs8 106250000 107499999 0.507178
hs8 107500000 108749999 0.474726
hs8 108750000 109999999 0.223256
hs8 110000000 111249999 0.363378
hs8 111250000 112499999 0.000000
hs8 112500000 113749999 0.356608
hs8 113750000 114999999 0.614735
hs8 115000000 116249999 0.000000
hs8 116250000 117499999 0.208403
hs8 117500000 118749999 0.319900
hs8 118750000 119999999 0.595959
hs8 120000000 121249999 0.432291
hs8 121250000 122499999 0.486046
hs8 122500000 123749999 0.026968
hs8 123750000 124999999 0.556072
hs8 125000000 126249999 0.561448
hs8 126250000 127499999 0.165306
hs8 127500000 128749999 0.036925
hs8 128750000 129999999 0.249953
hs8 130000000 131249999 0.202757
hs8 131250000 132499999 0.395896
hs8 132500000 133749999 0.509970
hs8 133750000 134999999 0.544750
hs8 135000000 136249999 0.190433
hs8 136250000 137499999 0.204577
hs8 137500000 138749999 0.000000
hs8 138750000 139999999 0.554049
hs8 140000000 141249999 0.422984
hs8 141250000 142499999 0.672617
hs8 142500000 143749999 0.306389
hs8 143750000 144999999 0.365887
hs8 145000000 146249999 0.564707
hs8 146250000 147499999 0.001777
hs6 0 1249999 0.342621
hs6 1250000 2499999 0.506674
hs6 2500000 3749999 0.398355
hs6 3750000 4999999 0.308967
hs6 5000000 6249999 0.667667
hs6 6250000 7499999 0.511686
hs6 7500000 8749999 0.276906
hs6 8750000 9999999 0.000000
hs6 10000000 11249999 0.380410
hs6 11250000 12499999 0.375280
hs6 12500000 13749999 0.640009
hs6 13750000 14999999 0.134717
hs6 15000000 16249999 0.342934
hs6 16250000 17499999 0.430479
hs6 17500000 18749999 0.570943
hs6 18750000 19999999 0.002640
hs6 20000000 21249999 0.648705
hs6 21250000 22499999 0.511230
hs6 22500000 23749999 0.000859
hs6 23750000 24999999 0.484252
hs6 25000000 26249999 0.502222
hs6 26250000 27499999 0.283289
hs6 27500000 28749999 0.195743
hs6 28750000 29999999 0.122506
hs6 30000000 31249999 0.410600
hs6 31250000 32499999 0.573542
hs6 32500000 33749999 0.340717
hs6 33750000 34999999 0.536738
hs6 35000000 36249999 0.719082
hs6 36250000 37499999 0.558101
hs6 37500000 38749999 0.750127
hs6 38750000 39999999 0.776985
hs6 40000000 41249999 0.253989
hs6 41250000 42499999 0.614950
hs6 42500000 43749999 0.650219
hs6 43750000 44999999 0.330010
hs6 45000000 46249999 0.708870
hs6 46250000 47499999 0.450404
hs6 47500000 48749999 0.359306
hs6 48750000 49999999 0.151496
hs6 50000000 51249999 0.091530
hs6 51250000 52499999 0.525129
hs6 52500000 53749999 0.325100
hs6 53750000 54999999 0.442808
hs6 55000000 56249999 0.511478
hs6 56250000 57499999 0.481775
hs6 57500000 58749999 0.130322
hs6 58750000 59999999 0.000000
hs6 60000000 61249999 0.000000
hs6 61250000 62499999 0.041742
hs6 62500000 63749999 0.443248
hs6 63750000 64999999 0.508592
hs6 65000000 66249999 1.000000
hs6 66250000 67499999 0.180356
hs6 67500000 68749999 0.000000
hs6 68750000 69999999 0.478118
hs6 70000000 71249999 0.624370
hs6 71250000 72499999 0.327587
hs6 72500000 73749999 0.702325
hs6 73750000 74999999 0.454059
hs6 75000000 76249999 0.268251
hs6 76250000 77499999 0.358570
hs6 77500000 78749999 0.000939
hs6 78750000 79999999 0.165863
hs6 80000000 81249999 0.349074
hs6 81250000 82499999 0.000000
hs6 82500000 83749999 0.143826
hs6 83750000 84999999 0.693371
hs6 85000000 86249999 0.050979
hs6 86250000 87499999 0.110442
hs6 87500000 88749999 0.450871
hs6 88750000 89999999 0.387965
hs6 90000000 91249999 0.745179
hs6 91250000 92499999 0.057245
hs6 92500000 93749999 0.000000
hs6 93750000 94999999 0.199171
hs6 95000000 96249999 0.025532
hs6 96250000 97499999 0.284814
hs6 97500000 98749999 0.269166
hs6 98750000 99999999 0.174622
hs6 100000000 101249999 0.352811
hs6 101250000 102499999 0.585892
hs6 102500000 103749999 0.099721
hs6 103750000 104999999 0.000000
hs6 105000000 106249999 0.356401
hs6 106250000 107499999 0.336745
hs6 107500000 108749999 0.693054
hs6 108750000 109999999 0.673858
hs6 110000000 111249999 0.623845
hs6 111250000 112499999 0.544974
hs6 112500000 113749999 0.145144
hs6 113750000 114999999 0.052573
hs6 115000000 116249999 0.000000
hs6 116250000 117499999 0.612755
hs6 117500000 118749999 0.576299
hs6 118750000 119999999 0.526383
hs6 120000000 121249999 0.000000
hs6 121250000 122499999 0.215319
hs6 122500000 123749999 0.464208
hs6 123750000 124999999 0.866300
hs6 125000000 126249999 0.470374
hs6 126250000 127499999 0.117678
hs6 127500000 128749999 0.705330
hs6 128750000 129999999 0.661646
hs6 130000000 131249999 0.293170
hs6 131250000 132499999 0.466958
hs6 132500000 133749999 0.348989
hs6 133750000 134999999 0.345946
hs6 135000000 136249999 0.905782
hs6 136250000 137499999 0.836647
hs6 137500000 138749999 0.219288
hs6 138750000 139999999 0.375150
hs6 140000000 141249999 0.000000
hs6 141250000 142499999 0.010554
hs6 142500000 143749999 0.642094
hs6 143750000 144999999 0.747541
hs6 145000000 146249999 0.276346
hs6 146250000 147499999 0.573406
hs6 147500000 148749999 0.231289
hs6 148750000 149999999 0.587471
hs6 150000000 151249999 0.511554
hs6 151250000 152499999 0.785013
hs6 152500000 153749999 0.547882
hs6 153750000 154999999 0.435178
hs6 155000000 156249999 0.318423
hs6 156250000 157499999 0.287396
hs6 157500000 158749999 0.633000
hs6 158750000 159999999 0.424798
hs6 160000000 161249999 0.527272
hs6 161250000 162499999 0.866330
hs6 162500000 163749999 0.937342
hs6 163750000 164999999 0.131163
hs6 165000000 166249999 0.291814
hs6 166250000 167499999 0.535992
hs6 167500000 168749999 0.364847
hs6 168750000 169999999 0.345706
hs6 170000000 171249999 0.127271
hs14 0 1249999 0.000000
hs14 1250000 2499999 0.000000
hs14 2500000 3749999 0.000000
hs14 3750000 4999999 0.000000
hs14 5000000 6249999 0.000000
hs14 6250000 7499999 0.000000
hs14 7500000 8749999 0.000000
hs14 8750000 9999999 0.000000
hs14 10000000 11249999 0.000000
hs14 11250000 12499999 0.000000
hs14 12500000 13749999 0.000000
hs14 13750000 14999999 0.000000
hs14 15000000 16249999 0.000000
hs14 16250000 17499999 0.000000
hs14 17500000 18749999 0.026049
hs14 18750000 19999999 0.138698
hs14 20000000 21249999 0.324490
hs14 21250000 22499999 0.124528
hs14 22500000 23749999 0.386616
hs14 23750000 24999999 0.320341
hs14 25000000 26249999 0.121498
hs14 26250000 27499999 0.000000
hs14 27500000 28749999 0.019742
hs14 28750000 29999999 0.280971
hs14 30000000 31249999 0.605291
hs14 31250000 32499999 0.607588
hs14 32500000 33749999 0.695999
hs14 33750000 34999999 0.441330
hs14 35000000 36249999 0.353478
hs14 36250000 37499999 0.654748
hs14 37500000 38749999 0.105590
hs14 38750000 39999999 0.112163
hs14 40000000 41249999 0.082790
hs14 41250000 42499999 0.154804
hs14 42500000 43749999 0.000000
hs14 43750000 44999999 0.262949
hs14 45000000 46249999 0.000648
hs14 46250000 47499999 0.668130
hs14 47500000 48749999 0.000000
hs14 48750000 49999999 0.467118
hs14 50000000 51249999 0.599673
hs14 51250000 52499999 0.532747
hs14 52500000 53749999 0.098951
hs14 53750000 54999999 0.567153
hs14 55000000 56249999 0.302394
hs14 56250000 57499999 0.235347
hs14 57500000 58749999 0.405053
hs14 58750000 59999999 0.545438
hs14 60000000 61249999 0.513902
hs14 61250000 62499999 0.353643
hs14 62500000 63749999 0.678902
hs14 63750000 64999999 0.550346
hs14 65000000 66249999 0.398402
hs14 66250000 67499999 0.886806
hs14 67500000 68749999 0.680641
hs14 68750000 69999999 0.615348
hs14 70000000 71249999 0.430236
hs14 71250000 72499999 0.733438
hs14 72500000 73749999 0.808656
hs14 73750000 74999999 0.484634
hs14 75000000 76249999 0.770130
hs14 76250000 77499999 0.600740
hs14 77500000 78749999 0.648124
hs14 78750000 79999999 0.532138
hs14 80000000 81249999 0.691323
hs14 81250000 82499999 0.000000
hs14 82500000 83749999 0.000000
hs14 83750000 84999999 0.000000
hs14 85000000 86249999 0.078227
hs14 86250000 87499999 0.024712
hs14 87500000 88749999 0.534071
hs14 88750000 89999999 0.686666
hs14 90000000 91249999 0.746694
hs14 91250000 92499999 0.664637
hs14 92500000 93749999 0.736412
hs14 93750000 94999999 0.387249
hs14 95000000 96249999 0.328150
hs14 96250000 97499999 0.098056
hs14 97500000 98749999 0.051990
hs14 98750000 99999999 0.617212
hs14 100000000 101249999 0.149505
hs14 101250000 102499999 0.767979
hs14 102500000 103749999 0.571471
hs14 103750000 104999999 0.389676
hs14 105000000 106249999 0.047181
hs17 0 1249999 0.683805
hs17 1250000 2499999 0.823374
hs17 2500000 3749999 0.561626
hs17 3750000 4999999 0.696858
hs17 5000000 6249999 0.314862
hs17 6250000 7499999 0.582422
hs17 7500000 8749999 0.583877
hs17 8750000 9999999 0.876070
hs17 10000000 11249999 0.386726
hs17 11250000 12499999 0.537895
hs17 12500000 13749999 0.349018
hs17 13750000 14999999 0.151470
hs17 15000000 16249999 0.542149
hs17 16250000 17499999 0.520799
hs17 17500000 18749999 0.702004
hs17 18750000 19999999 0.545293
hs17 20000000 21249999 0.393960
hs17 21250000 22499999 0.037827
hs17 22500000 23749999 0.413906
hs17 23750000 24999999 0.674329
hs17 25000000 26249999 0.775318
hs17 26250000 27499999 0.538880
hs17 27500000 28749999 0.798626
hs17 28750000 29999999 0.668470
hs17 30000000 31249999 0.510039
hs17 31250000 32499999 0.348373
hs17 32500000 33749999 0.588638
hs17 33750000 34999999 0.644035
hs17 35000000 36249999 0.568518
hs17 36250000 37499999 0.329163
hs17 37500000 38749999 0.744934
hs17 38750000 39999999 0.480242
hs17 40000000 41249999 0.504302
hs17 41250000 42499999 0.681570
hs17 42500000 43749999 0.621879
hs17 43750000 44999999 0.441335
hs17 45000000 46249999 0.528354
hs17 46250000 47499999 0.606343
hs17 47500000 48749999 0.073902
hs17 48750000 49999999 0.001869
hs17 50000000 51249999 0.321421
hs17 51250000 52499999 0.375526
hs17 52500000 53749999 0.502960
hs17 53750000 54999999 0.758898
hs17 55000000 56249999 0.776171
hs17 56250000 57499999 0.784652
hs17 57500000 58749999 0.561979
hs17 58750000 59999999 0.709911
hs17 60000000 61249999 0.484641
hs17 61250000 62499999 0.788403
hs17 62500000 63749999 0.598648
hs17 63750000 64999999 0.650255
hs17 65000000 66249999 0.096718
hs17 66250000 67499999 0.000000
hs17 67500000 68749999 0.407378
hs17 68750000 69999999 0.488443
hs17 70000000 71249999 0.715942
hs17 71250000 72499999 0.673950
hs17 72500000 73749999 0.426107
hs17 73750000 74999999 0.709460
hs17 75000000 76249999 0.514199
hs17 76250000 77499999 0.704196
hs17 77500000 78749999 0.703721
hs21 0 1249999 0.000000
hs21 1250000 2499999 0.000000
hs21 2500000 3749999 0.000000
hs21 3750000 4999999 0.000000
hs21 5000000 6249999 0.000000
hs21 6250000 7499999 0.000000
hs21 7500000 8749999 0.000000
hs21 8750000 9999999 0.057110
hs21 10000000 11249999 0.293020
hs21 11250000 12499999 0.000000
hs21 12500000 13749999 0.064067
hs21 13750000 14999999 0.227542
hs21 15000000 16249999 0.202764
hs21 16250000 17499999 0.431608
hs21 17500000 18749999 0.248539
hs21 18750000 19999999 0.000000
hs21 20000000 21249999 0.048411
hs21 21250000 22499999 0.432466
hs21 22500000 23749999 0.000000
hs21 23750000 24999999 0.000000
hs21 25000000 26249999 0.224629
hs21 26250000 27499999 0.304318
hs21 27500000 28749999 0.030963
hs21 28750000 29999999 0.477211
hs21 30000000 31249999 0.213734
hs21 31250000 32499999 0.574596
hs21 32500000 33749999 0.463090
hs21 33750000 34999999 0.604686
hs21 35000000 36249999 0.231080
hs21 36250000 37499999 0.651949
hs21 37500000 38749999 0.577389
hs21 38750000 39999999 0.439190
hs21 40000000 41249999 0.762693
hs21 41250000 42499999 0.486715
hs21 42500000 43749999 0.467823
hs21 43750000 44999999 0.712286
hs21 45000000 46249999 0.485142
hs21 46250000 47499999 0.394453
