hsX 0 1041665 0.110518
hsX 1041666 2083332 0.296155
hsX 2083333 3124999 0.636610
hsX 3125000 4166665 0.141476
hsX 4166666 5208332 0.000000
hsX 5208333 6249999 0.325080
hsX 6250000 7291665 0.226546
hsX 7291666 8333332 0.030993
hsX 8333333 9374999 0.214716
hsX 9375000 10416665 0.683998
hsX 10416666 11458332 0.726684
hsX 11458333 12499999 0.563041
hsX 12500000 13541665 0.311975
hsX 13541666 14583332 0.408304
hsX 14583333 15624999 0.511420
hsX 15625000 16666665 0.286368
hsX 16666666 17708332 0.664883
hsX 17708333 18749999 0.601106
hsX 18750000 19791665 0.709164
hsX 19791666 20833332 0.315891
hsX 20833333 21874999 0.374521
hsX 21875000 22916665 0.254354
hsX 22916666 23958332 0.264169
hsX 23958333 24999999 0.586596
hsX 25000000 26041665 0.000000
hsX 26041666 27083332 0.007985
hsX 27083333 28124999 0.022684
hsX 28125000 29166665 0.625022
hsX 29166666 30208332 0.709834
hsX 30208333 31249999 0.352134
hsX 31250000 32291665 0.999999
hsX 32291666 33333332 0.936943
hsX 33333333 34374999 0.002477
hsX 34375000 35416665 0.031055
hsX 35416666 36458332 0.310401
hsX 36458333 37499999 0.252990
hsX 37500000 38541665 0.471702
hsX 38541666 39583332 0.004896
hsX 39583333 40624999 0.249980
hsX 40625000 41666665 0.593124
hsX 41666666 42708332 0.001380
hsX 42708333 43749999 0.222168
hsX 43750000 44791665 0.374707
hsX 44791666 45833332 0.113161
hsX 45833333 46874999 0.445356
hsX 46875000 47916665 0.408406
hsX 47916666 48958332 0.406572
hsX 48958333 49999999 1.050571
hsX 50000000 51041665 0.382054
hsX 51041666 52083332 0.124179
hsX 52083333 53124999 0.284864
hsX 53125000 54166665 0.488268
hsX 54166666 55208332 0.481976
hsX 55208333 56249999 0.057602
hsX 56250000 57291665 0.164191
hsX 57291666 58333332 0.204830
hsX 58333333 59374999 0.000000
hsX 59375000 60416665 0.000000
hsX 60416666 61458332 0.000000
hsX 61458333 62499999 0.003948
hsX 62500000 63541665 0.417153
hsX 63541666 64583332 0.113611
hsX 64583333 65624999 0.229403
hsX 65625000 66666665 0.019577
hsX 66666666 67708332 0.580588
hsX 67708333 68749999 0.118465
hsX 68750000 69791665 0.817144
hsX 69791666 70833332 0.538087
hsX 70833333 71874999 0.745807
hsX 71875000 72916665 0.194110
hsX 72916666 73958332 0.667153
hsX 73958333 74999999 0.381526
hsX 75000000 76041665 0.008606
hsX 76041666 77083332 0.373853
hsX 77083333 78124999 0.218586
hsX 78125000 79166665 0.017458
hsX 79166666 80208332 0.247023
hsX 80208333 81249999 0.177585
hsX 81250000 82291665 0.000000
hsX 82291666 83333332 0.150295
hsX 83333333 84374999 0.279799
hsX 84375000 85416665 0.426881
hsX 85416666 86458332 0.535292
hsX 86458333 87499999 0.146244
hsX 87500000 88541665 0.007257
hsX 88541666 89583332 0.000906
hsX 89583333 90624999 0.003828
hsX 90625000 91666665 0.715921
hsX 91666666 92708332 0.094284
hsX 92708333 93749999 0.039302
hsX 93750000 94791665 0.000000
hsX 94791666 95833332 0.007521
hsX 95833333 96874999 0.874044
hsX 96875000 97916665 0.000000
hsX 97916666 98958332 0.340875
hsX 98958333 99999999 0.369872
hsX 100000000 101041665 0.462014
hsX 101041666 102083332 0.538271
hsX 102083333 103124999 0.123741
hsX 103125000 104166665 0.544596
hsX 104166666 105208332 0.840154
hsX 105208333 106249999 0.417817
hsX 106250000 107291665 0.406901
hsX 107291666 108333332 0.517632
hsX 108333333 109374999 0.420229
hsX 109375000 110416665 0.633036
hsX 110416666 111458332 0.742951
hsX 111458333 112499999 0.234466
hsX 112500000 113541665 0.000000
hsX 113541666 114583332 0.465764
hsX 114583333 115624999 0.115619
hsX 115625000 116666665 0.000000
hsX 116666666 117708332 0.493197
hsX 117708333 118749999 0.371735
hsX 118750000 119791665 0.298486
hsX 119791666 120833332 0.430110
hsX 120833333 121874999 0.000000
hsX 121875000 122916665 0.473331
hsX 122916666 123958332 0.726549
hsX 123958333 124999999 0.000000
hsX 125000000 126041665 0.007774
hsX 126041666 127083332 0.001383
hsX 127083333 128124999 0.000000
hsX 128125000 129166665 0.405375
hsX 129166666 130208332 0.404441
hsX 130208333 131249999 0.253190
hsX 131250000 132291665 0.469864
hsX 132291666 133333332 0.522535
hsX 133333333 134374999 0.345516
hsX 134375000 135416665 0.454231
hsX 135416666 136458332 0.164583
hsX 136458333 137499999 0.005678
hsX 137500000 138541665 0.634939
hsX 138541666 139583332 0.186509
hsX 139583333 140624999 0.020999
hsX 140625000 141666665 0.065292
hsX 141666666 142708332 0.038308
hsX 142708333 143749999 0.001139
hsX 143750000 144791665 0.018317
hsX 144791666 145833332 0.001644
hsX 145833333 146874999 0.055523
hsX 146875000 147916665 0.519311
hsX 147916666 148958332 0.226854
hsX 148958333 149999999 0.448538
hsX 150000000 151041665 0.184810
hsX 151041666 152083332 0.434819
hsX 152083333 153124999 0.447832
hsX 153125000 154166665 0.676177
hsX 154166666 155208332 0.264485
hs12 0 1041665 0.777623
hs12 1041666 2083332 0.812082
hs12 2083333 3124999 0.823911
hs12 3125000 4166665 0.428316
hs12 4166666 5208332 0.348149
hs12 5208333 6249999 0.634024
hs12 6250000 7291665 0.646491
hs12 7291666 8333332 0.378704
hs12 8333333 9374999 0.414668
hs12 9375000 10416665 0.300197
hs12 10416666 11458332 0.762757
hs12 11458333 12499999 0.524609
hs12 12500000 13541665 0.387039
hs12 13541666 14583332 0.563685
hs12 14583333 15624999 0.582264
hs12 15625000 16666665 0.479505
hs12 16666666 17708332 0.000000
hs12 17708333 18749999 0.402059
hs12 18750000 19791665 0.348016
hs12 19791666 20833332 0.354928
hs12 20833333 21874999 0.623456
hs12 21875000 22916665 0.411011
hs12 22916666 23958332 0.366563
hs12 23958333 24999999 0.773439
hs12 25000000 26041665 0.396768
hs12 26041666 27083332 0.706764
hs12 27083333 28124999 0.450749
hs12 28125000 29166665 0.281249
hs12 29166666 30208332 0.484843
hs12 30208333 31249999 0.203945
hs12 31250000 32291665 0.490537
hs12 32291666 33333332 0.438371
hs12 33333333 34374999 0.067613
hs12 34375000 35416665 0.000000
hs12 35416666 36458332 0.000000
hs12 36458333 37499999 0.173477
hs12 37500000 38541665 0.486717
hs12 38541666 39583332 0.575277
hs12 39583333 40624999 0.531046
hs12 40625000 41666665 0.395643
hs12 41666666 42708332 0.444730
hs12 42708333 43749999 0.774018
hs12 43750000 44791665 0.498486
hs12 44791666 45833332 0.159866
hs12 45833333 46874999 0.360564
hs12 46875000 47916665 0.321887
hs12 47916666 48958332 0.678052
hs12 48958333 49999999 0.757345
hs12 50000000 51041665 0.509622
hs12 51041666 52083332 0.422826
hs12 52083333 53124999 0.527228
hs12 53125000 54166665 0.164534
hs12 54166666 55208332 0.520088
hs12 55208333 56249999 0.562908
hs12 56250000 57291665 0.203126
hs12 57291666 58333332 0.046394
hs12 58333333 59374999 0.088593
hs12 59375000 60416665 0.027225
hs12 60416666 61458332 0.833958
hs12 61458333 62499999 0.289815
hs12 62500000 63541665 0.654154
hs12 63541666 64583332 0.466286
hs12 64583333 65624999 0.515057
hs12 65625000 66666665 0.056892
hs12 66666666 67708332 0.333435
hs12 67708333 68749999 0.316956
hs12 68750000 69791665 0.557020
hs12 69791666 70833332 0.463301
hs12 70833333 71874999 0.396382
hs12 71875000 72916665 0.000000
hs12 72916666 73958332 0.168575
hs12 73958333 74999999 0.193936
hs12 75000000 76041665 0.351585
hs12 76041666 77083332 0.320769
hs12 77083333 78124999 0.375059
hs12 78125000 79166665 0.523419
hs12 79166666 80208332 0.691308
hs12 80208333 81249999 0.450152
hs12 81250000 82291665 0.551399
hs12 82291666 83333332 0.000000
hs12 83333333 84374999 0.293390
hs12 84375000 85416665 0.537773
hs12 85416666 86458332 0.326541
hs12 86458333 87499999 0.292155
hs12 87500000 88541665 0.145722
hs12 88541666 89583332 0.033896
hs12 89583333 90624999 0.094327
hs12 90625000 91666665 0.039362
hs12 91666666 92708332 0.401595
hs12 92708333 93749999 0.436569
hs12 93750000 94791665 0.513688
hs12 94791666 95833332 0.454124
hs12 95833333 96874999 0.102891
hs12 96875000 97916665 0.414430
hs12 97916666 98958332 0.951870
hs12 98958333 99999999 0.695142
hs12 100000000 101041665 0.570086
hs12 101041666 102083332 0.232320
hs12 102083333 103124999 0.672779
hs12 103125000 104166665 0.733220
hs12 104166666 105208332 0.122521
hs12 105208333 106249999 0.861346
hs12 106250000 107291665 0.534557
hs12 107291666 108333332 0.579728
hs12 108333333 109374999 0.678153
hs12 109375000 110416665 0.681414
hs12 110416666 111458332 0.803589
hs12 111458333 112499999 0.495408
hs12 112500000 113541665 0.195983
hs12 113541666 114583332 0.013356
hs12 114583333 115624999 0.325476
hs12 115625000 116666665 0.792292
hs12 116666666 117708332 0.559007
hs12 117708333 118749999 0.602109
hs12 118750000 119791665 0.628274
hs12 119791666 120833332 0.652862
hs12 120833333 121874999 0.767099
hs12 121875000 122916665 0.753120
hs12 122916666 123958332 0.453563
hs12 123958333 124999999 0.468689
hs12 125000000 126041665 0.029093
hs12 126041666 127083332 0.000000
hs12 127083333 128124999 0.582788
hs12 128125000 129166665 0.804534
hs12 129166666 130208332 0.384653
hs12 130208333 131249999 0.378819
hs12 131250000 132291665 0.643685
hs11 0 1041665 0.577977
hs11 1041666 2083332 0.608901
hs11 2083333 3124999 0.777602
hs11 3125000 4166665 0.541555
hs11 4166666 5208332 0.080284
hs11 5208333 6249999 0.232738
hs11 6250000 7291665 0.374905
hs11 7291666 8333332 0.510989
hs11 8333333 9374999 0.757345
hs11 9375000 10416665 0.712119
hs11 10416666 11458332 0.456546
hs11 11458333 12499999 0.648773
hs11 12500000 13541665 0.450237
hs11 13541666 14583332 0.574796
hs11 14583333 15624999 0.409337
hs11 15625000 16666665 0.489543
hs11 16666666 17708332 0.532376
hs11 17708333 18749999 0.703116
hs11 18750000 19791665 0.566458
hs11 19791666 20833332 0.667565
hs11 20833333 21874999 0.691652
hs11 21875000 22916665 0.277494
hs11 22916666 23958332 0.000000
hs11 23958333 24999999 0.503874
hs11 25000000 26041665 0.058332
hs11 26041666 27083332 0.447996
hs11 27083333 28124999 0.529260
hs11 28125000 29166665 0.179166
hs11 29166666 30208332 0.006456
hs11 30208333 31249999 0.220730
hs11 31250000 32291665 0.537723
hs11 32291666 33333332 0.579634
hs11 33333333 34374999 0.512371
hs11 34375000 35416665 0.473350
hs11 35416666 36458332 0.681381
hs11 36458333 37499999 0.099756
hs11 37500000 38541665 0.000000
hs11 38541666 39583332 0.000000
hs11 39583333 40624999 0.172716
hs11 40625000 41666665 0.000000
hs11 41666666 42708332 0.000000
hs11 42708333 43749999 0.249696
hs11 43750000 44791665 0.442146
hs11 44791666 45833332 0.339652
hs11 45833333 46874999 0.778921
hs11 46875000 47916665 0.743406
hs11 47916666 48958332 0.194883
hs11 48958333 49999999 0.303379
hs11 50000000 51041665 0.028916
hs11 51041666 52083332 0.001922
hs11 52083333 53124999 0.000000
hs11 53125000 54166665 0.000000
hs11 54166666 55208332 0.016082
hs11 55208333 56249999 0.384667
hs11 56250000 57291665 0.301160
hs11 57291666 58333332 0.372239
hs11 58333333 59374999 0.240828
hs11 59375000 60416665 0.339910
hs11 60416666 61458332 0.627981
hs11 61458333 62499999 0.491256
hs11 62500000 63541665 0.574089
hs11 63541666 64583332 0.652980
hs11 64583333 65624999 0.506370
hs11 65625000 66666665 0.647726
hs11 66666666 67708332 0.512817
hs11 67708333 68749999 0.547197
hs11 68750000 69791665 0.153137
hs11 69791666 70833332 0.752597
hs11 70833333 71874999 0.485804
hs11 71875000 72916665 0.750032
hs11 72916666 73958332 0.661250
hs11 73958333 74999999 0.594054
hs11 75000000 76041665 0.566408
hs11 76041666 77083332 0.652748
hs11 77083333 78124999 0.790750
hs11 78125000 79166665 0.676170
hs11 79166666 80208332 0.000000
hs11 80208333 81249999 0.000000
hs11 81250000 82291665 0.076122
hs11 82291666 83333332 0.691349
hs11 83333333 84374999 1.000000
hs11 84375000 85416665 0.883043
hs11 85416666 86458332 0.432953
hs11 86458333 87499999 0.262188
hs11 87500000 88541665 0.625444
hs11 88541666 89583332 0.535085
hs11 89583333 90624999 0.012334
hs11 90625000 91666665 0.000000
hs11 91666666 92708332 0.588083
hs11 92708333 93749999 0.453251
hs11 93750000 94791665 0.402535
hs11 94791666 95833332 0.537623
hs11 95833333 96874999 0.000000
hs11 96875000 97916665 0.000000
hs11 97916666 98958332 0.538803
hs11 98958333 99999999 0.743377
hs11 100000000 101041665 0.516192
hs11 101041666 102083332 0.433939
hs11 102083333 103124999 0.457383
hs11 103125000 104166665 0.249342
hs11 104166666 105208332 0.301025
hs11 105208333 106249999 0.382728
hs11 106250000 107291665 0.469391
hs11 107291666 108333332 0.813196
hs11 108333333 109374999 0.006767
hs11 109375000 110416665 0.303796
hs11 110416666 111458332 0.557027
hs11 111458333 112499999 0.255645
hs11 112500000 113541665 0.561773
hs11 113541666 114583332 0.245101
hs11 114583333 115624999 0.285234
hs11 115625000 116666665 0.423559
hs11 116666666 117708332 0.696665
hs11 117708333 118749999 0.635940
hs11 118750000 119791665 0.300664
hs11 119791666 120833332 0.556535
hs11 120833333 121874999 0.279757
hs11 121875000 122916665 0.401726
hs11 122916666 123958332 0.185668
hs11 123958333 124999999 0.642208
hs11 125000000 126041665 0.633168
hs11 126041666 127083332 0.320939
hs11 127083333 128124999 0.178753
hs11 128125000 129166665 0.419030
hs11 129166666 130208332 0.429095
hs11 130208333 131249999 0.523236
hs11 131250000 132291665 0.924969
hs11 132291666 133333332 0.641116
hs11 133333333 134374999 0.312552
hs22 0 1041665 0.000000
hs22 1041666 2083332 0.000000
hs22 2083333 3124999 0.000000
hs22 3125000 4166665 0.000000
hs22 4166666 5208332 0.000000
hs22 5208333 6249999 0.000000
hs22 6250000 7291665 0.000000
hs22 7291666 8333332 0.000000
hs22 8333333 9374999 0.000000
hs22 9375000 10416665 0.000000
hs22 10416666 11458332 0.000000
hs22 11458333 12499999 0.000000
hs22 12500000 13541665 0.000000
hs22 13541666 14583332 0.000000
hs22 14583333 15624999 0.078301
hs22 15625000 16666665 0.475356
hs22 16666666 17708332 0.571878
hs22 17708333 18749999 0.549779
hs22 18750000 19791665 0.487899
hs22 19791666 20833332 0.401968
hs22 20833333 21874999 0.266020
hs22 21875000 22916665 0.565135
hs22 22916666 23958332 0.756587
hs22 23958333 24999999 1.033419
hs22 25000000 26041665 0.405739
hs22 26041666 27083332 0.560118
hs22 27083333 28124999 0.816605
hs22 28125000 29166665 0.640016
hs22 29166666 30208332 0.604245
hs22 30208333 31249999 0.615325
hs22 31250000 32291665 0.853643
hs22 32291666 33333332 0.340561
hs22 33333333 34374999 0.168706
hs22 34375000 35416665 0.649766
hs22 35416666 36458332 0.469517
hs22 36458333 37499999 0.705328
hs22 37500000 38541665 0.466809
hs22 38541666 39583332 0.812552
hs22 39583333 40624999 0.726660
hs22 40625000 41666665 0.476364
hs22 41666666 42708332 0.774158
hs22 42708333 43749999 0.701914
hs22 43750000 44791665 0.549013
hs22 44791666 45833332 0.778973
hs22 45833333 46874999 0.120561
hs22 46875000 47916665 0.259008
hs22 47916666 48958332 0.305951
hs22 48958333 49999999 0.443062
hs10 0 1041665 0.621187
hs10 1041666 2083332 0.683552
hs10 2083333 3124999 0.024239
hs10 3125000 4166665 0.084833
hs10 4166666 5208332 0.171400
hs10 5208333 6249999 0.441161
hs10 6250000 7291665 0.257337
hs10 7291666 8333332 0.602494
hs10 8333333 9374999 0.000000
hs10 9375000 10416665 0.000000
hs10 10416666 11458332 0.344751
hs10 11458333 12499999 0.567348
hs10 12500000 13541665 0.665525
hs10 13541666 14583332 0.743517
hs10 14583333 15624999 0.667317
hs10 15625000 16666665 0.330392
hs10 16666666 17708332 0.731629
hs10 17708333 18749999 0.910420
hs10 18750000 19791665 0.235788
hs10 19791666 20833332 0.445195
hs10 20833333 21874999 0.424302
hs10 21875000 22916665 0.560761
hs10 22916666 23958332 0.284172
hs10 23958333 24999999 0.911594
hs10 25000000 26041665 0.620028
hs10 26041666 27083332 0.545211
hs10 27083333 28124999 0.449568
hs10 28125000 29166665 0.491491
hs10 29166666 30208332 0.301059
hs10 30208333 31249999 0.209941
hs10 31250000 32291665 0.428765
hs10 32291666 33333332 0.602243
hs10 33333333 34374999 0.151119
hs10 34375000 35416665 0.752277
hs10 35416666 36458332 0.403519
hs10 36458333 37499999 0.043402
hs10 37500000 38541665 0.222956
hs10 38541666 39583332 0.064829
hs10 39583333 40624999 0.000000
hs10 40625000 41666665 0.000000
hs10 41666666 42708332 0.189328
hs10 42708333 43749999 0.272684
hs10 43750000 44791665 0.053052
hs10 44791666 45833332 0.433308
hs10 45833333 46874999 0.391598
hs10 46875000 47916665 0.157323
hs10 47916666 48958332 0.251576
hs10 48958333 49999999 0.685791
hs10 50000000 51041665 0.749820
hs10 51041666 52083332 0.590404
hs10 52083333 53124999 0.766185
hs10 53125000 54166665 0.583459
hs10 54166666 55208332 0.006069
hs10 55208333 56249999 0.958577
hs10 56250000 57291665 0.000000
hs10 57291666 58333332 0.003684
hs10 58333333 59374999 0.000000
hs10 59375000 60416665 0.438877
hs10 60416666 61458332 0.353523
hs10 61458333 62499999 0.489292
hs10 62500000 63541665 0.332042
hs10 63541666 64583332 0.388404
hs10 64583333 65624999 0.389167
hs10 65625000 66666665 0.001297
hs10 66666666 67708332 0.344259
hs10 67708333 68749999 1.168074
hs10 68750000 69791665 0.756941
hs10 69791666 70833332 0.765181
hs10 70833333 71874999 0.496955
hs10 71875000 72916665 0.472261
hs10 72916666 73958332 0.787516
hs10 73958333 74999999 0.830284
hs10 75000000 76041665 0.802222
hs10 76041666 77083332 0.426543
hs10 77083333 78124999 0.743625
hs10 78125000 79166665 0.737491
hs10 79166666 80208332 0.207611
hs10 80208333 81249999 0.438818
hs10 81250000 82291665 0.275980
hs10 82291666 83333332 0.100446
hs10 83333333 84374999 0.719953
hs10 84375000 85416665 0.347439
hs10 85416666 86458332 0.258792
hs10 86458333 87499999 0.144681
hs10 87500000 88541665 0.784965
hs10 88541666 89583332 0.664769
hs10 89583333 90624999 0.538304
hs10 90625000 91666665 0.440927
hs10 91666666 92708332 0.156362
hs10 92708333 93749999 0.599611
hs10 93750000 94791665 0.703707
hs10 94791666 95833332 0.478470
hs10 95833333 96874999 0.663419
hs10 96875000 97916665 0.671757
hs10 97916666 98958332 0.768321
hs10 98958333 99999999 0.669954
hs10 100000000 101041665 0.824921
hs10 101041666 102083332 0.628785
hs10 102083333 103124999 0.380771
hs10 103125000 104166665 0.754944
hs10 104166666 105208332 0.774804
hs10 105208333 106249999 0.763272
hs10 106250000 107291665 0.599171
hs10 107291666 108333332 0.009526
hs10 108333333 109374999 0.557712
hs10 109375000 110416665 0.000000
hs10 110416666 111458332 0.000000
hs10 111458333 112499999 0.419079
hs10 112500000 113541665 0.229144
hs10 113541666 114583332 0.522711
hs10 114583333 115624999 0.440216
hs10 115625000 116666665 0.608746
hs10 116666666 117708332 0.859068
hs10 117708333 118749999 0.556827
hs10 118750000 119791665 0.252953
hs10 119791666 120833332 0.314975
hs10 120833333 121874999 0.614025
hs10 121875000 122916665 0.183606
hs10 122916666 123958332 0.521130
hs10 123958333 124999999 0.510921
hs10 125000000 126041665 0.207793
hs10 126041666 127083332 0.564588
hs10 127083333 128124999 0.675908
hs10 128125000 129166665 0.664794
hs10 129166666 130208332 0.221493
hs10 130208333 131249999 0.090775
hs10 131250000 132291665 0.362428
hs10 132291666 133333332 0.210558
hs10 133333333 134374999 0.463205
hs10 134375000 135416665 0.415560
hs7 0 1041665 0.449916
hs7 1041666 2083332 0.511853
hs7 2083333 3124999 0.673665
hs7 3125000 4166665 0.824699
hs7 4166666 5208332 0.400033
hs7 5208333 6249999 0.735255
hs7 6250000 7291665 0.428176
hs7 7291666 8333332 0.546277
hs7 8333333 9374999 0.306250
hs7 9375000 10416665 0.001487
hs7 10416666 11458332 0.273117
hs7 11458333 12499999 0.460229
hs7 12500000 13541665 0.083622
hs7 13541666 14583332 0.511036
hs7 14583333 15624999 0.608262
hs7 15625000 16666665 0.447766
hs7 16666666 17708332 0.153005
hs7 17708333 18749999 0.382984
hs7 18750000 19791665 0.310473
hs7 19791666 20833332 0.300867
hs7 20833333 21874999 0.396126
hs7 21875000 22916665 0.396072
hs7 22916666 23958332 0.559517
hs7 23958333 24999999 0.350745
hs7 25000000 26041665 0.053923
hs7 26041666 27083332 0.427930
hs7 27083333 28124999 0.556396
hs7 28125000 29166665 0.715180
hs7 29166666 30208332 0.583159
hs7 30208333 31249999 0.410197
hs7 31250000 32291665 0.425092
hs7 32291666 33333332 0.442726
hs7 33333333 34374999 0.528215
hs7 34375000 35416665 0.829672
hs7 35416666 36458332 0.428601
hs7 36458333 37499999 0.775516
hs7 37500000 38541665 0.300746
hs7 38541666 39583332 0.745099
hs7 39583333 40624999 0.749569
hs7 40625000 41666665 0.232208
hs7 41666666 42708332 0.360613
hs7 42708333 43749999 0.584579
hs7 43750000 44791665 0.694169
hs7 44791666 45833332 0.359534
hs7 45833333 46874999 0.013765
hs7 46875000 47916665 0.414013
hs7 47916666 48958332 0.569505
hs7 48958333 49999999 0.183660
hs7 50000000 51041665 0.584771
hs7 51041666 52083332 0.288584
hs7 52083333 53124999 0.001219
hs7 53125000 54166665 0.000000
hs7 54166666 55208332 0.181676
hs7 55208333 56249999 0.435492
hs7 56250000 57291665 0.058052
hs7 57291666 58333332 0.022449
hs7 58333333 59374999 0.000000
hs7 59375000 60416665 0.000000
hs7 60416666 61458332 0.000000
hs7 61458333 62499999 0.020043
hs7 62500000 63541665 0.118368
hs7 63541666 64583332 0.336533
hs7 64583333 65624999 0.406644
hs7 65625000 66666665 0.443102
hs7 66666666 67708332 0.000000
hs7 67708333 68749999 0.046234
hs7 68750000 69791665 0.999999
hs7 69791666 70833332 0.657555
hs7 70833333 71874999 0.812373
hs7 71875000 72916665 0.599907
hs7 72916666 73958332 0.585348
hs7 73958333 74999999 0.479958
hs7 75000000 76041665 0.636497
hs7 76041666 77083332 0.471088
hs7 77083333 78124999 0.886744
hs7 78125000 79166665 0.763994
hs7 79166666 80208332 0.206338
hs7 80208333 81249999 0.235032
hs7 81250000 82291665 0.541464
hs7 82291666 83333332 0.598778
hs7 83333333 84374999 0.227098
hs7 84375000 85416665 0.121322
hs7 85416666 86458332 0.321732
hs7 86458333 87499999 0.834763
hs7 87500000 88541665 0.511989
hs7 88541666 89583332 0.252112
hs7 89583333 90624999 0.585706
hs7 90625000 91666665 0.267291
hs7 91666666 92708332 0.585728
hs7 92708333 93749999 0.283068
hs7 93750000 94791665 0.559710
hs7 94791666 95833332 0.633334
hs7 95833333 96874999 0.135701
hs7 96875000 97916665 0.287725
hs7 97916666 98958332 0.496243
hs7 98958333 99999999 0.607264
hs7 100000000 101041665 0.567229
hs7 101041666 102083332 0.704570
hs7 102083333 103124999 0.914191
hs7 103125000 104166665 0.752836
hs7 104166666 105208332 0.836358
hs7 105208333 106249999 0.221391
hs7 106250000 107291665 0.707111
hs7 107291666 108333332 0.569069
hs7 108333333 109374999 0.000000
hs7 109375000 110416665 0.314217
hs7 110416666 111458332 0.875809
hs7 111458333 112499999 0.500342
hs7 112500000 113541665 0.076303
hs7 113541666 114583332 0.647449
hs7 114583333 115624999 0.091774
hs7 115625000 116666665 0.596711
hs7 116666666 117708332 0.480575
hs7 117708333 118749999 0.000000
hs7 118750000 119791665 0.087081
hs7 119791666 120833332 0.819519
hs7 120833333 121874999 0.376401
hs7 121875000 122916665 0.543769
hs7 122916666 123958332 0.242620
hs7 123958333 124999999 0.122081
hs7 125000000 126041665 0.168748
hs7 126041666 127083332 0.658763
hs7 127083333 128124999 0.558444
hs7 128125000 129166665 0.672246
hs7 129166666 130208332 0.507175
hs7 130208333 131249999 0.583385
hs7 131250000 132291665 0.668988
hs7 132291666 133333332 0.835847
hs7 133333333 134374999 0.548344
hs7 134375000 135416665 0.570422
hs7 135416666 136458332 0.142562
hs7 136458333 137499999 0.712952
hs7 137500000 138541665 0.568779
hs7 138541666 139583332 0.768319
hs7 139583333 140624999 0.413632
hs7 140625000 141666665 0.434835
hs7 141666666 142708332 0.118919
hs7 142708333 143749999 0.242748
hs7 143750000 144791665 0.368749
hs7 144791666 145833332 0.373390
hs7 145833333 146874999 1.000102
hs7 146875000 147916665 0.839059
hs7 147916666 148958332 0.489970
hs7 148958333 149999999 0.294450
hs7 150000000 151041665 0.617625
hs7 151041666 152083332 0.635598
hs7 152083333 153124999 0.091789
hs7 153125000 154166665 0.913262
hs7 154166666 155208332 0.362710
hs7 155208333 156249999 0.183370
hs7 156250000 157291665 0.610569
hs7 157291666 158333332 0.915673
hs7 158333333 159374999 0.215315
hs4 0 1041665 0.698407
hs4 1041666 2083332 0.554394
hs4 2083333 3124999 0.766995
hs4 3125000 4166665 0.285949
hs4 4166666 5208332 0.358812
hs4 5208333 6249999 0.838053
hs4 6250000 7291665 0.527158
hs4 7291666 8333332 0.922338
hs4 8333333 9374999 0.185479
hs4 9375000 10416665 0.452251
hs4 10416666 11458332 0.029420
hs4 11458333 12499999 0.000000
hs4 12500000 13541665 0.178474
hs4 13541666 14583332 0.000000
hs4 14583333 15624999 0.496140
hs4 15625000 16666665 0.541963
hs4 16666666 17708332 0.432455
hs4 17708333 18749999 0.000000
hs4 18750000 19791665 0.000000
hs4 19791666 20833332 0.852103
hs4 20833333 21874999 0.706549
hs4 21875000 22916665 0.245108
hs4 22916666 23958332 0.094136
hs4 23958333 24999999 0.405438
hs4 25000000 26041665 0.282856
hs4 26041666 27083332 0.331970
hs4 27083333 28124999 0.000000
hs4 28125000 29166665 0.000000
hs4 29166666 30208332 0.000000
hs4 30208333 31249999 0.409332
hs4 31250000 32291665 0.000000
hs4 32291666 33333332 0.000000
hs4 33333333 34374999 0.000000
hs4 34375000 35416665 0.000000
hs4 35416666 36458332 0.232794
hs4 36458333 37499999 0.421977
hs4 37500000 38541665 0.409138
hs4 38541666 39583332 0.730741
hs4 39583333 40624999 0.612081
hs4 40625000 41666665 0.641069
hs4 41666666 42708332 0.630023
hs4 42708333 43749999 0.018336
hs4 43750000 44791665 0.336885
hs4 44791666 45833332 0.084765
hs4 45833333 46874999 0.515037
hs4 46875000 47916665 0.892630
hs4 47916666 48958332 0.533534
hs4 48958333 49999999 0.000000
hs4 50000000 51041665 0.000000
hs4 51041666 52083332 0.000000
hs4 52083333 53124999 0.154698
hs4 53125000 54166665 0.750105
hs4 54166666 55208332 0.122535
hs4 55208333 56249999 0.361851
hs4 56250000 57291665 0.498492
hs4 57291666 58333332 0.174717
hs4 58333333 59374999 0.000000
hs4 59375000 60416665 0.000000
hs4 60416666 61458332 0.000000
hs4 61458333 62499999 0.436384
hs4 62500000 63541665 0.115933
hs4 63541666 64583332 0.000000
hs4 64583333 65624999 0.125755
hs4 65625000 66666665 0.336358
hs4 66666666 67708332 0.000000
hs4 67708333 68749999 0.456043
hs4 68750000 69791665 0.270463
hs4 69791666 70833332 0.238764
hs4 70833333 71874999 0.324641
hs4 71875000 72916665 0.569094
hs4 72916666 73958332 0.388061
hs4 73958333 74999999 0.301358
hs4 75000000 76041665 0.243262
hs4 76041666 77083332 0.403062
hs4 77083333 78124999 0.729168
hs4 78125000 79166665 0.375201
hs4 79166666 80208332 0.674752
hs4 80208333 81249999 0.209520
hs4 81250000 82291665 0.730459
hs4 82291666 83333332 0.094481
hs4 83333333 84374999 0.536891
hs4 84375000 85416665 0.200489
hs4 85416666 86458332 0.394020
hs4 86458333 87499999 0.837352
hs4 87500000 88541665 0.667761
hs4 88541666 89583332 0.372320
hs4 89583333 90624999 0.563728
hs4 90625000 91666665 0.549972
hs4 91666666 92708332 1.000604
hs4 92708333 93749999 0.325908
hs4 93750000 94791665 0.999999
hs4 94791666 95833332 0.447764
hs4 95833333 96874999 0.749712
hs4 96875000 97916665 0.001332
hs4 97916666 98958332 0.248913
hs4 98958333 99999999 0.668029
hs4 100000000 101041665 0.407682
hs4 101041666 102083332 0.169760
hs4 102083333 103124999 0.497527
hs4 103125000 104166665 0.631897
hs4 104166666 105208332 0.284307
hs4 105208333 106249999 0.018361
hs4 106250000 107291665 0.638379
hs4 107291666 108333332 0.301205
hs4 108333333 109374999 0.378969
hs4 109375000 110416665 0.569000
hs4 110416666 111458332 0.627630
hs4 111458333 112499999 0.102908
hs4 112500000 113541665 0.188162
hs4 113541666 114583332 0.699453
hs4 114583333 115624999 0.374722
hs4 115625000 116666665 0.350205
hs4 116666666 117708332 0.000042
hs4 117708333 118749999 0.001947
hs4 118750000 119791665 0.321459
hs4 119791666 120833332 0.569789
hs4 120833333 121874999 0.045178
hs4 121875000 122916665 0.384301
hs4 122916666 123958332 0.396372
hs4 123958333 124999999 0.683330
hs4 125000000 126041665 0.114866
hs4 126041666 127083332 0.169461
hs4 127083333 128124999 0.000000
hs4 128125000 129166665 0.293820
hs4 129166666 130208332 0.406998
hs4 130208333 131249999 0.043102
hs4 131250000 132291665 0.000000
hs4 132291666 133333332 0.000000
hs4 133333333 134374999 0.040573
hs4 134375000 135416665 0.005199
hs4 135416666 136458332 0.000000
hs4 136458333 137499999 0.000000
hs4 137500000 138541665 0.000000
hs4 138541666 139583332 0.088143
hs4 139583333 140624999 0.240069
hs4 140625000 141666665 0.665226
hs4 141666666 142708332 0.435699
hs4 142708333 143749999 0.651099
hs4 143750000 144791665 0.506361
hs4 144791666 145833332 0.178284
hs4 145833333 146874999 0.381343
hs4 146875000 147916665 0.511399
hs4 147916666 148958332 0.367846
hs4 148958333 149999999 0.594051
hs4 150000000 151041665 0.000000
hs4 151041666 152083332 0.825203
hs4 152083333 153124999 0.521645
hs4 153125000 154166665 0.428858
hs4 154166666 155208332 0.488379
hs4 155208333 156249999 0.339780
hs4 156250000 157291665 0.235010
hs4 157291666 158333332 0.293521
hs4 158333333 159374999 0.212898
hs4 159375000 160416665 0.475166
hs4 160416666 161458332 0.080723
hs4 161458333 162499999 0.000000
hs4 162500000 163541665 0.748933
hs4 163541666 164583332 0.054571
hs4 164583333 165624999 0.852948
hs4 165625000 166666665 0.311693
hs4 166666666 167708332 0.221362
hs4 167708333 168749999 0.481159
hs4 168750000 169791665 0.440001
hs4 169791666 170833332 0.737537
hs4 170833333 171874999 0.137818
hs4 171875000 172916665 0.000000
hs4 172916666 173958332 0.947697
hs4 173958333 174999999 0.414537
hs4 175000000 176041665 0.304595
hs4 176041666 177083332 0.337992
hs4 177083333 178124999 0.496464
hs4 178125000 179166665 0.313752
hs4 179166666 180208332 0.000000
hs4 180208333 181249999 0.000000
hs4 181250000 182291665 0.000000
hs4 182291666 183333332 0.005374
hs4 183333333 184374999 0.603466
hs4 184375000 185416665 0.414776
hs4 185416666 186458332 0.392307
hs4 186458333 187499999 0.654033
hs4 187500000 188541665 0.151471
hs4 188541666 189583332 0.030060
hs4 189583333 190624999 0.000000
hs4 190625000 191666665 0.085350
hs16 0 1041665 0.704549
hs16 1041666 2083332 0.718340
hs16 2083333 3124999 0.673000
hs16 3125000 4166665 0.595833
hs16 4166666 5208332 0.704998
hs16 5208333 6249999 0.231233
hs16 6250000 7291665 0.999999
hs16 7291666 8333332 0.395209
hs16 8333333 9374999 0.294469
hs16 9375000 10416665 0.412172
hs16 10416666 11458332 0.539767
hs16 11458333 12499999 0.717133
hs16 12500000 13541665 0.536194
hs16 13541666 14583332 0.359111
hs16 14583333 15624999 0.478312
hs16 15625000 16666665 0.602737
hs16 16666666 17708332 0.353817
hs16 17708333 18749999 0.145545
hs16 18750000 19791665 0.732900
hs16 19791666 20833332 0.459651
hs16 20833333 21874999 0.592395
hs16 21875000 22916665 0.542289
hs16 22916666 23958332 0.661759
hs16 23958333 24999999 0.555934
hs16 25000000 26041665 0.509597
hs16 26041666 27083332 0.016429
hs16 27083333 28124999 0.830437
hs16 28125000 29166665 0.364364
hs16 29166666 30208332 0.487360
hs16 30208333 31249999 0.529406
hs16 31250000 32291665 0.205469
hs16 32291666 33333332 0.028215
hs16 33333333 34374999 0.001006
hs16 34375000 35416665 0.030224
hs16 35416666 36458332 0.000000
hs16 36458333 37499999 0.000000
hs16 37500000 38541665 0.000000
hs16 38541666 39583332 0.000000
hs16 39583333 40624999 0.000000
hs16 40625000 41666665 0.000000
hs16 41666666 42708332 0.000000
hs16 42708333 43749999 0.000000
hs16 43750000 44791665 0.000000
hs16 44791666 45833332 0.449578
hs16 45833333 46874999 0.605535
hs16 46875000 47916665 0.163288
hs16 47916666 48958332 0.550787
hs16 48958333 49999999 0.205916
hs16 50000000 51041665 0.011758
hs16 51041666 52083332 0.410758
hs16 52083333 53124999 0.507808
hs16 53125000 54166665 0.100089
hs16 54166666 55208332 0.534300
hs16 55208333 56249999 0.646747
hs16 56250000 57291665 0.556307
hs16 57291666 58333332 0.026124
hs16 58333333 59374999 0.001008
hs16 59375000 60416665 0.165054
hs16 60416666 61458332 0.202437
hs16 61458333 62499999 0.000000
hs16 62500000 63541665 0.003344
hs16 63541666 64583332 0.445016
hs16 64583333 65624999 0.434878
hs16 65625000 66666665 0.836996
hs16 66666666 67708332 0.754273
hs16 67708333 68749999 0.751360
hs16 68750000 69791665 0.873721
hs16 69791666 70833332 0.550846
hs16 70833333 71874999 0.266087
hs16 71875000 72916665 0.009127
hs16 72916666 73958332 0.689492
hs16 73958333 74999999 0.314504
hs16 75000000 76041665 0.312924
hs16 76041666 77083332 0.588580
hs16 77083333 78124999 0.691904
hs16 78125000 79166665 0.093995
hs16 79166666 80208332 0.788319
hs16 80208333 81249999 0.388434
hs16 81250000 82291665 0.999999
hs16 82291666 83333332 0.596264
hs16 83333333 84374999 0.355084
hs16 84375000 85416665 0.092338
hs16 85416666 86458332 0.344779
hs16 86458333 87499999 0.543692
hs16 87500000 88541665 0.715381
hs16 88541666 89583332 0.111049
hs20 0 1041665 0.308023
hs20 1041666 2083332 0.418658
hs20 2083333 3124999 0.592520
hs20 3125000 4166665 0.646001
hs20 4166666 5208332 0.320401
hs20 5208333 6249999 0.356732
hs20 6250000 7291665 0.011680
hs20 7291666 8333332 0.353454
hs20 8333333 9374999 0.823214
hs20 9375000 10416665 0.522305
hs20 10416666 11458332 0.164857
hs20 11458333 12499999 0.034337
hs20 12500000 13541665 0.441886
hs20 13541666 14583332 0.906153
hs20 14583333 15624999 1.000000
hs20 15625000 16666665 0.639563
hs20 16666666 17708332 0.459542
hs20 17708333 18749999 0.495643
hs20 18750000 19791665 0.530447
hs20 19791666 20833332 0.750511
hs20 20833333 21874999 0.213638
hs20 21875000 22916665 0.041147
hs20 22916666 23958332 0.131055
hs20 23958333 24999999 0.278998
hs20 25000000 26041665 0.471222
hs20 26041666 27083332 0.001062
hs20 27083333 28124999 0.000000
hs20 28125000 29166665 0.021245
hs20 29166666 30208332 0.489770
hs20 30208333 31249999 0.471692
hs20 31250000 32291665 0.535788
hs20 32291666 33333332 0.768604
hs20 33333333 34374999 0.741502
hs20 34375000 35416665 0.762359
hs20 35416666 36458332 0.522597
hs20 36458333 37499999 0.425470
hs20 37500000 38541665 0.000000
hs20 38541666 39583332 0.389134
hs20 39583333 40624999 0.563914
hs20 40625000 41666665 0.672441
hs20 41666666 42708332 0.599059
hs20 42708333 43749999 0.496958
hs20 43750000 44791665 0.557841
hs20 44791666 45833332 0.690338
hs20 45833333 46874999 0.217886
hs20 46875000 47916665 0.597083
hs20 47916666 48958332 0.430124
hs20 48958333 49999999 0.412483
hs20 50000000 51041665 0.122265
hs20 51041666 52083332 0.578681
hs20 52083333 53124999 0.235533
hs20 53125000 54166665 0.007217
hs20 54166666 55208332 0.214697
hs20 55208333 56249999 0.248063
hs20 56250000 57291665 0.488341
hs20 57291666 58333332 0.402821
hs20 58333333 59374999 0.109485
hs20 59375000 60416665 0.851675
hs20 60416666 61458332 0.490350
hs20 61458333 62499999 0.603936
hs13 0 1041665 0.000000
hs13 1041666 2083332 0.000000
hs13 2083333 3124999 0.000000
hs13 3125000 4166665 0.000000
hs13 4166666 5208332 0.000000
hs13 5208333 6249999 0.000000
hs13 6250000 7291665 0.000000
hs13 7291666 8333332 0.000000
hs13 8333333 9374999 0.000000
hs13 9375000 10416665 0.000000
hs13 10416666 11458332 0.000000
hs13 11458333 12499999 0.000000
hs13 12500000 13541665 0.000000
hs13 13541666 14583332 0.000000
hs13 14583333 15624999 0.000000
hs13 15625000 16666665 0.000000
hs13 16666666 17708332 0.000000
hs13 17708333 18749999 0.131671
hs13 18750000 19791665 0.514578
hs13 19791666 20833332 0.537356
hs13 20833333 21874999 0.218750
hs13 21875000 22916665 0.239159
hs13 22916666 23958332 0.478389
hs13 23958333 24999999 0.494664
hs13 25000000 26041665 0.644288
hs13 26041666 27083332 0.320247
hs13 27083333 28124999 0.510474
hs13 28125000 29166665 0.582141
hs13 29166666 30208332 0.263473
hs13 30208333 31249999 0.274486
hs13 31250000 32291665 0.792463
hs13 32291666 33333332 0.264451
hs13 33333333 34374999 0.101148
hs13 34375000 35416665 1.320844
hs13 35416666 36458332 0.508619
hs13 36458333 37499999 0.330701
hs13 37500000 38541665 0.267147
hs13 38541666 39583332 0.380514
hs13 39583333 40624999 0.527816
hs13 40625000 41666665 0.644028
hs13 41666666 42708332 0.340308
hs13 42708333 43749999 0.592216
hs13 43750000 44791665 0.410564
hs13 44791666 45833332 0.506124
hs13 45833333 46874999 0.303186
hs13 46875000 47916665 0.279004
hs13 47916666 48958332 0.521407
hs13 48958333 49999999 0.429546
hs13 50000000 51041665 0.417829
hs13 51041666 52083332 0.633503
hs13 52083333 53124999 0.121388
hs13 53125000 54166665 0.000075
hs13 54166666 55208332 0.000000
hs13 55208333 56249999 0.000000
hs13 56250000 57291665 0.165939
hs13 57291666 58333332 0.000000
hs13 58333333 59374999 0.227786
hs13 59375000 60416665 0.421002
hs13 60416666 61458332 0.005604
hs13 61458333 62499999 0.000000
hs13 62500000 63541665 0.004930
hs13 63541666 64583332 0.000000
hs13 64583333 65624999 0.000000
hs13 65625000 66666665 0.856031
hs13 66666666 67708332 0.034372
hs13 67708333 68749999 0.219403
hs13 68750000 69791665 0.422825
hs13 69791666 70833332 0.000000
hs13 70833333 71874999 0.412065
hs13 71875000 72916665 0.361149
hs13 72916666 73958332 0.430002
hs13 73958333 74999999 0.194614
hs13 75000000 76041665 0.293349
hs13 76041666 77083332 0.381432
hs13 77083333 78124999 0.214147
hs13 78125000 79166665 0.547353
hs13 79166666 80208332 0.004777
hs13 80208333 81249999 0.000000
hs13 81250000 82291665 0.000000
hs13 82291666 83333332 0.000000
hs13 83333333 84374999 0.403528
hs13 84375000 85416665 0.006300
hs13 85416666 86458332 0.000000
hs13 86458333 87499999 0.006722
hs13 87500000 88541665 0.000000
hs13 88541666 89583332 0.000000
hs13 89583333 90624999 0.034312
hs13 90625000 91666665 0.791967
hs13 91666666 92708332 0.654793
hs13 92708333 93749999 1.000000
hs13 93750000 94791665 0.463232
hs13 94791666 95833332 0.839657
hs13 95833333 96874999 0.611439
hs13 96875000 97916665 0.411540
hs13 97916666 98958332 0.655289
hs13 98958333 99999999 0.770529
hs13 100000000 101041665 0.549504
hs13 101041666 102083332 0.808414
hs13 102083333 103124999 0.209823
hs13 103125000 104166665 0.000000
hs13 104166666 105208332 0.024162
hs13 105208333 106249999 0.067293
hs13 106250000 107291665 0.645875
hs13 107291666 108333332 0.361716
hs13 108333333 109374999 0.343446
hs13 109375000 110416665 0.521133
hs13 110416666 111458332 0.205478
hs13 111458333 112499999 0.297994
hs13 112500000 113541665 0.638142
hs13 113541666 114583332 0.309210
hs18 0 1041665 0.487041
hs18 1041666 2083332 0.087667
hs18 2083333 3124999 0.443372
hs18 3125000 4166665 0.519252
hs18 4166666 5208332 0.051442
hs18 5208333 6249999 0.456529
hs18 6250000 7291665 0.396458
hs18 7291666 8333332 0.744979
hs18 8333333 9374999 0.427672
hs18 9375000 10416665 0.336608
hs18 10416666 11458332 0.517906
hs18 11458333 12499999 0.431208
hs18 12500000 13541665 0.773420
hs18 13541666 14583332 0.337167
hs18 14583333 15624999 0.112190
hs18 15625000 16666665 0.000000
hs18 16666666 17708332 0.686999
hs18 17708333 18749999 0.035644
hs18 18750000 19791665 0.770947
hs18 19791666 20833332 0.429597
hs18 20833333 21874999 0.302509
hs18 21875000 22916665 0.698146
hs18 22916666 23958332 0.264987
hs18 23958333 24999999 0.050987
hs18 25000000 26041665 0.000000
hs18 26041666 27083332 0.117922
hs18 27083333 28124999 0.471738
hs18 28125000 29166665 0.650941
hs18 29166666 30208332 0.623292
hs18 30208333 31249999 0.637449
hs18 31250000 32291665 0.458918
hs18 32291666 33333332 0.967694
hs18 33333333 34374999 0.063999
hs18 34375000 35416665 0.360750
hs18 35416666 36458332 0.162520
hs18 36458333 37499999 0.038714
hs18 37500000 38541665 0.121199
hs18 38541666 39583332 0.366938
hs18 39583333 40624999 0.106430
hs18 40625000 41666665 0.366036
hs18 41666666 42708332 0.770203
hs18 42708333 43749999 0.306399
hs18 43750000 44791665 0.354013
hs18 44791666 45833332 0.689961
hs18 45833333 46874999 0.544437
hs18 46875000 47916665 0.022206
hs18 47916666 48958332 0.804282
hs18 48958333 49999999 0.406432
hs18 50000000 51041665 0.207338
hs18 51041666 52083332 0.350585
hs18 52083333 53124999 0.400933
hs18 53125000 54166665 0.572120
hs18 54166666 55208332 0.490910
hs18 55208333 56249999 0.261371
hs18 56250000 57291665 0.000000
hs18 57291666 58333332 0.447569
hs18 58333333 59374999 0.593148
hs18 59375000 60416665 0.234724
hs18 60416666 61458332 0.000000
hs18 61458333 62499999 0.221363
hs18 62500000 63541665 0.009744
hs18 63541666 64583332 0.087641
hs18 64583333 65624999 0.667979
hs18 65625000 66666665 0.364381
hs18 66666666 67708332 0.000000
hs18 67708333 68749999 0.122722
hs18 68750000 69791665 0.000000
hs18 69791666 70833332 0.608422
hs18 70833333 71874999 0.174935
hs18 71875000 72916665 0.395650
hs18 72916666 73958332 0.074100
hs18 73958333 74999999 0.084035
hs18 75000000 76041665 0.632177
hs18 76041666 77083332 0.062134
hs3 0 1041665 0.203951
hs3 1041666 2083332 0.298225
hs3 2083333 3124999 0.956160
hs3 3125000 4166665 0.098419
hs3 4166666 5208332 0.523592
hs3 5208333 6249999 0.027184
hs3 6250000 7291665 0.397310
hs3 7291666 8333332 0.539570
hs3 8333333 9374999 0.646387
hs3 9375000 10416665 0.770013
hs3 10416666 11458332 0.551565
hs3 11458333 12499999 0.650087
hs3 12500000 13541665 0.511330
hs3 13541666 14583332 0.571491
hs3 14583333 15624999 0.679386
hs3 15625000 16666665 0.528174
hs3 16666666 17708332 0.710709
hs3 17708333 18749999 0.136224
hs3 18750000 19791665 0.371635
hs3 19791666 20833332 0.254512
hs3 20833333 21874999 0.318036
hs3 21875000 22916665 0.000000
hs3 22916666 23958332 0.481484
hs3 23958333 24999999 0.399654
hs3 25000000 26041665 0.299080
hs3 26041666 27083332 0.084448
hs3 27083333 28124999 0.234000
hs3 28125000 29166665 0.229979
hs3 29166666 30208332 0.699922
hs3 30208333 31249999 0.245860
hs3 31250000 32291665 0.511340
hs3 32291666 33333332 0.614820
hs3 33333333 34374999 0.399111
hs3 34375000 35416665 0.000000
hs3 35416666 36458332 0.204921
hs3 36458333 37499999 0.606160
hs3 37500000 38541665 0.817605
hs3 38541666 39583332 0.492624
hs3 39583333 40624999 0.517647
hs3 40625000 41666665 0.426789
hs3 41666666 42708332 0.585390
hs3 42708333 43749999 0.604773
hs3 43750000 44791665 0.306670
hs3 44791666 45833332 0.613449
hs3 45833333 46874999 0.309235
hs3 46875000 47916665 0.850976
hs3 47916666 48958332 0.694995
hs3 48958333 49999999 0.813283
hs3 50000000 51041665 0.806486
hs3 51041666 52083332 0.677817
hs3 52083333 53124999 0.814475
hs3 53125000 54166665 0.630056
hs3 54166666 55208332 0.897010
hs3 55208333 56249999 0.726215
hs3 56250000 57291665 0.825287
hs3 57291666 58333332 0.749221
hs3 58333333 59374999 0.437436
hs3 59375000 60416665 0.678327
hs3 60416666 61458332 0.763688
hs3 61458333 62499999 0.857544
hs3 62500000 63541665 0.634743
hs3 63541666 64583332 0.478282
hs3 64583333 65624999 0.360123
hs3 65625000 66666665 0.877335
hs3 66666666 67708332 0.218557
hs3 67708333 68749999 0.595886
hs3 68750000 69791665 0.528483
hs3 69791666 70833332 0.219748
hs3 70833333 71874999 0.664700
hs3 71875000 72916665 0.128518
hs3 72916666 73958332 0.445191
hs3 73958333 74999999 0.248278
hs3 75000000 76041665 0.062179
hs3 76041666 77083332 0.000000
hs3 77083333 78124999 0.583076
hs3 78125000 79166665 0.420085
hs3 79166666 80208332 0.703761
hs3 80208333 81249999 0.000000
hs3 81250000 82291665 0.261218
hs3 82291666 83333332 0.000000
hs3 83333333 84374999 0.000000
hs3 84375000 85416665 0.312810
hs3 85416666 86458332 0.758018
hs3 86458333 87499999 0.094444
hs3 87500000 88541665 0.030738
hs3 88541666 89583332 0.330211
hs3 89583333 90624999 0.029416
hs3 90625000 91666665 0.000000
hs3 91666666 92708332 0.000000
hs3 92708333 93749999 0.000000
hs3 93750000 94791665 0.000000
hs3 94791666 95833332 0.249128
hs3 95833333 96874999 0.050940
hs3 96875000 97916665 0.000000
hs3 97916666 98958332 0.896988
hs3 98958333 99999999 0.266148
hs3 100000000 101041665 0.278609
hs3 101041666 102083332 1.096740
hs3 102083333 103124999 0.558013
hs3 103125000 104166665 0.097821
hs3 104166666 105208332 0.000000
hs3 105208333 106249999 0.000000
hs3 106250000 107291665 0.403980
hs3 107291666 108333332 0.021121
hs3 108333333 109374999 0.602335
hs3 109375000 110416665 0.639132
hs3 110416666 111458332 0.114568
hs3 111458333 112499999 0.059711
hs3 112500000 113541665 0.772344
hs3 113541666 114583332 0.409176
hs3 114583333 115624999 0.741624
hs3 115625000 116666665 0.694865
hs3 116666666 117708332 0.711707
hs3 117708333 118749999 0.006962
hs3 118750000 119791665 0.000000
hs3 119791666 120833332 0.574490
hs3 120833333 121874999 0.588186
hs3 121875000 122916665 0.842505
hs3 122916666 123958332 0.712067
hs3 123958333 124999999 0.821344
hs3 125000000 126041665 0.843564
hs3 126041666 127083332 0.563443
hs3 127083333 128124999 0.644434
hs3 128125000 129166665 0.341037
hs3 129166666 130208332 0.525111
hs3 130208333 131249999 0.579834
hs3 131250000 132291665 0.588956
hs3 132291666 133333332 0.779485
hs3 133333333 134374999 0.606750
hs3 134375000 135416665 0.649485
hs3 135416666 136458332 0.638474
hs3 136458333 137499999 0.269669
hs3 137500000 138541665 0.598983
hs3 138541666 139583332 0.311443
hs3 139583333 140624999 0.364270
hs3 140625000 141666665 0.666033
hs3 141666666 142708332 0.450234
hs3 142708333 143749999 0.687697
hs3 143750000 144791665 0.664133
hs3 144791666 145833332 0.267810
hs3 145833333 146874999 0.000000
hs3 146875000 147916665 0.253042
hs3 147916666 148958332 0.026785
hs3 148958333 149999999 0.043329
hs3 150000000 151041665 0.538628
hs3 151041666 152083332 0.302694
hs3 152083333 153124999 0.703230
hs3 153125000 154166665 0.200783
hs3 154166666 155208332 0.023462
hs3 155208333 156249999 0.266255
hs3 156250000 157291665 0.447420
hs3 157291666 158333332 0.662833
hs3 158333333 159374999 0.380210
hs3 159375000 160416665 0.643131
hs3 160416666 161458332 0.656389
hs3 161458333 162499999 0.600537
hs3 162500000 163541665 0.033052
hs3 163541666 164583332 0.000000
hs3 164583333 165624999 0.000000
hs3 165625000 166666665 0.105180
hs3 166666666 167708332 0.061980
hs3 167708333 168749999 0.233210
hs3 168750000 169791665 0.645496
hs3 169791666 170833332 0.757204
hs3 170833333 171874999 0.577580
hs3 171875000 172916665 0.546814
hs3 172916666 173958332 0.555105
hs3 173958333 174999999 0.687936
hs3 175000000 176041665 0.464459
hs3 176041666 177083332 0.908466
hs3 177083333 178124999 0.000000
hs3 178125000 179166665 0.169448
hs3 179166666 180208332 0.295675
hs3 180208333 181249999 0.686438
hs3 181250000 182291665 0.139220
hs3 182291666 183333332 0.128025
hs3 183333333 184374999 0.279291
hs3 184375000 185416665 0.703772
hs3 185416666 186458332 0.521722
hs3 186458333 187499999 0.617928
hs3 187500000 188541665 0.436333
hs3 188541666 189583332 0.253985
hs3 189583333 190624999 0.632957
hs3 190625000 191666665 0.474136
hs3 191666666 192708332 0.311100
hs3 192708333 193749999 0.391318
hs3 193750000 194791665 0.564352
hs3 194791666 195833332 0.248822
hs3 195833333 196874999 0.439294
hs3 196875000 197916665 0.493699
hs3 197916666 198958332 0.629801
hs3 198958333 199999999 0.316424
hs9 0 1041665 0.690794
hs9 1041666 2083332 0.080525
hs9 2083333 3124999 0.261038
hs9 3125000 4166665 0.630221
hs9 4166666 5208332 0.558566
hs9 5208333 6249999 0.477548
hs9 6250000 7291665 0.638852
hs9 7291666 8333332 0.031101
hs9 8333333 9374999 1.000000
hs9 9375000 10416665 0.999999
hs9 10416666 11458332 0.178616
hs9 11458333 12499999 0.000000
hs9 12500000 13541665 0.201211
hs9 13541666 14583332 0.222816
hs9 14583333 15624999 0.568642
hs9 15625000 16666665 0.579901
hs9 16666666 17708332 0.674288
hs9 17708333 18749999 0.350098
hs9 18750000 19791665 0.692645
hs9 19791666 20833332 0.444152
hs9 20833333 21874999 0.351763
hs9 21875000 22916665 0.159078
hs9 22916666 23958332 0.130522
hs9 23958333 24999999 0.000000
hs9 25000000 26041665 0.002372
hs9 26041666 27083332 0.215703
hs9 27083333 28124999 0.567575
hs9 28125000 29166665 0.561083
hs9 29166666 30208332 0.000000
hs9 30208333 31249999 0.000000
hs9 31250000 32291665 0.000000
hs9 32291666 33333332 0.508578
hs9 33333333 34374999 0.706217
hs9 34375000 35416665 0.564514
hs9 35416666 36458332 0.540814
hs9 36458333 37499999 0.573829
hs9 37500000 38541665 0.445206
hs9 38541666 39583332 0.291201
hs9 39583333 40624999 0.018732
hs9 40625000 41666665 0.079880
hs9 41666666 42708332 0.151672
hs9 42708333 43749999 0.136816
hs9 43750000 44791665 0.058491
hs9 44791666 45833332 0.002412
hs9 45833333 46874999 0.058366
hs9 46875000 47916665 0.000000
hs9 47916666 48958332 0.000000
hs9 48958333 49999999 0.000000
hs9 50000000 51041665 0.000000
hs9 51041666 52083332 0.000000
hs9 52083333 53124999 0.000000
hs9 53125000 54166665 0.000000
hs9 54166666 55208332 0.000000
hs9 55208333 56249999 0.000000
hs9 56250000 57291665 0.000000
hs9 57291666 58333332 0.000000
hs9 58333333 59374999 0.000000
hs9 59375000 60416665 0.000000
hs9 60416666 61458332 0.000000
hs9 61458333 62499999 0.000000
hs9 62500000 63541665 0.000000
hs9 63541666 64583332 0.000000
hs9 64583333 65624999 0.025656
hs9 65625000 66666665 0.010983
hs9 66666666 67708332 0.120108
hs9 67708333 68749999 0.171220
hs9 68750000 69791665 0.133697
hs9 69791666 70833332 0.529259
hs9 70833333 71874999 0.646823
hs9 71875000 72916665 0.825289
hs9 72916666 73958332 0.210593
hs9 73958333 74999999 0.477999
hs9 75000000 76041665 0.000000
hs9 76041666 77083332 0.473231
hs9 77083333 78124999 0.290669
hs9 78125000 79166665 0.557742
hs9 79166666 80208332 0.629511
hs9 80208333 81249999 0.000000
hs9 81250000 82291665 0.148589
hs9 82291666 83333332 0.000000
hs9 83333333 84374999 0.125895
hs9 84375000 85416665 0.356900
hs9 85416666 86458332 0.362217
hs9 86458333 87499999 0.483617
hs9 87500000 88541665 0.341704
hs9 88541666 89583332 0.258701
hs9 89583333 90624999 0.165814
hs9 90625000 91666665 0.414303
hs9 91666666 92708332 0.124634
hs9 92708333 93749999 0.372697
hs9 93750000 94791665 0.790531
hs9 94791666 95833332 0.475489
hs9 95833333 96874999 0.612373
hs9 96875000 97916665 0.453416
hs9 97916666 98958332 0.473590
hs9 98958333 99999999 0.622548
hs9 100000000 101041665 0.743609
hs9 101041666 102083332 0.398221
hs9 102083333 103124999 0.482762
hs9 103125000 104166665 0.265426
hs9 104166666 105208332 0.022252
hs9 105208333 106249999 0.045275
hs9 106250000 107291665 0.354217
hs9 107291666 108333332 0.214847
hs9 108333333 109374999 0.194173
hs9 109375000 110416665 0.000000
hs9 110416666 111458332 0.546085
hs9 111458333 112499999 1.065923
hs9 112500000 113541665 0.593942
hs9 113541666 114583332 0.631355
hs9 114583333 115624999 0.507408
hs9 115625000 116666665 0.570662
hs9 116666666 117708332 0.387963
hs9 117708333 118749999 0.771910
hs9 118750000 119791665 0.461359
hs9 119791666 120833332 0.000000
hs9 120833333 121874999 0.194720
hs9 121875000 122916665 0.533000
hs9 122916666 123958332 1.068661
hs9 123958333 124999999 0.503303
hs9 125000000 126041665 0.638768
hs9 126041666 127083332 0.849464
hs9 127083333 128124999 0.550713
hs9 128125000 129166665 0.738336
hs9 129166666 130208332 0.713520
hs9 130208333 131249999 0.581610
hs9 131250000 132291665 0.459170
hs9 132291666 133333332 0.626706
hs9 133333333 134374999 0.716749
hs9 134375000 135416665 0.681920
hs9 135416666 136458332 0.492351
hs9 136458333 137499999 0.266865
hs9 137500000 138541665 0.570148
hs9 138541666 139583332 0.636408
hs9 139583333 140624999 0.530116
hs15 0 1041665 0.000000
hs15 1041666 2083332 0.000000
hs15 2083333 3124999 0.000000
hs15 3125000 4166665 0.000000
hs15 4166666 5208332 0.000000
hs15 5208333 6249999 0.000000
hs15 6250000 7291665 0.000000
hs15 7291666 8333332 0.000000
hs15 8333333 9374999 0.000000
hs15 9375000 10416665 0.000000
hs15 10416666 11458332 0.000000
hs15 11458333 12499999 0.000000
hs15 12500000 13541665 0.000000
hs15 13541666 14583332 0.000000
hs15 14583333 15624999 0.000000
hs15 15625000 16666665 0.000000
hs15 16666666 17708332 0.000000
hs15 17708333 18749999 0.000000
hs15 18750000 19791665 0.169985
hs15 19791666 20833332 0.345427
hs15 20833333 21874999 0.113530
hs15 21875000 22916665 0.224905
hs15 22916666 23958332 0.310535
hs15 23958333 24999999 0.523398
hs15 25000000 26041665 0.775959
hs15 26041666 27083332 0.340073
hs15 27083333 28124999 0.661404
hs15 28125000 29166665 0.366311
hs15 29166666 30208332 0.322659
hs15 30208333 31249999 0.475838
hs15 31250000 32291665 0.877228
hs15 32291666 33333332 0.369816
hs15 33333333 34374999 0.168227
hs15 34375000 35416665 0.463112
hs15 35416666 36458332 0.115745
hs15 36458333 37499999 0.110449
hs15 37500000 38541665 0.637357
hs15 38541666 39583332 0.643086
hs15 39583333 40624999 0.757349
hs15 40625000 41666665 0.877093
hs15 41666666 42708332 0.777822
hs15 42708333 43749999 0.455314
hs15 43750000 44791665 0.218709
hs15 44791666 45833332 0.270315
hs15 45833333 46874999 0.477498
hs15 46875000 47916665 0.768134
hs15 47916666 48958332 0.708423
hs15 48958333 49999999 0.706295
hs15 50000000 51041665 0.606368
hs15 51041666 52083332 0.236086
hs15 52083333 53124999 0.591079
hs15 53125000 54166665 0.598395
hs15 54166666 55208332 0.590925
hs15 55208333 56249999 0.597476
hs15 56250000 57291665 0.629593
hs15 57291666 58333332 0.290005
hs15 58333333 59374999 0.817338
hs15 59375000 60416665 0.205198
hs15 60416666 61458332 0.407292
hs15 61458333 62499999 0.750970
hs15 62500000 63541665 0.628279
hs15 63541666 64583332 0.823654
hs15 64583333 65624999 0.558106
hs15 65625000 66666665 0.569977
hs15 66666666 67708332 0.586496
hs15 67708333 68749999 0.070657
hs15 68750000 69791665 0.825719
hs15 69791666 70833332 0.738424
hs15 70833333 71874999 0.541593
hs15 71875000 72916665 0.506176
hs15 72916666 73958332 0.489112
hs15 73958333 74999999 0.869932
hs15 75000000 76041665 0.348571
hs15 76041666 77083332 0.546565
hs15 77083333 78124999 0.233657
hs15 78125000 79166665 0.533264
hs15 79166666 80208332 0.180647
hs15 80208333 81249999 0.699958
hs15 81250000 82291665 0.672535
hs15 82291666 83333332 0.550703
hs15 83333333 84374999 0.532298
hs15 84375000 85416665 0.851561
hs15 85416666 86458332 0.230497
hs15 86458333 87499999 0.380003
hs15 87500000 88541665 0.568348
hs15 88541666 89583332 0.642901
hs15 89583333 90624999 0.365701
hs15 90625000 91666665 0.307737
hs15 91666666 92708332 0.063264
hs15 92708333 93749999 0.115058
hs15 93750000 94791665 0.085572
hs15 94791666 95833332 0.002081
hs15 95833333 96874999 0.213157
hs15 96875000 97916665 0.608021
hs15 97916666 98958332 0.696760
hs15 98958333 99999999 0.500502
hs15 100000000 101041665 0.099995
hs5 0 1041665 0.525696
hs5 1041666 2083332 0.384337
hs5 2083333 3124999 0.008391
hs5 3125000 4166665 0.005137
hs5 4166666 5208332 0.048509
hs5 5208333 6249999 0.223308
hs5 6250000 7291665 0.188335
hs5 7291666 8333332 0.475654
hs5 8333333 9374999 0.275388
hs5 9375000 10416665 0.545558
hs5 10416666 11458332 0.675725
hs5 11458333 12499999 0.478827
hs5 12500000 13541665 0.221115
hs5 13541666 14583332 0.594994
hs5 14583333 15624999 0.295808
hs5 15625000 16666665 0.609709
hs5 16666666 17708332 0.407438
hs5 17708333 18749999 0.000000
hs5 18750000 19791665 0.271443
hs5 19791666 20833332 0.223147
hs5 20833333 21874999 0.209436
hs5 21875000 22916665 0.983433
hs5 22916666 23958332 0.020145
hs5 23958333 24999999 0.151395
hs5 25000000 26041665 0.000000
hs5 26041666 27083332 0.151663
hs5 27083333 28124999 0.000000
hs5 28125000 29166665 0.000000
hs5 29166666 30208332 0.000000
hs5 30208333 31249999 0.019630
hs5 31250000 32291665 0.629647
hs5 32291666 33333332 0.234859
hs5 33333333 34374999 0.461970
hs5 34375000 35416665 0.490916
hs5 35416666 36458332 0.493559
hs5 36458333 37499999 0.555202
hs5 37500000 38541665 0.528440
hs5 38541666 39583332 0.541451
hs5 39583333 40624999 0.000000
hs5 40625000 41666665 0.561445
hs5 41666666 42708332 0.405854
hs5 42708333 43749999 0.490822
hs5 43750000 44791665 0.080341
hs5 44791666 45833332 0.425723
hs5 45833333 46874999 0.000000
hs5 46875000 47916665 0.000000
hs5 47916666 48958332 0.000000
hs5 48958333 49999999 0.045805
hs5 50000000 51041665 0.182131
hs5 51041666 52083332 0.000000
hs5 52083333 53124999 0.408202
hs5 53125000 54166665 0.437262
hs5 54166666 55208332 0.548534
hs5 55208333 56249999 0.305659
hs5 56250000 57291665 0.127844
hs5 57291666 58333332 0.299656
hs5 58333333 59374999 1.000000
hs5 59375000 60416665 0.875110
hs5 60416666 61458332 0.341138
hs5 61458333 62499999 0.303489
hs5 62500000 63541665 0.043690
hs5 63541666 64583332 0.671725
hs5 64583333 65624999 0.701756
hs5 65625000 66666665 0.564252
hs5 66666666 67708332 0.072181
hs5 67708333 68749999 0.255974
hs5 68750000 69791665 1.576226
hs5 69791666 70833332 0.636947
hs5 70833333 71874999 0.427687
hs5 71875000 72916665 0.273168
hs5 72916666 73958332 0.303203
hs5 73958333 74999999 0.596013
hs5 75000000 76041665 0.574223
hs5 76041666 77083332 0.556007
hs5 77083333 78124999 0.592353
hs5 78125000 79166665 0.692784
hs5 79166666 80208332 0.578681
hs5 80208333 81249999 0.677320
hs5 81250000 82291665 0.289392
hs5 82291666 83333332 0.531809
hs5 83333333 84374999 0.367714
hs5 84375000 85416665 0.000000
hs5 85416666 86458332 0.017187
hs5 86458333 87499999 0.136646
hs5 87500000 88541665 0.387425
hs5 88541666 89583332 0.000000
hs5 89583333 90624999 0.664041
hs5 90625000 91666665 0.052779
hs5 91666666 92708332 0.000000
hs5 92708333 93749999 0.879108
hs5 93750000 94791665 0.887206
hs5 94791666 95833332 0.383326
hs5 95833333 96874999 0.355914
hs5 96875000 97916665 0.000000
hs5 97916666 98958332 0.094590
hs5 98958333 99999999 0.057665
hs5 100000000 101041665 0.092495
hs5 101041666 102083332 0.182048
hs5 102083333 103124999 0.294655
hs5 103125000 104166665 0.000000
hs5 104166666 105208332 0.000600
hs5 105208333 106249999 0.000000
hs5 106250000 107291665 0.348515
hs5 107291666 108333332 0.648907
hs5 108333333 109374999 0.623716
hs5 109375000 110416665 0.317748
hs5 110416666 111458332 0.544415
hs5 111458333 112499999 0.585629
hs5 112500000 113541665 0.419041
hs5 113541666 114583332 0.190922
hs5 114583333 115624999 0.499483
hs5 115625000 116666665 0.156653
hs5 116666666 117708332 0.000000
hs5 117708333 118749999 0.429207
hs5 118750000 119791665 0.100165
hs5 119791666 120833332 0.214029
hs5 120833333 121874999 0.248364
hs5 121875000 122916665 0.432705
hs5 122916666 123958332 0.061150
hs5 123958333 124999999 0.103869
hs5 125000000 126041665 0.206632
hs5 126041666 127083332 0.452531
hs5 127083333 128124999 0.429657
hs5 128125000 129166665 0.351054
hs5 129166666 130208332 0.270534
hs5 130208333 131249999 0.516469
hs5 131250000 132291665 0.482671
hs5 132291666 133333332 0.525692
hs5 133333333 134374999 0.588583
hs5 134375000 135416665 0.187925
hs5 135416666 136458332 0.325861
hs5 136458333 137499999 0.701414
hs5 137500000 138541665 0.701397
hs5 138541666 139583332 0.562050
hs5 139583333 140624999 2.869635
hs5 140625000 141666665 2.786545
hs5 141666666 142708332 0.623481
hs5 142708333 143749999 0.314325
hs5 143750000 144791665 0.083652
hs5 144791666 145833332 0.402698
hs5 145833333 146874999 0.713510
hs5 146875000 147916665 0.477323
hs5 147916666 148958332 0.474635
hs5 148958333 149999999 0.673252
hs5 150000000 151041665 0.492973
hs5 151041666 152083332 0.163564
hs5 152083333 153124999 0.263735
hs5 153125000 154166665 0.438724
hs5 154166666 155208332 0.138796
hs5 155208333 156249999 0.425304
hs5 156250000 157291665 0.534421
hs5 157291666 158333332 0.266720
hs5 158333333 159374999 0.371966
hs5 159375000 160416665 0.533931
hs5 160416666 161458332 0.346095
hs5 161458333 162499999 0.054519
hs5 162500000 163541665 0.059077
hs5 163541666 164583332 0.000000
hs5 164583333 165624999 0.000000
hs5 165625000 166666665 0.021356
hs5 166666666 167708332 0.973215
hs5 167708333 168749999 0.784153
hs5 168750000 169791665 0.714716
hs5 169791666 170833332 0.802977
hs5 170833333 171874999 0.476209
hs5 171875000 172916665 0.344623
hs5 172916666 173958332 0.160681
hs5 173958333 174999999 0.057531
hs5 175000000 176041665 0.475134
hs5 176041666 177083332 0.630166
hs5 177083333 178124999 0.551214
hs5 178125000 179166665 0.519676
hs5 179166666 180208332 0.571585
hs5 180208333 181249999 0.150687
hsY 0 1041665 0.110518
hsY 1041666 2083332 0.296155
hsY 2083333 3124999 0.470900
hsY 3125000 4166665 0.000920
hsY 4166666 5208332 0.268864
hsY 5208333 6249999 0.448373
hsY 6250000 7291665 0.379046
hsY 7291666 8333332 0.024550
hsY 8333333 9374999 0.175007
hsY 9375000 10416665 0.732536
hsY 10416666 11458332 0.000000
hsY 11458333 12499999 0.000000
hsY 12500000 13541665 0.212348
hsY 13541666 14583332 0.225470
hsY 14583333 15624999 0.311349
hsY 15625000 16666665 0.000000
hsY 16666666 17708332 0.000000
hsY 17708333 18749999 0.049115
hsY 18750000 19791665 0.386260
hsY 19791666 20833332 0.103744
hsY 20833333 21874999 0.092121
hsY 21875000 22916665 0.347639
hsY 22916666 23958332 0.523437
hsY 23958333 24999999 0.031388
hsY 25000000 26041665 0.509138
hsY 26041666 27083332 0.015861
hsY 27083333 28124999 0.000000
hsY 28125000 29166665 0.000000
hsY 29166666 30208332 0.000000
hsY 30208333 31249999 0.000000
hsY 31250000 32291665 0.000000
hsY 32291666 33333332 0.000000
hsY 33333333 34374999 0.000000
hsY 34375000 35416665 0.000000
hsY 35416666 36458332 0.000000
hsY 36458333 37499999 0.000000
hsY 37500000 38541665 0.000000
hsY 38541666 39583332 0.000000
hsY 39583333 40624999 0.000000
hsY 40625000 41666665 0.000000
hsY 41666666 42708332 0.000000
hsY 42708333 43749999 0.000000
hsY 43750000 44791665 0.000000
hsY 44791666 45833332 0.000000
hsY 45833333 46874999 0.000000
hsY 46875000 47916665 0.000000
hsY 47916666 48958332 0.000000
hsY 48958333 49999999 0.000000
hsY 50000000 51041665 0.000000
hsY 51041666 52083332 0.000000
hsY 52083333 53124999 0.000000
hsY 53125000 54166665 0.000000
hsY 54166666 55208332 0.000000
hsY 55208333 56249999 0.000000
hsY 56250000 57291665 0.000000
hsY 57291666 58333332 0.086781
hs1 0 1041665 0.205419
hs1 1041666 2083332 0.738583
hs1 2083333 3124999 0.472164
hs1 3125000 4166665 0.600640
hs1 4166666 5208332 0.135728
hs1 5208333 6249999 0.331014
hs1 6250000 7291665 0.880844
hs1 7291666 8333332 0.591622
hs1 8333333 9374999 0.695793
hs1 9375000 10416665 0.695324
hs1 10416666 11458332 0.608397
hs1 11458333 12499999 0.675497
hs1 12500000 13541665 0.249498
hs1 13541666 14583332 0.186069
hs1 14583333 15624999 0.763017
hs1 15625000 16666665 0.671664
hs1 16666666 17708332 0.477290
hs1 17708333 18749999 0.485367
hs1 18750000 19791665 0.562044
hs1 19791666 20833332 0.372320
hs1 20833333 21874999 0.790461
hs1 21875000 22916665 0.451465
hs1 22916666 23958332 0.535091
hs1 23958333 24999999 0.537403
hs1 25000000 26041665 0.547452
hs1 26041666 27083332 0.506330
hs1 27083333 28124999 0.556819
hs1 28125000 29166665 0.702168
hs1 29166666 30208332 0.306907
hs1 30208333 31249999 0.144875
hs1 31250000 32291665 0.453558
hs1 32291666 33333332 0.633711
hs1 33333333 34374999 0.776569
hs1 34375000 35416665 0.219014
hs1 35416666 36458332 0.634027
hs1 36458333 37499999 0.427770
hs1 37500000 38541665 0.379791
hs1 38541666 39583332 0.365820
hs1 39583333 40624999 0.585264
hs1 40625000 41666665 0.510161
hs1 41666666 42708332 0.625087
hs1 42708333 43749999 0.420962
hs1 43750000 44791665 0.730965
hs1 44791666 45833332 0.772183
hs1 45833333 46874999 0.693327
hs1 46875000 47916665 0.364711
hs1 47916666 48958332 0.448766
hs1 48958333 49999999 1.047049
hs1 50000000 51041665 0.752766
hs1 51041666 52083332 0.668219
hs1 52083333 53124999 0.737723
hs1 53125000 54166665 0.698482
hs1 54166666 55208332 0.628173
hs1 55208333 56249999 0.187839
hs1 56250000 57291665 0.395040
hs1 57291666 58333332 1.000000
hs1 58333333 59374999 0.261008
hs1 59375000 60416665 0.628006
hs1 60416666 61458332 0.137088
hs1 61458333 62499999 0.721573
hs1 62500000 63541665 0.379192
hs1 63541666 64583332 0.690199
hs1 64583333 65624999 0.619862
hs1 65625000 66666665 0.809841
hs1 66666666 67708332 0.685306
hs1 67708333 68749999 0.305541
hs1 68750000 69791665 0.000000
hs1 69791666 70833332 0.584408
hs1 70833333 71874999 0.429221
hs1 71875000 72916665 0.620031
hs1 72916666 73958332 0.000000
hs1 73958333 74999999 0.662071
hs1 75000000 76041665 0.481836
hs1 76041666 77083332 0.652499
hs1 77083333 78124999 0.850299
hs1 78125000 79166665 0.440294
hs1 79166666 80208332 0.075281
hs1 80208333 81249999 0.000000
hs1 81250000 82291665 0.184346
hs1 82291666 83333332 0.000000
hs1 83333333 84374999 0.180908
hs1 84375000 85416665 0.613631
hs1 85416666 86458332 0.761085
hs1 86458333 87499999 0.478652
hs1 87500000 88541665 0.019636
hs1 88541666 89583332 0.370023
hs1 89583333 90624999 0.337491
hs1 90625000 91666665 0.245892
hs1 91666666 92708332 0.569301
hs1 92708333 93749999 0.667056
hs1 93750000 94791665 0.484691
hs1 94791666 95833332 0.277154
hs1 95833333 96874999 0.000000
hs1 96875000 97916665 0.666437
hs1 97916666 98958332 0.289104
hs1 98958333 99999999 0.289988
hs1 100000000 101041665 0.531069
hs1 101041666 102083332 0.184066
hs1 102083333 103124999 0.177763
hs1 103125000 104166665 0.379524
hs1 104166666 105208332 0.075091
hs1 105208333 106249999 0.257731
hs1 106250000 107291665 0.000000
hs1 107291666 108333332 0.708725
hs1 108333333 109374999 0.470665
hs1 109375000 110416665 0.544870
hs1 110416666 111458332 0.180516
hs1 111458333 112499999 0.593466
hs1 112500000 113541665 0.392521
hs1 113541666 114583332 0.586572
hs1 114583333 115624999 0.472188
hs1 115625000 116666665 0.287224
hs1 116666666 117708332 0.439520
hs1 117708333 118749999 0.488720
hs1 118750000 119791665 0.239455
hs1 119791666 120833332 0.300633
hs1 120833333 121874999 0.050667
hs1 121875000 122916665 0.000000
hs1 122916666 123958332 0.000000
hs1 123958333 124999999 0.000000
hs1 125000000 126041665 0.000000
hs1 126041666 127083332 0.000000
hs1 127083333 128124999 0.000000
hs1 128125000 129166665 0.000000
hs1 129166666 130208332 0.000000
hs1 130208333 131249999 0.000000
hs1 131250000 132291665 0.000000
hs1 132291666 133333332 0.000000
hs1 133333333 134374999 0.000000
hs1 134375000 135416665 0.000000
hs1 135416666 136458332 0.000000
hs1 136458333 137499999 0.000000
hs1 137500000 138541665 0.000000
hs1 138541666 139583332 0.000000
hs1 139583333 140624999 0.000000
hs1 140625000 141666665 0.000000
hs1 141666666 142708332 0.076620
hs1 142708333 143749999 0.506818
hs1 143750000 144791665 0.645340
hs1 144791666 145833332 0.252682
hs1 145833333 146874999 0.321980
hs1 146875000 147916665 0.103175
hs1 147916666 148958332 0.534753
hs1 148958333 149999999 0.681475
hs1 150000000 151041665 0.209115
hs1 151041666 152083332 0.247002
hs1 152083333 153124999 0.766000
hs1 153125000 154166665 0.730694
hs1 154166666 155208332 0.659494
hs1 155208333 156249999 0.259198
hs1 156250000 157291665 0.290841
hs1 157291666 158333332 0.224836
hs1 158333333 159374999 0.583170
hs1 159375000 160416665 0.563172
hs1 160416666 161458332 0.520619
hs1 161458333 162499999 0.032479
hs1 162500000 163541665 0.380336
hs1 163541666 164583332 0.482540
hs1 164583333 165624999 0.370609
hs1 165625000 166666665 0.637124
hs1 166666666 167708332 0.364323
hs1 167708333 168749999 0.433074
hs1 168750000 169791665 0.424815
hs1 169791666 170833332 0.767703
hs1 170833333 171874999 0.192419
hs1 171875000 172916665 0.751413
hs1 172916666 173958332 0.782792
hs1 173958333 174999999 0.561277
hs1 175000000 176041665 0.473691
hs1 176041666 177083332 0.545290
hs1 177083333 178124999 0.747062
hs1 178125000 179166665 0.741390
hs1 179166666 180208332 0.390633
hs1 180208333 181249999 0.302842
hs1 181250000 182291665 0.848682
hs1 182291666 183333332 0.537989
hs1 183333333 184374999 0.580118
hs1 184375000 185416665 0.351734
hs1 185416666 186458332 0.000000
hs1 186458333 187499999 0.000000
hs1 187500000 188541665 0.199917
hs1 188541666 189583332 0.164848
hs1 189583333 190624999 0.074541
hs1 190625000 191666665 0.247773
hs1 191666666 192708332 0.000000
hs1 192708333 193749999 0.000000
hs1 193750000 194791665 0.316926
hs1 194791666 195833332 0.665110
hs1 195833333 196874999 0.368424
hs1 196875000 197916665 0.113654
hs1 197916666 198958332 0.239732
hs1 198958333 199999999 0.557377
hs1 200000000 201041665 0.811313
hs1 201041666 202083332 0.428812
hs1 202083333 203124999 0.502484
hs1 203125000 204166665 0.588527
hs1 204166666 205208332 0.500588
hs1 205208333 206249999 0.456264
hs1 206250000 207291665 0.213196
hs1 207291666 208333332 0.338849
hs1 208333333 209374999 0.852172
hs1 209375000 210416665 0.421312
hs1 210416666 211458332 0.568157
hs1 211458333 212499999 0.098882
hs1 212500000 213541665 0.710197
hs1 213541666 214583332 0.743895
hs1 214583333 215624999 0.685958
hs1 215625000 216666665 0.546930
hs1 216666666 217708332 0.054657
hs1 217708333 218749999 0.292724
hs1 218750000 219791665 0.211930
hs1 219791666 220833332 0.094208
hs1 220833333 221874999 0.459254
hs1 221875000 222916665 0.442412
hs1 222916666 223958332 0.711820
hs1 223958333 224999999 0.448109
hs1 225000000 226041665 0.534072
hs1 226041666 227083332 0.374980
hs1 227083333 228124999 0.226189
hs1 228125000 229166665 0.460483
hs1 229166666 230208332 1.105356
hs1 230208333 231249999 0.273554
hs1 231250000 232291665 0.526406
hs1 232291666 233333332 0.325089
hs1 233333333 234374999 0.736258
hs1 234375000 235416665 0.611703
hs1 235416666 236458332 0.692752
hs1 236458333 237499999 0.005408
hs1 237500000 238541665 0.480197
hs1 238541666 239583332 0.829375
hs1 239583333 240624999 0.619016
hs1 240625000 241666665 0.467288
hs1 241666666 242708332 0.500839
hs1 242708333 243749999 0.737894
hs1 243750000 244791665 0.923743
hs1 244791666 245833332 0.420924
hs1 245833333 246874999 0.210366
hs1 246875000 247916665 0.048952
hs19 0 1041665 0.532500
hs19 1041666 2083332 0.613070
hs19 2083333 3124999 0.685681
hs19 3125000 4166665 0.709672
hs19 4166666 5208332 0.685561
hs19 5208333 6249999 0.606756
hs19 6250000 7291665 0.574985
hs19 7291666 8333332 0.522454
hs19 8333333 9374999 0.447647
hs19 9375000 10416665 0.558353
hs19 10416666 11458332 0.768412
hs19 11458333 12499999 0.437564
hs19 12500000 13541665 0.732932
hs19 13541666 14583332 0.483378
hs19 14583333 15624999 0.456754
hs19 15625000 16666665 0.521109
hs19 16666666 17708332 0.758589
hs19 17708333 18749999 0.670956
hs19 18750000 19791665 0.812569
hs19 19791666 20833332 0.266928
hs19 20833333 21874999 0.347671
hs19 21875000 22916665 0.172528
hs19 22916666 23958332 0.150612
hs19 23958333 24999999 0.042179
hs19 25000000 26041665 0.000000
hs19 26041666 27083332 0.000000
hs19 27083333 28124999 0.000000
hs19 28125000 29166665 0.000000
hs19 29166666 30208332 0.000000
hs19 30208333 31249999 0.000000
hs19 31250000 32291665 0.000000
hs19 32291666 33333332 0.003310
hs19 33333333 34374999 0.003856
hs19 34375000 35416665 0.160254
hs19 35416666 36458332 0.179338
hs19 36458333 37499999 0.070750
hs19 37500000 38541665 0.628954
hs19 38541666 39583332 0.488005
hs19 39583333 40624999 0.367576
hs19 40625000 41666665 0.512455
hs19 41666666 42708332 0.527225
hs19 42708333 43749999 0.798243
hs19 43750000 44791665 0.544252
hs19 44791666 45833332 0.555600
hs19 45833333 46874999 0.444794
hs19 46875000 47916665 0.462291
hs19 47916666 48958332 0.392505
hs19 48958333 49999999 0.499358
hs19 50000000 51041665 0.653444
hs19 51041666 52083332 0.355802
hs19 52083333 53124999 0.613787
hs19 53125000 54166665 0.750106
hs19 54166666 55208332 0.734061
hs19 55208333 56249999 0.541175
hs19 56250000 57291665 0.443670
hs19 57291666 58333332 0.599751
hs19 58333333 59374999 0.498547
hs19 59375000 60416665 0.579119
hs19 60416666 61458332 0.591432
hs19 61458333 62499999 0.373928
hs19 62500000 63541665 0.498047
hs19 63541666 64583332 0.140679
hs2 0 1041665 0.182831
hs2 1041666 2083332 0.827584
hs2 2083333 3124999 0.229054
hs2 3125000 4166665 0.406335
hs2 4166666 5208332 0.000000
hs2 5208333 6249999 0.060009
hs2 6250000 7291665 0.158250
hs2 7291666 8333332 0.052213
hs2 8333333 9374999 0.354312
hs2 9375000 10416665 0.570972
hs2 10416666 11458332 0.471518
hs2 11458333 12499999 0.214360
hs2 12500000 13541665 0.024828
hs2 13541666 14583332 0.000000
hs2 14583333 15624999 0.385711
hs2 15625000 16666665 0.115379
hs2 16666666 17708332 0.160870
hs2 17708333 18749999 0.200655
hs2 18750000 19791665 0.006843
hs2 19791666 20833332 0.339817
hs2 20833333 21874999 0.091797
hs2 21875000 22916665 0.000000
hs2 22916666 23958332 0.438221
hs2 23958333 24999999 0.683623
hs2 25000000 26041665 0.707572
hs2 26041666 27083332 0.731175
hs2 27083333 28124999 0.738425
hs2 28125000 29166665 0.680067
hs2 29166666 30208332 0.765279
hs2 30208333 31249999 0.530508
hs2 31250000 32291665 0.494444
hs2 32291666 33333332 0.932949
hs2 33333333 34374999 0.279280
hs2 34375000 35416665 0.000000
hs2 35416666 36458332 0.020576
hs2 36458333 37499999 0.753719
hs2 37500000 38541665 0.299652
hs2 38541666 39583332 0.614520
hs2 39583333 40624999 0.476135
hs2 40625000 41666665 0.000000
hs2 41666666 42708332 0.283834
hs2 42708333 43749999 0.491458
hs2 43750000 44791665 0.783254
hs2 44791666 45833332 0.377634
hs2 45833333 46874999 0.660255
hs2 46875000 47916665 0.471935
hs2 47916666 48958332 0.501197
hs2 48958333 49999999 0.185496
hs2 50000000 51041665 0.999999
hs2 51041666 52083332 0.068652
hs2 52083333 53124999 0.000000
hs2 53125000 54166665 0.441908
hs2 54166666 55208332 0.734339
hs2 55208333 56249999 0.425798
hs2 56250000 57291665 0.193971
hs2 57291666 58333332 0.187648
hs2 58333333 59374999 0.000000
hs2 59375000 60416665 0.000000
hs2 60416666 61458332 0.567234
hs2 61458333 62499999 0.443851
hs2 62500000 63541665 0.700236
hs2 63541666 64583332 0.367717
hs2 64583333 65624999 0.351086
hs2 65625000 66666665 0.131867
hs2 66666666 67708332 0.012569
hs2 67708333 68749999 0.321938
hs2 68750000 69791665 0.617642
hs2 69791666 70833332 0.478014
hs2 70833333 71874999 0.540000
hs2 71875000 72916665 0.638720
hs2 72916666 73958332 0.590456
hs2 73958333 74999999 0.590318
hs2 75000000 76041665 0.293045
hs2 76041666 77083332 0.244769
hs2 77083333 78124999 0.499007
hs2 78125000 79166665 0.003664
hs2 79166666 80208332 0.600380
hs2 80208333 81249999 0.502705
hs2 81250000 82291665 0.000000
hs2 82291666 83333332 0.000929
hs2 83333333 84374999 0.001459
hs2 84375000 85416665 0.647944
hs2 85416666 86458332 0.536443
hs2 86458333 87499999 0.503050
hs2 87500000 88541665 0.467510
hs2 88541666 89583332 0.168708
hs2 89583333 90624999 0.000000
hs2 90625000 91666665 0.030136
hs2 91666666 92708332 0.000000
hs2 92708333 93749999 0.000000
hs2 93750000 94791665 0.001216
hs2 94791666 95833332 0.312521
hs2 95833333 96874999 0.396428
hs2 96875000 97916665 0.554988
hs2 97916666 98958332 0.729590
hs2 98958333 99999999 0.838231
hs2 100000000 101041665 0.454039
hs2 101041666 102083332 0.473300
hs2 102083333 103124999 0.399729
hs2 103125000 104166665 0.000000
hs2 104166666 105208332 0.136178
hs2 105208333 106249999 0.396484
hs2 106250000 107291665 0.148087
hs2 107291666 108333332 0.130141
hs2 108333333 109374999 0.655183
hs2 109375000 110416665 0.727545
hs2 110416666 111458332 0.647660
hs2 111458333 112499999 0.529933
hs2 112500000 113541665 0.472694
hs2 113541666 114583332 0.357191
hs2 114583333 115624999 0.680287
hs2 115625000 116666665 0.666043
hs2 116666666 117708332 0.000000
hs2 117708333 118749999 0.132289
hs2 118750000 119791665 0.113456
hs2 119791666 120833332 0.666923
hs2 120833333 121874999 0.316004
hs2 121875000 122916665 0.260108
hs2 122916666 123958332 0.000000
hs2 123958333 124999999 0.480640
hs2 125000000 126041665 0.373761
hs2 126041666 127083332 0.000000
hs2 127083333 128124999 0.358428
hs2 128125000 129166665 0.404236
hs2 129166666 130208332 0.000000
hs2 130208333 131249999 0.238913
hs2 131250000 132291665 0.380267
hs2 132291666 133333332 0.532552
hs2 133333333 134374999 0.680802
hs2 134375000 135416665 0.528324
hs2 135416666 136458332 0.888091
hs2 136458333 137499999 0.038628
hs2 137500000 138541665 0.675731
hs2 138541666 139583332 0.177016
hs2 139583333 140624999 0.000000
hs2 140625000 141666665 0.922753
hs2 141666666 142708332 0.901512
hs2 142708333 143749999 0.298871
hs2 143750000 144791665 0.829447
hs2 144791666 145833332 0.144870
hs2 145833333 146874999 0.126836
hs2 146875000 147916665 0.003777
hs2 147916666 148958332 0.611054
hs2 148958333 149999999 0.667659
hs2 150000000 151041665 0.062668
hs2 151041666 152083332 0.160347
hs2 152083333 153124999 0.762192
hs2 153125000 154166665 0.192273
hs2 154166666 155208332 0.558782
hs2 155208333 156249999 0.151606
hs2 156250000 157291665 0.152924
hs2 157291666 158333332 0.217270
hs2 158333333 159374999 0.742132
hs2 159375000 160416665 0.722425
hs2 160416666 161458332 0.474211
hs2 161458333 162499999 0.501624
hs2 162500000 163541665 0.721969
hs2 163541666 164583332 0.123261
hs2 164583333 165624999 0.329349
hs2 165625000 166666665 0.672086
hs2 166666666 167708332 0.482735
hs2 167708333 168749999 0.383603
hs2 168750000 169791665 0.698254
hs2 169791666 170833332 0.731529
hs2 170833333 171874999 0.685674
hs2 171875000 172916665 0.512429
hs2 172916666 173958332 0.632067
hs2 173958333 174999999 0.304071
hs2 175000000 176041665 0.483097
hs2 176041666 177083332 0.169339
hs2 177083333 178124999 0.295988
hs2 178125000 179166665 1.015552
hs2 179166666 180208332 0.673743
hs2 180208333 181249999 0.276860
hs2 181250000 182291665 0.276972
hs2 182291666 183333332 0.571428
hs2 183333333 184374999 0.215087
hs2 184375000 185416665 0.235516
hs2 185416666 186458332 0.182839
hs2 186458333 187499999 0.197242
hs2 187500000 188541665 0.187620
hs2 188541666 189583332 0.379956
hs2 189583333 190624999 0.392613
hs2 190625000 191666665 0.552372
hs2 191666666 192708332 0.428435
hs2 192708333 193749999 0.083148
hs2 193750000 194791665 0.000000
hs2 194791666 195833332 0.000000
hs2 195833333 196874999 0.530703
hs2 196875000 197916665 0.692466
hs2 197916666 198958332 0.606394
hs2 198958333 199999999 0.151231
hs2 200000000 201041665 0.253789
hs2 201041666 202083332 0.815666
hs2 202083333 203124999 0.579910
hs2 203125000 204166665 0.797223
hs2 204166666 205208332 0.145860
hs2 205208333 206249999 0.941232
hs2 206250000 207291665 0.556329
hs2 207291666 208333332 0.297415
hs2 208333333 209374999 0.428089
hs2 209375000 210416665 0.366499
hs2 210416666 211458332 0.611473
hs2 211458333 212499999 0.529261
hs2 212500000 213541665 0.587229
hs2 213541666 214583332 0.842781
hs2 214583333 215624999 0.735338
hs2 215625000 216666665 0.313081
hs2 216666666 217708332 0.334692
hs2 217708333 218749999 0.630407
hs2 218750000 219791665 0.701757
hs2 219791666 220833332 0.258851
hs2 220833333 221874999 0.000000
hs2 221875000 222916665 0.250015
hs2 222916666 223958332 0.329320
hs2 223958333 224999999 0.245387
hs2 225000000 226041665 0.442165
hs2 226041666 227083332 0.177900
hs2 227083333 228124999 0.643341
hs2 228125000 229166665 0.310420
hs2 229166666 230208332 0.504110
hs2 230208333 231249999 0.680506
hs2 231250000 232291665 0.459196
hs2 232291666 233333332 0.619812
hs2 233333333 234374999 1.372368
hs2 234375000 235416665 0.147132
hs2 235416666 236458332 0.474807
hs2 236458333 237499999 0.487934
hs2 237500000 238541665 0.423385
hs2 238541666 239583332 0.339627
hs2 239583333 240624999 0.406925
hs2 240625000 241666665 0.382612
hs2 241666666 242708332 0.665077
hs2 242708333 243749999 0.041098
hs8 0 1041665 0.214884
hs8 1041666 2083332 0.478053
hs8 2083333 3124999 0.330929
hs8 3125000 4166665 0.999999
hs8 4166666 5208332 0.646148
hs8 5208333 6249999 0.000000
hs8 6250000 7291665 0.486542
hs8 7291666 8333332 0.294279
hs8 8333333 9374999 0.149836
hs8 9375000 10416665 0.580258
hs8 10416666 11458332 0.705754
hs8 11458333 12499999 0.288250
hs8 12500000 13541665 0.572196
hs8 13541666 14583332 0.567926
hs8 14583333 15624999 0.710213
hs8 15625000 16666665 0.121231
hs8 16666666 17708332 0.626964
hs8 17708333 18749999 0.528895
hs8 18750000 19791665 0.538932
hs8 19791666 20833332 0.096168
hs8 20833333 21874999 0.148975
hs8 21875000 22916665 0.774030
hs8 22916666 23958332 0.352356
hs8 23958333 24999999 0.155124
hs8 25000000 26041665 0.493835
hs8 26041666 27083332 0.305406
hs8 27083333 28124999 0.682333
hs8 28125000 29166665 0.693124
hs8 29166666 30208332 0.178526
hs8 30208333 31249999 0.539961
hs8 31250000 32291665 0.647863
hs8 32291666 33333332 0.432418
hs8 33333333 34374999 0.154413
hs8 34375000 35416665 0.195984
hs8 35416666 36458332 0.340855
hs8 36458333 37499999 0.145731
hs8 37500000 38541665 0.487289
hs8 38541666 39583332 0.661087
hs8 39583333 40624999 0.416121
hs8 40625000 41666665 0.401258
hs8 41666666 42708332 0.637054
hs8 42708333 43749999 0.382613
hs8 43750000 44791665 0.000000
hs8 44791666 45833332 0.000000
hs8 45833333 46874999 0.000000
hs8 46875000 47916665 0.014305
hs8 47916666 48958332 0.562847
hs8 48958333 49999999 0.164302
hs8 50000000 51041665 0.055928
hs8 51041666 52083332 0.793262
hs8 52083333 53124999 0.548608
hs8 53125000 54166665 0.406533
hs8 54166666 55208332 0.357780
hs8 55208333 56249999 0.099319
hs8 56250000 57291665 0.612891
hs8 57291666 58333332 0.061870
hs8 58333333 59374999 0.153940
hs8 59375000 60416665 0.451247
hs8 60416666 61458332 0.088832
hs8 61458333 62499999 0.411959
hs8 62500000 63541665 0.488116
hs8 63541666 64583332 0.601265
hs8 64583333 65624999 0.000104
hs8 65625000 66666665 0.200785
hs8 66666666 67708332 0.450083
hs8 67708333 68749999 0.800688
hs8 68750000 69791665 0.604259
hs8 69791666 70833332 0.367340
hs8 70833333 71874999 0.500721
hs8 71875000 72916665 0.158532
hs8 72916666 73958332 0.591647
hs8 73958333 74999999 0.548435
hs8 75000000 76041665 0.195804
hs8 76041666 77083332 0.073738
hs8 77083333 78124999 0.268024
hs8 78125000 79166665 0.000000
hs8 79166666 80208332 0.205076
hs8 80208333 81249999 0.293615
hs8 81250000 82291665 0.400005
hs8 82291666 83333332 0.140196
hs8 83333333 84374999 0.000000
hs8 84375000 85416665 0.152313
hs8 85416666 86458332 0.702398
hs8 86458333 87499999 0.216982
hs8 87500000 88541665 0.786069
hs8 88541666 89583332 0.281841
hs8 89583333 90624999 0.000000
hs8 90625000 91666665 0.178162
hs8 91666666 92708332 0.499884
hs8 92708333 93749999 0.130841
hs8 93750000 94791665 0.088639
hs8 94791666 95833332 0.452921
hs8 95833333 96874999 0.208746
hs8 96875000 97916665 0.412738
hs8 97916666 98958332 0.464303
hs8 98958333 99999999 0.698217
hs8 100000000 101041665 0.852201
hs8 101041666 102083332 0.448879
hs8 102083333 103124999 0.521991
hs8 103125000 104166665 0.365892
hs8 104166666 105208332 0.782768
hs8 105208333 106249999 0.317355
hs8 106250000 107291665 0.466195
hs8 107291666 108333332 0.475835
hs8 108333333 109374999 0.458359
hs8 109375000 110416665 0.166950
hs8 110416666 111458332 0.314906
hs8 111458333 112499999 0.000000
hs8 112500000 113541665 0.227841
hs8 113541666 114583332 0.937771
hs8 114583333 115624999 0.000000
hs8 115625000 116666665 0.169696
hs8 116666666 117708332 0.080388
hs8 117708333 118749999 0.383880
hs8 118750000 119791665 0.715151
hs8 119791666 120833332 0.208055
hs8 120833333 121874999 0.876198
hs8 121875000 122916665 0.050113
hs8 122916666 123958332 0.091442
hs8 123958333 124999999 0.575844
hs8 125000000 126041665 0.506510
hs8 126041666 127083332 0.365595
hs8 127083333 128124999 0.005550
hs8 128125000 129166665 0.323257
hs8 129166666 130208332 0.015446
hs8 130208333 131249999 0.243308
hs8 131250000 132291665 0.475075
hs8 132291666 133333332 0.298803
hs8 133333333 134374999 0.850869
hs8 134375000 135416665 0.115991
hs8 135416666 136458332 0.291483
hs8 136458333 137499999 0.182529
hs8 137500000 138541665 0.000000
hs8 138541666 139583332 0.352129
hs8 139583333 140624999 0.312730
hs8 140625000 141666665 0.843518
hs8 141666666 142708332 0.550900
hs8 142708333 143749999 0.287969
hs8 143750000 144791665 0.352759
hs8 144791666 145833332 0.606602
hs8 145833333 146874999 0.159485
hs6 0 1041665 0.406439
hs6 1041666 2083332 0.509502
hs6 2083333 3124999 0.360810
hs6 3125000 4166665 0.343145
hs6 4166666 5208332 0.397812
hs6 5208333 6249999 0.651433
hs6 6250000 7291665 0.532790
hs6 7291666 8333332 0.390351
hs6 8333333 9374999 0.023169
hs6 9375000 10416665 0.000000
hs6 10416666 11458332 0.616635
hs6 11458333 12499999 0.290193
hs6 12500000 13541665 0.636619
hs6 13541666 14583332 0.293052
hs6 14583333 15624999 0.259675
hs6 15625000 16666665 0.461708
hs6 16666666 17708332 0.364429
hs6 17708333 18749999 0.527414
hs6 18750000 19791665 0.000000
hs6 19791666 20833332 0.381613
hs6 20833333 21874999 0.588005
hs6 21875000 22916665 0.426503
hs6 22916666 23958332 0.000000
hs6 23958333 24999999 0.581102
hs6 25000000 26041665 0.567236
hs6 26041666 27083332 0.307054
hs6 27083333 28124999 0.099025
hs6 28125000 29166665 0.240249
hs6 29166666 30208332 0.201634
hs6 30208333 31249999 0.402036
hs6 31250000 32291665 0.592510
hs6 32291666 33333332 0.312979
hs6 33333333 34374999 0.406828
hs6 34375000 35416665 0.704530
hs6 35416666 36458332 0.720648
hs6 36458333 37499999 0.536319
hs6 37500000 38541665 0.732885
hs6 38541666 39583332 0.763971
hs6 39583333 40624999 0.498292
hs6 40625000 41666665 0.239529
hs6 41666666 42708332 0.733088
hs6 42708333 43749999 0.687759
hs6 43750000 44791665 0.304282
hs6 44791666 45833332 0.741184
hs6 45833333 46874999 0.488624
hs6 46875000 47916665 0.501183
hs6 47916666 48958332 0.183036
hs6 48958333 49999999 0.181795
hs6 50000000 51041665 0.109836
hs6 51041666 52083332 0.453389
hs6 52083333 53124999 0.425526
hs6 53125000 54166665 0.433332
hs6 54166666 55208332 0.298250
hs6 55208333 56249999 0.554922
hs6 56250000 57291665 0.378130
hs6 57291666 58333332 0.316483
hs6 58333333 59374999 0.039904
hs6 59375000 60416665 0.000000
hs6 60416666 61458332 0.000000
hs6 61458333 62499999 0.050090
hs6 62500000 63541665 0.531898
hs6 63541666 64583332 0.210310
hs6 64583333 65624999 1.000000
hs6 65625000 66666665 0.816427
hs6 66666666 67708332 0.000000
hs6 67708333 68749999 0.000000
hs6 68750000 69791665 0.373741
hs6 69791666 70833332 0.658591
hs6 70833333 71874999 0.664612
hs6 71875000 72916665 0.271910
hs6 72916666 73958332 0.790025
hs6 73958333 74999999 0.344871
hs6 75000000 76041665 0.144140
hs6 76041666 77083332 0.608046
hs6 77083333 78124999 0.000000
hs6 78125000 79166665 0.001127
hs6 79166666 80208332 0.200164
hs6 80208333 81249999 0.417761
hs6 81250000 82291665 0.000000
hs6 82291666 83333332 0.085140
hs6 83333333 84374999 0.567714
hs6 84375000 85416665 0.351782
hs6 85416666 86458332 0.193705
hs6 86458333 87499999 0.000000
hs6 87500000 88541665 0.541045
hs6 88541666 89583332 0.241779
hs6 89583333 90624999 0.745620
hs6 90625000 91666665 0.441068
hs6 91666666 92708332 0.000000
hs6 92708333 93749999 0.000000
hs6 93750000 94791665 0.239005
hs6 94791666 95833332 0.000000
hs6 95833333 96874999 0.222298
hs6 96875000 97916665 0.473031
hs6 97916666 98958332 0.000084
hs6 98958333 99999999 0.209546
hs6 100000000 101041665 0.244168
hs6 101041666 102083332 0.482275
hs6 102083333 103124999 0.519665
hs6 103125000 104166665 0.000000
hs6 104166666 105208332 0.000000
hs6 105208333 106249999 0.427681
hs6 106250000 107291665 0.326919
hs6 107291666 108333332 0.730347
hs6 108333333 109374999 0.603648
hs6 109375000 110416665 0.628223
hs6 110416666 111458332 0.574674
hs6 111458333 112499999 0.583159
hs6 112500000 113541665 0.174173
hs6 113541666 114583332 0.063087
hs6 114583333 115624999 0.000000
hs6 115625000 116666665 0.255007
hs6 116666666 117708332 0.487988
hs6 117708333 118749999 0.683870
hs6 118750000 119791665 0.631660
hs6 119791666 120833332 0.000000
hs6 120833333 121874999 0.258383
hs6 121875000 122916665 0.138180
hs6 122916666 123958332 0.618870
hs6 123958333 124999999 0.839560
hs6 125000000 126041665 0.460777
hs6 126041666 127083332 0.227357
hs6 127083333 128124999 0.312066
hs6 128125000 129166665 0.680080
hs6 129166666 130208332 0.749578
hs6 130208333 131249999 0.267980
hs6 131250000 132291665 0.557275
hs6 132291666 133333332 0.264128
hs6 133333333 134374999 0.391144
hs6 134375000 135416665 0.302849
hs6 135416666 136458332 1.252912
hs6 136458333 137499999 0.716878
hs6 137500000 138541665 0.101554
hs6 138541666 139583332 0.559549
hs6 139583333 140624999 0.052223
hs6 140625000 141666665 0.000000
hs6 141666666 142708332 0.125237
hs6 142708333 143749999 0.657942
hs6 143750000 144791665 0.697048
hs6 144791666 145833332 0.407230
hs6 145833333 146874999 0.591788
hs6 146875000 147916665 0.439898
hs6 147916666 148958332 0.216616
hs6 148958333 149999999 0.546683
hs6 150000000 151041665 0.434879
hs6 151041666 152083332 0.738677
hs6 152083333 153124999 0.896773
hs6 153125000 154166665 0.143009
hs6 154166666 155208332 0.618870
hs6 155208333 156249999 0.285451
hs6 156250000 157291665 0.144875
hs6 157291666 158333332 0.678370
hs6 158333333 159374999 0.682630
hs6 159375000 160416665 0.308112
hs6 160416666 161458332 0.553475
hs6 161458333 162499999 0.919094
hs6 162500000 163541665 1.000644
hs6 163541666 164583332 0.281561
hs6 164583333 165624999 0.011384
hs6 165625000 166666665 0.428047
hs6 166666666 167708332 0.608070
hs6 167708333 168749999 0.383684
hs6 168750000 169791665 0.279646
hs6 169791666 170833332 0.287927
hs14 0 1041665 0.000000
hs14 1041666 2083332 0.000000
hs14 2083333 3124999 0.000000
hs14 3125000 4166665 0.000000
hs14 4166666 5208332 0.000000
hs14 5208333 6249999 0.000000
hs14 6250000 7291665 0.000000
hs14 7291666 8333332 0.000000
hs14 8333333 9374999 0.000000
hs14 9375000 10416665 0.000000
hs14 10416666 11458332 0.000000
hs14 11458333 12499999 0.000000
hs14 12500000 13541665 0.000000
hs14 13541666 14583332 0.000000
hs14 14583333 15624999 0.000000
hs14 15625000 16666665 0.000000
hs14 16666666 17708332 0.000000
hs14 17708333 18749999 0.031259
hs14 18750000 19791665 0.048898
hs14 19791666 20833332 0.302326
hs14 20833333 21874999 0.204601
hs14 21875000 22916665 0.350277
hs14 22916666 23958332 0.391011
hs14 23958333 24999999 0.256494
hs14 25000000 26041665 0.054468
hs14 26041666 27083332 0.091330
hs14 27083333 28124999 0.000000
hs14 28125000 29166665 0.072870
hs14 29166666 30208332 0.391455
hs14 30208333 31249999 0.622880
hs14 31250000 32291665 0.631046
hs14 32291666 33333332 0.898059
hs14 33333333 34374999 0.236456
hs14 34375000 35416665 0.635026
hs14 35416666 36458332 0.317487
hs14 36458333 37499999 0.585698
hs14 37500000 38541665 0.007030
hs14 38541666 39583332 0.254274
hs14 39583333 40624999 0.000000
hs14 40625000 41666665 0.285112
hs14 41666666 42708332 0.000000
hs14 42708333 43749999 0.000000
hs14 43750000 44791665 0.314876
hs14 44791666 45833332 0.000662
hs14 45833333 46874999 0.477344
hs14 46875000 47916665 0.325189
hs14 47916666 48958332 0.000000
hs14 48958333 49999999 0.560541
hs14 50000000 51041665 0.519607
hs14 51041666 52083332 0.532048
hs14 52083333 53124999 0.419173
hs14 53125000 54166665 0.144414
hs14 54166666 55208332 0.634755
hs14 55208333 56249999 0.271104
hs14 56250000 57291665 0.282417
hs14 57291666 58333332 0.462208
hs14 58333333 59374999 0.508613
hs14 59375000 60416665 0.352072
hs14 60416666 61458332 0.500431
hs14 61458333 62499999 0.358320
hs14 62500000 63541665 0.614681
hs14 63541666 64583332 0.739580
hs14 64583333 65624999 0.389364
hs14 65625000 66666665 0.609555
hs14 66666666 67708332 0.864167
hs14 67708333 68749999 0.616769
hs14 68750000 69791665 0.654274
hs14 69791666 70833332 0.421752
hs14 70833333 71874999 0.592758
hs14 71875000 72916665 0.801979
hs14 72916666 73958332 0.700296
hs14 73958333 74999999 0.515715
hs14 75000000 76041665 0.924156
hs14 76041666 77083332 0.431927
hs14 77083333 78124999 0.466710
hs14 78125000 79166665 0.999999
hs14 79166666 80208332 0.407295
hs14 80208333 81249999 0.660858
hs14 81250000 82291665 0.000000
hs14 82291666 83333332 0.000000
hs14 83333333 84374999 0.000000
hs14 84375000 85416665 0.093873
hs14 85416666 86458332 0.000000
hs14 86458333 87499999 0.029654
hs14 87500000 88541665 0.585463
hs14 88541666 89583332 0.682297
hs14 89583333 90624999 0.644154
hs14 90625000 91666665 0.754839
hs14 91666666 92708332 0.642157
hs14 92708333 93749999 0.733264
hs14 93750000 94791665 0.355668
hs14 94791666 95833332 0.277174
hs14 95833333 96874999 0.306535
hs14 96875000 97916665 0.050415
hs14 97916666 98958332 0.127532
hs14 98958333 99999999 0.661863
hs14 100000000 101041665 0.173939
hs14 101041666 102083332 0.633075
hs14 102083333 103124999 0.570237
hs14 103125000 104166665 0.429471
hs14 104166666 105208332 0.474513
hs14 105208333 106249999 0.029740
hs17 0 1041665 0.746215
hs17 1041666 2083332 0.747749
hs17 2083333 3124999 0.607446
hs17 3125000 4166665 0.725166
hs17 4166666 5208332 0.624348
hs17 5208333 6249999 0.245706
hs17 6250000 7291665 0.538798
hs17 7291666 8333332 0.614985
hs17 8333333 9374999 0.785965
hs17 9375000 10416665 0.729420
hs17 10416666 11458332 0.412752
hs17 11458333 12499999 0.478468
hs17 12500000 13541665 0.418821
hs17 13541666 14583332 0.180820
hs17 14583333 15624999 0.275516
hs17 15625000 16666665 0.625121
hs17 16666666 17708332 0.548037
hs17 17708333 18749999 0.670212
hs17 18750000 19791665 0.559187
hs17 19791666 20833332 0.376525
hs17 20833333 21874999 0.236784
hs17 21875000 22916665 0.108523
hs17 22916666 23958332 0.481862
hs17 23958333 24999999 0.715497
hs17 25000000 26041665 0.803679
hs17 26041666 27083332 0.628131
hs17 27083333 28124999 0.615370
hs17 28125000 29166665 0.888208
hs17 29166666 30208332 0.402165
hs17 30208333 31249999 0.612047
hs17 31250000 32291665 0.308612
hs17 32291666 33333332 0.744634
hs17 33333333 34374999 0.445599
hs17 34375000 35416665 0.661558
hs17 35416666 36458332 0.470844
hs17 36458333 37499999 0.343226
hs17 37500000 38541665 0.740423
hs17 38541666 39583332 0.500571
hs17 39583333 40624999 0.572984
hs17 40625000 41666665 0.600316
hs17 41666666 42708332 0.582743
hs17 42708333 43749999 0.642477
hs17 43750000 44791665 0.497229
hs17 44791666 45833332 0.393750
hs17 45833333 46874999 0.580426
hs17 46875000 47916665 0.508517
hs17 47916666 48958332 0.000000
hs17 48958333 49999999 0.002243
hs17 50000000 51041665 0.348371
hs17 51041666 52083332 0.355158
hs17 52083333 53124999 0.573956
hs17 53125000 54166665 0.517960
hs17 54166666 55208332 0.743900
hs17 55208333 56249999 0.742627
hs17 56250000 57291665 0.759950
hs17 57291666 58333332 0.559011
hs17 58333333 59374999 0.739018
hs17 59375000 60416665 0.646978
hs17 60416666 61458332 0.544463
hs17 61458333 62499999 0.746084
hs17 62500000 63541665 0.683847
hs17 63541666 64583332 0.507351
hs17 64583333 65624999 0.395849
hs17 65625000 66666665 0.027697
hs17 66666666 67708332 0.005185
hs17 67708333 68749999 0.483668
hs17 68750000 69791665 0.484969
hs17 69791666 70833332 0.627118
hs17 70833333 71874999 0.791393
hs17 71875000 72916665 0.552398
hs17 72916666 73958332 0.382570
hs17 73958333 74999999 0.778235
hs17 75000000 76041665 0.495547
hs17 76041666 77083332 0.745232
hs17 77083333 78124999 0.625830
hs17 78125000 79166665 0.439931
hs21 0 1041665 0.000000
hs21 1041666 2083332 0.000000
hs21 2083333 3124999 0.000000
hs21 3125000 4166665 0.000000
hs21 4166666 5208332 0.000000
hs21 5208333 6249999 0.000000
hs21 6250000 7291665 0.000000
hs21 7291666 8333332 0.000000
hs21 8333333 9374999 0.000000
hs21 9375000 10416665 0.420156
hs21 10416666 11458332 0.000000
hs21 11458333 12499999 0.000000
hs21 12500000 13541665 0.076881
hs21 13541666 14583332 0.191046
hs21 14583333 15624999 0.181434
hs21 15625000 16666665 0.433764
hs21 16666666 17708332 0.228054
hs21 17708333 18749999 0.298247
hs21 18750000 19791665 0.000000
hs21 19791666 20833332 0.000000
hs21 20833333 21874999 0.577053
hs21 21875000 22916665 0.000000
hs21 22916666 23958332 0.000000
hs21 23958333 24999999 0.000000
hs21 25000000 26041665 0.173319
hs21 26041666 27083332 0.405418
hs21 27083333 28124999 0.083701
hs21 28125000 29166665 0.010722
hs21 29166666 30208332 0.786583
hs21 30208333 31249999 0.041284
hs21 31250000 32291665 0.610054
hs21 32291666 33333332 0.492404
hs21 33333333 34374999 0.563707
hs21 34375000 35416665 0.581885
hs21 35416666 36458332 0.039217
hs21 36458333 37499999 0.743213
hs21 37500000 38541665 0.576454
hs21 38541666 39583332 0.472811
hs21 39583333 40624999 0.590588
hs21 40625000 41666665 0.665401
hs21 41666666 42708332 0.547181
hs21 42708333 43749999 0.428138
hs21 43750000 44791665 0.683153
hs21 44791666 45833332 0.642596
hs21 45833333 46874999 0.556344
hs21 46875000 47916665 0.028164
