hsX 0 1086955 0.105913
hsX 1086956 2173912 0.308068
hsX 2173913 3260868 0.608153
hsX 3260869 4347825 0.113260
hsX 4347826 5434781 0.000000
hsX 5434782 6521738 0.312916
hsX 6521739 7608694 0.215725
hsX 7608695 8695651 0.218298
hsX 8695652 9782607 0.353076
hsX 9782608 10869564 0.637055
hsX 10869565 11956520 0.519712
hsX 11956521 13043477 0.655654
hsX 13043478 14130433 0.317516
hsX 14130434 15217390 0.287435
hsX 15217391 16304346 0.456415
hsX 16304347 17391303 0.506764
hsX 17391304 18478259 0.597574
hsX 18478260 19565216 0.716794
hsX 19565217 20652172 0.511062
hsX 20652173 21739129 0.308439
hsX 21739130 22826085 0.294233
hsX 22826086 23913042 0.214354
hsX 23913043 24999999 0.600962
hsX 25000000 26086955 0.002202
hsX 26086956 27173912 0.005450
hsX 27173913 28260868 0.021739
hsX 28260869 29347825 0.765647
hsX 29347826 30434781 0.518151
hsX 30434782 31521738 0.582900
hsX 31521739 32608694 1.000000
hsX 32608695 33695651 0.606237
hsX 33695652 34782607 0.030182
hsX 34782608 35869564 0.026967
hsX 35869565 36956520 0.275498
hsX 36956521 38043477 0.484759
hsX 38043478 39130433 0.211385
hsX 39130434 40217390 0.115998
hsX 40217391 41304346 0.345498
hsX 41304347 42391303 0.346999
hsX 42391304 43478259 0.072477
hsX 43478260 44565216 0.339160
hsX 44565217 45652172 0.269616
hsX 45652173 46739129 0.351917
hsX 46739130 47826085 0.447820
hsX 47826086 48913042 0.374577
hsX 48913043 49999999 1.040305
hsX 50000000 51086955 0.366135
hsX 51086956 52173912 0.130343
hsX 52173913 53260868 0.290497
hsX 53260869 54347825 0.596971
hsX 54347826 55434781 0.313267
hsX 55434782 56521738 0.096999
hsX 56521739 57608694 0.292607
hsX 57608695 58695651 0.009978
hsX 58695652 59782607 0.000000
hsX 59782608 60869564 0.000000
hsX 60869565 61956520 0.000000
hsX 61956521 63043477 0.266079
hsX 63043478 64130433 0.208740
hsX 64130434 65217390 0.161043
hsX 65217391 66304346 0.115177
hsX 66304347 67391303 0.361230
hsX 67391304 68478259 0.283603
hsX 68478260 69565216 0.631977
hsX 69565217 70652172 0.617358
hsX 70652173 71739129 0.686557
hsX 71739130 72826085 0.288717
hsX 72826086 73913042 0.597688
hsX 73913043 74999999 0.407296
hsX 75000000 76086955 0.008329
hsX 76086956 77173912 0.443073
hsX 77173913 78260868 0.124600
hsX 78260869 79347825 0.023408
hsX 79347826 80434781 0.394794
hsX 80434782 81521738 0.005444
hsX 81521739 82608694 0.000000
hsX 82608695 83695651 0.313870
hsX 83695652 84782607 0.219494
hsX 84782608 85869564 0.704571
hsX 85869565 86956520 0.236471
hsX 86956521 88043477 0.006954
hsX 88043478 89130433 0.000868
hsX 89130434 90217390 0.000000
hsX 90217391 91304346 0.356425
hsX 91304347 92391303 0.423689
hsX 92391304 93478259 0.037665
hsX 93478260 94565216 0.000000
hsX 94565217 95652172 0.000753
hsX 95652173 96739129 0.841206
hsX 96739130 97826085 0.002874
hsX 97826086 98913042 0.285005
hsX 98913043 99999999 0.396127
hsX 100000000 101086955 0.471954
hsX 101086956 102173912 0.486653
hsX 102173913 103260868 0.156370
hsX 103260869 104347825 0.650788
hsX 104347826 105434781 0.675880
hsX 105434782 106521738 0.473985
hsX 106521739 107608694 0.570224
hsX 107608695 108695651 0.313422
hsX 108695652 109782607 0.510399
hsX 109782608 110869564 0.553176
hsX 110869565 111956520 0.760838
hsX 111956521 113043477 0.013045
hsX 113043478 114130433 0.300605
hsX 114130434 115217390 0.229847
hsX 115217391 116304346 0.026706
hsX 116304347 117391303 0.227027
hsX 117391304 118478259 0.474393
hsX 118478260 119565216 0.367304
hsX 119565217 120652172 0.458406
hsX 120652173 121739129 0.000000
hsX 121739130 122826085 0.408144
hsX 122826086 123913042 0.730420
hsX 123913043 124999999 0.011321
hsX 125000000 126086955 0.007450
hsX 126086956 127173912 0.001326
hsX 127173913 128260868 0.000000
hsX 128260869 129347825 0.479033
hsX 129347826 130434781 0.311690
hsX 130434782 131521738 0.338992
hsX 131521739 132608694 0.520027
hsX 132608695 133695651 0.497067
hsX 133695652 134782607 0.277216
hsX 134782608 135869564 0.468482
hsX 135869565 136956520 0.006848
hsX 136956521 138043477 0.464664
hsX 138043478 139130433 0.320648
hsX 139130434 140217390 0.016221
hsX 140217391 141304346 0.068383
hsX 141304347 142391303 0.007695
hsX 142391304 143478259 0.030108
hsX 143478260 144565216 0.007933
hsX 144565217 145652172 0.010048
hsX 145652173 146739129 0.002498
hsX 146739130 147826085 0.490825
hsX 147826086 148913042 0.255286
hsX 148913043 149999999 0.450672
hsX 150000000 151086955 0.181512
hsX 151086956 152173912 0.416526
hsX 152173913 153260868 0.529090
hsX 153260869 154347825 0.600123
hsX 154347826 155434781 0.197198
hs12 0 1086955 0.786889
hs12 1086956 2173912 0.819912
hs12 2173913 3260868 0.831248
hs12 3260869 4347825 0.350447
hs12 4347826 5434781 0.290048
hs12 5434782 6521738 0.727345
hs12 6521739 7608694 0.612977
hs12 7608695 8695651 0.310389
hs12 8695652 9782607 0.401845
hs12 9782608 10869564 0.335277
hs12 10869565 11956520 0.822821
hs12 11956521 13043477 0.565171
hs12 13043478 14130433 0.467722
hs12 14130434 15217390 0.431163
hs12 15217391 16304346 0.654472
hs12 16304347 17391303 0.086967
hs12 17391304 18478259 0.167286
hs12 18478260 19565216 0.550409
hs12 19565217 20652172 0.220739
hs12 20652173 21739129 0.678196
hs12 21739130 22826085 0.433694
hs12 22826086 23913042 0.309622
hs12 23913043 24999999 0.782880
hs12 25000000 26086955 0.421903
hs12 26086956 27173912 0.636999
hs12 27173913 28260868 0.430618
hs12 28260869 29347825 0.343096
hs12 29347826 30434781 0.391076
hs12 30434782 31521738 0.326622
hs12 31521739 32608694 0.516604
hs12 32608695 33695651 0.301680
hs12 33695652 34782607 0.005540
hs12 34782608 35869564 0.000000
hs12 35869565 36956520 0.000000
hs12 36956521 38043477 0.309648
hs12 38043478 39130433 0.680493
hs12 39130434 40217390 0.668484
hs12 40217391 41304346 0.413445
hs12 41304347 42391303 0.181897
hs12 42391304 43478259 0.843601
hs12 43478260 44565216 0.533374
hs12 44565217 45652172 0.236110
hs12 45652173 46739129 0.257939
hs12 46739130 47826085 0.396044
hs12 47826086 48913042 0.612005
hs12 48913043 49999999 0.767521
hs12 50000000 51086955 0.512470
hs12 51086956 52173912 0.443931
hs12 52173913 53260868 0.529381
hs12 53260869 54347825 0.073355
hs12 54347826 55434781 0.657369
hs12 55434782 56521738 0.553348
hs12 56521739 57608694 0.063675
hs12 57608695 58695651 0.084901
hs12 58695652 59782607 0.000000
hs12 59782608 60869564 0.442757
hs12 60869565 61956520 0.532480
hs12 61956521 63043477 0.522647
hs12 63043478 64130433 0.527752
hs12 64130434 65217390 0.514296
hs12 65217391 66304346 0.172161
hs12 66304347 67391303 0.147752
hs12 67391304 68478259 0.465365
hs12 68478260 69565216 0.524019
hs12 69565217 70652172 0.421290
hs12 70652173 71739129 0.435357
hs12 71739130 72826085 0.000000
hs12 72826086 73913042 0.159428
hs12 73913043 74999999 0.187979
hs12 75000000 76086955 0.336935
hs12 76086956 77173912 0.351185
hs12 77173913 78260868 0.440649
hs12 78260869 79347825 0.496519
hs12 79347826 80434781 0.750927
hs12 80434782 81521738 0.340124
hs12 81521739 82608694 0.411362
hs12 82608695 83695651 0.000000
hs12 83695652 84782607 0.310596
hs12 84782608 85869564 0.798871
hs12 85869565 86956520 0.049965
hs12 86956521 88043477 0.230017
hs12 88043478 89130433 0.172134
hs12 89130434 90217390 0.090396
hs12 90217391 91304346 0.005169
hs12 91304347 92391303 0.280616
hs12 92391304 93478259 0.478425
hs12 93478260 94565216 0.433617
hs12 94565217 95652172 0.534549
hs12 95652173 96739129 0.134676
hs12 96739130 97826085 0.313829
hs12 97826086 98913042 0.992469
hs12 98913043 99999999 0.669250
hs12 100000000 101086955 0.588000
hs12 101086956 102173912 0.180973
hs12 102173913 103260868 0.763073
hs12 103260869 104347825 0.621955
hs12 104347826 105434781 0.260816
hs12 105434782 106521738 0.894443
hs12 106521739 107608694 0.369298
hs12 107608695 108695651 0.692055
hs12 108695652 109782607 0.627169
hs12 109782608 110869564 0.739257
hs12 110869565 111956520 0.636221
hs12 111956521 113043477 0.439310
hs12 113043478 114130433 0.062952
hs12 114130434 115217390 0.293208
hs12 115217391 116304346 0.509836
hs12 116304347 117391303 0.803865
hs12 117391304 118478259 0.389449
hs12 118478260 119565216 0.630399
hs12 119565217 120652172 0.623329
hs12 120652173 121739129 0.827054
hs12 121739130 122826085 0.708088
hs12 122826086 123913042 0.516682
hs12 123913043 124999999 0.450476
hs12 125000000 126086955 0.027881
hs12 126086956 127173912 0.000000
hs12 127173913 128260868 0.683505
hs12 128260869 129347825 0.649007
hs12 129347826 130434781 0.409718
hs12 130434782 131521738 0.476718
hs12 131521739 132608694 0.459094
hs11 0 1086955 0.574210
hs11 1086956 2173912 0.627710
hs11 2173913 3260868 0.706840
hs11 3260869 4347825 0.493892
hs11 4347826 5434781 0.091105
hs11 5434782 6521738 0.319460
hs11 6521739 7608694 0.522110
hs11 7608695 8695651 0.473543
hs11 8695652 9782607 0.697298
hs11 9782608 10869564 0.696121
hs11 10869565 11956520 0.447151
hs11 11956521 13043477 0.626473
hs11 13043478 14130433 0.406983
hs11 14130434 15217390 0.702482
hs11 15217391 16304346 0.338299
hs11 16304347 17391303 0.540876
hs11 17391304 18478259 0.612211
hs11 18478260 19565216 0.500225
hs11 19565217 20652172 0.684789
hs11 20652173 21739129 0.829501
hs11 21739130 22826085 0.265932
hs11 22826086 23913042 0.000000
hs11 23913043 24999999 0.482879
hs11 25000000 26086955 0.055902
hs11 26086956 27173912 0.450119
hs11 27173913 28260868 0.611416
hs11 28260869 29347825 0.046701
hs11 29347826 30434781 0.089859
hs11 30434782 31521738 0.378095
hs11 31521739 32608694 0.356366
hs11 32608695 33695651 0.601212
hs11 33695652 34782607 0.455553
hs11 34782608 35869564 0.569529
hs11 35869565 36956520 0.531145
hs11 36956521 38043477 0.000000
hs11 38043478 39130433 0.000000
hs11 39130434 40217390 0.115058
hs11 40217391 41304346 0.050462
hs11 41304347 42391303 0.000000
hs11 42391304 43478259 0.155138
hs11 43478260 44565216 0.432631
hs11 44565217 45652172 0.384222
hs11 45652173 46739129 0.647477
hs11 46739130 47826085 0.827440
hs11 47826086 48913042 0.187267
hs11 48913043 49999999 0.290738
hs11 50000000 51086955 0.027711
hs11 51086956 52173912 0.001842
hs11 52173913 53260868 0.000000
hs11 53260869 54347825 0.000000
hs11 54347826 55434781 0.028483
hs11 55434782 56521738 0.371257
hs11 56521739 57608694 0.377145
hs11 57608695 58695651 0.304651
hs11 58695652 59782607 0.231546
hs11 59782608 60869564 0.519771
hs11 60869565 61956520 0.469305
hs11 61956521 63043477 0.599567
hs11 63043478 64130433 0.623687
hs11 64130434 65217390 0.618315
hs11 65217391 66304346 0.568890
hs11 66304347 67391303 0.582773
hs11 67391304 68478259 0.613396
hs11 68478260 69565216 0.088056
hs11 69565217 70652172 0.818075
hs11 70652173 71739129 0.397613
hs11 71739130 72826085 0.712807
hs11 72826086 73913042 0.717031
hs11 73913043 74999999 0.569302
hs11 75000000 76086955 0.571625
hs11 76086956 77173912 0.680066
hs11 77173913 78260868 0.799468
hs11 78260869 79347825 0.522997
hs11 79347826 80434781 0.000000
hs11 80434782 81521738 0.000000
hs11 81521739 82608694 0.235499
hs11 82608695 83695651 0.833328
hs11 83695652 84782607 1.000000
hs11 84782608 85869564 0.661628
hs11 85869565 86956520 0.462991
hs11 86956521 88043477 0.250644
hs11 88043478 89130433 0.757281
hs11 89130434 90217390 0.128877
hs11 90217391 91304346 0.000000
hs11 91304347 92391303 0.512933
hs11 92391304 93478259 0.426255
hs11 93478260 94565216 0.408934
hs11 94565217 95652172 0.454623
hs11 95652173 96739129 0.096183
hs11 96739130 97826085 0.000000
hs11 97826086 98913042 0.474686
hs11 98913043 99999999 0.754070
hs11 100000000 101086955 0.494684
hs11 101086956 102173912 0.444701
hs11 102173913 103260868 0.409483
hs11 103260869 104347825 0.273650
hs11 104347826 105434781 0.411814
hs11 105434782 106521738 0.341583
hs11 106521739 107608694 0.533960
hs11 107608695 108695651 0.562355
hs11 108695652 109782607 0.140579
hs11 109782608 110869564 0.248396
hs11 110869565 111956520 0.537686
hs11 111956521 113043477 0.411557
hs11 113043478 114130433 0.480393
hs11 114130434 115217390 0.304426
hs11 115217391 116304346 0.119595
hs11 116304347 117391303 0.813237
hs11 117391304 118478259 0.556853
hs11 118478260 119565216 0.313586
hs11 119565217 120652172 0.677379
hs11 120652173 121739129 0.291925
hs11 121739130 122826085 0.371253
hs11 122826086 123913042 0.189904
hs11 123913043 124999999 0.617212
hs11 125000000 126086955 0.648453
hs11 126086956 127173912 0.265899
hs11 127173913 128260868 0.256615
hs11 128260869 129347825 0.453338
hs11 129347826 130434781 0.311507
hs11 130434782 131521738 0.714066
hs11 131521739 132608694 0.928095
hs11 132608695 133695651 0.550627
hs11 133695652 134782607 0.071638
hs22 0 1086955 0.000000
hs22 1086956 2173912 0.000000
hs22 2173913 3260868 0.000000
hs22 3260869 4347825 0.000000
hs22 4347826 5434781 0.000000
hs22 5434782 6521738 0.000000
hs22 6521739 7608694 0.000000
hs22 7608695 8695651 0.000000
hs22 8695652 9782607 0.000000
hs22 9782608 10869564 0.000000
hs22 10869565 11956520 0.000000
hs22 11956521 13043477 0.000000
hs22 13043478 14130433 0.000000
hs22 14130434 15217390 0.029982
hs22 15217391 16304346 0.232444
hs22 16304347 17391303 0.603260
hs22 17391304 18478259 0.677873
hs22 18478260 19565216 0.406918
hs22 19565217 20652172 0.494045
hs22 20652173 21739129 0.111268
hs22 21739130 22826085 0.619780
hs22 22826086 23913042 0.776624
hs22 23913043 24999999 1.018050
hs22 25000000 26086955 0.388833
hs22 26086956 27173912 0.620113
hs22 27173913 28260868 0.742300
hs22 28260869 29347825 0.635046
hs22 29347826 30434781 0.670346
hs22 30434782 31521738 0.683658
hs22 31521739 32608694 0.859741
hs22 32608695 33695651 0.034704
hs22 33695652 34782607 0.456830
hs22 34782608 35869564 0.507674
hs22 35869565 36956520 0.573239
hs22 36956521 38043477 0.522263
hs22 38043478 39130433 0.783767
hs22 39130434 40217390 0.656163
hs22 40217391 41304346 0.579572
hs22 41304347 42391303 0.723402
hs22 42391304 43478259 0.535123
hs22 43478260 44565216 0.785574
hs22 44565217 45652172 0.686161
hs22 45652173 46739129 0.282204
hs22 46739130 47826085 0.248216
hs22 47826086 48913042 0.259856
hs22 48913043 49999999 0.457948
hs10 0 1086955 0.640993
hs10 1086956 2173912 0.609381
hs10 2173913 3260868 0.095985
hs10 3260869 4347825 0.008543
hs10 4347826 5434781 0.210121
hs10 5434782 6521738 0.450647
hs10 6521739 7608694 0.358532
hs10 7608695 8695651 0.391742
hs10 8695652 9782607 0.000000
hs10 9782608 10869564 0.002905
hs10 10869565 11956520 0.531502
hs10 11956521 13043477 0.780369
hs10 13043478 14130433 0.649727
hs10 14130434 15217390 0.698293
hs10 15217391 16304346 0.439536
hs10 16304347 17391303 0.631260
hs10 17391304 18478259 0.770602
hs10 18478260 19565216 0.475964
hs10 19565217 20652172 0.426645
hs10 20652173 21739129 0.381809
hs10 21739130 22826085 0.513546
hs10 22826086 23913042 0.320994
hs10 23913043 24999999 0.873611
hs10 25000000 26086955 0.594193
hs10 26086956 27173912 0.605827
hs10 27173913 28260868 0.457688
hs10 28260869 29347825 0.360827
hs10 29347826 30434781 0.331535
hs10 30434782 31521738 0.260177
hs10 31521739 32608694 0.362501
hs10 32608695 33695651 0.668367
hs10 33695652 34782607 0.316586
hs10 34782608 35869564 0.756089
hs10 35869565 36956520 0.034963
hs10 36956521 38043477 0.098175
hs10 38043478 39130433 0.219212
hs10 39130434 40217390 0.000000
hs10 40217391 41304346 0.000000
hs10 41304347 42391303 0.087719
hs10 42391304 43478259 0.352276
hs10 43478260 44565216 0.016511
hs10 44565217 45652172 0.442456
hs10 45652173 46739129 0.346980
hs10 46739130 47826085 0.147020
hs10 47826086 48913042 0.283038
hs10 48913043 49999999 0.657217
hs10 50000000 51086955 0.718578
hs10 51086956 52173912 0.569668
hs10 52173913 53260868 0.859178
hs10 53260869 54347825 0.436183
hs10 54347826 55434781 0.186063
hs10 55434782 56521738 0.732574
hs10 56521739 57608694 0.000000
hs10 57608695 58695651 0.003530
hs10 58695652 59782607 0.101266
hs10 59782608 60869564 0.492247
hs10 60869565 61956520 0.498140
hs10 61956521 63043477 0.179700
hs10 63043478 64130433 0.618645
hs10 64130434 65217390 0.401669
hs10 65217391 66304346 0.001243
hs10 66304347 67391303 0.038248
hs10 67391304 68478259 1.112665
hs10 68478260 69565216 0.878558
hs10 69565217 70652172 0.715679
hs10 70652173 71739129 0.540174
hs10 71739130 72826085 0.468755
hs10 72826086 73913042 0.795808
hs10 73913043 74999999 0.837355
hs10 75000000 76086955 0.810463
hs10 76086956 77173912 0.367104
hs10 77173913 78260868 0.712640
hs10 78260869 79347825 0.823853
hs10 79347826 80434781 0.138627
hs10 80434782 81521738 0.377557
hs10 81521739 82608694 0.346961
hs10 82608695 83695651 0.064955
hs10 83695652 84782607 0.957963
hs10 84782608 85869564 0.000000
hs10 85869565 86956520 0.248009
hs10 86956521 88043477 0.638740
hs10 88043478 89130433 0.689314
hs10 89130434 90217390 0.490114
hs10 90217391 91304346 0.517129
hs10 91304347 92391303 0.131113
hs10 92391304 93478259 0.589895
hs10 93478260 94565216 0.618326
hs10 94565217 95652172 0.562985
hs10 95652173 96739129 0.691847
hs10 96739130 97826085 0.642561
hs10 97826086 98913042 0.746810
hs10 98913043 99999999 0.662860
hs10 100000000 101086955 0.798012
hs10 101086956 102173912 0.625112
hs10 102173913 103260868 0.459915
hs10 103260869 104347825 0.736520
hs10 104347826 105434781 0.785111
hs10 105434782 106521738 0.671267
hs10 106521739 107608694 0.453785
hs10 107608695 108695651 0.342463
hs10 108695652 109782607 0.201141
hs10 109782608 110869564 0.000000
hs10 110869565 111956520 0.173317
hs10 111956521 113043477 0.447897
hs10 113043478 114130433 0.099757
hs10 114130434 115217390 0.605308
hs10 115217391 116304346 0.609632
hs10 116304347 117391303 0.732156
hs10 117391304 118478259 0.697075
hs10 118478260 119565216 0.327305
hs10 119565217 120652172 0.289613
hs10 120652173 121739129 0.634946
hs10 121739130 122826085 0.175956
hs10 122826086 123913042 0.457750
hs10 123913043 124999999 0.531299
hs10 125000000 126086955 0.209342
hs10 126086956 127173912 0.530856
hs10 127173913 128260868 0.716746
hs10 128260869 129347825 0.571152
hs10 129347826 130434781 0.209206
hs10 130434782 131521738 0.276305
hs10 131521739 132608694 0.158015
hs10 132608695 133695651 0.235204
hs10 133695652 134782607 0.518864
hs10 134782608 135869564 0.289865
hs7 0 1086955 0.474453
hs7 1086956 2173912 0.530575
hs7 2173913 3260868 0.562262
hs7 3260869 4347825 0.890149
hs7 4347826 5434781 0.439567
hs7 5434782 6521738 0.694549
hs7 6521739 7608694 0.460143
hs7 7608695 8695651 0.562864
hs7 8695652 9782607 0.059815
hs7 9782608 10869564 0.000000
hs7 10869565 11956520 0.611353
hs7 11956521 13043477 0.171574
hs7 13043478 14130433 0.092178
hs7 14130434 15217390 0.650741
hs7 15217391 16304346 0.585965
hs7 16304347 17391303 0.319514
hs7 17391304 18478259 0.138768
hs7 18478260 19565216 0.464114
hs7 19565217 20652172 0.243656
hs7 20652173 21739129 0.360976
hs7 21739130 22826085 0.501868
hs7 22826086 23913042 0.538905
hs7 23913043 24999999 0.336130
hs7 25000000 26086955 0.051676
hs7 26086956 27173912 0.446112
hs7 27173913 28260868 0.554206
hs7 28260869 29347825 0.763781
hs7 29347826 30434781 0.506572
hs7 30434782 31521738 0.313171
hs7 31521739 32608694 0.494846
hs7 32608695 33695651 0.590193
hs7 33695652 34782607 0.733374
hs7 34782608 35869564 0.429048
hs7 35869565 36956520 0.577634
hs7 36956521 38043477 0.546122
hs7 38043478 39130433 0.595577
hs7 39130434 40217390 0.662541
hs7 40217391 41304346 0.597533
hs7 41304347 42391303 0.345588
hs7 42391304 43478259 0.352561
hs7 43478260 44565216 0.748427
hs7 44565217 45652172 0.356520
hs7 45652173 46739129 0.125704
hs7 46739130 47826085 0.313429
hs7 47826086 48913042 0.626446
hs7 48913043 49999999 0.178670
hs7 50000000 51086955 0.593115
hs7 51086956 52173912 0.243850
hs7 52173913 53260868 0.001168
hs7 53260869 54347825 0.001103
hs7 54347826 55434781 0.235877
hs7 55434782 56521738 0.377171
hs7 56521739 57608694 0.054447
hs7 57608695 58695651 0.000000
hs7 58695652 59782607 0.000000
hs7 59782608 60869564 0.000000
hs7 60869565 61956520 0.000000
hs7 61956521 63043477 0.019208
hs7 63043478 64130433 0.291883
hs7 64130434 65217390 0.332152
hs7 65217391 66304346 0.565098
hs7 66304347 67391303 0.061153
hs7 67391304 68478259 0.000000
hs7 68478260 69565216 0.794307
hs7 69565217 70652172 0.687290
hs7 70652173 71739129 0.804724
hs7 71739130 72826085 0.687950
hs7 72826086 73913042 0.553641
hs7 73913043 74999999 0.479237
hs7 75000000 76086955 0.660584
hs7 76086956 77173912 0.432341
hs7 77173913 78260868 0.943307
hs7 78260869 79347825 0.607161
hs7 79347826 80434781 0.360410
hs7 80434782 81521738 0.158604
hs7 81521739 82608694 0.714535
hs7 82608695 83695651 0.499797
hs7 83695652 84782607 0.116267
hs7 84782608 85869564 0.000000
hs7 85869565 86956520 0.569710
hs7 86956521 88043477 0.737990
hs7 88043478 89130433 0.532871
hs7 89130434 90217390 0.186301
hs7 90217391 91304346 0.427617
hs7 91304347 92391303 0.688097
hs7 92391304 93478259 0.348035
hs7 93478260 94565216 0.329842
hs7 94565217 95652172 0.687158
hs7 95652173 96739129 0.256380
hs7 96739130 97826085 0.236841
hs7 97826086 98913042 0.482022
hs7 98913043 99999999 0.614402
hs7 100000000 101086955 0.558289
hs7 101086956 102173912 0.685900
hs7 102173913 103260868 0.975718
hs7 103260869 104347825 0.775951
hs7 104347826 105434781 0.750666
hs7 105434782 106521738 0.167244
hs7 106521739 107608694 0.823751
hs7 107608695 108695651 0.315538
hs7 108695652 109782607 0.000909
hs7 109782608 110869564 0.748575
hs7 110869565 111956520 0.736661
hs7 111956521 113043477 0.142284
hs7 113043478 114130433 0.595161
hs7 114130434 115217390 0.089942
hs7 115217391 116304346 0.303547
hs7 116304347 117391303 0.781770
hs7 117391304 118478259 0.035033
hs7 118478260 119565216 0.000000
hs7 119565217 120652172 0.743871
hs7 120652173 121739129 0.366728
hs7 121739130 122826085 0.605838
hs7 122826086 123913042 0.266728
hs7 123913043 124999999 0.116995
hs7 125000000 126086955 0.203383
hs7 126086956 127173912 0.672981
hs7 127173913 128260868 0.530119
hs7 128260869 129347825 0.662914
hs7 129347826 130434781 0.532121
hs7 130434782 131521738 0.474105
hs7 131521739 132608694 0.717406
hs7 132608695 133695651 0.880372
hs7 133695652 134782607 0.550103
hs7 134782608 135869564 0.308344
hs7 135869565 136956520 0.456828
hs7 136956521 138043477 0.558002
hs7 138043478 139130433 0.745369
hs7 139130434 140217390 0.679983
hs7 140217391 141304346 0.284091
hs7 141304347 142391303 0.272203
hs7 142391304 143478259 0.213858
hs7 143478260 144565216 0.404014
hs7 144565217 145652172 0.191165
hs7 145652173 146739129 1.000098
hs7 146739130 147826085 0.929099
hs7 147826086 148913042 0.432964
hs7 148913043 149999999 0.318772
hs7 150000000 151086955 0.633557
hs7 151086956 152173912 0.646687
hs7 152173913 153260868 0.050602
hs7 153260869 154347825 0.971575
hs7 154347826 155434781 0.271933
hs7 155434782 156521738 0.258445
hs7 156521739 157608694 0.731502
hs7 157608695 158695651 0.792196
hs4 0 1086955 0.698459
hs4 1086956 2173912 0.585475
hs4 2173913 3260868 0.741921
hs4 3260869 4347825 0.255788
hs4 4347826 5434781 0.480224
hs4 5434782 6521738 0.765158
hs4 6521739 7608694 0.630809
hs4 7608695 8695651 0.745148
hs4 8695652 9782607 0.258831
hs4 9782608 10869564 0.195114
hs4 10869565 11956520 0.028194
hs4 11956521 13043477 0.064330
hs4 13043478 14130433 0.106707
hs4 14130434 15217390 0.282941
hs4 15217391 16304346 0.523145
hs4 16304347 17391303 0.397446
hs4 17391304 18478259 0.205752
hs4 18478260 19565216 0.000000
hs4 19565217 20652172 0.649931
hs4 20652173 21739129 0.843777
hs4 21739130 22826085 0.234895
hs4 22826086 23913042 0.090213
hs4 23913043 24999999 0.388545
hs4 25000000 26086955 0.271725
hs4 26086956 27173912 0.317484
hs4 27173913 28260868 0.000000
hs4 28260869 29347825 0.000000
hs4 29347826 30434781 0.095356
hs4 30434782 31521738 0.296921
hs4 31521739 32608694 0.000000
hs4 32608695 33695651 0.000000
hs4 33695652 34782607 0.000000
hs4 34782608 35869564 0.115505
hs4 35869565 36956520 0.138351
hs4 36956521 38043477 0.635770
hs4 38043478 39130433 0.545906
hs4 39130434 40217390 0.606382
hs4 40217391 41304346 0.765687
hs4 41304347 42391303 0.608149
hs4 42391304 43478259 0.126402
hs4 43478260 44565216 0.322848
hs4 44565217 45652172 0.000000
hs4 45652173 46739129 0.449810
hs4 46739130 47826085 0.898507
hs4 47826086 48913042 0.593234
hs4 48913043 49999999 0.000000
hs4 50000000 51086955 0.000000
hs4 51086956 52173912 0.000000
hs4 52173913 53260868 0.211157
hs4 53260869 54347825 0.655945
hs4 54347826 55434781 0.193595
hs4 55434782 56521738 0.344734
hs4 56521739 57608694 0.513439
hs4 57608695 58695651 0.057594
hs4 58695652 59782607 0.000000
hs4 59782608 60869564 0.000000
hs4 60869565 61956520 0.000000
hs4 61956521 63043477 0.529305
hs4 63043478 64130433 0.000000
hs4 64130434 65217390 0.120515
hs4 65217391 66304346 0.322343
hs4 66304347 67391303 0.000000
hs4 67391304 68478259 0.303192
hs4 68478260 69565216 0.372995
hs4 69565217 70652172 0.221507
hs4 70652173 71739129 0.247715
hs4 71739130 72826085 0.597057
hs4 72826086 73913042 0.410972
hs4 73913043 74999999 0.288802
hs4 75000000 76086955 0.241990
hs4 76086956 77173912 0.443690
hs4 77173913 78260868 0.707704
hs4 78260869 79347825 0.422435
hs4 79347826 80434781 0.508565
hs4 80434782 81521738 0.282976
hs4 81521739 82608694 0.705262
hs4 82608695 83695651 0.122041
hs4 83695652 84782607 0.587735
hs4 84782608 85869564 0.122575
hs4 85869565 86956520 0.568944
hs4 86956521 88043477 0.816237
hs4 88043478 89130433 0.459822
hs4 89130434 90217390 0.688916
hs4 90217391 91304346 0.254278
hs4 91304347 92391303 1.000579
hs4 92391304 93478259 0.353995
hs4 93478260 94565216 1.000000
hs4 94565217 95652172 0.493712
hs4 95652173 96739129 0.862203
hs4 96739130 97826085 0.001277
hs4 97826086 98913042 0.196874
hs4 98913043 99999999 0.681862
hs4 100000000 101086955 0.432314
hs4 101086956 102173912 0.130548
hs4 102173913 103260868 0.550108
hs4 103260869 104347825 0.675315
hs4 104347826 105434781 0.119922
hs4 105434782 106521738 0.151064
hs4 106521739 107608694 0.661630
hs4 107608695 108695651 0.105336
hs4 108695652 109782607 0.447991
hs4 109782608 110869564 0.731478
hs4 110869565 111956520 0.429099
hs4 111956521 113043477 0.000000
hs4 113043478 114130433 0.488146
hs4 114130434 115217390 0.721594
hs4 115217391 116304346 0.335613
hs4 116304347 117391303 0.000000
hs4 117391304 118478259 0.001906
hs4 118478260 119565216 0.273230
hs4 119565217 120652172 0.473006
hs4 120652173 121739129 0.114719
hs4 121739130 122826085 0.386348
hs4 122826086 123913042 0.398251
hs4 123913043 124999999 0.654858
hs4 125000000 126086955 0.110080
hs4 126086956 127173912 0.162400
hs4 127173913 128260868 0.000000
hs4 128260869 129347825 0.420602
hs4 129347826 130434781 0.292321
hs4 130434782 131521738 0.000000
hs4 131521739 132608694 0.000000
hs4 132608695 133695651 0.000000
hs4 133695652 134782607 0.038883
hs4 134782608 135869564 0.004983
hs4 135869565 136956520 0.000000
hs4 136956521 138043477 0.000000
hs4 138043478 139130433 0.012474
hs4 139130434 140217390 0.117282
hs4 140217391 141304346 0.669218
hs4 141304347 142391303 0.570616
hs4 142391304 143478259 0.373969
hs4 143478260 144565216 0.582960
hs4 144565217 145652172 0.280185
hs4 145652173 146739129 0.322644
hs4 146739130 147826085 0.512359
hs4 147826086 148913042 0.374367
hs4 148913043 149999999 0.610966
hs4 150000000 151086955 0.000000
hs4 151086956 152173912 0.857976
hs4 152173913 153260868 0.432752
hs4 153260869 154347825 0.460767
hs4 154347826 155434781 0.473273
hs4 155434782 156521738 0.309942
hs4 156521739 157608694 0.185878
hs4 157608695 158695651 0.415144
hs4 158695652 159782607 0.199896
hs4 159782608 160869564 0.403006
hs4 160869565 161956520 0.000000
hs4 161956521 163043477 0.477462
hs4 163043478 164130433 0.240266
hs4 164130434 165217390 0.587106
hs4 165217391 166304346 0.348782
hs4 166304347 167391303 0.444661
hs4 167391304 168478259 0.461110
hs4 168478260 169565216 0.228585
hs4 169565217 170652172 0.740679
hs4 170652173 171739129 0.291285
hs4 171739130 172826085 0.000000
hs4 172826086 173913042 0.866542
hs4 173913043 174999999 0.438931
hs4 175000000 176086955 0.301906
hs4 176086956 177173912 0.385031
hs4 177173913 178260868 0.404653
hs4 178260869 179347825 0.300679
hs4 179347826 180434781 0.000000
hs4 180434782 181521738 0.000000
hs4 181521739 182608694 0.000000
hs4 182608695 183695651 0.201590
hs4 183695652 184782607 0.489143
hs4 184782608 185869564 0.447857
hs4 185869565 186956520 0.588683
hs4 186956521 188043477 0.401593
hs4 188043478 189130433 0.000000
hs4 189130434 190217390 0.028807
hs4 190217391 191304346 0.081794
hs16 0 1086955 0.704052
hs16 1086956 2173912 0.730579
hs16 2173913 3260868 0.608346
hs16 3260869 4347825 0.619602
hs16 4347826 5434781 0.592611
hs16 5434782 6521738 0.471598
hs16 6521739 7608694 1.000000
hs16 7608695 8695651 0.130303
hs16 8695652 9782607 0.264586
hs16 9782608 10869564 0.601296
hs16 10869565 11956520 0.488744
hs16 11956521 13043477 0.815293
hs16 13043478 14130433 0.265169
hs16 14130434 15217390 0.538554
hs16 15217391 16304346 0.741652
hs16 16304347 17391303 0.281824
hs16 17391304 18478259 0.146516
hs16 18478260 19565216 0.566002
hs16 19565217 20652172 0.490343
hs16 20652173 21739129 0.716752
hs16 21739130 22826085 0.516244
hs16 22826086 23913042 0.600868
hs16 23913043 24999999 0.574437
hs16 25000000 26086955 0.502021
hs16 26086956 27173912 0.046599
hs16 27173913 28260868 0.785387
hs16 28260869 29347825 0.391534
hs16 29347826 30434781 0.532920
hs16 30434782 31521738 0.470006
hs16 31521739 32608694 0.098635
hs16 32608695 33695651 0.020374
hs16 33695652 34782607 0.029929
hs16 34782608 35869564 0.000000
hs16 35869565 36956520 0.000000
hs16 36956521 38043477 0.000000
hs16 38043478 39130433 0.000000
hs16 39130434 40217390 0.000000
hs16 40217391 41304346 0.000000
hs16 41304347 42391303 0.000000
hs16 42391304 43478259 0.000000
hs16 43478260 44565216 0.000000
hs16 44565217 45652172 0.293762
hs16 45652173 46739129 0.618435
hs16 46739130 47826085 0.251837
hs16 47826086 48913042 0.489770
hs16 48913043 49999999 0.239003
hs16 50000000 51086955 0.052935
hs16 51086956 52173912 0.362408
hs16 52173913 53260868 0.476218
hs16 53260869 54347825 0.152940
hs16 54347826 55434781 0.573838
hs16 55434782 56521738 0.664778
hs16 56521739 57608694 0.394362
hs16 57608695 58695651 0.000966
hs16 58695652 59782607 0.000000
hs16 59782608 60869564 0.352179
hs16 60869565 61956520 0.000000
hs16 61956521 63043477 0.000000
hs16 63043478 64130433 0.395388
hs16 64130434 65217390 0.211484
hs16 65217391 66304346 0.755149
hs16 66304347 67391303 0.744519
hs16 67391304 68478259 0.798274
hs16 68478260 69565216 0.815624
hs16 69565217 70652172 0.647616
hs16 70652173 71739129 0.343612
hs16 71739130 72826085 0.000000
hs16 72826086 73913042 0.627843
hs16 73913043 74999999 0.343066
hs16 75000000 76086955 0.299886
hs16 76086956 77173912 0.647389
hs16 77173913 78260868 0.586069
hs16 78260869 79347825 0.307261
hs16 79347826 80434781 0.678139
hs16 80434782 81521738 0.476072
hs16 81521739 82608694 0.871462
hs16 82608695 83695651 0.626248
hs16 83695652 84782607 0.165113
hs16 84782608 85869564 0.045708
hs16 85869565 86956520 0.492928
hs16 86956521 88043477 0.684400
hs16 88043478 89130433 0.466120
hs20 0 1086955 0.336635
hs20 1086956 2173912 0.359767
hs20 2173913 3260868 0.675927
hs20 3260869 4347825 0.521104
hs20 4347826 5434781 0.319290
hs20 5434782 6521738 0.319515
hs20 6521739 7608694 0.011194
hs20 7608695 8695651 0.672060
hs20 8695652 9782607 0.779434
hs20 9782608 10869564 0.334677
hs20 10869565 11956520 0.032907
hs20 11956521 13043477 0.097384
hs20 13043478 14130433 0.765281
hs20 14130434 15217390 1.012539
hs20 15217391 16304346 0.798606
hs20 16304347 17391303 0.412734
hs20 17391304 18478259 0.508665
hs20 18478260 19565216 0.612221
hs20 19565217 20652172 0.798658
hs20 20652173 21739129 0.204737
hs20 21739130 22826085 0.039432
hs20 22826086 23913042 0.122166
hs20 23913043 24999999 0.270802
hs20 25000000 26086955 0.452519
hs20 26086956 27173912 0.000086
hs20 27173913 28260868 0.020360
hs20 28260869 29347825 0.001812
hs20 29347826 30434781 0.596296
hs20 30434782 31521738 0.447536
hs20 31521739 32608694 0.594981
hs20 32608695 33695651 0.785985
hs20 33695652 34782607 0.731194
hs20 34782608 35869564 0.617946
hs20 35869565 36956520 0.613305
hs20 36956521 38043477 0.132154
hs20 38043478 39130433 0.040556
hs20 39130434 40217390 0.497781
hs20 40217391 41304346 0.951815
hs20 41304347 42391303 0.413173
hs20 42391304 43478259 0.599005
hs20 43478260 44565216 0.482215
hs20 44565217 45652172 0.653555
hs20 45652173 46739129 0.249989
hs20 46739130 47826085 0.647515
hs20 47826086 48913042 0.432338
hs20 48913043 49999999 0.424850
hs20 50000000 51086955 0.158837
hs20 51086956 52173912 0.547291
hs20 52173913 53260868 0.191331
hs20 53260869 54347825 0.007915
hs20 54347826 55434781 0.320951
hs20 55434782 56521738 0.339867
hs20 56521739 57608694 0.273162
hs20 57608695 58695651 0.362531
hs20 58695652 59782607 0.479923
hs20 59782608 60869564 0.574603
hs20 60869565 61956520 0.630736
hs20 61956521 63043477 0.284540
hs13 0 1086955 0.000000
hs13 1086956 2173912 0.000000
hs13 2173913 3260868 0.000000
hs13 3260869 4347825 0.000000
hs13 4347826 5434781 0.000000
hs13 5434782 6521738 0.000000
hs13 6521739 7608694 0.000000
hs13 7608695 8695651 0.000000
hs13 8695652 9782607 0.000000
hs13 9782608 10869564 0.000000
hs13 10869565 11956520 0.000000
hs13 11956521 13043477 0.000000
hs13 13043478 14130433 0.000000
hs13 14130434 15217390 0.000000
hs13 15217391 16304346 0.000000
hs13 16304347 17391303 0.000000
hs13 17391304 18478259 0.034563
hs13 18478260 19565216 0.549123
hs13 19565217 20652172 0.550603
hs13 20652173 21739129 0.209636
hs13 21739130 22826085 0.155819
hs13 22826086 23913042 0.490165
hs13 23913043 24999999 0.515720
hs13 25000000 26086955 0.659109
hs13 26086956 27173912 0.315777
hs13 27173913 28260868 0.474346
hs13 28260869 29347825 0.601578
hs13 29347826 30434781 0.244487
hs13 30434782 31521738 0.335309
hs13 31521739 32608694 0.692302
hs13 32608695 33695651 0.273882
hs13 33695652 34782607 0.338730
hs13 34782608 35869564 1.269834
hs13 35869565 36956520 0.213718
hs13 36956521 38043477 0.260021
hs13 38043478 39130433 0.485830
hs13 39130434 40217390 0.362650
hs13 40217391 41304346 0.630386
hs13 41304347 42391303 0.411656
hs13 42391304 43478259 0.727215
hs13 43478260 44565216 0.242881
hs13 44565217 45652172 0.623326
hs13 45652173 46739129 0.310319
hs13 46739130 47826085 0.153242
hs13 47826086 48913042 0.572341
hs13 48913043 49999999 0.453126
hs13 50000000 51086955 0.428454
hs13 51086956 52173912 0.636039
hs13 52173913 53260868 0.059364
hs13 53260869 54347825 0.000072
hs13 54347826 55434781 0.000000
hs13 55434782 56521738 0.000000
hs13 56521739 57608694 0.159025
hs13 57608695 58695651 0.000000
hs13 58695652 59782607 0.458526
hs13 59782608 60869564 0.163229
hs13 60869565 61956520 0.005371
hs13 61956521 63043477 0.000000
hs13 63043478 64130433 0.004724
hs13 64130434 65217390 0.000000
hs13 65217391 66304346 0.487030
hs13 66304347 67391303 0.366273
hs13 67391304 68478259 0.210261
hs13 68478260 69565216 0.361092
hs13 69565217 70652172 0.044116
hs13 70652173 71739129 0.394895
hs13 71739130 72826085 0.346101
hs13 72826086 73913042 0.412085
hs13 73913043 74999999 0.186505
hs13 75000000 76086955 0.281126
hs13 76086956 77173912 0.400046
hs13 77173913 78260868 0.176528
hs13 78260869 79347825 0.518736
hs13 79347826 80434781 0.004578
hs13 80434782 81521738 0.000000
hs13 81521739 82608694 0.000000
hs13 82608695 83695651 0.257345
hs13 83695652 84782607 0.129369
hs13 84782608 85869564 0.006038
hs13 85869565 86956520 0.000000
hs13 86956521 88043477 0.006442
hs13 88043478 89130433 0.000000
hs13 89130434 90217390 0.000089
hs13 90217391 91304346 0.458429
hs13 91304347 92391303 0.932089
hs13 92391304 93478259 0.737087
hs13 93478260 94565216 0.522377
hs13 94565217 95652172 0.809559
hs13 95652173 96739129 0.655804
hs13 96739130 97826085 0.408280
hs13 97826086 98913042 0.704847
hs13 98913043 99999999 0.744500
hs13 100000000 101086955 0.568275
hs13 101086956 102173912 0.783618
hs13 102173913 103260868 0.150526
hs13 103260869 104347825 0.000000
hs13 104347826 105434781 0.023155
hs13 105434782 106521738 0.064489
hs13 106521739 107608694 0.642695
hs13 107608695 108695651 0.621934
hs13 108695652 109782607 0.198625
hs13 109782608 110869564 0.527824
hs13 110869565 111956520 0.003780
hs13 111956521 113043477 0.654953
hs13 113043478 114130433 0.534723
hs18 0 1086955 0.466747
hs18 1086956 2173912 0.084014
hs18 2173913 3260868 0.519266
hs18 3260869 4347825 0.403249
hs18 4347826 5434781 0.112897
hs18 5434782 6521738 0.516426
hs18 6521739 7608694 0.284692
hs18 7608695 8695651 0.758374
hs18 8695652 9782607 0.531757
hs18 9782608 10869564 0.357635
hs18 10869565 11956520 0.452124
hs18 11956521 13043477 0.577876
hs18 13043478 14130433 0.642117
hs18 14130434 15217390 0.149239
hs18 15217391 16304346 0.011376
hs18 16304347 17391303 0.433084
hs18 17391304 18478259 0.259448
hs18 18478260 19565216 0.532918
hs18 19565217 20652172 0.617603
hs18 20652173 21739129 0.267102
hs18 21739130 22826085 0.608526
hs18 22826086 23913042 0.295613
hs18 23913043 24999999 0.090529
hs18 25000000 26086955 0.000000
hs18 26086956 27173912 0.133123
hs18 27173913 28260868 0.556967
hs18 28260869 29347825 0.598196
hs18 29347826 30434781 0.596873
hs18 30434782 31521738 0.569805
hs18 31521739 32608694 0.673618
hs18 32608695 33695651 0.697040
hs18 33695652 34782607 0.000000
hs18 34782608 35869564 0.501467
hs18 35869565 36956520 0.000000
hs18 36956521 38043477 0.153250
hs18 38043478 39130433 0.351649
hs18 39130434 40217390 0.000000
hs18 40217391 41304346 0.357272
hs18 41304347 42391303 0.612887
hs18 42391304 43478259 0.424159
hs18 43478260 44565216 0.328987
hs18 44565217 45652172 0.595027
hs18 45652173 46739129 0.619481
hs18 46739130 47826085 0.090219
hs18 47826086 48913042 0.729104
hs18 48913043 49999999 0.431164
hs18 50000000 51086955 0.240366
hs18 51086956 52173912 0.294311
hs18 52173913 53260868 0.405753
hs18 53260869 54347825 0.620171
hs18 54347826 55434781 0.547821
hs18 55434782 56521738 0.079700
hs18 56521739 57608694 0.059425
hs18 57608695 58695651 0.569286
hs18 58695652 59782607 0.512291
hs18 59782608 60869564 0.081297
hs18 60869565 61956520 0.120234
hs18 61956521 63043477 0.091905
hs18 63043478 64130433 0.009338
hs18 64130434 65217390 0.350858
hs18 65217391 66304346 0.722477
hs18 66304347 67391303 0.000000
hs18 67391304 68478259 0.007185
hs18 68478260 69565216 0.110423
hs18 69565217 70652172 0.416404
hs18 70652173 71739129 0.334313
hs18 71739130 72826085 0.295831
hs18 72826086 73913042 0.154346
hs18 73913043 74999999 0.080533
hs18 75000000 76086955 0.647503
hs18 76086956 77173912 0.017878
hs3 0 1086955 0.195453
hs3 1086956 2173912 0.337933
hs3 2173913 3260868 0.914098
hs3 3260869 4347825 0.057253
hs3 4347826 5434781 0.514981
hs3 5434782 6521738 0.000000
hs3 6521739 7608694 0.672422
hs3 7608695 8695651 0.488396
hs3 8695652 9782607 0.621580
hs3 9782608 10869564 0.608034
hs3 10869565 11956520 0.703338
hs3 11956521 13043477 0.640754
hs3 13043478 14130433 0.509410
hs3 14130434 15217390 0.584585
hs3 15217391 16304346 0.557195
hs3 16304347 17391303 0.605474
hs3 17391304 18478259 0.422215
hs3 18478260 19565216 0.356150
hs3 19565217 20652172 0.243908
hs3 20652173 21739129 0.278388
hs3 21739130 22826085 0.026396
hs3 22826086 23913042 0.439164
hs3 23913043 24999999 0.405260
hs3 25000000 26086955 0.286619
hs3 26086956 27173912 0.080930
hs3 27173913 28260868 0.226773
hs3 28260869 29347825 0.263892
hs3 29347826 30434781 0.624740
hs3 30434782 31521738 0.235616
hs3 31521739 32608694 0.696860
hs3 32608695 33695651 0.663354
hs3 33695652 34782607 0.101505
hs3 34782608 35869564 0.140048
hs3 35869565 36956520 0.283407
hs3 36956521 38043477 0.806235
hs3 38043478 39130433 0.667766
hs3 39130434 40217390 0.495265
hs3 40217391 41304346 0.211953
hs3 41304347 42391303 0.751813
hs3 42391304 43478259 0.545316
hs3 43478260 44565216 0.360359
hs3 44565217 45652172 0.566794
hs3 45652173 46739129 0.421316
hs3 46739130 47826085 0.739007
hs3 47826086 48913042 0.722631
hs3 48913043 49999999 0.805753
hs3 50000000 51086955 0.814550
hs3 51086956 52173912 0.681009
hs3 52173913 53260868 0.774715
hs3 53260869 54347825 0.703192
hs3 54347826 55434781 0.692967
hs3 55434782 56521738 0.905194
hs3 56521739 57608694 0.827138
hs3 57608695 58695651 0.608397
hs3 58695652 59782607 0.350072
hs3 59782608 60869564 1.000000
hs3 60869565 61956520 0.714700
hs3 61956521 63043477 0.731530
hs3 63043478 64130433 0.607747
hs3 64130434 65217390 0.209552
hs3 65217391 66304346 0.823058
hs3 66304347 67391303 0.314845
hs3 67391304 68478259 0.585370
hs3 68478260 69565216 0.689729
hs3 69565217 70652172 0.210592
hs3 70652173 71739129 0.578245
hs3 71739130 72826085 0.149218
hs3 72826086 73913042 0.459347
hs3 73913043 74999999 0.237933
hs3 75000000 76086955 0.059588
hs3 76086956 77173912 0.001776
hs3 77173913 78260868 0.557006
hs3 78260869 79347825 0.569249
hs3 79347826 80434781 0.507770
hs3 80434782 81521738 0.000000
hs3 81521739 82608694 0.250334
hs3 82608695 83695651 0.000000
hs3 83695652 84782607 0.000000
hs3 84782608 85869564 0.716444
hs3 85869565 86956520 0.309767
hs3 86956521 88043477 0.090509
hs3 88043478 89130433 0.029457
hs3 89130434 90217390 0.344643
hs3 90217391 91304346 0.000000
hs3 91304347 92391303 0.000000
hs3 92391304 93478259 0.000000
hs3 93478260 94565216 0.000000
hs3 94565217 95652172 0.238747
hs3 95652173 96739129 0.048818
hs3 96739130 97826085 0.000000
hs3 97826086 98913042 0.825175
hs3 98913043 99999999 0.289497
hs3 100000000 101086955 0.350334
hs3 101086956 102173912 1.051043
hs3 102173913 103260868 0.503933
hs3 103260869 104347825 0.041242
hs3 104347826 105434781 0.000000
hs3 105434782 106521738 0.000000
hs3 106521739 107608694 0.387148
hs3 107608695 108695651 0.200939
hs3 108695652 109782607 0.677195
hs3 109782608 110869564 0.441640
hs3 110869565 111956520 0.000000
hs3 111956521 113043477 0.415514
hs3 113043478 114130433 0.549812
hs3 114130434 115217390 0.725635
hs3 115217391 116304346 0.834273
hs3 116304347 117391303 0.487655
hs3 117391304 118478259 0.241982
hs3 118478260 119565216 0.000000
hs3 119565217 120652172 0.419849
hs3 120652173 121739129 0.647069
hs3 121739130 122826085 0.774471
hs3 122826086 123913042 0.729397
hs3 123913043 124999999 0.820364
hs3 125000000 126086955 0.850082
hs3 126086956 127173912 0.520734
hs3 127173913 128260868 0.674024
hs3 128260869 129347825 0.325900
hs3 129347826 130434781 0.533571
hs3 130434782 131521738 0.531291
hs3 131521739 132608694 0.729622
hs3 132608695 133695651 0.615055
hs3 133695652 134782607 0.746808
hs3 134782608 135869564 0.527176
hs3 135869565 136956520 0.427991
hs3 136956521 138043477 0.687354
hs3 138043478 139130433 0.142488
hs3 139130434 140217390 0.581193
hs3 140217391 141304346 0.370559
hs3 141304347 142391303 0.573353
hs3 142391304 143478259 0.629109
hs3 143478260 144565216 0.649516
hs3 144565217 145652172 0.464985
hs3 145652173 146739129 0.000000
hs3 146739130 147826085 0.242498
hs3 147826086 148913042 0.025669
hs3 148913043 149999999 0.041523
hs3 150000000 151086955 0.557852
hs3 151086956 152173912 0.292204
hs3 152173913 153260868 0.630139
hs3 153260869 154347825 0.192417
hs3 154347826 155434781 0.126393
hs3 155434782 156521738 0.247010
hs3 156521739 157608694 0.597672
hs3 157608695 158695651 0.605312
hs3 158695652 159782607 0.480353
hs3 159782608 160869564 0.674860
hs3 160869565 161956520 0.457642
hs3 161956521 163043477 0.369326
hs3 163043478 164130433 0.000000
hs3 164130434 165217390 0.000000
hs3 165217391 166304346 0.091631
hs3 166304347 167391303 0.068564
hs3 167391304 168478259 0.034491
hs3 168478260 169565216 0.599182
hs3 169565217 170652172 0.767407
hs3 170652173 171739129 0.676548
hs3 171739130 172826085 0.484330
hs3 172826086 173913042 0.612234
hs3 173913043 174999999 0.662347
hs3 175000000 176086955 0.470086
hs3 176086956 177173912 0.845634
hs3 177173913 178260868 0.036463
hs3 178260869 179347825 0.125924
hs3 179347826 180434781 0.412543
hs3 180434782 181521738 0.528649
hs3 181521739 182608694 0.133419
hs3 182608695 183695651 0.122690
hs3 183695652 184782607 0.578942
hs3 184782608 185869564 0.512995
hs3 185869565 186956520 0.659262
hs3 186956521 188043477 0.460237
hs3 188043478 189130433 0.271641
hs3 189130434 190217390 0.679940
hs3 190217391 191304346 0.519421
hs3 191304347 192391303 0.215301
hs3 192391304 193478259 0.282197
hs3 193478260 194565216 0.637360
hs3 194565217 195652172 0.335144
hs3 195652173 196739129 0.447604
hs3 196739130 197826085 0.482861
hs3 197826086 198913042 0.582335
hs3 198913043 199999999 0.344906
hs9 0 1086955 0.667428
hs9 1086956 2173912 0.155086
hs9 2173913 3260868 0.209353
hs9 3260869 4347825 0.674937
hs9 4347826 5434781 0.506489
hs9 5434782 6521738 0.462613
hs9 6521739 7608694 0.522575
hs9 7608695 8695651 0.363139
hs9 8695652 9782607 1.000000
hs9 9782608 10869564 0.754507
hs9 10869565 11956520 0.000000
hs9 11956521 13043477 0.059737
hs9 13043478 14130433 0.186992
hs9 14130434 15217390 0.476733
hs9 15217391 16304346 0.537792
hs9 16304347 17391303 0.669350
hs9 17391304 18478259 0.308145
hs9 18478260 19565216 0.719012
hs9 19565217 20652172 0.453673
hs9 20652173 21739129 0.445583
hs9 21739130 22826085 0.210719
hs9 22826086 23913042 0.125083
hs9 23913043 24999999 0.000000
hs9 25000000 26086955 0.002273
hs9 26086956 27173912 0.275501
hs9 27173913 28260868 0.600140
hs9 28260869 29347825 0.412705
hs9 29347826 30434781 0.000000
hs9 30434782 31521738 0.000000
hs9 31521739 32608694 0.155479
hs9 32608695 33695651 0.550281
hs9 33695652 34782607 0.672519
hs9 34782608 35869564 0.597327
hs9 35869565 36956520 0.461991
hs9 36956521 38043477 0.728256
hs9 38043478 39130433 0.143526
hs9 39130434 40217390 0.187666
hs9 40217391 41304346 0.031388
hs9 41304347 42391303 0.164281
hs9 42391304 43478259 0.151622
hs9 43478260 44565216 0.061784
hs9 44565217 45652172 0.002311
hs9 45652173 46739129 0.055934
hs9 46739130 47826085 0.000000
hs9 47826086 48913042 0.000000
hs9 48913043 49999999 0.000000
hs9 50000000 51086955 0.000000
hs9 51086956 52173912 0.000000
hs9 52173913 53260868 0.000000
hs9 53260869 54347825 0.000000
hs9 54347826 55434781 0.000000
hs9 55434782 56521738 0.000000
hs9 56521739 57608694 0.000000
hs9 57608695 58695651 0.000000
hs9 58695652 59782607 0.000000
hs9 59782608 60869564 0.000000
hs9 60869565 61956520 0.000000
hs9 61956521 63043477 0.000000
hs9 63043478 64130433 0.000000
hs9 64130434 65217390 0.000000
hs9 65217391 66304346 0.035113
hs9 66304347 67391303 0.035418
hs9 67391304 68478259 0.148172
hs9 68478260 69565216 0.110964
hs9 69565217 70652172 0.469711
hs9 70652173 71739129 0.745581
hs9 71739130 72826085 0.732118
hs9 72826086 73913042 0.281269
hs9 73913043 74999999 0.461966
hs9 75000000 76086955 0.000000
hs9 76086956 77173912 0.453513
hs9 77173913 78260868 0.301486
hs9 78260869 79347825 0.673094
hs9 79347826 80434781 0.441762
hs9 80434782 81521738 0.133439
hs9 81521739 82608694 0.008959
hs9 82608695 83695651 0.096600
hs9 83695652 84782607 0.024050
hs9 84782608 85869564 0.606056
hs9 85869565 86956520 0.409735
hs9 86956521 88043477 0.367102
hs9 88043478 89130433 0.140975
hs9 89130434 90217390 0.260259
hs9 90217391 91304346 0.424828
hs9 91304347 92391303 0.074998
hs9 92391304 93478259 0.269336
hs9 93478260 94565216 0.868520
hs9 94565217 95652172 0.548214
hs9 95652173 96739129 0.465664
hs9 96739130 97826085 0.559524
hs9 97826086 98913042 0.453857
hs9 98913043 99999999 0.596608
hs9 100000000 101086955 0.712626
hs9 101086956 102173912 0.446781
hs9 102173913 103260868 0.454999
hs9 103260869 104347825 0.196863
hs9 104347826 105434781 0.021325
hs9 105434782 106521738 0.050605
hs9 106521739 107608694 0.538137
hs9 107608695 108695651 0.028018
hs9 108695652 109782607 0.158065
hs9 109782608 110869564 0.183568
hs9 110869565 111956520 1.052850
hs9 111956521 113043477 0.554444
hs9 113043478 114130433 0.621767
hs9 114130434 115217390 0.638788
hs9 115217391 116304346 0.639943
hs9 116304347 117391303 0.416142
hs9 117391304 118478259 0.493398
hs9 118478260 119565216 0.705016
hs9 119565217 120652172 0.000000
hs9 120652173 121739129 0.186606
hs9 121739130 122826085 0.462434
hs9 122826086 123913042 1.061290
hs9 123913043 124999999 0.493533
hs9 125000000 126086955 0.637223
hs9 126086956 127173912 0.866075
hs9 127173913 128260868 0.572057
hs9 128260869 129347825 0.730578
hs9 129347826 130434781 0.704454
hs9 130434782 131521738 0.465535
hs9 131521739 132608694 0.529501
hs9 132608695 133695651 0.641776
hs9 133695652 134782607 0.811871
hs9 134782608 135869564 0.641900
hs9 135869565 136956520 0.368093
hs9 136956521 138043477 0.295189
hs9 138043478 139130433 0.565814
hs9 139130434 140217390 0.820241
hs9 140217391 141304346 0.025334
hs15 0 1086955 0.000000
hs15 1086956 2173912 0.000000
hs15 2173913 3260868 0.000000
hs15 3260869 4347825 0.000000
hs15 4347826 5434781 0.000000
hs15 5434782 6521738 0.000000
hs15 6521739 7608694 0.000000
hs15 7608695 8695651 0.000000
hs15 8695652 9782607 0.000000
hs15 9782608 10869564 0.000000
hs15 10869565 11956520 0.000000
hs15 11956521 13043477 0.000000
hs15 13043478 14130433 0.000000
hs15 14130434 15217390 0.000000
hs15 15217391 16304346 0.000000
hs15 16304347 17391303 0.000000
hs15 17391304 18478259 0.000000
hs15 18478260 19565216 0.151613
hs15 19565217 20652172 0.316441
hs15 20652173 21739129 0.134682
hs15 21739130 22826085 0.208646
hs15 22826086 23913042 0.304484
hs15 23913043 24999999 0.501590
hs15 25000000 26086955 0.785295
hs15 26086956 27173912 0.367570
hs15 27173913 28260868 0.628131
hs15 28260869 29347825 0.286816
hs15 29347826 30434781 0.332807
hs15 30434782 31521738 0.539802
hs15 31521739 32608694 0.901254
hs15 32608695 33695651 0.334277
hs15 33695652 34782607 0.113625
hs15 34782608 35869564 0.330191
hs15 35869565 36956520 0.212938
hs15 36956521 38043477 0.325099
hs15 38043478 39130433 0.590753
hs15 39130434 40217390 0.712350
hs15 40217391 41304346 0.889175
hs15 41304347 42391303 0.753273
hs15 42391304 43478259 0.555710
hs15 43478260 44565216 0.171769
hs15 44565217 45652172 0.417010
hs15 45652173 46739129 0.437358
hs15 46739130 47826085 0.788901
hs15 47826086 48913042 0.678906
hs15 48913043 49999999 0.676866
hs15 50000000 51086955 0.581102
hs15 51086956 52173912 0.301248
hs15 52173913 53260868 0.491512
hs15 53260869 54347825 0.713935
hs15 54347826 55434781 0.579479
hs15 55434782 56521738 0.442493
hs15 56521739 57608694 0.806131
hs15 57608695 58695651 0.270720
hs15 58695652 59782607 0.564092
hs15 59782608 60869564 0.335359
hs15 60869565 61956520 0.546019
hs15 61956521 63043477 0.753556
hs15 63043478 64130433 0.713017
hs15 64130434 65217390 0.547385
hs15 65217391 66304346 0.739588
hs15 66304347 67391303 0.575423
hs15 67391304 68478259 0.183817
hs15 68478260 69565216 0.597751
hs15 69565217 70652172 0.831524
hs15 70652173 71739129 0.564930
hs15 71739130 72826085 0.479374
hs15 72826086 73913042 0.480202
hs15 73913043 74999999 0.866489
hs15 75000000 76086955 0.346530
hs15 76086956 77173912 0.591292
hs15 77173913 78260868 0.242530
hs15 78260869 79347825 0.491965
hs15 79347826 80434781 0.244606
hs15 80434782 81521738 0.720215
hs15 81521739 82608694 0.635390
hs15 82608695 83695651 0.474500
hs15 83695652 84782607 0.644732
hs15 84782608 85869564 0.543426
hs15 85869565 86956520 0.400729
hs15 86956521 88043477 0.484233
hs15 88043478 89130433 0.585494
hs15 89130434 90217390 0.350514
hs15 90217391 91304346 0.465644
hs15 91304347 92391303 0.104607
hs15 92391304 93478259 0.170892
hs15 93478260 94565216 0.068774
hs15 94565217 95652172 0.015227
hs15 95652173 96739129 0.133356
hs15 96739130 97826085 0.653607
hs15 97826086 98913042 0.638863
hs15 98913043 99999999 0.508513
hs15 100000000 101086955 0.095828
hs5 0 1086955 0.526598
hs5 1086956 2173912 0.345517
hs5 2173913 3260868 0.008042
hs5 3260869 4347825 0.004923
hs5 4347826 5434781 0.198361
hs5 5434782 6521738 0.111313
hs5 6521739 7608694 0.277910
hs5 7608695 8695651 0.309230
hs5 8695652 9782607 0.552665
hs5 9782608 10869564 0.482934
hs5 10869565 11956520 0.857044
hs5 11956521 13043477 0.212445
hs5 13043478 14130433 0.233822
hs5 14130434 15217390 0.553903
hs5 15217391 16304346 0.507860
hs5 16304347 17391303 0.532867
hs5 17391304 18478259 0.000000
hs5 18478260 19565216 0.051800
hs5 19565217 20652172 0.422182
hs5 20652173 21739129 0.119501
hs5 21739130 22826085 0.965334
hs5 22826086 23913042 0.077636
hs5 23913043 24999999 0.145087
hs5 25000000 26086955 0.000000
hs5 26086956 27173912 0.145343
hs5 27173913 28260868 0.000000
hs5 28260869 29347825 0.000000
hs5 29347826 30434781 0.000000
hs5 30434782 31521738 0.199478
hs5 31521739 32608694 0.558534
hs5 32608695 33695651 0.236401
hs5 33695652 34782607 0.378791
hs5 34782608 35869564 0.568264
hs5 35869565 36956520 0.407820
hs5 36956521 38043477 0.703812
hs5 38043478 39130433 0.509457
hs5 39130434 40217390 0.228296
hs5 40217391 41304346 0.350596
hs5 41304347 42391303 0.347732
hs5 42391304 43478259 0.513151
hs5 43478260 44565216 0.262881
hs5 44565217 45652172 0.334564
hs5 45652173 46739129 0.073421
hs5 46739130 47826085 0.000000
hs5 47826086 48913042 0.000000
hs5 48913043 49999999 0.043897
hs5 50000000 51086955 0.174542
hs5 51086956 52173912 0.063205
hs5 52173913 53260868 0.368927
hs5 53260869 54347825 0.385206
hs5 54347826 55434781 0.608733
hs5 55434782 56521738 0.254151
hs5 56521739 57608694 0.071133
hs5 57608695 58695651 0.620504
hs5 58695652 59782607 1.000000
hs5 59782608 60869564 0.719806
hs5 60869565 61956520 0.356433
hs5 61956521 63043477 0.005176
hs5 63043478 64130433 0.388512
hs5 64130434 65217390 0.793092
hs5 65217391 66304346 0.522820
hs5 66304347 67391303 0.194439
hs5 67391304 68478259 0.102353
hs5 68478260 69565216 1.422375
hs5 69565217 70652172 0.858873
hs5 70652173 71739129 0.402809
hs5 71739130 72826085 0.286885
hs5 72826086 73913042 0.324365
hs5 73913043 74999999 0.571179
hs5 75000000 76086955 0.569299
hs5 76086956 77173912 0.536479
hs5 77173913 78260868 0.670030
hs5 78260869 79347825 0.552304
hs5 79347826 80434781 0.672308
hs5 80434782 81521738 0.718664
hs5 81521739 82608694 0.283061
hs5 82608695 83695651 0.636568
hs5 83695652 84782607 0.019059
hs5 84782608 85869564 0.013894
hs5 85869565 86956520 0.133530
hs5 86956521 88043477 0.200336
hs5 88043478 89130433 0.170947
hs5 89130434 90217390 0.380245
hs5 90217391 91304346 0.306707
hs5 91304347 92391303 0.000000
hs5 92391304 93478259 0.623805
hs5 93478260 94565216 0.958805
hs5 94565217 95652172 0.437950
hs5 95652173 96739129 0.380596
hs5 96739130 97826085 0.000000
hs5 97826086 98913042 0.090649
hs5 98913043 99999999 0.055263
hs5 100000000 101086955 0.088641
hs5 101086956 102173912 0.174462
hs5 102173913 103260868 0.282377
hs5 103260869 104347825 0.000000
hs5 104347826 105434781 0.000575
hs5 105434782 106521738 0.000000
hs5 106521739 107608694 0.625660
hs5 107608695 108695651 0.530708
hs5 108695652 109782607 0.397223
hs5 109782608 110869564 0.592449
hs5 110869565 111956520 0.473177
hs5 111956521 113043477 0.723422
hs5 113043478 114130433 0.123448
hs5 114130434 115217390 0.260523
hs5 115217391 116304346 0.427793
hs5 116304347 117391303 0.000000
hs5 117391304 118478259 0.179349
hs5 118478260 119565216 0.327966
hs5 119565217 120652172 0.205111
hs5 120652173 121739129 0.156536
hs5 121739130 122826085 0.458457
hs5 122826086 123913042 0.096299
hs5 123913043 124999999 0.099541
hs5 125000000 126086955 0.198023
hs5 126086956 127173912 0.433675
hs5 127173913 128260868 0.411754
hs5 128260869 129347825 0.409479
hs5 129347826 130434781 0.186209
hs5 130434782 131521738 0.553026
hs5 131521739 132608694 0.557983
hs5 132608695 133695651 0.488688
hs5 133695652 134782607 0.492218
hs5 134782608 135869564 0.315927
hs5 135869565 136956520 0.482110
hs5 136956521 138043477 0.586703
hs5 138043478 139130433 0.648853
hs5 139130434 140217390 1.044861
hs5 140217391 141304346 4.563930
hs5 141304347 142391303 0.437777
hs5 142391304 143478259 0.334516
hs5 143478260 144565216 0.293537
hs5 144565217 145652172 0.360374
hs5 145652173 146739129 0.647020
hs5 146739130 147826085 0.436406
hs5 147826086 148913042 0.522546
hs5 148913043 149999999 0.660845
hs5 150000000 151086955 0.477074
hs5 151086956 152173912 0.152107
hs5 152173913 153260868 0.297479
hs5 153260869 154347825 0.504650
hs5 154347826 155434781 0.004073
hs5 155434782 156521738 0.501506
hs5 156521739 157608694 0.418231
hs5 157608695 158695651 0.453502
hs5 158695652 159782607 0.392639
hs5 159782608 160869564 0.481445
hs5 160869565 161956520 0.180095
hs5 161956521 163043477 0.056616
hs5 163043478 164130433 0.000000
hs5 164130434 165217390 0.000000
hs5 165217391 166304346 0.000000
hs5 166304347 167391303 0.687133
hs5 167391304 168478259 0.849536
hs5 168478260 169565216 0.709013
hs5 169565217 170652172 0.848079
hs5 170652173 171739129 0.452669
hs5 171739130 172826085 0.399266
hs5 172826086 173913042 0.153986
hs5 173913043 174999999 0.055134
hs5 175000000 176086955 0.455337
hs5 176086956 177173912 0.656146
hs5 177173913 178260868 0.513457
hs5 178260869 179347825 0.581214
hs5 179347826 180434781 0.522366
hs5 180434782 181521738 0.049174
hsY 0 1086955 0.105913
hsY 1086956 2173912 0.308068
hsY 2173913 3260868 0.427027
hsY 3260869 4347825 0.000881
hsY 4347826 5434781 0.465995
hsY 5434782 6521738 0.328147
hsY 6521739 7608694 0.272950
hsY 7608695 8695651 0.008257
hsY 8695652 9782607 0.541497
hsY 9782608 10869564 0.327014
hsY 10869565 11956520 0.000000
hsY 11956521 13043477 0.014237
hsY 13043478 14130433 0.403079
hsY 14130434 15217390 0.072613
hsY 15217391 16304346 0.228024
hsY 16304347 17391303 0.000000
hsY 17391304 18478259 0.039852
hsY 18478260 19565216 0.252580
hsY 19565217 20652172 0.224224
hsY 20652173 21739129 0.088282
hsY 21739130 22826085 0.276393
hsY 22826086 23913042 0.558388
hsY 23913043 24999999 0.030080
hsY 25000000 26086955 0.488982
hsY 26086956 27173912 0.014142
hsY 27173913 28260868 0.000000
hsY 28260869 29347825 0.000000
hsY 29347826 30434781 0.000000
hsY 30434782 31521738 0.000000
hsY 31521739 32608694 0.000000
hsY 32608695 33695651 0.000000
hsY 33695652 34782607 0.000000
hsY 34782608 35869564 0.000000
hsY 35869565 36956520 0.000000
hsY 36956521 38043477 0.000000
hsY 38043478 39130433 0.000000
hsY 39130434 40217390 0.000000
hsY 40217391 41304346 0.000000
hsY 41304347 42391303 0.000000
hsY 42391304 43478259 0.000000
hsY 43478260 44565216 0.000000
hsY 44565217 45652172 0.000000
hsY 45652173 46739129 0.000000
hsY 46739130 47826085 0.000000
hsY 47826086 48913042 0.000000
hsY 48913043 49999999 0.000000
hsY 50000000 51086955 0.000000
hsY 51086956 52173912 0.000000
hsY 52173913 53260868 0.000000
hsY 53260869 54347825 0.000000
hsY 54347826 55434781 0.000000
hsY 55434782 56521738 0.000000
hsY 56521739 57608694 0.013495
hsY 57608695 58695651 0.069671
hs1 0 1086955 0.196860
hs1 1086956 2173912 0.776900
hs1 2173913 3260868 0.508398
hs1 3260869 4347825 0.450614
hs1 4347826 5434781 0.130072
hs1 5434782 6521738 0.541667
hs1 6521739 7608694 0.911363
hs1 7608695 8695651 0.607058
hs1 8695652 9782607 0.537092
hs1 9782608 10869564 0.784462
hs1 10869565 11956520 0.493542
hs1 11956521 13043477 0.565784
hs1 13043478 14130433 0.268336
hs1 14130434 15217390 0.386025
hs1 15217391 16304346 0.764825
hs1 16304347 17391303 0.502744
hs1 17391304 18478259 0.547839
hs1 18478260 19565216 0.524759
hs1 19565217 20652172 0.424442
hs1 20652173 21739129 0.697182
hs1 21739130 22826085 0.514412
hs1 22826086 23913042 0.519008
hs1 23913043 24999999 0.529631
hs1 25000000 26086955 0.552455
hs1 26086956 27173912 0.507302
hs1 27173913 28260868 0.593884
hs1 28260869 29347825 0.708080
hs1 29347826 30434781 0.148802
hs1 30434782 31521738 0.265828
hs1 31521739 32608694 0.534291
hs1 32608695 33695651 0.526081
hs1 33695652 34782607 0.673465
hs1 34782608 35869564 0.453243
hs1 35869565 36956520 0.479933
hs1 36956521 38043477 0.401431
hs1 38043478 39130433 0.223244
hs1 39130434 40217390 0.681062
hs1 40217391 41304346 0.516239
hs1 41304347 42391303 0.543506
hs1 42391304 43478259 0.519127
hs1 43478260 44565216 0.639994
hs1 44565217 45652172 0.777706
hs1 45652173 46739129 0.722033
hs1 46739130 47826085 0.416537
hs1 47826086 48913042 0.388401
hs1 48913043 49999999 1.045089
hs1 50000000 51086955 0.763067
hs1 51086956 52173912 0.655347
hs1 52173913 53260868 0.768763
hs1 53260869 54347825 0.657886
hs1 54347826 55434781 0.657749
hs1 55434782 56521738 0.017338
hs1 56521739 57608694 0.670247
hs1 57608695 58695651 0.809697
hs1 58695652 59782607 0.343970
hs1 59782608 60869564 0.364972
hs1 60869565 61956520 0.388912
hs1 61956521 63043477 0.742937
hs1 63043478 64130433 0.414660
hs1 64130434 65217390 0.709400
hs1 65217391 66304346 0.678117
hs1 66304347 67391303 0.751374
hs1 67391304 68478259 0.441436
hs1 68478260 69565216 0.040575
hs1 69565217 70652172 0.536442
hs1 70652173 71739129 0.309952
hs1 71739130 72826085 0.719197
hs1 72826086 73913042 0.000000
hs1 73913043 74999999 0.634484
hs1 75000000 76086955 0.503426
hs1 76086956 77173912 0.646333
hs1 77173913 78260868 0.843196
hs1 78260869 79347825 0.403079
hs1 79347826 80434781 0.000000
hs1 80434782 81521738 0.000000
hs1 81521739 82608694 0.176665
hs1 82608695 83695651 0.000000
hs1 83695652 84782607 0.420885
hs1 84782608 85869564 0.622601
hs1 85869565 86956520 0.614664
hs1 86956521 88043477 0.310183
hs1 88043478 89130433 0.175720
hs1 89130434 90217390 0.470003
hs1 90217391 91304346 0.135382
hs1 91304347 92391303 0.505847
hs1 92391304 93478259 0.702097
hs1 93478260 94565216 0.470036
hs1 94565217 95652172 0.369539
hs1 95652173 96739129 0.000000
hs1 96739130 97826085 0.555335
hs1 97826086 98913042 0.318725
hs1 98913043 99999999 0.319572
hs1 100000000 101086955 0.508941
hs1 101086956 102173912 0.280645
hs1 102173913 103260868 0.191107
hs1 103260869 104347825 0.238711
hs1 104347826 105434781 0.280295
hs1 105434782 106521738 0.038659
hs1 106521739 107608694 0.117011
hs1 107608695 108695651 0.641553
hs1 108695652 109782607 0.658284
hs1 109782608 110869564 0.361262
hs1 110869565 111956520 0.291492
hs1 111956521 113043477 0.593034
hs1 113043478 114130433 0.458645
hs1 114130434 115217390 0.508989
hs1 115217391 116304346 0.322264
hs1 116304347 117391303 0.417835
hs1 117391304 118478259 0.532386
hs1 118478260 119565216 0.245718
hs1 119565217 120652172 0.297840
hs1 120652173 121739129 0.069604
hs1 121739130 122826085 0.000000
hs1 122826086 123913042 0.000000
hs1 123913043 124999999 0.000000
hs1 125000000 126086955 0.000000
hs1 126086956 127173912 0.000000
hs1 127173913 128260868 0.000000
hs1 128260869 129347825 0.000000
hs1 129347826 130434781 0.000000
hs1 130434782 131521738 0.000000
hs1 131521739 132608694 0.000000
hs1 132608695 133695651 0.000000
hs1 133695652 134782607 0.000000
hs1 134782608 135869564 0.000000
hs1 135869565 136956520 0.000000
hs1 136956521 138043477 0.000000
hs1 138043478 139130433 0.000000
hs1 139130434 140217390 0.000000
hs1 140217391 141304346 0.000000
hs1 141304347 142391303 0.000000
hs1 142391304 143478259 0.329933
hs1 143478260 144565216 0.729565
hs1 144565217 145652172 0.344453
hs1 145652173 146739129 0.271912
hs1 146739130 147826085 0.114203
hs1 147826086 148913042 0.508709
hs1 148913043 149999999 0.693949
hs1 150000000 151086955 0.204453
hs1 151086956 152173912 0.309991
hs1 152173913 153260868 0.726236
hs1 153260869 154347825 0.713982
hs1 154347826 155434781 0.636620
hs1 155434782 156521738 0.246213
hs1 156521739 157608694 0.254925
hs1 157608695 158695651 0.381177
hs1 158695652 159782607 0.489515
hs1 159782608 160869564 0.647668
hs1 160869565 161956520 0.263899
hs1 161956521 163043477 0.228209
hs1 163043478 164130433 0.497247
hs1 164130434 165217390 0.205226
hs1 165217391 166304346 0.738390
hs1 166304347 167391303 0.213101
hs1 167391304 168478259 0.662886
hs1 168478260 169565216 0.340294
hs1 169565217 170652172 0.708308
hs1 170652173 171739129 0.170230
hs1 171739130 172826085 0.756950
hs1 172826086 173913042 0.791842
hs1 173913043 174999999 0.579558
hs1 175000000 176086955 0.453954
hs1 176086956 177173912 0.609116
hs1 177173913 178260868 0.722468
hs1 178260869 179347825 0.699214
hs1 179347826 180434781 0.299133
hs1 180434782 181521738 0.485096
hs1 181521739 182608694 0.628713
hs1 182608695 183695651 0.682362
hs1 183695652 184782607 0.554195
hs1 184782608 185869564 0.155203
hs1 185869565 186956520 0.000000
hs1 186956521 188043477 0.000000
hs1 188043478 189130433 0.349567
hs1 189130434 190217390 0.000000
hs1 190217391 191304346 0.149128
hs1 191304347 192391303 0.159756
hs1 192391304 193478259 0.000000
hs1 193478260 194565216 0.095387
hs1 194565217 195652172 0.708431
hs1 195652173 196739129 0.473843
hs1 196739130 197826085 0.125448
hs1 197826086 198913042 0.229743
hs1 198913043 199999999 0.534153
hs1 200000000 201086955 0.779815
hs1 201086956 202173912 0.423440
hs1 202173913 203260868 0.589633
hs1 203260869 204347825 0.467532
hs1 204347826 205434781 0.548368
hs1 205434782 206521738 0.546514
hs1 206521739 207608694 0.000000
hs1 207608695 208695651 0.519096
hs1 208695652 209782607 0.780103
hs1 209782608 210869564 0.428262
hs1 210869565 211956520 0.412866
hs1 211956521 213043477 0.338733
hs1 213043478 214130433 0.682177
hs1 214130434 215217390 0.926540
hs1 215217391 216304346 0.548962
hs1 216304347 217391303 0.139167
hs1 217391304 218478259 0.283538
hs1 218478260 219565216 0.230124
hs1 219565217 220652172 0.043302
hs1 220652173 221739129 0.407026
hs1 221739130 222826085 0.467716
hs1 222826086 223913042 0.724356
hs1 223913043 224999999 0.429438
hs1 225000000 226086955 0.527382
hs1 226086956 227173912 0.343793
hs1 227173913 228260868 0.216765
hs1 228260869 229347825 0.494311
hs1 229347826 230434781 1.071252
hs1 230434782 231521738 0.425425
hs1 231521739 232608694 0.515987
hs1 232608695 233695651 0.372887
hs1 233695652 234782607 0.638651
hs1 234782608 235869564 0.768718
hs1 235869565 236956520 0.252403
hs1 236956521 238043477 0.169724
hs1 238043478 239130433 0.668615
hs1 239130434 240217390 0.724966
hs1 240217391 241304346 0.420837
hs1 241304347 242391303 0.702529
hs1 242391304 243478259 0.546494
hs1 243478260 244565216 0.957485
hs1 244565217 245652172 0.519202
hs1 245652173 246739129 0.258304
hs1 246739130 247826085 0.052162
hs19 0 1086955 0.543343
hs19 1086956 2173912 0.626246
hs19 2173913 3260868 0.675216
hs19 3260869 4347825 0.726882
hs19 4347826 5434781 0.598492
hs19 5434782 6521738 0.614835
hs19 6521739 7608694 0.606895
hs19 7608695 8695651 0.516370
hs19 8695652 9782607 0.372028
hs19 9782608 10869564 0.727744
hs19 10869565 11956520 0.634606
hs19 11956521 13043477 0.558960
hs19 13043478 14130433 0.606350
hs19 14130434 15217390 0.435327
hs19 15217391 16304346 0.433333
hs19 16304347 17391303 0.799466
hs19 17391304 18478259 0.659275
hs19 18478260 19565216 0.828849
hs19 19565217 20652172 0.388076
hs19 20652173 21739129 0.301572
hs19 21739130 22826085 0.196952
hs19 22826086 23913042 0.144336
hs19 23913043 24999999 0.040421
hs19 25000000 26086955 0.000000
hs19 26086956 27173912 0.000000
hs19 27173913 28260868 0.000000
hs19 28260869 29347825 0.000000
hs19 29347826 30434781 0.000000
hs19 30434782 31521738 0.000000
hs19 31521739 32608694 0.000000
hs19 32608695 33695651 0.003172
hs19 33695652 34782607 0.043907
hs19 34782608 35869564 0.284153
hs19 35869565 36956520 0.068879
hs19 36956521 38043477 0.306007
hs19 38043478 39130433 0.585991
hs19 39130434 40217390 0.339137
hs19 40217391 41304346 0.524279
hs19 41304347 42391303 0.511684
hs19 42391304 43478259 0.702123
hs19 43478260 44565216 0.642166
hs19 44565217 45652172 0.468570
hs19 45652173 46739129 0.561633
hs19 46739130 47826085 0.465747
hs19 47826086 48913042 0.351487
hs19 48913043 49999999 0.503215
hs19 50000000 51086955 0.654379
hs19 51086956 52173912 0.368145
hs19 52173913 53260868 0.613613
hs19 53260869 54347825 0.751689
hs19 54347826 55434781 0.690762
hs19 55434782 56521738 0.500801
hs19 56521739 57608694 0.520128
hs19 57608695 58695651 0.579453
hs19 58695652 59782607 0.429455
hs19 59782608 60869564 0.644675
hs19 60869565 61956520 0.502407
hs19 61956521 63043477 0.406904
hs19 63043478 64130433 0.403905
hs2 0 1086955 0.216880
hs2 1086956 2173912 0.834768
hs2 2173913 3260868 0.218168
hs2 3260869 4347825 0.307413
hs2 4347826 5434781 0.000000
hs2 5434782 6521738 0.057508
hs2 6521739 7608694 0.151656
hs2 7608695 8695651 0.050038
hs2 8695652 9782607 0.599810
hs2 9782608 10869564 0.551783
hs2 10869565 11956520 0.392438
hs2 11956521 13043477 0.023793
hs2 13043478 14130433 0.000000
hs2 14130434 15217390 0.006769
hs2 15217391 16304346 0.406784
hs2 16304347 17391303 0.107092
hs2 17391304 18478259 0.275967
hs2 18478260 19565216 0.036619
hs2 19565217 20652172 0.212346
hs2 20652173 21739129 0.201284
hs2 21739130 22826085 0.000000
hs2 22826086 23913042 0.378295
hs2 23913043 24999999 0.696805
hs2 25000000 26086955 0.693989
hs2 26086956 27173912 0.747287
hs2 27173913 28260868 0.770181
hs2 28260869 29347825 0.662022
hs2 29347826 30434781 0.636885
hs2 30434782 31521738 0.615646
hs2 31521739 32608694 0.559410
hs2 32608695 33695651 0.928147
hs2 33695652 34782607 0.001982
hs2 34782608 35869564 0.000000
hs2 35869565 36956520 0.355549
hs2 36956521 38043477 0.447294
hs2 38043478 39130433 0.530568
hs2 39130434 40217390 0.395366
hs2 40217391 41304346 0.345634
hs2 41304347 42391303 0.139673
hs2 42391304 43478259 0.391266
hs2 43478260 44565216 0.754335
hs2 44565217 45652172 0.440925
hs2 45652173 46739129 0.703329
hs2 46739130 47826085 0.462256
hs2 47826086 48913042 0.529052
hs2 48913043 49999999 0.177767
hs2 50000000 51086955 1.000000
hs2 51086956 52173912 0.024125
hs2 52173913 53260868 0.000000
hs2 53260869 54347825 0.566104
hs2 54347826 55434781 0.712977
hs2 55434782 56521738 0.442101
hs2 56521739 57608694 0.000000
hs2 57608695 58695651 0.179830
hs2 58695652 59782607 0.000000
hs2 59782608 60869564 0.124211
hs2 60869565 61956520 0.594704
hs2 61956521 63043477 0.521662
hs2 63043478 64130433 0.697544
hs2 64130434 65217390 0.238737
hs2 65217391 66304346 0.152013
hs2 66304347 67391303 0.126372
hs2 67391304 68478259 0.203502
hs2 68478260 69565216 0.562333
hs2 69565217 70652172 0.521377
hs2 70652173 71739129 0.574851
hs2 71739130 72826085 0.563965
hs2 72826086 73913042 0.611967
hs2 73913043 74999999 0.593761
hs2 75000000 76086955 0.280835
hs2 76086956 77173912 0.317904
hs2 77173913 78260868 0.394881
hs2 78260869 79347825 0.013291
hs2 79347826 80434781 0.776205
hs2 80434782 81521738 0.271139
hs2 81521739 82608694 0.000000
hs2 82608695 83695651 0.000891
hs2 83695652 84782607 0.205142
hs2 84782608 85869564 0.598450
hs2 85869565 86956520 0.572241
hs2 86956521 88043477 0.577834
hs2 88043478 89130433 0.274569
hs2 89130434 90217390 0.000000
hs2 90217391 91304346 0.021407
hs2 91304347 92391303 0.007474
hs2 92391304 93478259 0.000000
hs2 93478260 94565216 0.000000
hs2 94565217 95652172 0.300665
hs2 95652173 96739129 0.281799
hs2 96739130 97826085 0.546642
hs2 97826086 98913042 0.776936
hs2 98913043 99999999 0.808893
hs2 100000000 101086955 0.476787
hs2 101086956 102173912 0.439497
hs2 102173913 103260868 0.355489
hs2 103260869 104347825 0.000000
hs2 104347826 105434781 0.268739
hs2 105434782 106521738 0.304978
hs2 106521739 107608694 0.078666
hs2 107608695 108695651 0.277672
hs2 108695652 109782607 0.769840
hs2 109782608 110869564 0.679567
hs2 110869565 111956520 0.616602
hs2 111956521 113043477 0.569841
hs2 113043478 114130433 0.357932
hs2 114130434 115217390 0.379154
hs2 115217391 116304346 1.000000
hs2 116304347 117391303 0.013292
hs2 117391304 118478259 0.097836
hs2 118478260 119565216 0.082767
hs2 119565217 120652172 0.647422
hs2 120652173 121739129 0.272819
hs2 121739130 122826085 0.325903
hs2 122826086 123913042 0.000000
hs2 123913043 124999999 0.460614
hs2 125000000 126086955 0.358187
hs2 126086956 127173912 0.037319
hs2 127173913 128260868 0.414660
hs2 128260869 129347825 0.278908
hs2 129347826 130434781 0.010540
hs2 130434782 131521738 0.338583
hs2 131521739 132608694 0.244257
hs2 132608695 133695651 0.843696
hs2 133695652 134782607 0.369066
hs2 134782608 135869564 0.813611
hs2 135869565 136956520 0.498577
hs2 136956521 138043477 0.532263
hs2 138043478 139130433 0.213314
hs2 139130434 140217390 0.103902
hs2 140217391 141304346 0.550971
hs2 141304347 142391303 1.000000
hs2 142391304 143478259 0.313750
hs2 143478260 144565216 0.756503
hs2 144565217 145652172 0.347167
hs2 145652173 146739129 0.121551
hs2 146739130 147826085 0.003619
hs2 147826086 148913042 0.543927
hs2 148913043 149999999 0.681507
hs2 150000000 151086955 0.069957
hs2 151086956 152173912 0.227099
hs2 152173913 153260868 0.770483
hs2 153260869 154347825 0.060878
hs2 154347826 155434781 0.680789
hs2 155434782 156521738 0.000000
hs2 156521739 157608694 0.146552
hs2 157608695 158695651 0.431781
hs2 158695652 159782607 0.722207
hs2 159782608 160869564 0.738335
hs2 160869565 161956520 0.341971
hs2 161956521 163043477 0.673310
hs2 163043478 164130433 0.331208
hs2 164130434 165217390 0.236841
hs2 165217391 166304346 0.646993
hs2 166304347 167391303 0.435718
hs2 167391304 168478259 0.375796
hs2 168478260 169565216 0.732806
hs2 169565217 170652172 0.766931
hs2 170652173 171739129 0.687917
hs2 171739130 172826085 0.543463
hs2 172826086 173913042 0.592704
hs2 173913043 174999999 0.304428
hs2 175000000 176086955 0.462968
hs2 176086956 177173912 0.162283
hs2 177173913 178260868 0.348136
hs2 178260869 179347825 1.151404
hs2 179347826 180434781 0.611144
hs2 180434782 181521738 0.057204
hs2 181521739 182608694 0.347214
hs2 182608695 183695651 0.637621
hs2 183695652 184782607 0.034341
hs2 184782608 185869564 0.313833
hs2 185869565 186956520 0.087090
hs2 186956521 188043477 0.291557
hs2 188043478 189130433 0.320974
hs2 189130434 190217390 0.308725
hs2 190217391 191304346 0.539227
hs2 191304347 192391303 0.406209
hs2 192391304 193478259 0.262137
hs2 193478260 194565216 0.000000
hs2 194565217 195652172 0.000000
hs2 195652173 196739129 0.409018
hs2 196739130 197826085 0.763186
hs2 197826086 198913042 0.581127
hs2 198913043 199999999 0.144929
hs2 200000000 201086955 0.275117
hs2 201086956 202173912 0.833112
hs2 202173913 203260868 0.535382
hs2 203260869 204347825 0.729889
hs2 204347826 205434781 0.319263
hs2 205434782 206521738 0.800065
hs2 206521739 207608694 0.507985
hs2 207608695 208695651 0.399011
hs2 208695652 209782607 0.215042
hs2 209782608 210869564 0.690816
hs2 210869565 211956520 0.253615
hs2 211956521 213043477 1.000092
hs2 213043478 214130433 0.453669
hs2 214130434 215217390 0.935853
hs2 215217391 216304346 0.369357
hs2 216304347 217391303 0.436385
hs2 217391304 218478259 0.532382
hs2 218478260 219565216 0.593696
hs2 219565217 220652172 0.399198
hs2 220652173 221739129 0.000000
hs2 221739130 222826085 0.190901
hs2 222826086 223913042 0.364295
hs2 223913043 224999999 0.235162
hs2 225000000 226086955 0.465409
hs2 226086956 227173912 0.128821
hs2 227173913 228260868 0.648841
hs2 228260869 229347825 0.265180
hs2 229347826 230434781 0.643008
hs2 230434782 231521738 0.621489
hs2 231521739 232608694 0.445277
hs2 232608695 233695651 0.750615
hs2 233695652 234782607 1.161416
hs2 234782608 235869564 0.099122
hs2 235869565 236956520 0.701221
hs2 236956521 238043477 0.221289
hs2 238043478 239130433 0.635904
hs2 239130434 240217390 0.326516
hs2 240217391 241304346 0.242281
hs2 241304347 242391303 0.778200
hs2 242391304 243478259 0.086393
hs8 0 1086955 0.205931
hs8 1086956 2173912 0.458134
hs8 2173913 3260868 0.442140
hs8 3260869 4347825 1.000000
hs8 4347826 5434781 0.452558
hs8 5434782 6521738 0.276591
hs8 6521739 7608694 0.269056
hs8 7608695 8695651 0.219382
hs8 8695652 9782607 0.335242
hs8 9782608 10869564 0.577414
hs8 10869565 11956520 0.577369
hs8 11956521 13043477 0.349060
hs8 13043478 14130433 0.472383
hs8 14130434 15217390 0.929020
hs8 15217391 16304346 0.284447
hs8 16304347 17391303 0.328135
hs8 17391304 18478259 0.529561
hs8 18478260 19565216 0.716801
hs8 19565217 20652172 0.141836
hs8 20652173 21739129 0.099805
hs8 21739130 22826085 0.756154
hs8 22826086 23913042 0.366262
hs8 23913043 24999999 0.148660
hs8 25000000 26086955 0.473258
hs8 26086956 27173912 0.313004
hs8 27173913 28260868 0.659404
hs8 28260869 29347825 0.660898
hs8 29347826 30434781 0.216043
hs8 30434782 31521738 0.450029
hs8 31521739 32608694 0.912535
hs8 32608695 33695651 0.270713
hs8 33695652 34782607 0.000000
hs8 34782608 35869564 0.514470
hs8 35869565 36956520 0.139659
hs8 36956521 38043477 0.161199
hs8 38043478 39130433 0.651095
hs8 39130434 40217390 0.578706
hs8 40217391 41304346 0.381564
hs8 41304347 42391303 0.563982
hs8 42391304 43478259 0.524483
hs8 43478260 44565216 0.000000
hs8 44565217 45652172 0.000000
hs8 45652173 46739129 0.000000
hs8 46739130 47826085 0.000000
hs8 47826086 48913042 0.511437
hs8 48913043 49999999 0.199123
hs8 50000000 51086955 0.095264
hs8 51086956 52173912 0.718543
hs8 52173913 53260868 0.594681
hs8 53260869 54347825 0.344510
hs8 54347826 55434781 0.331257
hs8 55434782 56521738 0.332949
hs8 56521739 57608694 0.363580
hs8 57608695 58695651 0.037839
hs8 58695652 59782607 0.286509
hs8 59782608 60869564 0.288689
hs8 60869565 61956520 0.353956
hs8 61956521 63043477 0.393543
hs8 63043478 64130433 0.711288
hs8 64130434 65217390 0.065128
hs8 65217391 66304346 0.192518
hs8 66304347 67391303 0.323075
hs8 67391304 68478259 0.642781
hs8 68478260 69565216 0.603547
hs8 69565217 70652172 0.404208
hs8 70652173 71739129 0.570282
hs8 71739130 72826085 0.217352
hs8 72826086 73913042 0.525637
hs8 73913043 74999999 0.567250
hs8 75000000 76086955 0.213000
hs8 76086956 77173912 0.045311
hs8 77173913 78260868 0.256857
hs8 78260869 79347825 0.000000
hs8 79347826 80434781 0.196531
hs8 80434782 81521738 0.281381
hs8 81521739 82608694 0.406833
hs8 82608695 83695651 0.110860
hs8 83695652 84782607 0.000000
hs8 84782608 85869564 0.562633
hs8 85869565 86956520 0.309213
hs8 86956521 88043477 0.521563
hs8 88043478 89130433 0.400916
hs8 89130434 90217390 0.256128
hs8 90217391 91304346 0.170738
hs8 91304347 92391303 0.397864
hs8 92391304 93478259 0.206580
hs8 93478260 94565216 0.076005
hs8 94565217 95652172 0.352474
hs8 95652173 96739129 0.290565
hs8 96739130 97826085 0.312207
hs8 97826086 98913042 0.501785
hs8 98913043 99999999 0.695630
hs8 100000000 101086955 0.857637
hs8 101086956 102173912 0.389231
hs8 102173913 103260868 0.575049
hs8 103260869 104347825 0.365994
hs8 104347826 105434781 0.788658
hs8 105434782 106521738 0.287175
hs8 106521739 107608694 0.571550
hs8 107608695 108695651 0.445935
hs8 108695652 109782607 0.252672
hs8 109782608 110869564 0.414846
hs8 110869565 111956520 0.007110
hs8 111956521 113043477 0.000000
hs8 113043478 114130433 0.760098
hs8 114130434 115217390 0.356946
hs8 115217391 116304346 0.000000
hs8 116304347 117391303 0.239664
hs8 117391304 118478259 0.349912
hs8 118478260 119565216 0.576229
hs8 119565217 120652172 0.244369
hs8 120652173 121739129 0.796803
hs8 121739130 122826085 0.173025
hs8 122826086 123913042 0.045965
hs8 123913043 124999999 0.593518
hs8 125000000 126086955 0.497501
hs8 126086956 127173912 0.338267
hs8 127173913 128260868 0.005319
hs8 128260869 129347825 0.324591
hs8 129347826 130434781 0.000000
hs8 130434782 131521738 0.448984
hs8 131521739 132608694 0.239467
hs8 132608695 133695651 0.536465
hs8 133695652 134782607 0.676462
hs8 134782608 135869564 0.218851
hs8 135869565 136956520 0.235410
hs8 136956521 138043477 0.000000
hs8 138043478 139130433 0.000000
hs8 139130434 140217390 0.637156
hs8 140217391 141304346 0.536431
hs8 141304347 142391303 0.709845
hs8 142391304 143478259 0.271796
hs8 143478260 144565216 0.287099
hs8 144565217 145652172 0.601280
hs8 145652173 146739129 0.278064
hs6 0 1086955 0.394014
hs6 1086956 2173912 0.567096
hs6 2173913 3260868 0.316978
hs6 3260869 4347825 0.274313
hs6 4347826 5434781 0.589569
hs6 5434782 6521738 0.642246
hs6 6521739 7608694 0.411569
hs6 7608695 8695651 0.269023
hs6 8695652 9782607 0.000000
hs6 9782608 10869564 0.178069
hs6 10869565 11956520 0.544318
hs6 11956521 13043477 0.346903
hs6 13043478 14130433 0.672945
hs6 14130434 15217390 0.017742
hs6 15217391 16304346 0.400315
hs6 16304347 17391303 0.479199
hs6 17391304 18478259 0.591648
hs6 18478260 19565216 0.074848
hs6 19565217 20652172 0.199046
hs6 20652173 21739129 0.637853
hs6 21739130 22826085 0.501051
hs6 22826086 23913042 0.000000
hs6 23913043 24999999 0.556890
hs6 25000000 26086955 0.558236
hs6 26086956 27173912 0.295579
hs6 27173913 28260868 0.117809
hs6 28260869 29347825 0.193196
hs6 29347826 30434781 0.306538
hs6 30434782 31521738 0.296154
hs6 31521739 32608694 0.650168
hs6 32608695 33695651 0.326601
hs6 33695652 34782607 0.530168
hs6 34782608 35869564 0.701834
hs6 35869565 36956520 0.661420
hs6 36956521 38043477 0.497956
hs6 38043478 39130433 0.919785
hs6 39130434 40217390 0.589105
hs6 40217391 41304346 0.302030
hs6 41304347 42391303 0.587802
hs6 42391304 43478259 0.643702
hs6 43478260 44565216 0.495654
hs6 44565217 45652172 0.710302
hs6 45652173 46739129 0.393954
hs6 46739130 47826085 0.513837
hs6 47826086 48913042 0.216184
hs6 48913043 49999999 0.174220
hs6 50000000 51086955 0.105259
hs6 51086956 52173912 0.438600
hs6 52173913 53260868 0.422751
hs6 53260869 54347825 0.524132
hs6 54347826 55434781 0.295653
hs6 55434782 56521738 0.477773
hs6 56521739 57608694 0.570325
hs6 57608695 58695651 0.049871
hs6 58695652 59782607 0.000000
hs6 59782608 60869564 0.000000
hs6 60869565 61956520 0.000000
hs6 61956521 63043477 0.548003
hs6 63043478 64130433 0.050240
hs6 64130434 65217390 0.744376
hs6 65217391 66304346 1.000000
hs6 66304347 67391303 0.157410
hs6 67391304 68478259 0.000000
hs6 68478260 69565216 0.149836
hs6 69565217 70652172 0.672815
hs6 70652173 71739129 0.803587
hs6 71739130 72826085 0.177247
hs6 72826086 73913042 0.798774
hs6 73913043 74999999 0.372169
hs6 75000000 76086955 0.158488
hs6 76086956 77173912 0.562356
hs6 77173913 78260868 0.001080
hs6 78260869 79347825 0.000000
hs6 79347826 80434781 0.274167
hs6 80434782 81521738 0.318011
hs6 81521739 82608694 0.006424
hs6 82608695 83695651 0.108975
hs6 83695652 84782607 0.699658
hs6 84782608 85869564 0.175083
hs6 85869565 86956520 0.158269
hs6 86956521 88043477 0.181342
hs6 88043478 89130433 0.378769
hs6 89130434 90217390 0.542038
hs6 90217391 91304346 0.739961
hs6 91304347 92391303 0.045339
hs6 92391304 93478259 0.000000
hs6 93478260 94565216 0.229047
hs6 94565217 95652172 0.000000
hs6 95652173 96739129 0.184442
hs6 96739130 97826085 0.471162
hs6 97826086 98913042 0.010834
hs6 98913043 99999999 0.200815
hs6 100000000 101086955 0.255732
hs6 101086956 102173912 0.523776
hs6 102173913 103260868 0.414679
hs6 103260869 104347825 0.000000
hs6 104347826 105434781 0.121282
hs6 105434782 106521738 0.288579
hs6 106521739 107608694 0.452183
hs6 107608695 108695651 0.707052
hs6 108695652 109782607 0.632446
hs6 109782608 110869564 0.663956
hs6 110869565 111956520 0.593300
hs6 111956521 113043477 0.421326
hs6 113043478 114130433 0.000000
hs6 114130434 115217390 0.060459
hs6 115217391 116304346 0.000000
hs6 116304347 117391303 0.704668
hs6 117391304 118478259 0.416853
hs6 118478260 119565216 0.715616
hs6 119565217 120652172 0.135616
hs6 120652173 121739129 0.234617
hs6 121739130 122826085 0.062187
hs6 122826086 123913042 0.634651
hs6 123913043 124999999 0.846245
hs6 125000000 126086955 0.441578
hs6 126086956 127173912 0.217884
hs6 127173913 128260868 0.424063
hs6 128260869 129347825 0.620444
hs6 129347826 130434781 0.688247
hs6 130434782 131521738 0.367775
hs6 131521739 132608694 0.362440
hs6 132608695 133695651 0.351337
hs6 133695652 134782607 0.447839
hs6 134782608 135869564 0.489637
hs6 135869565 136956520 1.192303
hs6 136956521 138043477 0.371511
hs6 138043478 139130433 0.349482
hs6 139130434 140217390 0.284465
hs6 140217391 141304346 0.000000
hs6 141304347 142391303 0.000000
hs6 142391304 143478259 0.543661
hs6 143478260 144565216 0.748757
hs6 144565217 145652172 0.516395
hs6 145652173 146739129 0.510739
hs6 146739130 147826085 0.436426
hs6 147826086 148913042 0.247437
hs6 148913043 149999999 0.525592
hs6 150000000 151086955 0.458426
hs6 151086956 152173912 0.749565
hs6 152173913 153260868 0.776074
hs6 153260869 154347825 0.137051
hs6 154347826 155434781 0.593084
hs6 155434782 156521738 0.273557
hs6 156521739 157608694 0.398221
hs6 157608695 158695651 0.610234
hs6 158695652 159782607 0.538518
hs6 159782608 160869564 0.434549
hs6 160869565 161956520 0.668092
hs6 161956521 163043477 1.000000
hs6 163043478 164130433 0.728781
hs6 164130434 165217390 0.000000
hs6 165217391 166304346 0.378663
hs6 166304347 167391303 0.547281
hs6 167391304 168478259 0.293512
hs6 168478260 169565216 0.243049
hs6 169565217 170652172 0.412442
hs6 170652173 171739129 0.040528
hs14 0 1086955 0.000000
hs14 1086956 2173912 0.000000
hs14 2173913 3260868 0.000000
hs14 3260869 4347825 0.000000
hs14 4347826 5434781 0.000000
hs14 5434782 6521738 0.000000
hs14 6521739 7608694 0.000000
hs14 7608695 8695651 0.000000
hs14 8695652 9782607 0.000000
hs14 9782608 10869564 0.000000
hs14 10869565 11956520 0.000000
hs14 11956521 13043477 0.000000
hs14 13043478 14130433 0.000000
hs14 14130434 15217390 0.000000
hs14 15217391 16304346 0.000000
hs14 16304347 17391303 0.000000
hs14 17391304 18478259 0.000903
hs14 18478260 19565216 0.069633
hs14 19565217 20652172 0.232720
hs14 20652173 21739129 0.259365
hs14 21739130 22826085 0.300656
hs14 22826086 23913042 0.385724
hs14 23913043 24999999 0.269828
hs14 25000000 26086955 0.093866
hs14 26086956 27173912 0.045857
hs14 27173913 28260868 0.000000
hs14 28260869 29347825 0.236501
hs14 29347826 30434781 0.286261
hs14 30434782 31521738 0.657310
hs14 31521739 32608694 0.660559
hs14 32608695 33695651 0.700400
hs14 33695652 34782607 0.453463
hs14 34782608 35869564 0.368324
hs14 35869565 36956520 0.720636
hs14 36956521 38043477 0.131303
hs14 38043478 39130433 0.243679
hs14 39130434 40217390 0.000000
hs14 40217391 41304346 0.145207
hs14 41304347 42391303 0.128025
hs14 42391304 43478259 0.000000
hs14 43478260 44565216 0.105625
hs14 44565217 45652172 0.196766
hs14 45652173 46739129 0.332454
hs14 46739130 47826085 0.436640
hs14 47826086 48913042 0.000000
hs14 48913043 49999999 0.537185
hs14 50000000 51086955 0.539623
hs14 51086956 52173912 0.551028
hs14 52173913 53260868 0.318892
hs14 53260869 54347825 0.288465
hs14 54347826 55434781 0.485596
hs14 55434782 56521738 0.349667
hs14 56521739 57608694 0.216116
hs14 57608695 58695651 0.380265
hs14 58695652 59782607 0.576031
hs14 59782608 60869564 0.447937
hs14 60869565 61956520 0.388026
hs14 61956521 63043477 0.569803
hs14 63043478 64130433 0.717013
hs14 64130434 65217390 0.562618
hs14 65217391 66304346 0.308162
hs14 66304347 67391303 0.869827
hs14 67391304 68478259 0.750602
hs14 68478260 69565216 0.620664
hs14 69565217 70652172 0.542662
hs14 70652173 71739129 0.443059
hs14 71739130 72826085 0.810230
hs14 72826086 73913042 0.739744
hs14 73913043 74999999 0.508933
hs14 75000000 76086955 0.885649
hs14 76086956 77173912 0.477899
hs14 77173913 78260868 0.508294
hs14 78260869 79347825 1.000000
hs14 79347826 80434781 0.431991
hs14 80434782 81521738 0.424989
hs14 81521739 82608694 0.000000
hs14 82608695 83695651 0.000000
hs14 83695652 84782607 0.000000
hs14 84782608 85869564 0.089961
hs14 85869565 86956520 0.000000
hs14 86956521 88043477 0.286546
hs14 88043478 89130433 0.707213
hs14 89130434 90217390 0.567957
hs14 90217391 91304346 0.745961
hs14 91304347 92391303 0.711568
hs14 92391304 93478259 0.743682
hs14 93478260 94565216 0.326376
hs14 94565217 95652172 0.360403
hs14 95652173 96739129 0.352699
hs14 96739130 97826085 0.048315
hs14 97826086 98913042 0.099680
hs14 98913043 99999999 0.656824
hs14 100000000 101086955 0.166691
hs14 101086956 102173912 0.648031
hs14 102173913 103260868 0.598246
hs14 103260869 104347825 0.401421
hs14 104347826 105434781 0.371795
hs14 105434782 106521738 0.028501
hs17 0 1086955 0.715122
hs17 1086956 2173912 0.800851
hs17 2173913 3260868 0.501726
hs17 3260869 4347825 0.787090
hs17 4347826 5434781 0.688304
hs17 5434782 6521738 0.233029
hs17 6521739 7608694 0.569204
hs17 7608695 8695651 0.548860
hs17 8695652 9782607 0.847141
hs17 9782608 10869564 0.493363
hs17 10869565 11956520 0.741197
hs17 11956521 13043477 0.332385
hs17 13043478 14130433 0.227792
hs17 14130434 15217390 0.111648
hs17 15217391 16304346 0.612306
hs17 16304347 17391303 0.501713
hs17 17391304 18478259 0.698586
hs17 18478260 19565216 0.547588
hs17 19565217 20652172 0.468590
hs17 20652173 21739129 0.247716
hs17 21739130 22826085 0.029997
hs17 22826086 23913042 0.512673
hs17 23913043 24999999 0.718130
hs17 25000000 26086955 0.773971
hs17 26086956 27173912 0.598180
hs17 27173913 28260868 0.684504
hs17 28260869 29347825 0.923092
hs17 29347826 30434781 0.342315
hs17 30434782 31521738 0.526427
hs17 31521739 32608694 0.422417
hs17 32608695 33695651 0.553882
hs17 33695652 34782607 0.641476
hs17 34782608 35869564 0.679184
hs17 35869565 36956520 0.231602
hs17 36956521 38043477 0.632231
hs17 38043478 39130433 0.576524
hs17 39130434 40217390 0.548944
hs17 40217391 41304346 0.534803
hs17 41304347 42391303 0.737719
hs17 42391304 43478259 0.491533
hs17 43478260 44565216 0.580827
hs17 44565217 45652172 0.446970
hs17 45652173 46739129 0.606932
hs17 46739130 47826085 0.487329
hs17 47826086 48913042 0.000000
hs17 48913043 49999999 0.002149
hs17 50000000 51086955 0.333855
hs17 51086956 52173912 0.340360
hs17 52173913 53260868 0.550041
hs17 53260869 54347825 0.643231
hs17 54347826 55434781 0.744788
hs17 55434782 56521738 0.782949
hs17 56521739 57608694 0.652350
hs17 57608695 58695651 0.596276
hs17 58695652 59782607 0.735977
hs17 59782608 60869564 0.484495
hs17 60869565 61956520 0.767218
hs17 61956521 63043477 0.744729
hs17 63043478 64130433 0.579033
hs17 64130434 65217390 0.501245
hs17 65217391 66304346 0.065165
hs17 66304347 67391303 0.000000
hs17 67391304 68478259 0.303583
hs17 68478260 69565216 0.567382
hs17 69565217 70652172 0.557248
hs17 70652173 71739129 0.779847
hs17 71739130 72826085 0.530640
hs17 72826086 73913042 0.407503
hs17 73913043 74999999 0.788268
hs17 75000000 76086955 0.483891
hs17 76086956 77173912 0.759923
hs17 77173913 78260868 0.642912
hs17 78260869 79347825 0.323708
hs21 0 1086955 0.000000
hs21 1086956 2173912 0.000000
hs21 2173913 3260868 0.000000
hs21 3260869 4347825 0.000000
hs21 4347826 5434781 0.000000
hs21 5434782 6521738 0.000000
hs21 6521739 7608694 0.000000
hs21 7608695 8695651 0.000000
hs21 8695652 9782607 0.000000
hs21 9782608 10869564 0.402649
hs21 10869565 11956520 0.000000
hs21 11956521 13043477 0.000000
hs21 13043478 14130433 0.102574
hs21 14130434 15217390 0.232777
hs21 15217391 16304346 0.233179
hs21 16304347 17391303 0.496349
hs21 17391304 18478259 0.141309
hs21 18478260 19565216 0.144511
hs21 19565217 20652172 0.000000
hs21 20652173 21739129 0.466570
hs21 21739130 22826085 0.086440
hs21 22826086 23913042 0.000000
hs21 23913043 24999999 0.000000
hs21 25000000 26086955 0.189077
hs21 26086956 27173912 0.373940
hs21 27173913 28260868 0.071820
hs21 28260869 29347825 0.120984
hs21 29347826 30434781 0.666856
hs21 30434782 31521738 0.116504
hs21 31521739 32608694 0.594170
hs21 32608695 33695651 0.460466
hs21 33695652 34782607 0.588109
hs21 34782608 35869564 0.410940
hs21 35869565 36956520 0.344477
hs21 36956521 38043477 0.707749
hs21 38043478 39130433 0.600000
hs21 39130434 40217390 0.370506
hs21 40217391 41304346 0.773260
hs21 41304347 42391303 0.505989
hs21 42391304 43478259 0.561735
hs21 43478260 44565216 0.535642
hs21 44565217 45652172 0.637010
hs21 45652173 46739129 0.585823
hs21 46739130 47826085 0.102183
