hsX 0 3846152 0.320872
hsX 3846153 7692306 0.149399
hsX 7692307 11538460 0.469439
hsX 11538461 15384614 0.414979
hsX 15384615 19230768 0.532061
hsX 19230769 23076922 0.387123
hsX 23076923 26923075 0.232027
hsX 26923076 30769229 0.397581
hsX 30769230 34615383 0.598574
hsX 34615384 38461537 0.280889
hsX 38461538 42307691 0.229814
hsX 42307692 46153845 0.192528
hsX 46153846 49999999 0.625870
hsX 50000000 53846152 0.303948
hsX 53846153 57692306 0.287273
hsX 57692307 61538460 0.001353
hsX 61538461 65384614 0.201919
hsX 65384615 69230768 0.312628
hsX 69230769 73076922 0.526605
hsX 73076923 76923075 0.340792
hsX 76923076 80769229 0.207763
hsX 80769230 84615383 0.150733
hsX 84615384 88461537 0.267912
hsX 88461538 92307691 0.220713
hsX 92307692 96153845 0.096415
hsX 96153846 99999999 0.345480
hsX 100000000 103846152 0.368585
hsX 103846153 107692306 0.638286
hsX 107692307 111538460 0.543450
hsX 111538461 115384614 0.193323
hsX 115384615 119230768 0.268154
hsX 119230769 123076922 0.335352
hsX 123076923 126923075 0.161951
hsX 126923076 130769229 0.251348
hsX 130769230 134615383 0.416506
hsX 134615384 138461537 0.307795
hsX 138461538 142307691 0.092130
hsX 142307692 146153845 0.014159
hsX 146153846 149999999 0.338359
hsX 150000000 153846152 0.421692
hsX 153846153 157692306 0.122174
hs12 0 3846152 0.767944
hs12 3846153 7692306 0.480866
hs12 7692307 11538460 0.464732
hs12 11538461 15384614 0.494766
hs12 15384615 19230768 0.324688
hs12 19230769 23076922 0.447118
hs12 23076923 26923075 0.578645
hs12 26923076 30769229 0.379940
hs12 30769230 34615383 0.303726
hs12 34615384 38461537 0.157969
hs12 38461538 42307691 0.479021
hs12 42307692 46153845 0.464364
hs12 46153846 49999999 0.566195
hs12 50000000 53846152 0.437442
hs12 53846153 57692306 0.363338
hs12 57692307 61538460 0.278064
hs12 61538461 65384614 0.500606
hs12 65384615 69230768 0.246360
hs12 69230769 73076922 0.328886
hs12 73076923 76923075 0.238609
hs12 76923076 80769229 0.594150
hs12 80769230 84615383 0.228797
hs12 84615384 88461537 0.343392
hs12 88461538 92307691 0.107669
hs12 92307692 96153845 0.446069
hs12 96153846 99999999 0.576226
hs12 100000000 103846152 0.546633
hs12 103846153 107692306 0.503550
hs12 107692307 111538460 0.702031
hs12 111538461 115384614 0.273732
hs12 115384615 119230768 0.614966
hs12 119230769 123076922 0.716565
hs12 123076923 126923075 0.219159
hs12 126923076 130769229 0.494356
hs12 130769230 134615383 0.262481
hs11 0 3846152 0.608765
hs11 3846153 7692306 0.346013
hs11 7692307 11538460 0.591107
hs11 11538461 15384614 0.543351
hs11 15384615 19230768 0.499326
hs11 19230769 23076922 0.564562
hs11 23076923 26923075 0.256110
hs11 26923076 30769229 0.268475
hs11 30769230 34615383 0.465721
hs11 34615384 38461537 0.317827
hs11 38461538 42307691 0.046777
hs11 42307692 46153845 0.346348
hs11 46153846 49999999 0.480258
hs11 50000000 53846152 0.008352
hs11 53846153 57692306 0.241539
hs11 57692307 61538460 0.381407
hs11 61538461 65384614 0.560823
hs11 65384615 69230768 0.507976
hs11 69230769 73076922 0.597430
hs11 73076923 76923075 0.626088
hs11 76923076 80769229 0.415512
hs11 80769230 84615383 0.541190
hs11 84615384 88461537 0.534316
hs11 88461538 92307691 0.289797
hs11 92307692 96153845 0.395116
hs11 96153846 99999999 0.347257
hs11 100000000 103846152 0.448732
hs11 103846153 107692306 0.395363
hs11 107692307 111538460 0.380730
hs11 111538461 115384614 0.356446
hs11 115384615 119230768 0.502634
hs11 119230769 123076922 0.417667
hs11 123076923 126923075 0.454674
hs11 126923076 130769229 0.294823
hs11 130769230 134615383 0.633798
hs22 0 3846152 0.000000
hs22 3846153 7692306 0.000000
hs22 7692307 11538460 0.000000
hs22 11538461 15384614 0.008473
hs22 15384615 19230768 0.482050
hs22 19230769 23076922 0.460396
hs22 23076923 26923075 0.673634
hs22 26923076 30769229 0.700965
hs22 30769230 34615383 0.481860
hs22 34615384 38461537 0.554464
hs22 38461538 42307691 0.688216
hs22 42307692 46153845 0.665911
hs22 46153846 49999999 0.275743
hs10 0 3846152 0.382907
hs10 3846153 7692306 0.301341
hs10 7692307 11538460 0.190802
hs10 11538461 15384614 0.691471
hs10 15384615 19230768 0.622595
hs10 19230769 23076922 0.420341
hs10 23076923 26923075 0.588919
hs10 26923076 30769229 0.380670
hs10 30769230 34615383 0.396287
hs10 34615384 38461537 0.329539
hs10 38461538 42307691 0.040955
hs10 42307692 46153845 0.295198
hs10 46153846 49999999 0.350428
hs10 50000000 53846152 0.728506
hs10 53846153 57692306 0.261258
hs10 57692307 61538460 0.236439
hs10 61538461 65384614 0.412203
hs10 65384615 69230768 0.508818
hs10 69230769 73076922 0.617528
hs10 73076923 76923075 0.729278
hs10 76923076 80769229 0.553984
hs10 80769230 84615383 0.381662
hs10 84615384 88461537 0.337982
hs10 88461538 92307691 0.460735
hs10 92307692 96153845 0.596721
hs10 96153846 99999999 0.679338
hs10 100000000 103846152 0.645122
hs10 103846153 107692306 0.635017
hs10 107692307 111538460 0.153627
hs10 111538461 115384614 0.396870
hs10 115384615 119230768 0.628999
hs10 119230769 123076922 0.328664
hs10 123076923 126923075 0.488700
hs10 126923076 130769229 0.423095
hs10 130769230 134615383 0.327734
hs10 134615384 138461537 0.090033
hs7 0 3846152 0.582952
hs7 3846153 7692306 0.576171
hs7 7692307 11538460 0.256698
hs7 11538461 15384614 0.379893
hs7 15384615 19230768 0.382798
hs7 19230769 23076922 0.332422
hs7 23076923 26923075 0.358078
hs7 26923076 30769229 0.560282
hs7 30769230 34615383 0.493729
hs7 34615384 38461537 0.548937
hs7 38461538 42307691 0.586195
hs7 42307692 46153845 0.447430
hs7 46153846 49999999 0.316111
hs7 50000000 53846152 0.236864
hs7 53846153 57692306 0.188952
hs7 57692307 61538460 0.000000
hs7 61538461 65384614 0.212081
hs7 65384615 69230768 0.284210
hs7 69230769 73076922 0.706802
hs7 73076923 76923075 0.567660
hs7 76923076 80769229 0.569372
hs7 80769230 84615383 0.420862
hs7 84615384 88461537 0.431048
hs7 88461538 92307691 0.457075
hs7 92307692 96153845 0.421474
hs7 96153846 99999999 0.413545
hs7 100000000 103846152 0.712599
hs7 103846153 107692306 0.648004
hs7 107692307 111538460 0.410567
hs7 111538461 115384614 0.316458
hs7 115384615 119230768 0.310854
hs7 119230769 123076922 0.518407
hs7 123076923 126923075 0.292552
hs7 126923076 130769229 0.604397
hs7 130769230 134615383 0.632140
hs7 134615384 138461537 0.480546
hs7 138461538 142307691 0.463224
hs7 142307692 146153845 0.371513
hs7 146153846 149999999 0.627220
hs7 150000000 153846152 0.528283
hs7 153846153 157692306 0.500759
hs7 157692307 161538460 0.202142
hs4 0 3846152 0.620970
hs4 3846153 7692306 0.575809
hs4 7692307 11538460 0.325103
hs4 11538461 15384614 0.150829
hs4 15384615 19230768 0.295783
hs4 19230769 23076922 0.488518
hs4 23076923 26923075 0.301817
hs4 26923076 30769229 0.110861
hs4 30769230 34615383 0.000000
hs4 34615384 38461537 0.277314
hs4 38461538 42307691 0.675997
hs4 42307692 46153845 0.198452
hs4 46153846 49999999 0.489218
hs4 50000000 53846152 0.168502
hs4 53846153 57692306 0.390064
hs4 57692307 61538460 0.000000
hs4 61538461 65384614 0.183645
hs4 65384615 69230768 0.264399
hs4 69230769 73076922 0.330178
hs4 73076923 76923075 0.334637
hs4 76923076 80769229 0.511771
hs4 80769230 84615383 0.456454
hs4 84615384 88461537 0.520328
hs4 88461538 92307691 0.583935
hs4 92307692 96153845 0.651017
hs4 96153846 99999999 0.385265
hs4 100000000 103846152 0.388612
hs4 103846153 107692306 0.380338
hs4 107692307 111538460 0.456493
hs4 111538461 115384614 0.369754
hs4 115384615 119230768 0.109900
hs4 119230769 123076922 0.376072
hs4 123076923 126923075 0.336535
hs4 126923076 130769229 0.201478
hs4 130769230 134615383 0.010989
hs4 134615384 138461537 0.001408
hs4 138461538 142307691 0.383469
hs4 142307692 146153845 0.382015
hs4 146153846 149999999 0.485636
hs4 150000000 153846152 0.434370
hs4 153846153 157692306 0.334492
hs4 157692307 161538460 0.287708
hs4 161538461 165384614 0.412419
hs4 165384615 169230768 0.310886
hs4 169230769 173076922 0.383743
hs4 173076923 176923075 0.473804
hs4 176923076 180769229 0.261100
hs4 180769230 184615383 0.193639
hs4 184615384 188461537 0.407997
hs4 188461538 192307691 0.031257
hs16 0 3846152 0.682856
hs16 3846153 7692306 0.674714
hs16 7692307 11538460 0.340438
hs16 11538461 15384614 0.515025
hs16 15384615 19230768 0.431056
hs16 19230769 23076922 0.571787
hs16 23076923 26923075 0.448822
hs16 26923076 30769229 0.528834
hs16 30769230 34615383 0.142470
hs16 34615384 38461537 0.000000
hs16 38461538 42307691 0.000000
hs16 42307692 46153845 0.205044
hs16 46153846 49999999 0.329880
hs16 50000000 53846152 0.252817
hs16 53846153 57692306 0.503862
hs16 57692307 61538460 0.099802
hs16 61538461 65384614 0.207825
hs16 65384615 69230768 0.758761
hs16 69230769 73076922 0.390008
hs16 73076923 76923075 0.451842
hs16 76923076 80769229 0.564919
hs16 80769230 84615383 0.548880
hs16 84615384 88461537 0.432383
hs16 88461538 92307691 0.044988
hs20 0 3846152 0.494040
hs20 3846153 7692306 0.224756
hs20 7692307 11538460 0.504787
hs20 11538461 15384614 0.582727
hs20 15384615 19230768 0.528673
hs20 19230769 23076922 0.384861
hs20 23076923 26923075 0.235774
hs20 26923076 30769229 0.209069
hs20 30769230 34615383 0.655359
hs20 34615384 38461537 0.419059
hs20 38461538 42307691 0.528068
hs20 42307692 46153845 0.551068
hs20 46153846 49999999 0.444914
hs20 50000000 53846152 0.253630
hs20 53846153 57692306 0.286808
hs20 57692307 61538460 0.484124
hs20 61538461 65384614 0.154392
hs13 0 3846152 0.000000
hs13 3846153 7692306 0.000000
hs13 7692307 11538460 0.000000
hs13 11538461 15384614 0.000000
hs13 15384615 19230768 0.114879
hs13 19230769 23076922 0.338590
hs13 23076923 26923075 0.498897
hs13 26923076 30769229 0.439477
hs13 30769230 34615383 0.385003
hs13 34615384 38461537 0.594356
hs13 38461538 42307691 0.468042
hs13 42307692 46153845 0.504270
hs13 46153846 49999999 0.374964
hs13 50000000 53846152 0.317632
hs13 53846153 57692306 0.044942
hs13 57692307 61538460 0.177231
hs13 61538461 65384614 0.001335
hs13 65384615 69230768 0.315664
hs13 69230769 73076922 0.308836
hs13 73076923 76923075 0.332284
hs13 76923076 80769229 0.227170
hs13 80769230 84615383 0.109289
hs13 84615384 88461537 0.003527
hs13 88461538 92307691 0.390451
hs13 92307692 96153845 0.717706
hs13 96153846 99999999 0.579882
hs13 100000000 103846152 0.424597
hs13 103846153 107692306 0.213360
hs13 107692307 111538460 0.374105
hs13 111538461 115384614 0.337281
hs18 0 3846152 0.410125
hs18 3846153 7692306 0.286283
hs18 7692307 11538460 0.513925
hs18 11538461 15384614 0.447955
hs18 15384615 19230768 0.278879
hs18 19230769 23076922 0.539677
hs18 23076923 26923075 0.078633
hs18 26923076 30769229 0.588690
hs18 30769230 34615383 0.472725
hs18 34615384 38461537 0.185029
hs18 38461538 42307691 0.352658
hs18 42307692 46153845 0.501090
hs18 46153846 49999999 0.429282
hs18 50000000 53846152 0.335586
hs18 53846153 57692306 0.314936
hs18 57692307 61538460 0.313292
hs18 61538461 65384614 0.204738
hs18 65384615 69230768 0.194424
hs18 69230769 73076922 0.334160
hs18 73076923 76923075 0.216025
hs3 0 3846152 0.416880
hs3 3846153 7692306 0.365681
hs3 7692307 11538460 0.595791
hs3 11538461 15384614 0.592982
hs3 15384615 19230768 0.429034
hs3 19230769 23076922 0.238621
hs3 23076923 26923075 0.342514
hs3 26923076 30769229 0.344909
hs3 30769230 34615383 0.449996
hs3 34615384 38461537 0.422503
hs3 38461538 42307691 0.526070
hs3 42307692 46153845 0.485588
hs3 46153846 49999999 0.690396
hs3 50000000 53846152 0.771023
hs3 53846153 57692306 0.766456
hs3 57692307 61538460 0.635023
hs3 61538461 65384614 0.564522
hs3 65384615 69230768 0.601641
hs3 69230769 73076922 0.367848
hs3 73076923 76923075 0.173332
hs3 76923076 80769229 0.462291
hs3 80769230 84615383 0.070747
hs3 84615384 88461537 0.323919
hs3 88461538 92307691 0.097399
hs3 92307692 96153845 0.071125
hs3 96153846 99999999 0.325159
hs3 100000000 103846152 0.550112
hs3 103846153 107692306 0.109411
hs3 107692307 111538460 0.372980
hs3 111538461 115384614 0.509799
hs3 115384615 119230768 0.410056
hs3 119230769 123076922 0.579507
hs3 123076923 126923075 0.759887
hs3 126923076 130769229 0.491185
hs3 130769230 134615383 0.671891
hs3 134615384 138461537 0.522147
hs3 138461538 142307691 0.420184
hs3 142307692 146153845 0.503797
hs3 146153846 149999999 0.087521
hs3 150000000 153846152 0.471886
hs3 153846153 157692306 0.296982
hs3 157692307 161538460 0.558745
hs3 161538461 165384614 0.150764
hs3 165384615 169230768 0.177409
hs3 169230769 173076922 0.644117
hs3 173076923 176923075 0.658227
hs3 176923076 180769229 0.222121
hs3 180769230 184615383 0.326195
hs3 184615384 188461537 0.542560
hs3 188461538 192307691 0.416511
hs3 192307692 196153845 0.380244
hs3 196153846 199999999 0.499350
hs9 0 3846152 0.366271
hs9 3846153 7692306 0.537647
hs9 7692307 11538460 0.598465
hs9 11538461 15384614 0.225248
hs9 15384615 19230768 0.561191
hs9 19230769 23076922 0.363138
hs9 23076923 26923075 0.057274
hs9 26923076 30769229 0.342816
hs9 30769230 34615383 0.381854
hs9 34615384 38461537 0.522502
hs9 38461538 42307691 0.122075
hs9 42307692 46153845 0.078126
hs9 46153846 49999999 0.015807
hs9 50000000 53846152 0.000000
hs9 53846153 57692306 0.000000
hs9 57692307 61538460 0.000000
hs9 61538461 65384614 0.006948
hs9 65384615 69230768 0.085409
hs9 69230769 73076922 0.577228
hs9 73076923 76923075 0.304643
hs9 76923076 80769229 0.407774
hs9 80769230 84615383 0.074339
hs9 84615384 88461537 0.418285
hs9 88461538 92307691 0.227180
hs9 92307692 96153845 0.512166
hs9 96153846 99999999 0.550930
hs9 100000000 103846152 0.511880
hs9 103846153 107692306 0.172410
hs9 107692307 111538460 0.221320
hs9 111538461 115384614 0.733170
hs9 115384615 119230768 0.594137
hs9 119230769 123076922 0.224916
hs9 123076923 126923075 0.771805
hs9 126923076 130769229 0.690148
hs9 130769230 134615383 0.580394
hs9 134615384 138461537 0.476364
hs9 138461538 142307691 0.334475
hs15 0 3846152 0.000000
hs15 3846153 7692306 0.000000
hs15 7692307 11538460 0.000000
hs15 11538461 15384614 0.000000
hs15 15384615 19230768 0.030755
hs15 19230769 23076922 0.210180
hs15 23076923 26923075 0.497058
hs15 26923076 30769229 0.431117
hs15 30769230 34615383 0.468157
hs15 34615384 38461537 0.346731
hs15 38461538 42307691 0.757185
hs15 42307692 46153845 0.343936
hs15 46153846 49999999 0.715213
hs15 50000000 53846152 0.506968
hs15 53846153 57692306 0.599969
hs15 57692307 61538460 0.402266
hs15 61538461 65384614 0.693584
hs15 65384615 69230768 0.463609
hs15 69230769 73076922 0.648292
hs15 73076923 76923075 0.567831
hs15 76923076 80769229 0.374055
hs15 80769230 84615383 0.605161
hs15 84615384 88461537 0.513073
hs15 88461538 92307691 0.359761
hs15 92307692 96153845 0.089454
hs15 96153846 99999999 0.529242
hs15 100000000 103846152 0.027082
hs5 0 3846152 0.250131
hs5 3846153 7692306 0.187795
hs5 7692307 11538460 0.491834
hs5 11538461 15384614 0.391352
hs5 15384615 19230768 0.294118
hs5 19230769 23076922 0.457020
hs5 23076923 26923075 0.048177
hs5 26923076 30769229 0.039356
hs5 30769230 34615383 0.364570
hs5 34615384 38461537 0.541747
hs5 38461538 42307691 0.362365
hs5 42307692 46153845 0.334613
hs5 46153846 49999999 0.012406
hs5 50000000 53846152 0.270811
hs5 53846153 57692306 0.273464
hs5 57692307 61538460 0.681391
hs5 61538461 65384614 0.449210
hs5 65384615 69230768 0.464113
hs5 69230769 73076922 0.614587
hs5 73076923 76923075 0.500305
hs5 76923076 80769229 0.625037
hs5 80769230 84615383 0.403534
hs5 84615384 88461537 0.146591
hs5 88461538 92307691 0.194139
hs5 92307692 96153845 0.619640
hs5 96153846 99999999 0.100183
hs5 100000000 103846152 0.154158
hs5 103846153 107692306 0.198719
hs5 107692307 111538460 0.477738
hs5 111538461 115384614 0.407780
hs5 115384615 119230768 0.233368
hs5 119230769 123076922 0.258984
hs5 123076923 126923075 0.204156
hs5 126923076 130769229 0.331755
hs5 130769230 134615383 0.529617
hs5 134615384 138461537 0.496467
hs5 138461538 142307691 1.782350
hs5 142307692 146153845 0.371678
hs5 146153846 149999999 0.570021
hs5 150000000 153846152 0.343618
hs5 153846153 157692306 0.321959
hs5 157692307 161538460 0.426084
hs5 161538461 165384614 0.016000
hs5 165384615 169230768 0.550003
hs5 169230769 173076922 0.568972
hs5 173076923 176923075 0.336817
hs5 176923076 180769229 0.503395
hsY 0 3846152 0.237925
hsY 3846153 7692306 0.302061
hsY 7692307 11538460 0.247290
hsY 11538461 15384614 0.181936
hsY 15384615 19230768 0.072359
hsY 19230769 23076922 0.245789
hsY 23076923 26923075 0.260380
hsY 26923076 30769229 0.000000
hsY 30769230 34615383 0.000000
hsY 34615384 38461537 0.000000
hsY 38461538 42307691 0.000000
hsY 42307692 46153845 0.000000
hsY 46153846 49999999 0.000000
hsY 50000000 53846152 0.000000
hsY 53846153 57692306 0.020061
hsY 57692307 61538460 0.003442
hs1 0 3846152 0.546218
hs1 3846153 7692306 0.469138
hs1 7692307 11538460 0.612770
hs1 11538461 15384614 0.439919
hs1 15384615 19230768 0.552653
hs1 19230769 23076922 0.573528
hs1 23076923 26923075 0.507233
hs1 26923076 30769229 0.451063
hs1 30769230 34615383 0.565123
hs1 34615384 38461537 0.428650
hs1 38461538 42307691 0.503579
hs1 42307692 46153845 0.650909
hs1 46153846 49999999 0.623342
hs1 50000000 53846152 0.705910
hs1 53846153 57692306 0.500072
hs1 57692307 61538460 0.465403
hs1 61538461 65384614 0.579598
hs1 65384615 69230768 0.540187
hs1 69230769 73076922 0.442450
hs1 73076923 76923075 0.486526
hs1 76923076 80769229 0.369924
hs1 80769230 84615383 0.142176
hs1 84615384 88461537 0.464019
hs1 88461538 92307691 0.346145
hs1 92307692 96153845 0.453249
hs1 96153846 99999999 0.337331
hs1 100000000 103846152 0.300750
hs1 103846153 107692306 0.188811
hs1 107692307 111538460 0.480699
hs1 111538461 115384614 0.523368
hs1 115384615 119230768 0.340906
hs1 119230769 123076922 0.159065
hs1 123076923 126923075 0.000000
hs1 126923076 130769229 0.000000
hs1 130769230 134615383 0.000000
hs1 134615384 138461537 0.000000
hs1 138461538 142307691 0.000000
hs1 142307692 146153845 0.453273
hs1 146153846 149999999 0.392497
hs1 150000000 153846152 0.462909
hs1 153846153 157692306 0.411319
hs1 157692307 161538460 0.494602
hs1 161538461 165384614 0.299124
hs1 165384615 169230768 0.472941
hs1 169230769 173076922 0.579578
hs1 173076923 176923075 0.566499
hs1 176923076 180769229 0.567656
hs1 180769230 184615383 0.623542
hs1 184615384 188461537 0.092812
hs1 188461538 192307691 0.152773
hs1 192307692 196153845 0.314931
hs1 196153846 199999999 0.297484
hs1 200000000 203846152 0.592801
hs1 203846153 207692306 0.356434
hs1 207692307 211538460 0.603878
hs1 211538461 215384614 0.592052
hs1 215384615 219230768 0.297951
hs1 219230769 223076922 0.291706
hs1 223076923 226923075 0.537014
hs1 226923076 230769229 0.537261
hs1 230769230 234615383 0.489180
hs1 234615384 238461537 0.429980
hs1 238461538 242307691 0.650057
hs1 242307692 246153845 0.597196
hs1 246153846 249999999 0.062313
hs19 0 3846152 0.633787
hs19 3846153 7692306 0.615113
hs19 7692307 11538460 0.582768
hs19 11538461 15384614 0.522372
hs19 15384615 19230768 0.671753
hs19 19230769 23076922 0.323350
hs19 23076923 26923075 0.052214
hs19 26923076 30769229 0.000000
hs19 30769230 34615383 0.003493
hs19 34615384 38461537 0.278678
hs19 38461538 42307691 0.457462
hs19 42307692 46153845 0.614872
hs19 46153846 49999999 0.443494
hs19 50000000 53846152 0.581787
hs19 53846153 57692306 0.591455
hs19 57692307 61538460 0.549500
hs19 61538461 65384614 0.274260
hs2 0 3846152 0.445739
hs2 3846153 7692306 0.059112
hs2 7692307 11538460 0.398109
hs2 11538461 15384614 0.102660
hs2 15384615 19230768 0.190077
hs2 19230769 23076922 0.118749
hs2 23076923 26923075 0.657468
hs2 26923076 30769229 0.689635
hs2 30769230 34615383 0.543731
hs2 34615384 38461537 0.290861
hs2 38461538 42307691 0.313119
hs2 42307692 46153845 0.589982
hs2 46153846 49999999 0.409281
hs2 50000000 53846152 0.339015
hs2 53846153 57692306 0.436832
hs2 57692307 61538460 0.225316
hs2 61538461 65384614 0.452030
hs2 65384615 69230768 0.222743
hs2 69230769 73076922 0.571055
hs2 73076923 76923075 0.403908
hs2 76923076 80769229 0.476559
hs2 80769230 84615383 0.014748
hs2 84615384 88461537 0.568405
hs2 88461538 92307691 0.054979
hs2 92307692 96153845 0.092620
hs2 96153846 99999999 0.674644
hs2 100000000 103846152 0.359414
hs2 103846153 107692306 0.184369
hs2 107692307 111538460 0.605977
hs2 111538461 115384614 0.469195
hs2 115384615 119230768 0.278715
hs2 119230769 123076922 0.367383
hs2 123076923 126923075 0.231400
hs2 126923076 130769229 0.245032
hs2 130769230 134615383 0.457835
hs2 134615384 138461537 0.569579
hs2 138461538 142307691 0.472026
hs2 142307692 146153845 0.456666
hs2 146153846 149999999 0.347341
hs2 150000000 153846152 0.318518
hs2 153846153 157692306 0.234197
hs2 157692307 161538460 0.583927
hs2 161538461 165384614 0.433488
hs2 165384615 169230768 0.507871
hs2 169230769 173076922 0.660843
hs2 173076923 176923075 0.410384
hs2 176923076 180769229 0.612664
hs2 180769230 184615383 0.288028
hs2 184615384 188461537 0.217538
hs2 188461538 192307691 0.423310
hs2 192307692 196153845 0.074082
hs2 196153846 199999999 0.536465
hs2 200000000 203846152 0.600720
hs2 203846153 207692306 0.539963
hs2 207692307 211538460 0.428385
hs2 211538461 215384614 0.698463
hs2 215384615 219230768 0.480522
hs2 219230769 223076922 0.245489
hs2 223076923 226923075 0.302951
hs2 226923076 230769229 0.495178
hs2 230769230 234615383 0.779814
hs2 234615384 238461537 0.376776
hs2 238461538 242307691 0.460881
hs2 242307692 246153845 0.042738
hs8 0 3846152 0.464797
hs8 3846153 7692306 0.419582
hs8 7692307 11538460 0.439406
hs8 11538461 15384614 0.531338
hs8 15384615 19230768 0.440463
hs8 19230769 23076922 0.403150
hs8 23076923 26923075 0.325710
hs8 26923076 30769229 0.510806
hs8 30769230 34615383 0.390700
hs8 34615384 38461537 0.312201
hs8 38461538 42307691 0.519502
hs8 42307692 46153845 0.161711
hs8 46153846 49999999 0.200810
hs8 50000000 53846152 0.488416
hs8 53846153 57692306 0.297457
hs8 57692307 61538460 0.197308
hs8 61538461 65384614 0.406613
hs8 65384615 69230768 0.464603
hs8 69230769 73076922 0.412268
hs8 73076923 76923075 0.339749
hs8 76923076 80769229 0.142132
hs8 80769230 84615383 0.211825
hs8 84615384 88461537 0.502485
hs8 88461538 92307691 0.221923
hs8 92307692 96153845 0.265345
hs8 96153846 99999999 0.438636
hs8 100000000 103846152 0.569470
hs8 103846153 107692306 0.536157
hs8 107692307 111538460 0.294942
hs8 111538461 115384614 0.315687
hs8 115384615 119230768 0.252938
hs8 119230769 123076922 0.419672
hs8 123076923 126923075 0.416919
hs8 126923076 130769229 0.093235
hs8 130769230 134615383 0.527471
hs8 134615384 138461537 0.138253
hs8 138461538 142307691 0.532232
hs8 142307692 146153845 0.396056
hs8 146153846 149999999 0.010445
hs6 0 3846152 0.405986
hs6 3846153 7692306 0.502448
hs6 7692307 11538460 0.246137
hs6 11538461 15384614 0.329827
hs6 15384615 19230768 0.429087
hs6 19230769 23076922 0.378116
hs6 23076923 26923075 0.358899
hs6 26923076 30769229 0.248668
hs6 30769230 34615383 0.442378
hs6 34615384 38461537 0.663918
hs6 38461538 42307691 0.551060
hs6 42307692 46153845 0.591185
hs6 46153846 49999999 0.320164
hs6 50000000 53846152 0.326460
hs6 53846153 57692306 0.477879
hs6 57692307 61538460 0.010807
hs6 61538461 65384614 0.422914
hs6 65384615 69230768 0.283616
hs6 69230769 73076922 0.574898
hs6 73076923 76923075 0.469418
hs6 76923076 80769229 0.095492
hs6 80769230 84615383 0.275203
hs6 84615384 88461537 0.265948
hs6 88461538 92307691 0.388978
hs6 92307692 96153845 0.070376
hs6 96153846 99999999 0.239448
hs6 100000000 103846152 0.337488
hs6 103846153 107692306 0.265360
hs6 107692307 111538460 0.632358
hs6 111538461 115384614 0.215925
hs6 115384615 119230768 0.455058
hs6 119230769 123076922 0.251528
hs6 123076923 126923075 0.539694
hs6 126923076 130769229 0.528207
hs6 130769230 134615383 0.376672
hs6 134615384 138461537 0.604133
hs6 138461538 142307691 0.172380
hs6 142307692 146153845 0.539930
hs6 146153846 149999999 0.457398
hs6 150000000 153846152 0.599446
hs6 153846153 157692306 0.357461
hs6 157692307 161538460 0.546673
hs6 161538461 165384614 0.578159
hs6 165384615 169230768 0.403368
hs6 169230769 173076922 0.137962
hs14 0 3846152 0.000000
hs14 3846153 7692306 0.000000
hs14 7692307 11538460 0.000000
hs14 11538461 15384614 0.000000
hs14 15384615 19230768 0.017909
hs14 19230769 23076922 0.251566
hs14 23076923 26923075 0.199246
hs14 26923076 30769229 0.227297
hs14 30769230 34615383 0.576104
hs14 34615384 38461537 0.387726
hs14 38461538 42307691 0.146084
hs14 42307692 46153845 0.085458
hs14 46153846 49999999 0.369166
hs14 50000000 53846152 0.400196
hs14 53846153 57692306 0.397581
hs14 57692307 61538460 0.456930
hs14 61538461 65384614 0.567673
hs14 65384615 69230768 0.652771
hs14 69230769 73076922 0.620544
hs14 73076923 76923075 0.622148
hs14 76923076 80769229 0.673874
hs14 80769230 84615383 0.049136
hs14 84615384 88461537 0.192018
hs14 88461538 92307691 0.674800
hs14 92307692 96153845 0.493897
hs14 96153846 99999999 0.249359
hs14 100000000 103846152 0.483910
hs14 103846153 107692306 0.141978
hs17 0 3846152 0.687254
hs17 3846153 7692306 0.546776
hs17 7692307 11538460 0.622660
hs17 11538461 15384614 0.308663
hs17 15384615 19230768 0.617854
hs17 19230769 23076922 0.285360
hs17 23076923 26923075 0.692123
hs17 26923076 30769229 0.588607
hs17 30769230 34615383 0.532654
hs17 34615384 38461537 0.545979
hs17 38461538 42307691 0.598385
hs17 42307692 46153845 0.511983
hs17 46153846 49999999 0.232446
hs17 50000000 53846152 0.410349
hs17 53846153 57692306 0.733530
hs17 57692307 61538460 0.645872
hs17 61538461 65384614 0.600142
hs17 65384615 69230768 0.243949
hs17 69230769 73076922 0.595817
hs17 73076923 76923075 0.611057
hs17 76923076 80769229 0.304197
hs21 0 3846152 0.000000
hs21 3846153 7692306 0.000000
hs21 7692307 11538460 0.113792
hs21 11538461 15384614 0.121702
hs21 15384615 19230768 0.260017
hs21 19230769 23076922 0.156285
hs21 23076923 26923075 0.156741
hs21 26923076 30769229 0.247921
hs21 30769230 34615383 0.478308
hs21 34615384 38461537 0.499789
hs21 38461538 42307691 0.558047
hs21 42307692 46153845 0.549504
hs21 46153846 49999999 0.142823
