hs1 0 2300000 1.57327
hs1 2300000 5400000 1.25361
hs1 5400000 7200000 -2.07488
hs1 7200000 9200000 2.08675
hs1 9200000 12700000 -0.513224
hs1 12700000 16200000 1.83915
hs1 16200000 20400000 -1.86374
hs1 20400000 23900000 1.95882
hs1 23900000 28000000 0.0901007
hs1 28000000 30200000 2.08882
hs1 30200000 32400000 0.798258
hs1 32400000 34600000 0.0495811
hs1 34600000 40100000 -2.46056
hs1 40100000 44100000 1.40846
hs1 44100000 46800000 -2.35913
hs1 46800000 50700000 1.67789
hs1 50700000 56100000 -0.79079
hs1 56100000 59000000 -0.426463
hs1 59000000 61300000 1.00705
hs1 61300000 68900000 2.37327
hs1 68900000 69700000 -0.0175849
hs1 69700000 84900000 -0.404367
hs1 84900000 88400000 -2.12499
hs1 88400000 92000000 2.75915
hs1 92000000 94700000 2.35187
hs1 94700000 99700000 -0.836375
hs1 99700000 102200000 2.92133
hs1 102200000 107200000 -1.32111
hs1 107200000 111800000 2.38911
hs1 111800000 116100000 0.10233
hs1 116100000 117800000 1.47387
hs1 117800000 120600000 -1.06018
hs1 120600000 121500000 -2.38069
hs1 121500000 125000000 -1.55937
hs1 125000000 128900000 -1.32175
hs1 128900000 142600000 -2.44574
hs1 142600000 147000000 -2.57166
hs1 147000000 150300000 0.734022
hs1 150300000 155000000 -2.39854
hs1 155000000 156500000 -1.67328
hs1 156500000 159100000 1.05447
hs1 159100000 160500000 1.83461
hs1 160500000 165500000 -2.97332
hs1 165500000 167200000 2.03222
hs1 167200000 170900000 -1.24821
hs1 170900000 172900000 -0.00911435
hs1 172900000 176000000 -2.6178
hs1 176000000 180300000 -1.29794
hs1 180300000 185800000 2.36886
hs1 185800000 190800000 1.74477
hs1 190800000 193800000 -0.356379
hs1 193800000 198700000 -1.23259
hs1 198700000 207200000 2.5306
hs1 207200000 211500000 -0.063179
hs1 211500000 214500000 1.82282
hs1 214500000 224100000 1.35474
hs1 224100000 224600000 -0.831614
hs1 224600000 227000000 0.310753
hs1 227000000 230700000 2.76077
hs1 230700000 234700000 0.196492
hs1 234700000 236600000 2.53346
hs1 236600000 243700000 2.7714
hs1 243700000 249250621 2.03973
hs10 0 3000000 0.613008
hs10 3000000 3800000 -1.13339
hs10 3800000 6600000 -0.208269
hs10 6600000 12200000 -1.12152
hs10 12200000 17300000 1.36526
hs10 17300000 18600000 0.204405
hs10 18600000 18700000 1.34067
hs10 18700000 22600000 0.299484
hs10 22600000 24600000 -2.61042
hs10 24600000 29600000 2.47841
hs10 29600000 31300000 0.276667
hs10 31300000 34400000 -2.67375
hs10 34400000 38000000 -2.13432
hs10 38000000 40200000 2.27414
hs10 40200000 42300000 2.91502
hs10 42300000 46100000 1.59291
hs10 46100000 49900000 -2.19788
hs10 49900000 52900000 0.375658
hs10 52900000 61200000 -1.61729
hs10 61200000 64500000 -2.24402
hs10 64500000 70600000 0.738399
hs10 70600000 74900000 -2.66597
hs10 74900000 77700000 -1.79096
hs10 77700000 82000000 -2.0318
hs10 82000000 87900000 -2.67994
hs10 87900000 89500000 -0.516311
hs10 89500000 92900000 -0.594977
hs10 92900000 94100000 1.08392
hs10 94100000 97000000 0.47303
hs10 97000000 99300000 -2.42464
hs10 99300000 101900000 2.04923
hs10 101900000 103000000 -2.01096
hs10 103000000 104900000 -1.39165
hs10 104900000 105800000 0.0489765
hs10 105800000 111900000 1.72722
hs10 111900000 114900000 2.28149
hs10 114900000 119100000 2.70982
hs10 119100000 121700000 0.443844
hs10 121700000 123100000 1.04531
hs10 123100000 127500000 2.37203
hs10 127500000 130600000 0.426501
hs10 130600000 135534747 -0.738885
hs11 0 2800000 -0.712203
hs11 2800000 10700000 -1.67998
hs11 10700000 12700000 0.0718125
hs11 12700000 16200000 -2.9373
hs11 16200000 21700000 -2.55511
hs11 21700000 26100000 -0.853046
hs11 26100000 27200000 -1.48419
hs11 27200000 31000000 -2.73942
hs11 31000000 36400000 -0.0957959
hs11 36400000 43500000 1.67161
hs11 43500000 48800000 1.20221
hs11 48800000 51600000 -1.86097
hs11 51600000 53700000 2.96185
hs11 53700000 55700000 1.31658
hs11 55700000 59900000 -2.51503
hs11 59900000 61700000 0.79572
hs11 61700000 63400000 0.556489
hs11 63400000 65900000 -2.24702
hs11 65900000 68400000 -2.71356
hs11 68400000 70400000 -2.94216
hs11 70400000 75200000 2.09757
hs11 75200000 77100000 -0.289419
hs11 77100000 85600000 1.57719
hs11 85600000 88300000 -1.63107
hs11 88300000 92800000 0.247407
hs11 92800000 97200000 -1.38734
hs11 97200000 102100000 1.81707
hs11 102100000 102900000 0.157736
hs11 102900000 110400000 -2.54278
hs11 110400000 112500000 -2.15319
hs11 112500000 114500000 -2.67479
hs11 114500000 121200000 0.601881
hs11 121200000 123900000 0.928129
hs11 123900000 127800000 1.79381
hs11 127800000 130800000 1.06795
hs11 130800000 135006516 0.982971
hs12 0 3300000 -0.424118
hs12 3300000 5400000 0.378002
hs12 5400000 10100000 -2.24634
hs12 10100000 12800000 -0.863628
hs12 12800000 14800000 -0.107644
hs12 14800000 20000000 -2.36925
hs12 20000000 21300000 -2.03521
hs12 21300000 26500000 -0.82617
hs12 26500000 27800000 0.142028
hs12 27800000 30700000 0.462093
hs12 30700000 33300000 2.94578
hs12 33300000 35800000 -0.649196
hs12 35800000 38200000 -2.56528
hs12 38200000 46400000 0.907751
hs12 46400000 49100000 1.48311
hs12 49100000 51500000 0.532339
hs12 51500000 54900000 1.52138
hs12 54900000 56600000 -2.87027
hs12 56600000 58100000 0.17871
hs12 58100000 63100000 -1.09407
hs12 63100000 65100000 -1.81258
hs12 65100000 67700000 -2.10276
hs12 67700000 71500000 1.34108
hs12 71500000 75700000 -0.613608
hs12 75700000 80300000 -1.24158
hs12 80300000 86700000 2.18492
hs12 86700000 89000000 -1.55396
hs12 89000000 92600000 0.733834
hs12 92600000 96200000 2.05385
hs12 96200000 101600000 -0.874335
hs12 101600000 103800000 -0.811637
hs12 103800000 109000000 -0.366743
hs12 109000000 111700000 1.78021
hs12 111700000 112300000 -2.70398
hs12 112300000 114300000 -2.44339
hs12 114300000 116800000 0.46081
hs12 116800000 118100000 -0.867579
hs12 118100000 120700000 -2.66537
hs12 120700000 125900000 -1.52634
hs12 125900000 129300000 -1.56449
hs12 129300000 133851895 2.75209
hs13 0 4500000 -2.76294
hs13 4500000 10000000 1.03278
hs13 10000000 16300000 -1.41074
hs13 16300000 17900000 -0.657754
hs13 17900000 19500000 -0.371312
hs13 19500000 23300000 -0.313472
hs13 23300000 25500000 -1.2159
hs13 25500000 27800000 1.49468
hs13 27800000 28900000 0.071877
hs13 28900000 32200000 1.4408
hs13 32200000 34000000 -1.31179
hs13 34000000 35500000 0.300873
hs13 35500000 40100000 -0.882059
hs13 40100000 45200000 2.27568
hs13 45200000 45800000 2.7329
hs13 45800000 47300000 -2.4203
hs13 47300000 50900000 -2.09508
hs13 50900000 55300000 1.5068
hs13 55300000 59600000 -0.565072
hs13 59600000 62300000 -1.77126
hs13 62300000 65700000 2.2967
hs13 65700000 68600000 0.279666
hs13 68600000 73300000 2.85555
hs13 73300000 75400000 0.233551
hs13 75400000 77200000 0.987211
hs13 77200000 79000000 -2.87642
hs13 79000000 87700000 0.0159384
hs13 87700000 90000000 0.646693
hs13 90000000 95000000 1.61148
hs13 95000000 98200000 -2.21469
hs13 98200000 99300000 0.927337
hs13 99300000 101700000 -1.61057
hs13 101700000 104800000 -1.66479
hs13 104800000 107000000 0.686015
hs13 107000000 110300000 1.12074
hs13 110300000 115169878 -0.971514
hs14 0 3700000 -2.4884
hs14 3700000 8100000 1.04394
hs14 8100000 16100000 -0.434681
hs14 16100000 17600000 -0.304948
hs14 17600000 19100000 2.87376
hs14 19100000 24600000 -1.2203
hs14 24600000 33300000 -0.0328869
hs14 33300000 35300000 0.864353
hs14 35300000 36600000 -0.794564
hs14 36600000 37800000 1.59183
hs14 37800000 43500000 -2.64975
hs14 43500000 47200000 2.53517
hs14 47200000 50900000 -2.01879
hs14 50900000 54100000 1.71504
hs14 54100000 55500000 0.768894
hs14 55500000 58100000 2.89456
hs14 58100000 62100000 -0.917078
hs14 62100000 64800000 1.71618
hs14 64800000 67900000 0.49639
hs14 67900000 70200000 0.792412
hs14 70200000 73800000 1.34902
hs14 73800000 79300000 -1.19017
hs14 79300000 83600000 0.942249
hs14 83600000 84900000 1.27688
hs14 84900000 89800000 2.75054
hs14 89800000 91900000 -1.81395
hs14 91900000 94700000 -2.06186
hs14 94700000 96300000 -1.82481
hs14 96300000 101400000 2.20797
hs14 101400000 103200000 -2.20277
hs14 103200000 104000000 0.139479
hs14 104000000 107349540 2.76817
hs15 0 3900000 -0.545305
hs15 3900000 8700000 1.2388
hs15 8700000 15800000 -0.266523
hs15 15800000 19000000 2.80535
hs15 19000000 20700000 1.24616
hs15 20700000 25700000 2.93437
hs15 25700000 28100000 0.235239
hs15 28100000 30300000 2.35318
hs15 30300000 31200000 1.62886
hs15 31200000 33600000 1.36175
hs15 33600000 40100000 1.94146
hs15 40100000 42800000 2.84637
hs15 42800000 43600000 1.35317
hs15 43600000 44800000 -2.2119
hs15 44800000 49500000 -0.983159
hs15 49500000 52900000 -1.68646
hs15 52900000 59100000 1.5932
hs15 59100000 59300000 1.44875
hs15 59300000 63700000 -1.3177
hs15 63700000 67200000 2.66951
hs15 67200000 67300000 2.79309
hs15 67300000 67500000 -0.190968
hs15 67500000 72700000 -2.54427
hs15 72700000 75200000 2.0672
hs15 75200000 76600000 2.85251
hs15 76600000 78300000 0.779849
hs15 78300000 81700000 2.16928
hs15 81700000 85200000 -2.49551
hs15 85200000 89100000 1.1905
hs15 89100000 94300000 -0.68876
hs15 94300000 98500000 1.33973
hs15 98500000 102531392 1.85132
hs16 0 7900000 -0.10474
hs16 7900000 10500000 2.46058
hs16 10500000 12600000 -0.844368
hs16 12600000 14800000 -0.970606
hs16 14800000 16800000 0.809089
hs16 16800000 21200000 -2.2238
hs16 21200000 24200000 1.64056
hs16 24200000 28100000 -2.15401
hs16 28100000 34600000 2.43782
hs16 34600000 36600000 2.78807
hs16 36600000 38600000 2.32324
hs16 38600000 47000000 -2.69555
hs16 47000000 52600000 2.01949
hs16 52600000 56700000 -0.21162
hs16 56700000 57400000 -0.317062
hs16 57400000 66700000 1.76586
hs16 66700000 70800000 0.48204
hs16 70800000 72900000 -2.02157
hs16 72900000 74100000 1.77084
hs16 74100000 79200000 0.119859
hs16 79200000 81700000 1.92969
hs16 81700000 84200000 -0.128065
hs16 84200000 87100000 -1.85119
hs16 87100000 88700000 -2.10064
hs16 88700000 90354753 -0.914596
hs17 0 3300000 0.0235404
hs17 3300000 6500000 1.19873
hs17 6500000 10700000 0.4067
hs17 10700000 16000000 1.20393
hs17 16000000 22200000 -1.65659
hs17 22200000 24000000 -1.88842
hs17 24000000 25800000 0.566273
hs17 25800000 31800000 -1.19493
hs17 31800000 38100000 1.53855
hs17 38100000 38400000 1.3439
hs17 38400000 40900000 -0.409944
hs17 40900000 44900000 -0.475578
hs17 44900000 47400000 2.75966
hs17 47400000 50200000 2.11284
hs17 50200000 57600000 0.741696
hs17 57600000 58300000 -0.896551
hs17 58300000 61100000 -1.95509
hs17 61100000 62600000 -2.10872
hs17 62600000 64200000 2.24445
hs17 64200000 67100000 -2.96745
hs17 67100000 70900000 -0.950609
hs17 70900000 74800000 0.362927
hs17 74800000 75300000 -1.04387
hs17 75300000 81195210 -2.59512
hs18 0 2900000 -0.91282
hs18 2900000 7100000 -1.24331
hs18 7100000 8500000 -1.45021
hs18 8500000 10900000 1.35882
hs18 10900000 15400000 1.81454
hs18 15400000 17200000 0.881747
hs18 17200000 19000000 0.734259
hs18 19000000 25000000 -1.48589
hs18 25000000 32700000 -2.31661
hs18 32700000 37200000 -1.81212
hs18 37200000 43500000 2.37838
hs18 43500000 48200000 -1.31038
hs18 48200000 53800000 -2.97065
hs18 53800000 56200000 1.88067
hs18 56200000 59000000 -1.22407
hs18 59000000 61600000 -1.76349
hs18 61600000 66800000 0.392143
hs18 66800000 68700000 2.42154
hs18 68700000 73100000 0.230626
hs18 73100000 78077248 1.00683
hs19 0 6900000 -0.352616
hs19 6900000 13900000 0.493375
hs19 13900000 14000000 -0.0688058
hs19 14000000 16300000 -0.280738
hs19 16300000 20000000 -0.9575
hs19 20000000 24400000 -0.653055
hs19 24400000 26500000 -1.63357
hs19 26500000 28600000 1.15481
hs19 28600000 32400000 -2.16225
hs19 32400000 35500000 2.60361
hs19 35500000 38300000 0.0856496
hs19 38300000 38700000 1.06408
hs19 38700000 43400000 -0.16508
hs19 43400000 45200000 2.95478
hs19 45200000 48000000 1.88447
hs19 48000000 51400000 -1.2436
hs19 51400000 53600000 -0.094784
hs19 53600000 56300000 0.804572
hs19 56300000 59128983 2.88998
hs2 0 4400000 -0.0864838
hs2 4400000 7100000 -1.88775
hs2 7100000 12200000 1.51895
hs2 12200000 16700000 -0.277119
hs2 16700000 19200000 1.06629
hs2 19200000 24000000 2.17787
hs2 24000000 27900000 -0.255856
hs2 27900000 30000000 1.54921
hs2 30000000 32100000 0.0877573
hs2 32100000 36600000 -1.56834
hs2 36600000 38600000 1.02171
hs2 38600000 41800000 -2.45386
hs2 41800000 47800000 -2.6942
hs2 47800000 52900000 2.41864
hs2 52900000 55000000 0.160333
hs2 55000000 61300000 2.26378
hs2 61300000 64100000 -2.69131
hs2 64100000 68600000 -1.80003
hs2 68600000 71500000 -2.55558
hs2 71500000 73500000 -2.52303
hs2 73500000 75000000 -0.473643
hs2 75000000 83300000 2.88928
hs2 83300000 90500000 -1.15459
hs2 90500000 93300000 -0.749709
hs2 93300000 96800000 1.33747
hs2 96800000 102700000 -2.90584
hs2 102700000 106000000 -1.35605
hs2 106000000 107500000 -2.99724
hs2 107500000 110200000 1.81731
hs2 110200000 114400000 -0.300946
hs2 114400000 118800000 -2.56669
hs2 118800000 122400000 -1.05258
hs2 122400000 129900000 -0.369193
hs2 129900000 132500000 0.818683
hs2 132500000 135100000 0.197064
hs2 135100000 136800000 1.88668
hs2 136800000 142200000 1.91603
hs2 142200000 144100000 0.796704
hs2 144100000 148700000 2.57264
hs2 148700000 149900000 -2.19085
hs2 149900000 150500000 1.20129
hs2 150500000 154900000 0.622828
hs2 154900000 159800000 -2.14655
hs2 159800000 163700000 1.86028
hs2 163700000 169700000 -1.49233
hs2 169700000 178000000 2.00104
hs2 178000000 180600000 -1.06776
hs2 180600000 183000000 1.6515
hs2 183000000 189400000 -2.306
hs2 189400000 191900000 0.0409438
hs2 191900000 197400000 1.40738
hs2 197400000 203300000 -0.437814
hs2 203300000 204900000 0.399936
hs2 204900000 209000000 0.00354564
hs2 209000000 215300000 -2.9108
hs2 215300000 221500000 1.15327
hs2 221500000 225200000 -2.01181
hs2 225200000 226100000 -2.05703
hs2 226100000 231000000 2.82744
hs2 231000000 235600000 -1.41616
hs2 235600000 237300000 1.48906
hs2 237300000 243199373 -0.706372
hs20 0 5100000 -0.816396
hs20 5100000 9200000 2.09712
hs20 9200000 12100000 -2.79063
hs20 12100000 17900000 1.72832
hs20 17900000 21300000 -1.5488
hs20 21300000 22300000 2.51749
hs20 22300000 25600000 1.69536
hs20 25600000 27500000 -1.56049
hs20 27500000 29400000 2.98872
hs20 29400000 32100000 0.0764764
hs20 32100000 34400000 1.50813
hs20 34400000 37600000 -0.470154
hs20 37600000 41700000 0.075982
hs20 41700000 42100000 0.381778
hs20 42100000 46400000 -0.199585
hs20 46400000 49800000 2.96075
hs20 49800000 55000000 2.22453
hs20 55000000 56500000 2.53322
hs20 56500000 58400000 -2.26682
hs20 58400000 63025520 -1.8224
hs21 0 2800000 -1.34544
hs21 2800000 6800000 1.18092
hs21 6800000 10900000 1.0702
hs21 10900000 13200000 2.91562
hs21 13200000 14300000 -0.834092
hs21 14300000 16400000 -2.49662
hs21 16400000 24000000 -2.40246
hs21 24000000 26800000 -0.758512
hs21 26800000 31500000 -0.755748
hs21 31500000 35800000 -1.93844
hs21 35800000 37800000 0.760614
hs21 37800000 39700000 1.19393
hs21 39700000 42600000 -2.85865
hs21 42600000 48129895 -0.227845
hs22 0 3800000 -2.40916
hs22 3800000 8300000 0.787901
hs22 8300000 12200000 -0.325414
hs22 12200000 14700000 -1.40938
hs22 14700000 17900000 2.38732
hs22 17900000 22200000 1.95996
hs22 22200000 23500000 2.76911
hs22 23500000 25900000 0.970397
hs22 25900000 29600000 -1.40678
hs22 29600000 32200000 -0.553321
hs22 32200000 37600000 -1.69304
hs22 37600000 41000000 -0.185371
hs22 41000000 44200000 -1.18433
hs22 44200000 48400000 0.747907
hs22 48400000 49400000 -0.600595
hs22 49400000 51304566 0.0934031
hs3 0 2800000 -2.86565
hs3 2800000 4000000 1.54172
hs3 4000000 8700000 -1.89609
hs3 8700000 11800000 1.50384
hs3 11800000 13300000 -1.49261
hs3 13300000 16400000 -1.40342
hs3 16400000 23900000 2.74986
hs3 23900000 26400000 -2.26195
hs3 26400000 30900000 -1.31897
hs3 30900000 32100000 -1.49153
hs3 32100000 36500000 0.0923057
hs3 36500000 39400000 -1.41864
hs3 39400000 43700000 0.87499
hs3 43700000 44100000 -2.94141
hs3 44100000 44200000 2.15571
hs3 44200000 50600000 2.36508
hs3 50600000 52300000 1.0934
hs3 52300000 54400000 2.5446
hs3 54400000 58600000 2.06209
hs3 58600000 63700000 0.757454
hs3 63700000 69800000 2.19696
hs3 69800000 74200000 2.18568
hs3 74200000 79800000 -0.737844
hs3 79800000 83500000 -2.22971
hs3 83500000 87200000 0.300136
hs3 87200000 87900000 -2.62388
hs3 87900000 91000000 0.757897
hs3 91000000 93900000 -2.44169
hs3 93900000 98300000 -2.48094
hs3 98300000 100000000 2.74359
hs3 100000000 100900000 2.27681
hs3 100900000 102800000 -2.99001
hs3 102800000 106200000 -1.81241
hs3 106200000 107900000 -0.157848
hs3 107900000 111300000 -1.97693
hs3 111300000 113500000 2.09328
hs3 113500000 117300000 2.00889
hs3 117300000 119000000 -1.8252
hs3 119000000 121900000 -1.32182
hs3 121900000 123800000 -0.724279
hs3 123800000 125800000 1.51721
hs3 125800000 129200000 -2.23854
hs3 129200000 133700000 -1.17698
hs3 133700000 135700000 2.58364
hs3 135700000 138700000 0.777562
hs3 138700000 142800000 0.91891
hs3 142800000 148900000 -2.30894
hs3 148900000 152100000 -1.7181
hs3 152100000 155000000 2.0698
hs3 155000000 157000000 -1.25561
hs3 157000000 159000000 0.335007
hs3 159000000 160700000 -0.27767
hs3 160700000 167600000 -1.31771
hs3 167600000 170900000 -1.54861
hs3 170900000 175700000 2.42179
hs3 175700000 179000000 -1.98498
hs3 179000000 182700000 0.461695
hs3 182700000 184500000 1.76866
hs3 184500000 186000000 -1.41671
hs3 186000000 187900000 0.398957
hs3 187900000 192300000 -1.85314
hs3 192300000 198022430 0.546268
hs4 0 4500000 -2.36033
hs4 4500000 6000000 -2.22598
hs4 6000000 11300000 2.31574
hs4 11300000 15200000 -2.58035
hs4 15200000 17800000 1.92349
hs4 17800000 21300000 -2.56912
hs4 21300000 27700000 -0.972532
hs4 27700000 35800000 -1.22267
hs4 35800000 41200000 -0.48462
hs4 41200000 44600000 1.19641
hs4 44600000 48200000 2.70487
hs4 48200000 50400000 -0.202823
hs4 50400000 52700000 1.37854
hs4 52700000 59500000 -0.746471
hs4 59500000 66600000 -0.687877
hs4 66600000 70500000 -1.53216
hs4 70500000 76300000 -2.16708
hs4 76300000 78900000 1.92632
hs4 78900000 82400000 1.47092
hs4 82400000 84100000 0.533009
hs4 84100000 86900000 -1.70954
hs4 86900000 88000000 -2.51258
hs4 88000000 93700000 2.6731
hs4 93700000 95100000 -1.06474
hs4 95100000 98800000 -0.29445
hs4 98800000 101100000 -2.99431
hs4 101100000 107700000 -2.6182
hs4 107700000 114100000 1.1397
hs4 114100000 120800000 1.69801
hs4 120800000 123800000 2.21707
hs4 123800000 128800000 1.96066
hs4 128800000 131100000 1.23747
hs4 131100000 139500000 1.24746
hs4 139500000 141500000 2.43504
hs4 141500000 146800000 -0.722804
hs4 146800000 148500000 0.30027
hs4 148500000 151100000 -0.606452
hs4 151100000 155600000 -1.59756
hs4 155600000 161800000 -0.422755
hs4 161800000 164500000 1.25543
hs4 164500000 170100000 -2.46885
hs4 170100000 171900000 2.04836
hs4 171900000 176300000 2.80982
hs4 176300000 177500000 -1.36716
hs4 177500000 183200000 -1.78353
hs4 183200000 187100000 1.99403
hs4 187100000 191154276 -0.0870555
hs5 0 4500000 0.604009
hs5 4500000 6300000 1.88591
hs5 6300000 9800000 0.955713
hs5 9800000 15000000 2.7001
hs5 15000000 18400000 0.0351091
hs5 18400000 23300000 2.75744
hs5 23300000 24600000 -1.56027
hs5 24600000 28900000 -0.108879
hs5 28900000 33800000 -0.687088
hs5 33800000 38400000 0.327928
hs5 38400000 42500000 -2.21038
hs5 42500000 46100000 2.55828
hs5 46100000 48400000 -1.85843
hs5 48400000 50700000 1.54052
hs5 50700000 58900000 2.68739
hs5 58900000 62900000 0.233655
hs5 62900000 63200000 0.873326
hs5 63200000 66700000 1.64734
hs5 66700000 68400000 0.963085
hs5 68400000 73300000 1.38273
hs5 73300000 76900000 0.306226
hs5 76900000 81400000 0.737109
hs5 81400000 82800000 2.76458
hs5 82800000 92300000 -1.4581
hs5 92300000 98200000 1.05728
hs5 98200000 102800000 -0.746311
hs5 102800000 104500000 -1.04144
hs5 104500000 109600000 1.75574
hs5 109600000 111500000 0.134277
hs5 111500000 113100000 2.38781
hs5 113100000 115200000 -1.30007
hs5 115200000 121400000 0.167766
hs5 121400000 127300000 1.00068
hs5 127300000 130600000 -0.072996
hs5 130600000 136200000 -1.60208
hs5 136200000 139500000 1.93093
hs5 139500000 144500000 -2.77861
hs5 144500000 149800000 -2.29118
hs5 149800000 152700000 -2.61808
hs5 152700000 155700000 -0.682817
hs5 155700000 159900000 2.02273
hs5 159900000 168500000 2.02842
hs5 168500000 172800000 2.41022
hs5 172800000 176600000 0.549926
hs5 176600000 180915260 -0.752062
hs6 0 2300000 -1.53499
hs6 2300000 4200000 -2.57433
hs6 4200000 7100000 1.66314
hs6 7100000 10600000 -0.0894037
hs6 10600000 11600000 -0.65436
hs6 11600000 13400000 1.62284
hs6 13400000 15200000 -1.07689
hs6 15200000 25200000 1.31665
hs6 25200000 27000000 2.7191
hs6 27000000 30400000 -0.70366
hs6 30400000 32100000 -2.44823
hs6 32100000 33500000 -1.91709
hs6 33500000 36600000 -2.86873
hs6 36600000 40500000 2.94108
hs6 40500000 46200000 -1.42608
hs6 46200000 51800000 -0.209607
hs6 51800000 52900000 -1.21557
hs6 52900000 57000000 1.69737
hs6 57000000 58700000 -0.698619
hs6 58700000 61000000 -1.81271
hs6 61000000 63300000 2.14301
hs6 63300000 63400000 1.84311
hs6 63400000 70000000 -1.12178
hs6 70000000 75900000 -1.36435
hs6 75900000 83900000 0.0753817
hs6 83900000 84900000 2.9665
hs6 84900000 88000000 -0.720585
hs6 88000000 93100000 2.60734
hs6 93100000 99500000 -2.60303
hs6 99500000 100600000 2.95525
hs6 100600000 105500000 -1.90319
hs6 105500000 114600000 2.63734
hs6 114600000 118300000 2.32472
hs6 118300000 118500000 -0.441623
hs6 118500000 126100000 -2.5683
hs6 126100000 127100000 2.07905
hs6 127100000 130300000 0.0421313
hs6 130300000 131200000 -1.57514
hs6 131200000 135200000 1.73109
hs6 135200000 139000000 -0.5318
hs6 139000000 142800000 -0.767224
hs6 142800000 145600000 0.774679
hs6 145600000 149000000 -1.16804
hs6 149000000 152500000 1.08565
hs6 152500000 155500000 -2.95579
hs6 155500000 161000000 1.79995
hs6 161000000 164500000 -1.06577
hs6 164500000 171115067 -1.67797
hs7 0 2800000 0.021963
hs7 2800000 4500000 -2.81027
hs7 4500000 7300000 1.19041
hs7 7300000 13800000 -1.88258
hs7 13800000 16500000 -0.48466
hs7 16500000 20900000 -1.55373
hs7 20900000 25500000 -1.33233
hs7 25500000 28000000 -0.623516
hs7 28000000 28800000 -0.241594
hs7 28800000 35000000 2.07559
hs7 35000000 37200000 1.09832
hs7 37200000 43300000 0.126743
hs7 43300000 45400000 -0.463032
hs7 45400000 49000000 -2.91311
hs7 49000000 50500000 -0.665168
hs7 50500000 54000000 0.799843
hs7 54000000 58000000 1.22551
hs7 58000000 59900000 -0.111345
hs7 59900000 61700000 2.79925
hs7 61700000 67000000 -0.855109
hs7 67000000 72200000 -2.23227
hs7 72200000 77500000 -0.309167
hs7 77500000 86400000 -1.99251
hs7 86400000 88200000 -2.27342
hs7 88200000 91100000 0.0229232
hs7 91100000 92800000 0.574689
hs7 92800000 98000000 1.6576
hs7 98000000 103800000 1.78887
hs7 103800000 104500000 1.72995
hs7 104500000 107400000 -2.69613
hs7 107400000 114600000 0.0942664
hs7 114600000 117400000 1.87869
hs7 117400000 121100000 0.576066
hs7 121100000 123800000 2.87745
hs7 123800000 127100000 -1.93526
hs7 127100000 129200000 -2.79226
hs7 129200000 130400000 2.05085
hs7 130400000 132600000 -2.07093
hs7 132600000 138200000 -0.435278
hs7 138200000 143100000 2.6401
hs7 143100000 147900000 2.60661
hs7 147900000 152600000 -1.11398
hs7 152600000 155100000 -1.50664
hs7 155100000 159138663 -1.10967
hs8 0 2200000 -1.15442
hs8 2200000 6200000 -0.0576087
hs8 6200000 12700000 -0.420273
hs8 12700000 19000000 -1.09555
hs8 19000000 23300000 1.46283
hs8 23300000 27400000 1.89453
hs8 27400000 28800000 0.973575
hs8 28800000 36500000 -1.98429
hs8 36500000 38300000 -0.559429
hs8 38300000 39700000 -1.82834
hs8 39700000 43100000 0.639862
hs8 43100000 45600000 2.87264
hs8 45600000 48100000 0.647317
hs8 48100000 52200000 2.47928
hs8 52200000 52600000 0.564929
hs8 52600000 55500000 0.609141
hs8 55500000 61600000 -0.590909
hs8 61600000 62200000 1.34332
hs8 62200000 66000000 2.66535
hs8 66000000 68000000 -0.312685
hs8 68000000 70500000 -0.122956
hs8 70500000 73900000 -1.93254
hs8 73900000 78300000 -0.815125
hs8 78300000 80100000 1.70021
hs8 80100000 84600000 -2.85351
hs8 84600000 86900000 -1.18585
hs8 86900000 93300000 1.19063
hs8 93300000 99000000 -2.05096
hs8 99000000 101600000 -2.97537
hs8 101600000 106200000 1.12295
hs8 106200000 110500000 -1.7503
hs8 110500000 112100000 0.786666
hs8 112100000 117700000 0.873559
hs8 117700000 119200000 -2.79161
hs8 119200000 122500000 1.00823
hs8 122500000 127300000 -0.766251
hs8 127300000 131500000 2.1224
hs8 131500000 136400000 1.92165
hs8 136400000 139900000 -1.93345
hs8 139900000 146364022 -1.16573
hs9 0 2200000 1.52511
hs9 2200000 4600000 2.53259
hs9 4600000 9000000 -2.74082
hs9 9000000 14200000 0.2821
hs9 14200000 16600000 -2.14321
hs9 16600000 18500000 2.51439
hs9 18500000 19900000 1.30326
hs9 19900000 25600000 0.0332127
hs9 25600000 28000000 0.337086
hs9 28000000 33200000 -2.56865
hs9 33200000 36300000 2.31005
hs9 36300000 38400000 -0.113888
hs9 38400000 41000000 -0.236441
hs9 41000000 43600000 0.828297
hs9 43600000 47300000 1.03604
hs9 47300000 49000000 0.086891
hs9 49000000 50700000 1.01596
hs9 50700000 65900000 -2.41932
hs9 65900000 68700000 -2.77922
hs9 68700000 72200000 2.82739
hs9 72200000 74000000 -1.28659
hs9 74000000 79200000 0.206775
hs9 79200000 81100000 2.09711
hs9 81100000 84100000 -2.05732
hs9 84100000 86900000 0.885076
hs9 86900000 90400000 -2.5352
hs9 90400000 91800000 -0.630748
hs9 91800000 93900000 -2.16792
hs9 93900000 96600000 2.72661
hs9 96600000 99300000 0.700182
hs9 99300000 102600000 1.71589
hs9 102600000 108200000 -1.84354
hs9 108200000 111300000 -0.671879
hs9 111300000 114900000 2.96798
hs9 114900000 117700000 2.84062
hs9 117700000 122500000 0.487937
hs9 122500000 125800000 -0.0327843
hs9 125800000 130300000 -2.46785
hs9 130300000 133500000 1.14129
hs9 133500000 134000000 -2.44962
hs9 134000000 135900000 1.8937
hs9 135900000 137400000 1.55905
hs9 137400000 141213431 -1.75364
hsX 0 4300000 1.12341
hsX 4300000 6000000 2.19086
hsX 6000000 9500000 -1.62426
hsX 9500000 17100000 -2.92405
hsX 17100000 19300000 -2.77756
hsX 19300000 21900000 -0.963408
hsX 21900000 24900000 -2.77277
hsX 24900000 29300000 -1.82373
hsX 29300000 31500000 -1.7991
hsX 31500000 37600000 2.32385
hsX 37600000 42400000 -2.42645
hsX 42400000 46400000 1.36022
hsX 46400000 49800000 -0.766224
hsX 49800000 54800000 -0.557832
hsX 54800000 58100000 -2.5496
hsX 58100000 60600000 -0.315849
hsX 60600000 63000000 -1.19344
hsX 63000000 64600000 -2.27179
hsX 64600000 67800000 -1.20524
hsX 67800000 71800000 0.62903
hsX 71800000 73900000 -0.845863
hsX 73900000 76000000 -1.31327
hsX 76000000 84600000 -1.05409
hsX 84600000 86200000 2.22801
hsX 86200000 91800000 -2.9152
hsX 91800000 93500000 2.59919
hsX 93500000 98300000 0.902448
hsX 98300000 102600000 -2.06434
hsX 102600000 103700000 1.27275
hsX 103700000 108700000 1.7041
hsX 108700000 116500000 1.01415
hsX 116500000 120900000 -2.09974
hsX 120900000 128700000 0.663817
hsX 128700000 130400000 -1.50789
hsX 130400000 133600000 2.52815
hsX 133600000 138000000 -0.384954
hsX 138000000 140300000 -2.369
hsX 140300000 142100000 -1.78832
hsX 142100000 147100000 -1.56753
hsX 147100000 155270560 -1.74015
hsY 0 2500000 -0.026736
hsY 2500000 3000000 -2.81996
hsY 3000000 11600000 2.27715
hsY 11600000 12500000 -2.78017
hsY 12500000 13400000 1.10491
hsY 13400000 15100000 1.56971
hsY 15100000 19800000 -2.06104
hsY 19800000 22100000 -1.22896
hsY 22100000 26200000 -1.50235
hsY 26200000 28800000 2.19783
hsY 28800000 59373566 0.913718
