hs1 0 4999999 0.958722
hs1 5000000 9999999 0.501098
hs1 10000000 14999999 0.658576
hs1 15000000 19999999 0.966095
hs1 20000000 24999999 0.0436815
hs1 25000000 29999999 0.60349
hs1 30000000 34999999 0.613028
hs1 35000000 39999999 0.751743
hs1 40000000 44999999 0.173627
hs1 45000000 49999999 0.411042
hs1 50000000 54999999 0.0346359
hs1 55000000 59999999 0.693569
hs1 60000000 64999999 0.845254
hs1 65000000 69999999 0.298904
hs1 70000000 74999999 0.249828
hs1 75000000 79999999 0.799303
hs1 80000000 84999999 0.308081
hs1 85000000 89999999 0.856063
hs1 90000000 94999999 0.424271
hs1 95000000 99999999 0.319741
hs1 100000000 104999999 0.97215
hs1 105000000 109999999 0.940533
hs1 110000000 114999999 0.612671
hs1 115000000 119999999 0.927637
hs1 120000000 124999999 0.934016
hs1 140000000 144999999 0.862035
hs1 145000000 149999999 0.71583
hs1 150000000 154999999 0.32063
hs1 155000000 159999999 0.688576
hs1 160000000 164999999 0.180749
hs1 165000000 169999999 0.324892
hs1 170000000 174999999 0.844662
hs1 175000000 179999999 0.166583
hs1 180000000 184999999 0.471032
hs1 185000000 189999999 0.360338
hs1 190000000 194999999 0.63105
hs1 195000000 199999999 0.728201
hs1 200000000 204999999 0.931559
hs1 205000000 209999999 0.951634
hs1 210000000 214999999 0.376659
hs1 215000000 219999999 0.599723
hs1 220000000 224999999 0.154373
hs1 225000000 229999999 0.915358
hs1 230000000 234999999 0.784008
hs1 235000000 239999999 0.848702
hs1 240000000 244999999 0.178775
hs1 245000000 249999999 0.412468
hs10 0 4999999 0.651021
hs10 5000000 9999999 0.497131
hs10 10000000 14999999 0.149226
hs10 15000000 19999999 0.254037
hs10 20000000 24999999 0.752502
hs10 25000000 29999999 0.316845
hs10 30000000 34999999 0.294142
hs10 35000000 39999999 0.521895
hs10 40000000 44999999 0.479664
hs10 45000000 49999999 0.841879
hs10 50000000 54999999 0.497469
hs10 55000000 59999999 0.846377
hs10 60000000 64999999 0.499047
hs10 65000000 69999999 0.382506
hs10 70000000 74999999 0.150451
hs10 75000000 79999999 0.470338
hs10 80000000 84999999 0.42906
hs10 85000000 89999999 0.930158
hs10 90000000 94999999 0.588733
hs10 95000000 99999999 0.554828
hs10 100000000 104999999 0.59851
hs10 105000000 109999999 0.201999
hs10 110000000 114999999 0.815028
hs10 115000000 119999999 0.566771
hs10 120000000 124999999 0.740397
hs10 125000000 129999999 0.15144
hs10 130000000 134999999 0.186076
hs10 135000000 139999999 0.879645
hs11 0 4999999 0.724899
hs11 5000000 9999999 0.0238022
hs11 10000000 14999999 0.273631
hs11 15000000 19999999 0.0729335
hs11 20000000 24999999 0.381014
hs11 25000000 29999999 0.237077
hs11 30000000 34999999 0.661348
hs11 35000000 39999999 0.981089
hs11 40000000 44999999 0.953239
hs11 45000000 49999999 0.893772
hs11 50000000 54999999 0.506443
hs11 55000000 59999999 0.434079
hs11 60000000 64999999 0.368096
hs11 65000000 69999999 0.230131
hs11 70000000 74999999 0.945961
hs11 75000000 79999999 0.266591
hs11 80000000 84999999 0.955166
hs11 85000000 89999999 0.135915
hs11 90000000 94999999 0.460807
hs11 95000000 99999999 0.305469
hs11 100000000 104999999 0.472052
hs11 105000000 109999999 0.943084
hs11 110000000 114999999 0.303421
hs11 115000000 119999999 0.934472
hs11 120000000 124999999 0.662673
hs11 125000000 129999999 0.594231
hs11 130000000 134999999 0.545865
hs12 0 4999999 0.922524
hs12 5000000 9999999 0.522247
hs12 10000000 14999999 0.67662
hs12 15000000 19999999 0.591978
hs12 20000000 24999999 0.375986
hs12 25000000 29999999 0.224688
hs12 30000000 34999999 0.403463
hs12 35000000 39999999 0.815931
hs12 40000000 44999999 0.466952
hs12 45000000 49999999 0.964083
hs12 50000000 54999999 0.11331
hs12 55000000 59999999 0.367346
hs12 60000000 64999999 0.119848
hs12 65000000 69999999 0.436693
hs12 70000000 74999999 0.730835
hs12 75000000 79999999 0.25273
hs12 80000000 84999999 0.732395
hs12 85000000 89999999 0.574274
hs12 90000000 94999999 0.0717425
hs12 95000000 99999999 0.91812
hs12 100000000 104999999 0.417166
hs12 105000000 109999999 0.799673
hs12 110000000 114999999 0.950124
hs12 115000000 119999999 0.420462
hs12 120000000 124999999 0.849522
hs12 125000000 129999999 0.77968
hs12 130000000 134999999 0.368413
hs13 15000000 19999999 0.923241
hs13 20000000 24999999 0.521751
hs13 25000000 29999999 0.723751
hs13 30000000 34999999 0.538779
hs13 35000000 39999999 0.105549
hs13 40000000 44999999 0.845947
hs13 45000000 49999999 0.997387
hs13 50000000 54999999 0.183462
hs13 55000000 59999999 0.0631073
hs13 60000000 64999999 0.788006
hs13 65000000 69999999 0.811808
hs13 70000000 74999999 0.0854386
hs13 75000000 79999999 0.158372
hs13 80000000 84999999 0.539386
hs13 85000000 89999999 0.776463
hs13 90000000 94999999 0.437811
hs13 95000000 99999999 0.4189
hs13 100000000 104999999 0.372139
hs13 105000000 109999999 0.265911
hs13 110000000 114999999 0.772354
hs14 15000000 19999999 0.206434
hs14 20000000 24999999 0.57453
hs14 25000000 29999999 0.804661
hs14 30000000 34999999 0.750622
hs14 35000000 39999999 0.0172121
hs14 40000000 44999999 0.972378
hs14 45000000 49999999 0.108293
hs14 50000000 54999999 0.5691
hs14 55000000 59999999 0.874569
hs14 60000000 64999999 0.346621
hs14 65000000 69999999 0.289704
hs14 70000000 74999999 0.593126
hs14 75000000 79999999 0.527598
hs14 80000000 84999999 0.19027
hs14 85000000 89999999 0.784501
hs14 90000000 94999999 0.330367
hs14 95000000 99999999 0.252891
hs14 100000000 104999999 0.775138
hs14 105000000 109999999 0.451759
hs15 15000000 19999999 0.043737
hs15 20000000 24999999 0.419723
hs15 25000000 29999999 0.644411
hs15 30000000 34999999 0.0478732
hs15 35000000 39999999 0.863804
hs15 40000000 44999999 0.330756
hs15 45000000 49999999 0.29484
hs15 50000000 54999999 0.40815
hs15 55000000 59999999 0.775496
hs15 60000000 64999999 0.895344
hs15 65000000 69999999 0.332037
hs15 70000000 74999999 0.0628719
hs15 75000000 79999999 0.315602
hs15 80000000 84999999 0.047997
hs15 85000000 89999999 0.622271
hs15 90000000 94999999 0.694013
hs15 95000000 99999999 0.612133
hs15 100000000 104999999 0.0292994
hs16 0 4999999 0.828972
hs16 5000000 9999999 0.779096
hs16 10000000 14999999 0.199558
hs16 15000000 19999999 0.04908
hs16 20000000 24999999 0.82876
hs16 25000000 29999999 0.197173
hs16 30000000 34999999 0.120414
hs16 45000000 49999999 0.642166
hs16 50000000 54999999 0.365916
hs16 55000000 59999999 0.904695
hs16 60000000 64999999 0.0102442
hs16 65000000 69999999 0.856191
hs16 70000000 74999999 0.853578
hs16 75000000 79999999 0.0370404
hs16 80000000 84999999 0.100148
hs16 85000000 89999999 0.888154
hs17 0 4999999 0.699962
hs17 5000000 9999999 0.7854
hs17 10000000 14999999 0.943772
hs17 15000000 19999999 0.483159
hs17 20000000 24999999 0.259622
hs17 25000000 29999999 0.697433
hs17 30000000 34999999 0.116333
hs17 35000000 39999999 0.488472
hs17 40000000 44999999 0.754384
hs17 45000000 49999999 0.526738
hs17 50000000 54999999 0.733172
hs17 55000000 59999999 0.307701
hs17 60000000 64999999 0.112362
hs17 65000000 69999999 0.862984
hs17 70000000 74999999 0.880196
hs17 75000000 79999999 0.852574
hs18 0 4999999 0.960867
hs18 5000000 9999999 0.529967
hs18 10000000 14999999 0.404536
hs18 15000000 19999999 0.751157
hs18 20000000 24999999 0.0408611
hs18 25000000 29999999 0.633987
hs18 30000000 34999999 0.161585
hs18 35000000 39999999 0.351855
hs18 40000000 44999999 0.136356
hs18 45000000 49999999 0.466723
hs18 50000000 54999999 0.719613
hs18 55000000 59999999 0.494752
hs18 60000000 64999999 0.94651
hs18 65000000 69999999 0.990247
hs18 70000000 74999999 0.40997
hs18 75000000 79999999 0.0543809
hs19 0 4999999 0.102254
hs19 5000000 9999999 0.966058
hs19 10000000 14999999 0.296814
hs19 15000000 19999999 0.591654
hs19 20000000 24999999 0.999804
hs19 30000000 34999999 0.7753
hs19 35000000 39999999 0.670644
hs19 40000000 44999999 0.00268071
hs19 45000000 49999999 0.0655526
hs19 50000000 54999999 0.381155
hs19 55000000 59999999 0.429152
hs19 60000000 64999999 0.0514225
hs2 0 4999999 0.745435
hs2 5000000 9999999 0.357568
hs2 10000000 14999999 0.386868
hs2 15000000 19999999 0.21584
hs2 20000000 24999999 0.994936
hs2 25000000 29999999 0.194494
hs2 30000000 34999999 0.243574
hs2 35000000 39999999 0.0723332
hs2 40000000 44999999 0.269506
hs2 45000000 49999999 0.38992
hs2 50000000 54999999 0.0320856
hs2 55000000 59999999 0.398002
hs2 60000000 64999999 0.302697
hs2 65000000 69999999 0.312941
hs2 70000000 74999999 0.169132
hs2 75000000 79999999 0.02271
hs2 80000000 84999999 0.0597504
hs2 85000000 89999999 0.159898
hs2 90000000 94999999 0.0480518
hs2 95000000 99999999 0.748013
hs2 100000000 104999999 0.533414
hs2 105000000 109999999 0.477186
hs2 110000000 114999999 0.960345
hs2 115000000 119999999 0.219966
hs2 120000000 124999999 0.917399
hs2 125000000 129999999 0.0337324
hs2 130000000 134999999 0.522205
hs2 135000000 139999999 0.276588
hs2 140000000 144999999 0.803326
hs2 145000000 149999999 0.536498
hs2 150000000 154999999 0.844199
hs2 155000000 159999999 0.956561
hs2 160000000 164999999 0.819545
hs2 165000000 169999999 0.69974
hs2 170000000 174999999 0.552314
hs2 175000000 179999999 0.513181
hs2 180000000 184999999 0.0431482
hs2 185000000 189999999 0.447684
hs2 190000000 194999999 0.198841
hs2 195000000 199999999 0.239702
hs2 200000000 204999999 0.873689
hs2 205000000 209999999 0.0352732
hs2 210000000 214999999 0.387128
hs2 215000000 219999999 0.523484
hs2 220000000 224999999 0.990206
hs2 225000000 229999999 0.70982
hs2 230000000 234999999 0.204571
hs2 235000000 239999999 0.151082
hs2 240000000 244999999 0.141329
hs20 0 4999999 0.551299
hs20 5000000 9999999 0.60568
hs20 10000000 14999999 0.707934
hs20 15000000 19999999 0.673993
hs20 20000000 24999999 0.970807
hs20 25000000 29999999 0.562461
hs20 30000000 34999999 0.562265
hs20 35000000 39999999 0.337565
hs20 40000000 44999999 0.00820885
hs20 45000000 49999999 0.0108896
hs20 50000000 54999999 0.0764422
hs20 55000000 59999999 0.457597
hs20 60000000 64999999 0.886749
hs21 5000000 9999999 0.938172
hs21 10000000 14999999 0.683607
hs21 15000000 19999999 0.0411753
hs21 20000000 24999999 0.428043
hs21 25000000 29999999 0.643883
hs21 30000000 34999999 0.638818
hs21 35000000 39999999 0.833312
hs21 40000000 44999999 0.0768852
hs21 45000000 49999999 0.149218
hs22 15000000 19999999 0.418724
hs22 20000000 24999999 0.808644
hs22 25000000 29999999 0.84073
hs22 30000000 34999999 0.238732
hs22 35000000 39999999 0.541429
hs22 40000000 44999999 0.85437
hs22 45000000 49999999 0.0235017
hs3 0 4999999 0.0462117
hs3 5000000 9999999 0.105962
hs3 10000000 14999999 0.26586
hs3 15000000 19999999 0.313912
hs3 20000000 24999999 0.0619254
hs3 25000000 29999999 0.595339
hs3 30000000 34999999 0.0725249
hs3 35000000 39999999 0.0328694
hs3 40000000 44999999 0.252836
hs3 45000000 49999999 0.170235
hs3 50000000 54999999 0.203967
hs3 55000000 59999999 0.726172
hs3 60000000 64999999 0.00276018
hs3 65000000 69999999 0.806086
hs3 70000000 74999999 0.342584
hs3 75000000 79999999 0.186783
hs3 80000000 84999999 0.143344
hs3 85000000 89999999 0.962889
hs3 90000000 94999999 0.662629
hs3 95000000 99999999 0.214944
hs3 100000000 104999999 0.728125
hs3 105000000 109999999 0.771273
hs3 110000000 114999999 0.218957
hs3 115000000 119999999 0.417798
hs3 120000000 124999999 0.657499
hs3 125000000 129999999 0.531188
hs3 130000000 134999999 0.566461
hs3 135000000 139999999 0.953589
hs3 140000000 144999999 0.477073
hs3 145000000 149999999 0.467279
hs3 150000000 154999999 0.177099
hs3 155000000 159999999 0.38167
hs3 160000000 164999999 0.532752
hs3 165000000 169999999 0.674081
hs3 170000000 174999999 0.22538
hs3 175000000 179999999 0.831061
hs3 180000000 184999999 0.538995
hs3 185000000 189999999 0.212988
hs3 190000000 194999999 0.183795
hs3 195000000 199999999 0.746256
hs4 0 4999999 0.308522
hs4 5000000 9999999 0.646087
hs4 10000000 14999999 0.654295
hs4 15000000 19999999 0.665185
hs4 20000000 24999999 0.741627
hs4 25000000 29999999 0.199224
hs4 30000000 34999999 0.0859733
hs4 35000000 39999999 0.0241449
hs4 40000000 44999999 0.707752
hs4 45000000 49999999 0.748927
hs4 50000000 54999999 0.17697
hs4 55000000 59999999 0.820853
hs4 60000000 64999999 0.459671
hs4 65000000 69999999 0.292983
hs4 70000000 74999999 0.369868
hs4 75000000 79999999 0.519086
hs4 80000000 84999999 0.93781
hs4 85000000 89999999 0.746455
hs4 90000000 94999999 0.587185
hs4 95000000 99999999 0.825917
hs4 100000000 104999999 0.367345
hs4 105000000 109999999 0.221715
hs4 110000000 114999999 0.245217
hs4 115000000 119999999 0.291428
hs4 120000000 124999999 0.39739
hs4 125000000 129999999 0.663251
hs4 130000000 134999999 0.977163
hs4 135000000 139999999 0.0390881
hs4 140000000 144999999 0.634427
hs4 145000000 149999999 0.706952
hs4 150000000 154999999 0.739821
hs4 155000000 159999999 0.992657
hs4 160000000 164999999 0.162892
hs4 165000000 169999999 0.366859
hs4 170000000 174999999 0.093031
hs4 175000000 179999999 0.0957912
hs4 180000000 184999999 0.901878
hs4 185000000 189999999 0.244462
hs4 190000000 194999999 0.431245
hs5 0 4999999 0.574589
hs5 5000000 9999999 0.537479
hs5 10000000 14999999 0.200108
hs5 15000000 19999999 0.415052
hs5 20000000 24999999 0.143176
hs5 25000000 29999999 0.914449
hs5 30000000 34999999 0.133406
hs5 35000000 39999999 0.551204
hs5 40000000 44999999 0.208703
hs5 45000000 49999999 0.739891
hs5 50000000 54999999 0.306353
hs5 55000000 59999999 0.259942
hs5 60000000 64999999 0.737015
hs5 65000000 69999999 0.204294
hs5 70000000 74999999 0.381392
hs5 75000000 79999999 0.763063
hs5 80000000 84999999 0.295815
hs5 85000000 89999999 0.969896
hs5 90000000 94999999 0.195276
hs5 95000000 99999999 0.0263366
hs5 100000000 104999999 0.565332
hs5 105000000 109999999 0.77832
hs5 110000000 114999999 0.962115
hs5 115000000 119999999 0.708371
hs5 120000000 124999999 0.0168927
hs5 125000000 129999999 0.662979
hs5 130000000 134999999 0.317275
hs5 135000000 139999999 0.98246
hs5 140000000 144999999 0.724087
hs5 145000000 149999999 0.923311
hs5 150000000 154999999 0.00928441
hs5 155000000 159999999 0.0334293
hs5 160000000 164999999 0.741181
hs5 165000000 169999999 0.490108
hs5 170000000 174999999 0.667078
hs5 175000000 179999999 0.487931
hs5 180000000 184999999 0.947602
hs6 0 4999999 0.240584
hs6 5000000 9999999 0.610452
hs6 10000000 14999999 0.129538
hs6 15000000 19999999 0.0673488
hs6 20000000 24999999 0.813804
hs6 25000000 29999999 0.400988
hs6 30000000 34999999 0.226905
hs6 35000000 39999999 0.594251
hs6 40000000 44999999 0.815966
hs6 45000000 49999999 0.0611823
hs6 50000000 54999999 0.352611
hs6 55000000 59999999 0.750001
hs6 60000000 64999999 0.413252
hs6 65000000 69999999 0.390415
hs6 70000000 74999999 0.429503
hs6 75000000 79999999 0.0639297
hs6 80000000 84999999 0.770882
hs6 85000000 89999999 0.510703
hs6 90000000 94999999 0.50336
hs6 95000000 99999999 0.666252
hs6 100000000 104999999 0.0331111
hs6 105000000 109999999 0.126142
hs6 110000000 114999999 0.221933
hs6 115000000 119999999 0.123811
hs6 120000000 124999999 0.368273
hs6 125000000 129999999 0.799518
hs6 130000000 134999999 0.374107
hs6 135000000 139999999 0.911586
hs6 140000000 144999999 0.111694
hs6 145000000 149999999 0.526745
hs6 150000000 154999999 0.669922
hs6 155000000 159999999 0.584371
hs6 160000000 164999999 0.717778
hs6 165000000 169999999 0.268982
hs6 170000000 174999999 0.477685
hs7 0 4999999 0.217577
hs7 5000000 9999999 0.523929
hs7 10000000 14999999 0.783871
hs7 15000000 19999999 0.520885
hs7 20000000 24999999 0.725179
hs7 25000000 29999999 0.106571
hs7 30000000 34999999 0.869634
hs7 35000000 39999999 0.165449
hs7 40000000 44999999 0.135344
hs7 45000000 49999999 0.33062
hs7 50000000 54999999 0.356957
hs7 55000000 59999999 0.922288
hs7 60000000 64999999 0.700608
hs7 65000000 69999999 0.662723
hs7 70000000 74999999 0.371094
hs7 75000000 79999999 0.387987
hs7 80000000 84999999 0.050966
hs7 85000000 89999999 0.368241
hs7 90000000 94999999 0.3507
hs7 95000000 99999999 0.0747872
hs7 100000000 104999999 0.998098
hs7 105000000 109999999 0.0073827
hs7 110000000 114999999 0.040812
hs7 115000000 119999999 0.781993
hs7 120000000 124999999 0.272101
hs7 125000000 129999999 0.93918
hs7 130000000 134999999 0.427111
hs7 135000000 139999999 0.374713
hs7 140000000 144999999 0.615297
hs7 145000000 149999999 0.225749
hs7 150000000 154999999 0.355288
hs7 155000000 159999999 0.422636
hs8 0 4999999 0.23644
hs8 5000000 9999999 0.637428
hs8 10000000 14999999 0.864334
hs8 15000000 19999999 0.458584
hs8 20000000 24999999 0.27455
hs8 25000000 29999999 0.335732
hs8 30000000 34999999 0.688343
hs8 35000000 39999999 0.438344
hs8 40000000 44999999 0.851596
hs8 45000000 49999999 0.24201
hs8 50000000 54999999 0.671513
hs8 55000000 59999999 0.735442
hs8 60000000 64999999 0.506324
hs8 65000000 69999999 0.0170273
hs8 70000000 74999999 0.520387
hs8 75000000 79999999 0.186639
hs8 80000000 84999999 0.219751
hs8 85000000 89999999 0.345893
hs8 90000000 94999999 0.567826
hs8 95000000 99999999 0.691637
hs8 100000000 104999999 0.0599097
hs8 105000000 109999999 0.859427
hs8 110000000 114999999 0.233535
hs8 115000000 119999999 0.14512
hs8 120000000 124999999 0.256814
hs8 125000000 129999999 0.783559
hs8 130000000 134999999 0.453481
hs8 135000000 139999999 0.0378523
hs8 140000000 144999999 0.75563
hs8 145000000 149999999 0.0246117
hs9 0 4999999 0.502297
hs9 5000000 9999999 0.719874
hs9 10000000 14999999 0.243803
hs9 15000000 19999999 0.0276738
hs9 20000000 24999999 0.548559
hs9 25000000 29999999 0.273738
hs9 30000000 34999999 0.38031
hs9 35000000 39999999 0.249944
hs9 40000000 44999999 0.415392
hs9 45000000 49999999 0.550737
hs9 65000000 69999999 0.881357
hs9 70000000 74999999 0.238313
hs9 75000000 79999999 0.160602
hs9 80000000 84999999 0.86121
hs9 85000000 89999999 0.523933
hs9 90000000 94999999 0.895026
hs9 95000000 99999999 0.283013
hs9 100000000 104999999 0.333979
hs9 105000000 109999999 0.70222
hs9 110000000 114999999 0.0529202
hs9 115000000 119999999 0.127707
hs9 120000000 124999999 0.125806
hs9 125000000 129999999 0.133188
hs9 130000000 134999999 0.174
hs9 135000000 139999999 0.955993
hs9 140000000 144999999 0.228095
hsX 5000000 9999999 0.167274
hsX 10000000 14999999 0.594385
hsX 15000000 19999999 0.969098
hsX 20000000 24999999 0.584395
hsX 25000000 29999999 0.810144
hsX 30000000 34999999 0.165431
hsX 35000000 39999999 0.588068
hsX 40000000 44999999 0.824508
hsX 45000000 49999999 0.461936
hsX 50000000 54999999 0.326269
hsX 55000000 59999999 0.784854
hsX 60000000 64999999 0.0594032
hsX 65000000 69999999 0.395135
hsX 70000000 74999999 0.0834778
hsX 75000000 79999999 0.521821
hsX 80000000 84999999 0.373417
hsX 85000000 89999999 0.615427
hsX 90000000 94999999 0.28694
hsX 95000000 99999999 0.0223821
hsX 100000000 104999999 0.528706
hsX 105000000 109999999 0.545733
hsX 110000000 114999999 0.0661209
hsX 115000000 119999999 0.25276
hsX 120000000 124999999 0.472511
hsX 125000000 129999999 0.818404
hsX 130000000 134999999 0.38623
hsX 135000000 139999999 0.0778668
hsX 140000000 144999999 0.137776
hsX 145000000 149999999 0.997204
hsX 150000000 154999999 0.230738
hsY 0 4999999 0.375859
hsY 5000000 9999999 0.632673
hsY 10000000 14999999 0.416232
hsY 15000000 19999999 0.869713
hsY 20000000 24999999 0.907566
hsY 25000000 29999999 0.663195
hsY 55000000 59999999 0.687807
