hs1 0 4999999 0.210331
hs1 5000000 9999999 0.85666
hs1 10000000 14999999 0.442043
hs1 15000000 19999999 0.75715
hs1 20000000 24999999 0.658544
hs1 25000000 29999999 0.523122
hs1 30000000 34999999 0.117146
hs1 35000000 39999999 0.751523
hs1 40000000 44999999 0.799446
hs1 45000000 49999999 0.94388
hs1 50000000 54999999 0.395749
hs1 55000000 59999999 0.679656
hs1 60000000 64999999 0.426267
hs1 65000000 69999999 0.261302
hs1 70000000 74999999 0.0214321
hs1 75000000 79999999 0.845178
hs1 80000000 84999999 0.921283
hs1 85000000 89999999 0.79036
hs1 90000000 94999999 0.253729
hs1 95000000 99999999 0.738055
hs1 100000000 104999999 0.192644
hs1 105000000 109999999 0.532299
hs1 110000000 114999999 0.75333
hs1 115000000 119999999 0.932594
hs1 120000000 124999999 0.165731
hs1 140000000 144999999 0.328736
hs1 145000000 149999999 0.89732
hs1 150000000 154999999 0.934976
hs1 155000000 159999999 0.240868
hs1 160000000 164999999 0.438077
hs1 165000000 169999999 0.778748
hs1 170000000 174999999 0.214046
hs1 175000000 179999999 0.601578
hs1 180000000 184999999 0.694748
hs1 185000000 189999999 0.163227
hs1 190000000 194999999 0.99596
hs1 195000000 199999999 0.991831
hs1 200000000 204999999 0.677025
hs1 205000000 209999999 0.0498957
hs1 210000000 214999999 0.387935
hs1 215000000 219999999 0.751451
hs1 220000000 224999999 0.0727061
hs1 225000000 229999999 0.572437
hs1 230000000 234999999 0.586239
hs1 235000000 239999999 0.684873
hs1 240000000 244999999 0.324052
hs1 245000000 249999999 0.724246
hs10 0 4999999 0.934607
hs10 5000000 9999999 0.863008
hs10 10000000 14999999 0.488952
hs10 15000000 19999999 0.0327809
hs10 20000000 24999999 0.473777
hs10 25000000 29999999 0.689119
hs10 30000000 34999999 0.846869
hs10 35000000 39999999 0.828243
hs10 40000000 44999999 0.098404
hs10 45000000 49999999 0.474587
hs10 50000000 54999999 0.64476
hs10 55000000 59999999 0.505507
hs10 60000000 64999999 0.000623669
hs10 65000000 69999999 0.92513
hs10 70000000 74999999 0.0757012
hs10 75000000 79999999 0.451917
hs10 80000000 84999999 0.662248
hs10 85000000 89999999 0.518908
hs10 90000000 94999999 0.960951
hs10 95000000 99999999 0.718101
hs10 100000000 104999999 0.376644
hs10 105000000 109999999 0.899766
hs10 110000000 114999999 0.0169117
hs10 115000000 119999999 0.768435
hs10 120000000 124999999 0.567881
hs10 125000000 129999999 0.511761
hs10 130000000 134999999 0.90751
hs10 135000000 139999999 0.587166
hs11 0 4999999 0.0134329
hs11 5000000 9999999 0.274735
hs11 10000000 14999999 0.296167
hs11 15000000 19999999 0.141345
hs11 20000000 24999999 0.0626275
hs11 25000000 29999999 0.852987
hs11 30000000 34999999 0.106716
hs11 35000000 39999999 0.844771
hs11 40000000 44999999 0.0374147
hs11 45000000 49999999 0.569714
hs11 50000000 54999999 0.323043
hs11 55000000 59999999 0.255637
hs11 60000000 64999999 0.421368
hs11 65000000 69999999 0.750104
hs11 70000000 74999999 0.647424
hs11 75000000 79999999 0.5824
hs11 80000000 84999999 0.823268
hs11 85000000 89999999 0.261345
hs11 90000000 94999999 0.0400935
hs11 95000000 99999999 0.254139
hs11 100000000 104999999 0.855718
hs11 105000000 109999999 0.550466
hs11 110000000 114999999 0.713693
hs11 115000000 119999999 0.709652
hs11 120000000 124999999 0.701483
hs11 125000000 129999999 0.378508
hs11 130000000 134999999 0.428404
hs12 0 4999999 0.816339
hs12 5000000 9999999 0.567789
hs12 10000000 14999999 0.640496
hs12 15000000 19999999 0.212932
hs12 20000000 24999999 0.799171
hs12 25000000 29999999 0.484044
hs12 30000000 34999999 0.808097
hs12 35000000 39999999 0.532343
hs12 40000000 44999999 0.46695
hs12 45000000 49999999 0.329958
hs12 50000000 54999999 0.81891
hs12 55000000 59999999 0.851691
hs12 60000000 64999999 0.325468
hs12 65000000 69999999 0.0145867
hs12 70000000 74999999 0.861456
hs12 75000000 79999999 0.689699
hs12 80000000 84999999 0.788103
hs12 85000000 89999999 0.26269
hs12 90000000 94999999 0.90745
hs12 95000000 99999999 0.412957
hs12 100000000 104999999 0.413581
hs12 105000000 109999999 0.338711
hs12 110000000 114999999 0.414412
hs12 115000000 119999999 0.866329
hs12 120000000 124999999 0.528577
hs12 125000000 129999999 0.0474843
hs12 130000000 134999999 0.00843481
hs13 15000000 19999999 0.726535
hs13 20000000 24999999 0.10318
hs13 25000000 29999999 0.00294541
hs13 30000000 34999999 0.0198571
hs13 35000000 39999999 0.788292
hs13 40000000 44999999 0.356172
hs13 45000000 49999999 0.867933
hs13 50000000 54999999 0.775443
hs13 55000000 59999999 0.362609
hs13 60000000 64999999 0.376041
hs13 65000000 69999999 0.650776
hs13 70000000 74999999 0.946943
hs13 75000000 79999999 0.0882877
hs13 80000000 84999999 0.150915
hs13 85000000 89999999 0.00390255
hs13 90000000 94999999 0.110619
hs13 95000000 99999999 0.955389
hs13 100000000 104999999 0.992804
hs13 105000000 109999999 0.562517
hs13 110000000 114999999 0.885561
hs14 15000000 19999999 0.141198
hs14 20000000 24999999 0.562566
hs14 25000000 29999999 0.31267
hs14 30000000 34999999 0.960094
hs14 35000000 39999999 0.542494
hs14 40000000 44999999 0.365762
hs14 45000000 49999999 0.627108
hs14 50000000 54999999 0.667201
hs14 55000000 59999999 0.921341
hs14 60000000 64999999 0.777058
hs14 65000000 69999999 0.327524
hs14 70000000 74999999 0.0412169
hs14 75000000 79999999 0.750869
hs14 80000000 84999999 0.452352
hs14 85000000 89999999 0.83086
hs14 90000000 94999999 0.259264
hs14 95000000 99999999 0.0756022
hs14 100000000 104999999 0.643392
hs14 105000000 109999999 0.283887
hs15 15000000 19999999 0.49682
hs15 20000000 24999999 0.295991
hs15 25000000 29999999 0.780035
hs15 30000000 34999999 0.588132
hs15 35000000 39999999 0.120475
hs15 40000000 44999999 0.587425
hs15 45000000 49999999 0.917383
hs15 50000000 54999999 0.736293
hs15 55000000 59999999 0.587984
hs15 60000000 64999999 0.913453
hs15 65000000 69999999 0.928039
hs15 70000000 74999999 0.789495
hs15 75000000 79999999 0.479194
hs15 80000000 84999999 0.267298
hs15 85000000 89999999 0.529988
hs15 90000000 94999999 0.437438
hs15 95000000 99999999 0.850395
hs15 100000000 104999999 0.263976
hs16 0 4999999 0.602687
hs16 5000000 9999999 0.0170998
hs16 10000000 14999999 0.883429
hs16 15000000 19999999 0.412005
hs16 20000000 24999999 0.45949
hs16 25000000 29999999 0.467925
hs16 30000000 34999999 0.19446
hs16 45000000 49999999 0.297639
hs16 50000000 54999999 0.300585
hs16 55000000 59999999 0.320442
hs16 60000000 64999999 0.108734
hs16 65000000 69999999 0.464906
hs16 70000000 74999999 0.332839
hs16 75000000 79999999 0.108281
hs16 80000000 84999999 0.47089
hs16 85000000 89999999 0.846931
hs17 0 4999999 0.497707
hs17 5000000 9999999 0.44465
hs17 10000000 14999999 0.532938
hs17 15000000 19999999 0.683853
hs17 20000000 24999999 0.687756
hs17 25000000 29999999 0.798374
hs17 30000000 34999999 0.753763
hs17 35000000 39999999 0.746567
hs17 40000000 44999999 0.309085
hs17 45000000 49999999 0.194645
hs17 50000000 54999999 0.335843
hs17 55000000 59999999 0.898409
hs17 60000000 64999999 0.211079
hs17 65000000 69999999 0.171173
hs17 70000000 74999999 0.713667
hs17 75000000 79999999 0.0794293
hs18 0 4999999 0.706537
hs18 5000000 9999999 0.373739
hs18 10000000 14999999 0.295079
hs18 15000000 19999999 0.0721379
hs18 20000000 24999999 0.399662
hs18 25000000 29999999 0.440879
hs18 30000000 34999999 0.191748
hs18 35000000 39999999 0.6441
hs18 40000000 44999999 0.47496
hs18 45000000 49999999 0.734224
hs18 50000000 54999999 0.809826
hs18 55000000 59999999 0.453217
hs18 60000000 64999999 0.737105
hs18 65000000 69999999 0.233924
hs18 70000000 74999999 0.529915
hs18 75000000 79999999 0.30995
hs19 0 4999999 0.898082
hs19 5000000 9999999 0.0185565
hs19 10000000 14999999 0.605981
hs19 15000000 19999999 0.523364
hs19 20000000 24999999 0.259657
hs19 30000000 34999999 0.847642
hs19 35000000 39999999 0.761094
hs19 40000000 44999999 0.689134
hs19 45000000 49999999 0.478629
hs19 50000000 54999999 0.957823
hs19 55000000 59999999 0.225121
hs19 60000000 64999999 0.755108
hs2 0 4999999 0.192547
hs2 5000000 9999999 0.0429418
hs2 10000000 14999999 0.306918
hs2 15000000 19999999 0.909605
hs2 20000000 24999999 0.926705
hs2 25000000 29999999 0.810134
hs2 30000000 34999999 0.222139
hs2 35000000 39999999 0.681629
hs2 40000000 44999999 0.149554
hs2 45000000 49999999 0.344014
hs2 50000000 54999999 0.641653
hs2 55000000 59999999 0.942238
hs2 60000000 64999999 0.26268
hs2 65000000 69999999 0.371413
hs2 70000000 74999999 0.836319
hs2 75000000 79999999 0.169158
hs2 80000000 84999999 0.277439
hs2 85000000 89999999 0.748329
hs2 90000000 94999999 0.59526
hs2 95000000 99999999 0.0929674
hs2 100000000 104999999 0.537618
hs2 105000000 109999999 0.0705555
hs2 110000000 114999999 0.754409
hs2 115000000 119999999 0.442164
hs2 120000000 124999999 0.240539
hs2 125000000 129999999 0.994302
hs2 130000000 134999999 0.740869
hs2 135000000 139999999 0.0499537
hs2 140000000 144999999 0.244599
hs2 145000000 149999999 0.580442
hs2 150000000 154999999 0.47885
hs2 155000000 159999999 0.689929
hs2 160000000 164999999 0.861102
hs2 165000000 169999999 0.574769
hs2 170000000 174999999 0.654198
hs2 175000000 179999999 0.360735
hs2 180000000 184999999 0.734474
hs2 185000000 189999999 0.029553
hs2 190000000 194999999 0.101691
hs2 195000000 199999999 0.501353
hs2 200000000 204999999 0.942232
hs2 205000000 209999999 0.13398
hs2 210000000 214999999 0.77808
hs2 215000000 219999999 0.25304
hs2 220000000 224999999 0.987264
hs2 225000000 229999999 0.79709
hs2 230000000 234999999 0.250307
hs2 235000000 239999999 0.987412
hs2 240000000 244999999 0.221336
hs20 0 4999999 0.751251
hs20 5000000 9999999 0.0612012
hs20 10000000 14999999 0.959283
hs20 15000000 19999999 0.97784
hs20 20000000 24999999 0.583821
hs20 25000000 29999999 0.107185
hs20 30000000 34999999 0.366842
hs20 35000000 39999999 0.214484
hs20 40000000 44999999 0.975578
hs20 45000000 49999999 0.664712
hs20 50000000 54999999 0.143341
hs20 55000000 59999999 0.101164
hs20 60000000 64999999 0.326285
hs21 5000000 9999999 0.0813931
hs21 10000000 14999999 0.27394
hs21 15000000 19999999 0.316881
hs21 20000000 24999999 0.623799
hs21 25000000 29999999 0.533405
hs21 30000000 34999999 0.46011
hs21 35000000 39999999 0.270244
hs21 40000000 44999999 0.492383
hs21 45000000 49999999 0.174012
hs22 15000000 19999999 0.323566
hs22 20000000 24999999 0.667579
hs22 25000000 29999999 0.309233
hs22 30000000 34999999 0.25147
hs22 35000000 39999999 0.51415
hs22 40000000 44999999 0.885564
hs22 45000000 49999999 0.721883
hs3 0 4999999 0.891041
hs3 5000000 9999999 0.16848
hs3 10000000 14999999 0.916809
hs3 15000000 19999999 0.512069
hs3 20000000 24999999 0.605036
hs3 25000000 29999999 0.142654
hs3 30000000 34999999 0.21321
hs3 35000000 39999999 0.967618
hs3 40000000 44999999 0.409783
hs3 45000000 49999999 0.650321
hs3 50000000 54999999 0.644623
hs3 55000000 59999999 0.385492
hs3 60000000 64999999 0.435446
hs3 65000000 69999999 0.680045
hs3 70000000 74999999 0.260486
hs3 75000000 79999999 0.739336
hs3 80000000 84999999 0.429265
hs3 85000000 89999999 0.290367
hs3 90000000 94999999 0.865136
hs3 95000000 99999999 0.519334
hs3 100000000 104999999 0.880069
hs3 105000000 109999999 0.614542
hs3 110000000 114999999 0.644095
hs3 115000000 119999999 0.745786
hs3 120000000 124999999 0.247139
hs3 125000000 129999999 0.189371
hs3 130000000 134999999 0.323352
hs3 135000000 139999999 0.101432
hs3 140000000 144999999 0.354472
hs3 145000000 149999999 0.341736
hs3 150000000 154999999 0.138826
hs3 155000000 159999999 0.389133
hs3 160000000 164999999 0.376545
hs3 165000000 169999999 0.597881
hs3 170000000 174999999 0.349132
hs3 175000000 179999999 0.410333
hs3 180000000 184999999 0.369616
hs3 185000000 189999999 0.347456
hs3 190000000 194999999 0.931277
hs3 195000000 199999999 0.0384619
hs4 0 4999999 0.405304
hs4 5000000 9999999 0.619788
hs4 10000000 14999999 0.595367
hs4 15000000 19999999 0.260079
hs4 20000000 24999999 0.403419
hs4 25000000 29999999 0.504583
hs4 30000000 34999999 0.830868
hs4 35000000 39999999 0.912261
hs4 40000000 44999999 0.186201
hs4 45000000 49999999 0.503082
hs4 50000000 54999999 0.126881
hs4 55000000 59999999 0.660286
hs4 60000000 64999999 0.120396
hs4 65000000 69999999 0.390639
hs4 70000000 74999999 0.883022
hs4 75000000 79999999 0.0570342
hs4 80000000 84999999 0.3806
hs4 85000000 89999999 0.0481795
hs4 90000000 94999999 0.357412
hs4 95000000 99999999 0.608883
hs4 100000000 104999999 0.123033
hs4 105000000 109999999 0.00859659
hs4 110000000 114999999 0.73048
hs4 115000000 119999999 0.62152
hs4 120000000 124999999 0.79
hs4 125000000 129999999 0.706809
hs4 130000000 134999999 0.218878
hs4 135000000 139999999 0.823915
hs4 140000000 144999999 0.966569
hs4 145000000 149999999 0.179778
hs4 150000000 154999999 0.147397
hs4 155000000 159999999 0.557179
hs4 160000000 164999999 0.2075
hs4 165000000 169999999 0.852124
hs4 170000000 174999999 0.237616
hs4 175000000 179999999 0.673062
hs4 180000000 184999999 0.353106
hs4 185000000 189999999 0.613593
hs4 190000000 194999999 0.352929
hs5 0 4999999 0.782194
hs5 5000000 9999999 0.0725617
hs5 10000000 14999999 0.937697
hs5 15000000 19999999 0.457031
hs5 20000000 24999999 0.337099
hs5 25000000 29999999 0.951641
hs5 30000000 34999999 0.595737
hs5 35000000 39999999 0.341523
hs5 40000000 44999999 0.588662
hs5 45000000 49999999 0.778033
hs5 50000000 54999999 0.101384
hs5 55000000 59999999 0.202816
hs5 60000000 64999999 0.557289
hs5 65000000 69999999 0.899025
hs5 70000000 74999999 0.0378513
hs5 75000000 79999999 0.426985
hs5 80000000 84999999 0.80353
hs5 85000000 89999999 0.401411
hs5 90000000 94999999 0.750543
hs5 95000000 99999999 0.160876
hs5 100000000 104999999 0.530492
hs5 105000000 109999999 0.877948
hs5 110000000 114999999 0.809225
hs5 115000000 119999999 0.847687
hs5 120000000 124999999 0.252991
hs5 125000000 129999999 0.87278
hs5 130000000 134999999 0.468146
hs5 135000000 139999999 0.728225
hs5 140000000 144999999 0.131644
hs5 145000000 149999999 0.636228
hs5 150000000 154999999 0.467096
hs5 155000000 159999999 0.379357
hs5 160000000 164999999 0.565558
hs5 165000000 169999999 0.0686398
hs5 170000000 174999999 0.195521
hs5 175000000 179999999 0.855807
hs5 180000000 184999999 0.976203
hs6 0 4999999 0.366842
hs6 5000000 9999999 0.249864
hs6 10000000 14999999 0.306898
hs6 15000000 19999999 0.687498
hs6 20000000 24999999 0.735678
hs6 25000000 29999999 0.0930897
hs6 30000000 34999999 0.701972
hs6 35000000 39999999 0.825005
hs6 40000000 44999999 0.833602
hs6 45000000 49999999 0.564081
hs6 50000000 54999999 0.185602
hs6 55000000 59999999 0.975602
hs6 60000000 64999999 0.682411
hs6 65000000 69999999 0.901289
hs6 70000000 74999999 0.725204
hs6 75000000 79999999 0.691773
hs6 80000000 84999999 0.871552
hs6 85000000 89999999 0.0189481
hs6 90000000 94999999 0.576127
hs6 95000000 99999999 0.783628
hs6 100000000 104999999 0.635751
hs6 105000000 109999999 0.873367
hs6 110000000 114999999 0.546429
hs6 115000000 119999999 0.899535
hs6 120000000 124999999 0.513128
hs6 125000000 129999999 0.866057
hs6 130000000 134999999 0.648251
hs6 135000000 139999999 0.720813
hs6 140000000 144999999 0.65851
hs6 145000000 149999999 0.115541
hs6 150000000 154999999 0.452641
hs6 155000000 159999999 0.404282
hs6 160000000 164999999 1.86209e-05
hs6 165000000 169999999 0.341541
hs6 170000000 174999999 0.930203
hs7 0 4999999 0.708236
hs7 5000000 9999999 0.80962
hs7 10000000 14999999 0.0124366
hs7 15000000 19999999 0.569726
hs7 20000000 24999999 0.468751
hs7 25000000 29999999 0.506602
hs7 30000000 34999999 0.933587
hs7 35000000 39999999 0.737116
hs7 40000000 44999999 0.138527
hs7 45000000 49999999 0.88907
hs7 50000000 54999999 0.0499457
hs7 55000000 59999999 0.580438
hs7 60000000 64999999 0.458386
hs7 65000000 69999999 0.267612
hs7 70000000 74999999 0.115299
hs7 75000000 79999999 0.368291
hs7 80000000 84999999 0.24107
hs7 85000000 89999999 0.709217
hs7 90000000 94999999 0.437442
hs7 95000000 99999999 0.569086
hs7 100000000 104999999 0.205314
hs7 105000000 109999999 0.672409
hs7 110000000 114999999 0.0517663
hs7 115000000 119999999 0.617324
hs7 120000000 124999999 0.685964
hs7 125000000 129999999 0.881485
hs7 130000000 134999999 0.737292
hs7 135000000 139999999 0.713495
hs7 140000000 144999999 0.080337
hs7 145000000 149999999 0.330201
hs7 150000000 154999999 0.637099
hs7 155000000 159999999 0.324597
hs8 0 4999999 0.0602748
hs8 5000000 9999999 0.153365
hs8 10000000 14999999 0.855337
hs8 15000000 19999999 0.680342
hs8 20000000 24999999 0.513944
hs8 25000000 29999999 0.0780248
hs8 30000000 34999999 0.263626
hs8 35000000 39999999 0.239228
hs8 40000000 44999999 0.921639
hs8 45000000 49999999 0.822929
hs8 50000000 54999999 0.548133
hs8 55000000 59999999 0.239906
hs8 60000000 64999999 0.111458
hs8 65000000 69999999 0.130406
hs8 70000000 74999999 0.706533
hs8 75000000 79999999 0.490161
hs8 80000000 84999999 0.125912
hs8 85000000 89999999 0.999279
hs8 90000000 94999999 0.545708
hs8 95000000 99999999 0.445243
hs8 100000000 104999999 0.958371
hs8 105000000 109999999 0.824427
hs8 110000000 114999999 0.472678
hs8 115000000 119999999 0.193491
hs8 120000000 124999999 0.852002
hs8 125000000 129999999 0.967543
hs8 130000000 134999999 0.420183
hs8 135000000 139999999 0.824465
hs8 140000000 144999999 0.824484
hs8 145000000 149999999 0.166025
hs9 0 4999999 0.096228
hs9 5000000 9999999 0.804464
hs9 10000000 14999999 0.614084
hs9 15000000 19999999 0.62652
hs9 20000000 24999999 0.196246
hs9 25000000 29999999 0.664997
hs9 30000000 34999999 0.171599
hs9 35000000 39999999 0.105185
hs9 40000000 44999999 0.842302
hs9 45000000 49999999 0.980829
hs9 65000000 69999999 0.869898
hs9 70000000 74999999 0.919844
hs9 75000000 79999999 0.500282
hs9 80000000 84999999 0.958669
hs9 85000000 89999999 0.22628
hs9 90000000 94999999 0.34158
hs9 95000000 99999999 0.70987
hs9 100000000 104999999 0.95094
hs9 105000000 109999999 0.660157
hs9 110000000 114999999 0.0975989
hs9 115000000 119999999 0.666685
hs9 120000000 124999999 0.871999
hs9 125000000 129999999 0.544408
hs9 130000000 134999999 0.596174
hs9 135000000 139999999 0.213498
hs9 140000000 144999999 0.899462
hsX 5000000 9999999 0.780947
hsX 10000000 14999999 0.518239
hsX 15000000 19999999 0.231734
hsX 20000000 24999999 0.312071
hsX 25000000 29999999 0.642272
hsX 30000000 34999999 0.279371
hsX 35000000 39999999 0.603968
hsX 40000000 44999999 0.664243
hsX 45000000 49999999 0.817608
hsX 50000000 54999999 0.672944
hsX 55000000 59999999 0.353286
hsX 60000000 64999999 0.86723
hsX 65000000 69999999 0.945255
hsX 70000000 74999999 0.208881
hsX 75000000 79999999 0.448109
hsX 80000000 84999999 0.369749
hsX 85000000 89999999 0.192677
hsX 90000000 94999999 0.74081
hsX 95000000 99999999 0.980717
hsX 100000000 104999999 0.0921744
hsX 105000000 109999999 0.22258
hsX 110000000 114999999 0.929113
hsX 115000000 119999999 0.419274
hsX 120000000 124999999 0.545186
hsX 125000000 129999999 0.544465
hsX 130000000 134999999 0.0901732
hsX 135000000 139999999 0.535416
hsX 140000000 144999999 0.493787
hsX 145000000 149999999 0.318214
hsX 150000000 154999999 0.790893
hsY 0 4999999 0.984384
hsY 5000000 9999999 0.836386
hsY 10000000 14999999 0.803928
hsY 15000000 19999999 0.224112
hsY 20000000 24999999 0.0485771
hsY 25000000 29999999 0.873061
hsY 55000000 59999999 0.0390864
