hs1 0 4999999 0.303693
hs1 5000000 9999999 0.518252
hs1 10000000 14999999 0.943384
hs1 15000000 19999999 0.48604
hs1 20000000 24999999 0.408957
hs1 25000000 29999999 0.137023
hs1 30000000 34999999 0.450163
hs1 35000000 39999999 0.467008
hs1 40000000 44999999 0.636913
hs1 45000000 49999999 0.678163
hs1 50000000 54999999 0.39577
hs1 55000000 59999999 0.174962
hs1 60000000 64999999 0.279521
hs1 65000000 69999999 0.930428
hs1 70000000 74999999 0.588408
hs1 75000000 79999999 0.363692
hs1 80000000 84999999 0.877186
hs1 85000000 89999999 0.299504
hs1 90000000 94999999 0.84319
hs1 95000000 99999999 0.984381
hs1 100000000 104999999 0.61475
hs1 105000000 109999999 0.0255456
hs1 110000000 114999999 0.213597
hs1 115000000 119999999 0.659543
hs1 120000000 124999999 0.115775
hs1 140000000 144999999 0.975371
hs1 145000000 149999999 0.538538
hs1 150000000 154999999 0.266275
hs1 155000000 159999999 0.658592
hs1 160000000 164999999 0.845031
hs1 165000000 169999999 0.534981
hs1 170000000 174999999 0.289849
hs1 175000000 179999999 0.921974
hs1 180000000 184999999 0.251392
hs1 185000000 189999999 0.584853
hs1 190000000 194999999 0.672997
hs1 195000000 199999999 0.406183
hs1 200000000 204999999 0.40406
hs1 205000000 209999999 0.303223
hs1 210000000 214999999 0.790849
hs1 215000000 219999999 0.424571
hs1 220000000 224999999 0.607046
hs1 225000000 229999999 0.821102
hs1 230000000 234999999 0.731486
hs1 235000000 239999999 0.741342
hs1 240000000 244999999 0.144411
hs1 245000000 249999999 0.4117
hs10 0 4999999 0.876375
hs10 5000000 9999999 0.680108
hs10 10000000 14999999 0.139719
hs10 15000000 19999999 0.671487
hs10 20000000 24999999 0.15638
hs10 25000000 29999999 0.316454
hs10 30000000 34999999 0.9606
hs10 35000000 39999999 0.841441
hs10 40000000 44999999 0.34385
hs10 45000000 49999999 0.664315
hs10 50000000 54999999 0.151333
hs10 55000000 59999999 0.801886
hs10 60000000 64999999 0.651144
hs10 65000000 69999999 0.40851
hs10 70000000 74999999 0.0950835
hs10 75000000 79999999 0.848817
hs10 80000000 84999999 0.152511
hs10 85000000 89999999 0.670763
hs10 90000000 94999999 0.614147
hs10 95000000 99999999 0.100187
hs10 100000000 104999999 0.509144
hs10 105000000 109999999 0.646167
hs10 110000000 114999999 0.0963302
hs10 115000000 119999999 0.563338
hs10 120000000 124999999 0.200251
hs10 125000000 129999999 0.878414
hs10 130000000 134999999 0.274184
hs10 135000000 139999999 0.449145
hs11 0 4999999 0.728666
hs11 5000000 9999999 0.659094
hs11 10000000 14999999 0.247502
hs11 15000000 19999999 0.611194
hs11 20000000 24999999 0.48838
hs11 25000000 29999999 0.787885
hs11 30000000 34999999 0.631074
hs11 35000000 39999999 0.615455
hs11 40000000 44999999 0.230205
hs11 45000000 49999999 0.25575
hs11 50000000 54999999 0.469347
hs11 55000000 59999999 0.12889
hs11 60000000 64999999 0.244664
hs11 65000000 69999999 0.220036
hs11 70000000 74999999 0.758574
hs11 75000000 79999999 0.0248488
hs11 80000000 84999999 0.683441
hs11 85000000 89999999 0.528472
hs11 90000000 94999999 0.0634531
hs11 95000000 99999999 0.353302
hs11 100000000 104999999 0.275276
hs11 105000000 109999999 0.526668
hs11 110000000 114999999 0.111521
hs11 115000000 119999999 0.784519
hs11 120000000 124999999 0.190702
hs11 125000000 129999999 0.594762
hs11 130000000 134999999 0.897984
hs12 0 4999999 0.688834
hs12 5000000 9999999 0.113405
hs12 10000000 14999999 0.720451
hs12 15000000 19999999 0.541553
hs12 20000000 24999999 0.273038
hs12 25000000 29999999 0.0143798
hs12 30000000 34999999 0.158791
hs12 35000000 39999999 0.57049
hs12 40000000 44999999 0.446865
hs12 45000000 49999999 0.126973
hs12 50000000 54999999 0.266693
hs12 55000000 59999999 0.93818
hs12 60000000 64999999 0.0945599
hs12 65000000 69999999 0.411014
hs12 70000000 74999999 0.371614
hs12 75000000 79999999 0.213054
hs12 80000000 84999999 0.556905
hs12 85000000 89999999 0.22122
hs12 90000000 94999999 0.372553
hs12 95000000 99999999 0.174439
hs12 100000000 104999999 0.825584
hs12 105000000 109999999 0.234093
hs12 110000000 114999999 0.329177
hs12 115000000 119999999 0.177994
hs12 120000000 124999999 0.330505
hs12 125000000 129999999 0.00126804
hs12 130000000 134999999 0.615415
hs13 15000000 19999999 0.715602
hs13 20000000 24999999 0.224746
hs13 25000000 29999999 0.870913
hs13 30000000 34999999 0.967243
hs13 35000000 39999999 0.530581
hs13 40000000 44999999 0.730832
hs13 45000000 49999999 0.609246
hs13 50000000 54999999 0.88343
hs13 55000000 59999999 0.332576
hs13 60000000 64999999 0.061242
hs13 65000000 69999999 0.720336
hs13 70000000 74999999 0.967838
hs13 75000000 79999999 0.579033
hs13 80000000 84999999 0.067413
hs13 85000000 89999999 0.855298
hs13 90000000 94999999 0.486372
hs13 95000000 99999999 0.101827
hs13 100000000 104999999 0.332032
hs13 105000000 109999999 0.587782
hs13 110000000 114999999 0.0571285
hs14 15000000 19999999 0.186018
hs14 20000000 24999999 0.430683
hs14 25000000 29999999 0.650718
hs14 30000000 34999999 0.409292
hs14 35000000 39999999 0.434141
hs14 40000000 44999999 0.117582
hs14 45000000 49999999 0.646054
hs14 50000000 54999999 0.709507
hs14 55000000 59999999 0.0628095
hs14 60000000 64999999 0.338086
hs14 65000000 69999999 0.864754
hs14 70000000 74999999 0.976276
hs14 75000000 79999999 0.760794
hs14 80000000 84999999 0.951496
hs14 85000000 89999999 0.546257
hs14 90000000 94999999 0.444242
hs14 95000000 99999999 0.133075
hs14 100000000 104999999 0.24648
hs14 105000000 109999999 0.96693
hs15 15000000 19999999 0.508483
hs15 20000000 24999999 0.781521
hs15 25000000 29999999 0.795901
hs15 30000000 34999999 0.954691
hs15 35000000 39999999 0.525181
hs15 40000000 44999999 0.972046
hs15 45000000 49999999 0.0990197
hs15 50000000 54999999 0.365712
hs15 55000000 59999999 0.303892
hs15 60000000 64999999 0.398452
hs15 65000000 69999999 0.809466
hs15 70000000 74999999 0.181079
hs15 75000000 79999999 0.394134
hs15 80000000 84999999 0.951038
hs15 85000000 89999999 0.172258
hs15 90000000 94999999 0.544811
hs15 95000000 99999999 0.71925
hs15 100000000 104999999 0.544834
hs16 0 4999999 0.778927
hs16 5000000 9999999 0.108104
hs16 10000000 14999999 0.286099
hs16 15000000 19999999 0.616604
hs16 20000000 24999999 0.617872
hs16 25000000 29999999 0.233287
hs16 30000000 34999999 0.948889
hs16 45000000 49999999 0.173635
hs16 50000000 54999999 0.0445486
hs16 55000000 59999999 0.011792
hs16 60000000 64999999 0.542373
hs16 65000000 69999999 0.273205
hs16 70000000 74999999 0.882451
hs16 75000000 79999999 0.765881
hs16 80000000 84999999 0.0984569
hs16 85000000 89999999 0.159699
hs17 0 4999999 0.880035
hs17 5000000 9999999 0.847873
hs17 10000000 14999999 0.426906
hs17 15000000 19999999 0.494319
hs17 20000000 24999999 0.349616
hs17 25000000 29999999 0.835988
hs17 30000000 34999999 0.937815
hs17 35000000 39999999 0.269847
hs17 40000000 44999999 0.857629
hs17 45000000 49999999 0.914757
hs17 50000000 54999999 0.100775
hs17 55000000 59999999 0.531458
hs17 60000000 64999999 0.182176
hs17 65000000 69999999 0.591468
hs17 70000000 74999999 0.0256087
hs17 75000000 79999999 0.143191
hs18 0 4999999 0.789245
hs18 5000000 9999999 0.498752
hs18 10000000 14999999 0.561561
hs18 15000000 19999999 0.899647
hs18 20000000 24999999 0.764402
hs18 25000000 29999999 0.740677
hs18 30000000 34999999 0.501472
hs18 35000000 39999999 0.452968
hs18 40000000 44999999 0.999225
hs18 45000000 49999999 0.443467
hs18 50000000 54999999 0.576542
hs18 55000000 59999999 0.823021
hs18 60000000 64999999 0.789952
hs18 65000000 69999999 0.298434
hs18 70000000 74999999 0.0799552
hs18 75000000 79999999 0.875856
hs19 0 4999999 0.830547
hs19 5000000 9999999 0.355728
hs19 10000000 14999999 0.327775
hs19 15000000 19999999 0.426794
hs19 20000000 24999999 0.792507
hs19 30000000 34999999 0.0963988
hs19 35000000 39999999 0.494851
hs19 40000000 44999999 0.304316
hs19 45000000 49999999 0.485396
hs19 50000000 54999999 0.879529
hs19 55000000 59999999 0.830568
hs19 60000000 64999999 0.00282573
hs2 0 4999999 0.547637
hs2 5000000 9999999 0.266887
hs2 10000000 14999999 0.811721
hs2 15000000 19999999 0.590648
hs2 20000000 24999999 0.698753
hs2 25000000 29999999 0.984851
hs2 30000000 34999999 0.601455
hs2 35000000 39999999 0.219327
hs2 40000000 44999999 0.452614
hs2 45000000 49999999 0.401504
hs2 50000000 54999999 0.575139
hs2 55000000 59999999 0.619688
hs2 60000000 64999999 0.63148
hs2 65000000 69999999 0.173853
hs2 70000000 74999999 0.447058
hs2 75000000 79999999 0.329509
hs2 80000000 84999999 0.0953903
hs2 85000000 89999999 0.193847
hs2 90000000 94999999 0.353546
hs2 95000000 99999999 0.233581
hs2 100000000 104999999 0.0814541
hs2 105000000 109999999 0.50836
hs2 110000000 114999999 0.00267843
hs2 115000000 119999999 0.352295
hs2 120000000 124999999 0.188283
hs2 125000000 129999999 0.126098
hs2 130000000 134999999 0.395945
hs2 135000000 139999999 0.253573
hs2 140000000 144999999 0.16833
hs2 145000000 149999999 0.269105
hs2 150000000 154999999 0.800563
hs2 155000000 159999999 0.982739
hs2 160000000 164999999 0.574207
hs2 165000000 169999999 0.599816
hs2 170000000 174999999 0.743006
hs2 175000000 179999999 0.532251
hs2 180000000 184999999 0.0310032
hs2 185000000 189999999 0.592565
hs2 190000000 194999999 0.492212
hs2 195000000 199999999 0.256614
hs2 200000000 204999999 0.997291
hs2 205000000 209999999 0.498763
hs2 210000000 214999999 0.95173
hs2 215000000 219999999 0.950955
hs2 220000000 224999999 0.394422
hs2 225000000 229999999 0.970964
hs2 230000000 234999999 0.793985
hs2 235000000 239999999 0.583937
hs2 240000000 244999999 0.882371
hs20 0 4999999 0.962327
hs20 5000000 9999999 0.838182
hs20 10000000 14999999 0.668729
hs20 15000000 19999999 0.0244575
hs20 20000000 24999999 0.352232
hs20 25000000 29999999 0.779027
hs20 30000000 34999999 0.571533
hs20 35000000 39999999 0.667932
hs20 40000000 44999999 0.162783
hs20 45000000 49999999 0.467099
hs20 50000000 54999999 0.952495
hs20 55000000 59999999 0.832024
hs20 60000000 64999999 0.662592
hs21 5000000 9999999 0.665417
hs21 10000000 14999999 0.213054
hs21 15000000 19999999 0.479942
hs21 20000000 24999999 0.291663
hs21 25000000 29999999 0.882311
hs21 30000000 34999999 0.581063
hs21 35000000 39999999 0.565915
hs21 40000000 44999999 0.16737
hs21 45000000 49999999 0.386697
hs22 15000000 19999999 0.839311
hs22 20000000 24999999 0.240815
hs22 25000000 29999999 0.815954
hs22 30000000 34999999 0.435641
hs22 35000000 39999999 0.0671211
hs22 40000000 44999999 0.240974
hs22 45000000 49999999 0.688032
hs3 0 4999999 0.0175405
hs3 5000000 9999999 0.112931
hs3 10000000 14999999 0.306778
hs3 15000000 19999999 0.660324
hs3 20000000 24999999 0.893905
hs3 25000000 29999999 0.975359
hs3 30000000 34999999 0.483719
hs3 35000000 39999999 0.486398
hs3 40000000 44999999 0.838692
hs3 45000000 49999999 0.0269749
hs3 50000000 54999999 0.153073
hs3 55000000 59999999 0.549017
hs3 60000000 64999999 0.80259
hs3 65000000 69999999 0.970921
hs3 70000000 74999999 0.240026
hs3 75000000 79999999 0.040589
hs3 80000000 84999999 0.0233281
hs3 85000000 89999999 0.597535
hs3 90000000 94999999 0.197351
hs3 95000000 99999999 0.940357
hs3 100000000 104999999 0.472609
hs3 105000000 109999999 0.503612
hs3 110000000 114999999 0.0961766
hs3 115000000 119999999 0.588389
hs3 120000000 124999999 0.845003
hs3 125000000 129999999 0.842294
hs3 130000000 134999999 0.341057
hs3 135000000 139999999 0.292787
hs3 140000000 144999999 0.243743
hs3 145000000 149999999 0.638165
hs3 150000000 154999999 0.609128
hs3 155000000 159999999 0.403114
hs3 160000000 164999999 0.987051
hs3 165000000 169999999 0.869422
hs3 170000000 174999999 0.831749
hs3 175000000 179999999 0.669931
hs3 180000000 184999999 0.33866
hs3 185000000 189999999 0.363117
hs3 190000000 194999999 0.71535
hs3 195000000 199999999 0.494376
hs4 0 4999999 0.0659097
hs4 5000000 9999999 0.733842
hs4 10000000 14999999 0.896625
hs4 15000000 19999999 0.363724
hs4 20000000 24999999 0.316219
hs4 25000000 29999999 0.148243
hs4 30000000 34999999 0.810835
hs4 35000000 39999999 0.476252
hs4 40000000 44999999 0.689307
hs4 45000000 49999999 0.169248
hs4 50000000 54999999 0.460911
hs4 55000000 59999999 0.343222
hs4 60000000 64999999 0.924285
hs4 65000000 69999999 0.4902
hs4 70000000 74999999 0.65757
hs4 75000000 79999999 0.0442664
hs4 80000000 84999999 0.883577
hs4 85000000 89999999 0.124392
hs4 90000000 94999999 0.940346
hs4 95000000 99999999 0.375987
hs4 100000000 104999999 0.443108
hs4 105000000 109999999 0.684082
hs4 110000000 114999999 0.372114
hs4 115000000 119999999 0.389654
hs4 120000000 124999999 0.502585
hs4 125000000 129999999 0.809363
hs4 130000000 134999999 0.469687
hs4 135000000 139999999 0.363593
hs4 140000000 144999999 0.338952
hs4 145000000 149999999 0.822671
hs4 150000000 154999999 0.309069
hs4 155000000 159999999 0.147761
hs4 160000000 164999999 0.174736
hs4 165000000 169999999 0.327808
hs4 170000000 174999999 0.876826
hs4 175000000 179999999 0.679416
hs4 180000000 184999999 0.650337
hs4 185000000 189999999 0.890363
hs4 190000000 194999999 0.930952
hs5 0 4999999 0.95428
hs5 5000000 9999999 0.551815
hs5 10000000 14999999 0.749166
hs5 15000000 19999999 0.689523
hs5 20000000 24999999 0.162132
hs5 25000000 29999999 0.665744
hs5 30000000 34999999 0.76192
hs5 35000000 39999999 0.350309
hs5 40000000 44999999 0.195312
hs5 45000000 49999999 0.0376055
hs5 50000000 54999999 0.378662
hs5 55000000 59999999 0.671449
hs5 60000000 64999999 0.915192
hs5 65000000 69999999 0.553357
hs5 70000000 74999999 0.162485
hs5 75000000 79999999 0.565599
hs5 80000000 84999999 0.552649
hs5 85000000 89999999 0.422071
hs5 90000000 94999999 0.25382
hs5 95000000 99999999 0.923751
hs5 100000000 104999999 0.262411
hs5 105000000 109999999 0.625528
hs5 110000000 114999999 0.340878
hs5 115000000 119999999 0.835254
hs5 120000000 124999999 0.901163
hs5 125000000 129999999 0.635005
hs5 130000000 134999999 0.53163
hs5 135000000 139999999 0.895354
hs5 140000000 144999999 0.211573
hs5 145000000 149999999 0.359816
hs5 150000000 154999999 0.170651
hs5 155000000 159999999 0.646903
hs5 160000000 164999999 0.33621
hs5 165000000 169999999 0.505458
hs5 170000000 174999999 0.966369
hs5 175000000 179999999 0.309591
hs5 180000000 184999999 0.233876
hs6 0 4999999 0.724076
hs6 5000000 9999999 0.381645
hs6 10000000 14999999 0.425911
hs6 15000000 19999999 0.309489
hs6 20000000 24999999 0.433881
hs6 25000000 29999999 0.374227
hs6 30000000 34999999 0.750214
hs6 35000000 39999999 0.193323
hs6 40000000 44999999 0.877405
hs6 45000000 49999999 0.249518
hs6 50000000 54999999 0.639173
hs6 55000000 59999999 0.141758
hs6 60000000 64999999 0.951121
hs6 65000000 69999999 0.420808
hs6 70000000 74999999 0.784401
hs6 75000000 79999999 0.123353
hs6 80000000 84999999 0.946024
hs6 85000000 89999999 0.255092
hs6 90000000 94999999 0.402853
hs6 95000000 99999999 0.577588
hs6 100000000 104999999 0.905397
hs6 105000000 109999999 0.782223
hs6 110000000 114999999 0.461639
hs6 115000000 119999999 0.111975
hs6 120000000 124999999 0.0023381
hs6 125000000 129999999 0.93329
hs6 130000000 134999999 0.887569
hs6 135000000 139999999 0.439384
hs6 140000000 144999999 0.18855
hs6 145000000 149999999 0.878073
hs6 150000000 154999999 0.040205
hs6 155000000 159999999 0.705949
hs6 160000000 164999999 0.467869
hs6 165000000 169999999 0.818178
hs6 170000000 174999999 0.0134893
hs7 0 4999999 0.0510948
hs7 5000000 9999999 0.429757
hs7 10000000 14999999 0.101207
hs7 15000000 19999999 0.0163985
hs7 20000000 24999999 0.569755
hs7 25000000 29999999 0.73224
hs7 30000000 34999999 0.297839
hs7 35000000 39999999 0.850488
hs7 40000000 44999999 0.27256
hs7 45000000 49999999 0.52638
hs7 50000000 54999999 0.450131
hs7 55000000 59999999 0.712541
hs7 60000000 64999999 0.338069
hs7 65000000 69999999 0.678947
hs7 70000000 74999999 0.514201
hs7 75000000 79999999 0.415364
hs7 80000000 84999999 0.0503693
hs7 85000000 89999999 0.581999
hs7 90000000 94999999 0.477354
hs7 95000000 99999999 0.688927
hs7 100000000 104999999 0.048743
hs7 105000000 109999999 0.219394
hs7 110000000 114999999 0.866297
hs7 115000000 119999999 0.202507
hs7 120000000 124999999 0.707965
hs7 125000000 129999999 0.674334
hs7 130000000 134999999 0.983924
hs7 135000000 139999999 0.2178
hs7 140000000 144999999 0.941876
hs7 145000000 149999999 0.323521
hs7 150000000 154999999 0.749432
hs7 155000000 159999999 0.058921
hs8 0 4999999 0.492802
hs8 5000000 9999999 0.867029
hs8 10000000 14999999 0.617243
hs8 15000000 19999999 0.810566
hs8 20000000 24999999 0.68797
hs8 25000000 29999999 0.937489
hs8 30000000 34999999 0.576662
hs8 35000000 39999999 0.718419
hs8 40000000 44999999 0.66954
hs8 45000000 49999999 0.0903483
hs8 50000000 54999999 0.874749
hs8 55000000 59999999 0.998101
hs8 60000000 64999999 0.944125
hs8 65000000 69999999 0.199217
hs8 70000000 74999999 0.60207
hs8 75000000 79999999 0.179658
hs8 80000000 84999999 0.085055
hs8 85000000 89999999 0.867278
hs8 90000000 94999999 0.328916
hs8 95000000 99999999 0.440892
hs8 100000000 104999999 0.44323
hs8 105000000 109999999 0.37652
hs8 110000000 114999999 0.264089
hs8 115000000 119999999 0.703473
hs8 120000000 124999999 0.892024
hs8 125000000 129999999 0.770097
hs8 130000000 134999999 0.810302
hs8 135000000 139999999 0.516251
hs8 140000000 144999999 0.984119
hs8 145000000 149999999 0.802297
hs9 0 4999999 0.815786
hs9 5000000 9999999 0.866881
hs9 10000000 14999999 0.296638
hs9 15000000 19999999 0.397845
hs9 20000000 24999999 0.414243
hs9 25000000 29999999 0.983999
hs9 30000000 34999999 0.716239
hs9 35000000 39999999 0.0140777
hs9 40000000 44999999 0.864566
hs9 45000000 49999999 0.137126
hs9 65000000 69999999 0.663506
hs9 70000000 74999999 0.113636
hs9 75000000 79999999 0.826177
hs9 80000000 84999999 0.164247
hs9 85000000 89999999 0.843193
hs9 90000000 94999999 0.357394
hs9 95000000 99999999 0.772758
hs9 100000000 104999999 0.823127
hs9 105000000 109999999 0.405127
hs9 110000000 114999999 0.88248
hs9 115000000 119999999 0.571407
hs9 120000000 124999999 0.62015
hs9 125000000 129999999 0.839544
hs9 130000000 134999999 0.705841
hs9 135000000 139999999 0.908348
hs9 140000000 144999999 0.616314
hsX 5000000 9999999 0.290647
hsX 10000000 14999999 0.274572
hsX 15000000 19999999 0.492372
hsX 20000000 24999999 0.434248
hsX 25000000 29999999 0.757769
hsX 30000000 34999999 0.507201
hsX 35000000 39999999 0.566122
hsX 40000000 44999999 0.0589239
hsX 45000000 49999999 0.925953
hsX 50000000 54999999 0.543196
hsX 55000000 59999999 0.353762
hsX 60000000 64999999 0.0417321
hsX 65000000 69999999 0.979221
hsX 70000000 74999999 0.555883
hsX 75000000 79999999 0.274302
hsX 80000000 84999999 0.943842
hsX 85000000 89999999 0.0341903
hsX 90000000 94999999 0.908939
hsX 95000000 99999999 0.907041
hsX 100000000 104999999 0.851166
hsX 105000000 109999999 0.0503828
hsX 110000000 114999999 0.652453
hsX 115000000 119999999 0.832111
hsX 120000000 124999999 0.917166
hsX 125000000 129999999 0.784444
hsX 130000000 134999999 0.11336
hsX 135000000 139999999 0.554252
hsX 140000000 144999999 0.997482
hsX 145000000 149999999 0.374001
hsX 150000000 154999999 0.638091
hsY 0 4999999 0.341564
hsY 5000000 9999999 0.233588
hsY 10000000 14999999 0.00368457
hsY 15000000 19999999 0.813986
hsY 20000000 24999999 0.330237
hsY 25000000 29999999 0.314356
hsY 55000000 59999999 0.116653
