hs1 0 4999999 0.379474
hs1 5000000 9999999 0.677807
hs1 10000000 14999999 0.222528
hs1 15000000 19999999 0.51368
hs1 20000000 24999999 0.379331
hs1 25000000 29999999 0.228867
hs1 30000000 34999999 0.951203
hs1 35000000 39999999 0.596636
hs1 40000000 44999999 0.623364
hs1 45000000 49999999 0.678794
hs1 50000000 54999999 0.475036
hs1 55000000 59999999 0.527279
hs1 60000000 64999999 0.0141351
hs1 65000000 69999999 0.701073
hs1 70000000 74999999 0.903883
hs1 75000000 79999999 0.468745
hs1 80000000 84999999 0.527522
hs1 85000000 89999999 0.377999
hs1 90000000 94999999 0.702154
hs1 95000000 99999999 0.226747
hs1 100000000 104999999 0.975046
hs1 105000000 109999999 0.686107
hs1 110000000 114999999 0.0364661
hs1 115000000 119999999 0.693882
hs1 120000000 124999999 0.98427
hs1 140000000 144999999 0.44904
hs1 145000000 149999999 0.337515
hs1 150000000 154999999 0.80034
hs1 155000000 159999999 0.048585
hs1 160000000 164999999 0.869231
hs1 165000000 169999999 0.561631
hs1 170000000 174999999 0.749032
hs1 175000000 179999999 0.976549
hs1 180000000 184999999 0.904841
hs1 185000000 189999999 0.639958
hs1 190000000 194999999 0.819662
hs1 195000000 199999999 0.343978
hs1 200000000 204999999 0.194125
hs1 205000000 209999999 0.867188
hs1 210000000 214999999 0.267831
hs1 215000000 219999999 0.602678
hs1 220000000 224999999 0.106308
hs1 225000000 229999999 0.489943
hs1 230000000 234999999 0.181856
hs1 235000000 239999999 0.341221
hs1 240000000 244999999 0.363595
hs1 245000000 249999999 0.456707
hs10 0 4999999 0.492293
hs10 5000000 9999999 0.440989
hs10 10000000 14999999 0.354387
hs10 15000000 19999999 0.602606
hs10 20000000 24999999 0.908135
hs10 25000000 29999999 0.920334
hs10 30000000 34999999 0.406611
hs10 35000000 39999999 0.711794
hs10 40000000 44999999 0.161365
hs10 45000000 49999999 0.951419
hs10 50000000 54999999 0.483122
hs10 55000000 59999999 0.895293
hs10 60000000 64999999 0.587671
hs10 65000000 69999999 0.0490038
hs10 70000000 74999999 0.728675
hs10 75000000 79999999 0.749466
hs10 80000000 84999999 0.12894
hs10 85000000 89999999 0.806747
hs10 90000000 94999999 0.0292747
hs10 95000000 99999999 0.542955
hs10 100000000 104999999 0.922286
hs10 105000000 109999999 0.151153
hs10 110000000 114999999 0.102357
hs10 115000000 119999999 0.698993
hs10 120000000 124999999 0.322357
hs10 125000000 129999999 0.00115077
hs10 130000000 134999999 0.476187
hs10 135000000 139999999 0.00346653
hs11 0 4999999 0.0176016
hs11 5000000 9999999 0.718675
hs11 10000000 14999999 0.622558
hs11 15000000 19999999 0.0913029
hs11 20000000 24999999 0.618825
hs11 25000000 29999999 0.996824
hs11 30000000 34999999 0.698978
hs11 35000000 39999999 0.925725
hs11 40000000 44999999 0.90077
hs11 45000000 49999999 0.586877
hs11 50000000 54999999 0.623343
hs11 55000000 59999999 0.317225
hs11 60000000 64999999 0.301494
hs11 65000000 69999999 0.750534
hs11 70000000 74999999 0.0880488
hs11 75000000 79999999 0.888389
hs11 80000000 84999999 0.936974
hs11 85000000 89999999 0.806205
hs11 90000000 94999999 0.367836
hs11 95000000 99999999 0.116868
hs11 100000000 104999999 0.0934175
hs11 105000000 109999999 0.998258
hs11 110000000 114999999 0.638216
hs11 115000000 119999999 0.457878
hs11 120000000 124999999 0.801856
hs11 125000000 129999999 0.995982
hs11 130000000 134999999 0.86317
hs12 0 4999999 0.131001
hs12 5000000 9999999 0.733679
hs12 10000000 14999999 0.839987
hs12 15000000 19999999 0.32993
hs12 20000000 24999999 0.511786
hs12 25000000 29999999 0.853007
hs12 30000000 34999999 0.216602
hs12 35000000 39999999 0.673309
hs12 40000000 44999999 0.165602
hs12 45000000 49999999 0.606591
hs12 50000000 54999999 0.960977
hs12 55000000 59999999 0.563583
hs12 60000000 64999999 0.471719
hs12 65000000 69999999 0.392052
hs12 70000000 74999999 0.798663
hs12 75000000 79999999 0.510457
hs12 80000000 84999999 0.671822
hs12 85000000 89999999 0.623241
hs12 90000000 94999999 0.106363
hs12 95000000 99999999 0.00165606
hs12 100000000 104999999 0.589327
hs12 105000000 109999999 0.638331
hs12 110000000 114999999 0.367006
hs12 115000000 119999999 0.116472
hs12 120000000 124999999 0.245412
hs12 125000000 129999999 0.0521592
hs12 130000000 134999999 0.0814339
hs13 15000000 19999999 0.624389
hs13 20000000 24999999 0.546675
hs13 25000000 29999999 0.697828
hs13 30000000 34999999 0.800184
hs13 35000000 39999999 0.499177
hs13 40000000 44999999 0.821534
hs13 45000000 49999999 0.822685
hs13 50000000 54999999 0.298872
hs13 55000000 59999999 0.302338
hs13 60000000 64999999 0.31994
hs13 65000000 69999999 0.038615
hs13 70000000 74999999 0.661173
hs13 75000000 79999999 0.752476
hs13 80000000 84999999 0.371301
hs13 85000000 89999999 0.368125
hs13 90000000 94999999 0.0671028
hs13 95000000 99999999 0.992828
hs13 100000000 104999999 0.893598
hs13 105000000 109999999 0.480475
hs13 110000000 114999999 0.103818
hs14 15000000 19999999 0.421043
hs14 20000000 24999999 0.722537
hs14 25000000 29999999 0.473071
hs14 30000000 34999999 0.56112
hs14 35000000 39999999 0.449509
hs14 40000000 44999999 0.386483
hs14 45000000 49999999 0.192688
hs14 50000000 54999999 0.560524
hs14 55000000 59999999 0.677392
hs14 60000000 64999999 0.77081
hs14 65000000 69999999 0.769068
hs14 70000000 74999999 0.407284
hs14 75000000 79999999 0.865162
hs14 80000000 84999999 0.667018
hs14 85000000 89999999 0.663
hs14 90000000 94999999 0.52617
hs14 95000000 99999999 0.65717
hs14 100000000 104999999 0.390849
hs14 105000000 109999999 0.230836
hs15 15000000 19999999 0.560766
hs15 20000000 24999999 0.0725524
hs15 25000000 29999999 0.925559
hs15 30000000 34999999 0.142162
hs15 35000000 39999999 0.81547
hs15 40000000 44999999 0.981072
hs15 45000000 49999999 0.587663
hs15 50000000 54999999 0.54864
hs15 55000000 59999999 0.112223
hs15 60000000 64999999 0.583942
hs15 65000000 69999999 0.975994
hs15 70000000 74999999 0.774658
hs15 75000000 79999999 0.285115
hs15 80000000 84999999 0.956937
hs15 85000000 89999999 0.580178
hs15 90000000 94999999 0.686541
hs15 95000000 99999999 0.688197
hs15 100000000 104999999 0.277524
hs16 0 4999999 0.915855
hs16 5000000 9999999 0.282861
hs16 10000000 14999999 0.399333
hs16 15000000 19999999 0.644746
hs16 20000000 24999999 0.696905
hs16 25000000 29999999 0.778339
hs16 30000000 34999999 0.402728
hs16 45000000 49999999 0.949402
hs16 50000000 54999999 0.64723
hs16 55000000 59999999 0.447415
hs16 60000000 64999999 0.946592
hs16 65000000 69999999 0.768126
hs16 70000000 74999999 0.59081
hs16 75000000 79999999 0.889682
hs16 80000000 84999999 0.19202
hs16 85000000 89999999 0.51196
hs17 0 4999999 0.550575
hs17 5000000 9999999 0.211748
hs17 10000000 14999999 0.964224
hs17 15000000 19999999 0.335526
hs17 20000000 24999999 0.70365
hs17 25000000 29999999 0.770753
hs17 30000000 34999999 0.763581
hs17 35000000 39999999 0.657179
hs17 40000000 44999999 0.137654
hs17 45000000 49999999 0.241473
hs17 50000000 54999999 0.662516
hs17 55000000 59999999 0.385053
hs17 60000000 64999999 0.858125
hs17 65000000 69999999 0.419245
hs17 70000000 74999999 0.868754
hs17 75000000 79999999 0.255237
hs18 0 4999999 0.447924
hs18 5000000 9999999 0.0084481
hs18 10000000 14999999 0.68584
hs18 15000000 19999999 0.45665
hs18 20000000 24999999 0.225718
hs18 25000000 29999999 0.633002
hs18 30000000 34999999 0.498163
hs18 35000000 39999999 0.165182
hs18 40000000 44999999 0.828182
hs18 45000000 49999999 0.354351
hs18 50000000 54999999 0.0115214
hs18 55000000 59999999 0.40237
hs18 60000000 64999999 0.633206
hs18 65000000 69999999 0.193972
hs18 70000000 74999999 0.266525
hs18 75000000 79999999 0.192084
hs19 0 4999999 0.334246
hs19 5000000 9999999 0.149716
hs19 10000000 14999999 0.130789
hs19 15000000 19999999 0.718452
hs19 20000000 24999999 0.267092
hs19 30000000 34999999 0.379315
hs19 35000000 39999999 0.963257
hs19 40000000 44999999 0.939251
hs19 45000000 49999999 0.713909
hs19 50000000 54999999 0.999024
hs19 55000000 59999999 0.955961
hs19 60000000 64999999 0.536139
hs2 0 4999999 0.22268
hs2 5000000 9999999 0.910877
hs2 10000000 14999999 0.188401
hs2 15000000 19999999 0.104256
hs2 20000000 24999999 0.387117
hs2 25000000 29999999 0.78645
hs2 30000000 34999999 0.431195
hs2 35000000 39999999 0.1281
hs2 40000000 44999999 0.906439
hs2 45000000 49999999 0.309167
hs2 50000000 54999999 0.258569
hs2 55000000 59999999 0.9058
hs2 60000000 64999999 0.353214
hs2 65000000 69999999 0.299806
hs2 70000000 74999999 0.0679319
hs2 75000000 79999999 0.658742
hs2 80000000 84999999 0.548424
hs2 85000000 89999999 0.740444
hs2 90000000 94999999 0.252404
hs2 95000000 99999999 0.802979
hs2 100000000 104999999 0.0147275
hs2 105000000 109999999 0.978952
hs2 110000000 114999999 0.314478
hs2 115000000 119999999 0.0181282
hs2 120000000 124999999 0.788881
hs2 125000000 129999999 0.552462
hs2 130000000 134999999 0.209642
hs2 135000000 139999999 0.347296
hs2 140000000 144999999 0.588769
hs2 145000000 149999999 0.251285
hs2 150000000 154999999 0.636338
hs2 155000000 159999999 0.494463
hs2 160000000 164999999 0.913707
hs2 165000000 169999999 0.782461
hs2 170000000 174999999 0.0376977
hs2 175000000 179999999 0.485622
hs2 180000000 184999999 0.49407
hs2 185000000 189999999 0.17991
hs2 190000000 194999999 0.63656
hs2 195000000 199999999 0.862277
hs2 200000000 204999999 0.495279
hs2 205000000 209999999 0.993442
hs2 210000000 214999999 0.158624
hs2 215000000 219999999 0.986805
hs2 220000000 224999999 0.341157
hs2 225000000 229999999 0.352678
hs2 230000000 234999999 0.755048
hs2 235000000 239999999 0.388255
hs2 240000000 244999999 0.582227
hs20 0 4999999 0.848752
hs20 5000000 9999999 0.0408363
hs20 10000000 14999999 0.375082
hs20 15000000 19999999 0.524799
hs20 20000000 24999999 0.655587
hs20 25000000 29999999 0.374039
hs20 30000000 34999999 0.641131
hs20 35000000 39999999 0.0204457
hs20 40000000 44999999 0.983703
hs20 45000000 49999999 0.922954
hs20 50000000 54999999 0.636863
hs20 55000000 59999999 0.635886
hs20 60000000 64999999 0.591847
hs21 5000000 9999999 0.127986
hs21 10000000 14999999 0.350665
hs21 15000000 19999999 0.261542
hs21 20000000 24999999 0.449943
hs21 25000000 29999999 0.554199
hs21 30000000 34999999 0.941316
hs21 35000000 39999999 0.727766
hs21 40000000 44999999 0.158961
hs21 45000000 49999999 0.287062
hs22 15000000 19999999 0.1935
hs22 20000000 24999999 0.502667
hs22 25000000 29999999 0.761236
hs22 30000000 34999999 0.667036
hs22 35000000 39999999 0.0202502
hs22 40000000 44999999 0.320056
hs22 45000000 49999999 0.387988
hs3 0 4999999 0.0467304
hs3 5000000 9999999 0.595154
hs3 10000000 14999999 0.335599
hs3 15000000 19999999 0.588003
hs3 20000000 24999999 0.390982
hs3 25000000 29999999 0.40571
hs3 30000000 34999999 0.384662
hs3 35000000 39999999 0.699139
hs3 40000000 44999999 0.717267
hs3 45000000 49999999 0.506149
hs3 50000000 54999999 0.0586113
hs3 55000000 59999999 0.268253
hs3 60000000 64999999 0.615549
hs3 65000000 69999999 0.204317
hs3 70000000 74999999 0.455602
hs3 75000000 79999999 0.0919397
hs3 80000000 84999999 0.586402
hs3 85000000 89999999 0.50011
hs3 90000000 94999999 0.282571
hs3 95000000 99999999 0.320268
hs3 100000000 104999999 0.80589
hs3 105000000 109999999 0.29996
hs3 110000000 114999999 0.47987
hs3 115000000 119999999 0.11643
hs3 120000000 124999999 0.978707
hs3 125000000 129999999 0.473986
hs3 130000000 134999999 0.467428
hs3 135000000 139999999 0.626052
hs3 140000000 144999999 0.612858
hs3 145000000 149999999 0.954014
hs3 150000000 154999999 0.306692
hs3 155000000 159999999 0.0617407
hs3 160000000 164999999 0.449995
hs3 165000000 169999999 0.0322225
hs3 170000000 174999999 0.880974
hs3 175000000 179999999 0.921811
hs3 180000000 184999999 0.296893
hs3 185000000 189999999 0.821692
hs3 190000000 194999999 0.477279
hs3 195000000 199999999 0.851318
hs4 0 4999999 0.492449
hs4 5000000 9999999 0.512895
hs4 10000000 14999999 0.496598
hs4 15000000 19999999 0.419551
hs4 20000000 24999999 0.0564143
hs4 25000000 29999999 0.692301
hs4 30000000 34999999 0.284148
hs4 35000000 39999999 0.412133
hs4 40000000 44999999 0.762798
hs4 45000000 49999999 0.0243408
hs4 50000000 54999999 0.474284
hs4 55000000 59999999 0.0284834
hs4 60000000 64999999 0.969799
hs4 65000000 69999999 0.697565
hs4 70000000 74999999 0.856526
hs4 75000000 79999999 0.143588
hs4 80000000 84999999 0.337088
hs4 85000000 89999999 0.839755
hs4 90000000 94999999 0.600992
hs4 95000000 99999999 0.268028
hs4 100000000 104999999 0.288278
hs4 105000000 109999999 0.608334
hs4 110000000 114999999 0.996323
hs4 115000000 119999999 0.0430529
hs4 120000000 124999999 0.638207
hs4 125000000 129999999 0.973806
hs4 130000000 134999999 0.561809
hs4 135000000 139999999 0.952791
hs4 140000000 144999999 0.3585
hs4 145000000 149999999 0.743162
hs4 150000000 154999999 0.442301
hs4 155000000 159999999 0.159568
hs4 160000000 164999999 0.665717
hs4 165000000 169999999 0.724328
hs4 170000000 174999999 0.992581
hs4 175000000 179999999 0.60813
hs4 180000000 184999999 0.812447
hs4 185000000 189999999 0.268049
hs4 190000000 194999999 0.359989
hs5 0 4999999 0.946391
hs5 5000000 9999999 0.446501
hs5 10000000 14999999 0.729071
hs5 15000000 19999999 0.0493393
hs5 20000000 24999999 0.855229
hs5 25000000 29999999 0.155189
hs5 30000000 34999999 0.63506
hs5 35000000 39999999 0.751489
hs5 40000000 44999999 0.730197
hs5 45000000 49999999 0.204183
hs5 50000000 54999999 0.671611
hs5 55000000 59999999 0.297663
hs5 60000000 64999999 0.91052
hs5 65000000 69999999 0.864535
hs5 70000000 74999999 0.171227
hs5 75000000 79999999 0.232968
hs5 80000000 84999999 0.682963
hs5 85000000 89999999 0.715185
hs5 90000000 94999999 0.59616
hs5 95000000 99999999 0.517971
hs5 100000000 104999999 0.814864
hs5 105000000 109999999 0.636556
hs5 110000000 114999999 0.113835
hs5 115000000 119999999 0.965154
hs5 120000000 124999999 0.457603
hs5 125000000 129999999 0.970498
hs5 130000000 134999999 0.467095
hs5 135000000 139999999 0.886647
hs5 140000000 144999999 0.943061
hs5 145000000 149999999 0.635362
hs5 150000000 154999999 0.919509
hs5 155000000 159999999 0.331642
hs5 160000000 164999999 0.0944407
hs5 165000000 169999999 0.118782
hs5 170000000 174999999 0.593066
hs5 175000000 179999999 0.621549
hs5 180000000 184999999 0.591349
hs6 0 4999999 0.288914
hs6 5000000 9999999 0.14544
hs6 10000000 14999999 0.289028
hs6 15000000 19999999 0.626116
hs6 20000000 24999999 0.465871
hs6 25000000 29999999 0.0668633
hs6 30000000 34999999 0.334891
hs6 35000000 39999999 0.623169
hs6 40000000 44999999 0.231503
hs6 45000000 49999999 0.227826
hs6 50000000 54999999 0.270879
hs6 55000000 59999999 0.909086
hs6 60000000 64999999 0.882892
hs6 65000000 69999999 0.4447
hs6 70000000 74999999 0.397491
hs6 75000000 79999999 0.755991
hs6 80000000 84999999 0.499153
hs6 85000000 89999999 0.941454
hs6 90000000 94999999 0.101022
hs6 95000000 99999999 0.766739
hs6 100000000 104999999 0.491068
hs6 105000000 109999999 0.483649
hs6 110000000 114999999 0.0917791
hs6 115000000 119999999 0.904226
hs6 120000000 124999999 0.172276
hs6 125000000 129999999 0.532264
hs6 130000000 134999999 0.478655
hs6 135000000 139999999 0.925156
hs6 140000000 144999999 0.654227
hs6 145000000 149999999 0.703566
hs6 150000000 154999999 0.558796
hs6 155000000 159999999 0.713985
hs6 160000000 164999999 0.349045
hs6 165000000 169999999 0.100534
hs6 170000000 174999999 0.830731
hs7 0 4999999 0.0349135
hs7 5000000 9999999 0.706524
hs7 10000000 14999999 0.00418713
hs7 15000000 19999999 0.914708
hs7 20000000 24999999 0.779242
hs7 25000000 29999999 0.950469
hs7 30000000 34999999 0.183437
hs7 35000000 39999999 0.8664
hs7 40000000 44999999 0.581585
hs7 45000000 49999999 0.177745
hs7 50000000 54999999 0.695716
hs7 55000000 59999999 0.51058
hs7 60000000 64999999 0.147136
hs7 65000000 69999999 0.260971
hs7 70000000 74999999 0.226124
hs7 75000000 79999999 0.683727
hs7 80000000 84999999 0.654225
hs7 85000000 89999999 0.12132
hs7 90000000 94999999 0.00796699
hs7 95000000 99999999 0.951028
hs7 100000000 104999999 0.58639
hs7 105000000 109999999 0.505899
hs7 110000000 114999999 0.837541
hs7 115000000 119999999 0.931982
hs7 120000000 124999999 0.0507633
hs7 125000000 129999999 0.643829
hs7 130000000 134999999 0.265378
hs7 135000000 139999999 0.856727
hs7 140000000 144999999 0.14564
hs7 145000000 149999999 0.29108
hs7 150000000 154999999 0.580108
hs7 155000000 159999999 0.206224
hs8 0 4999999 0.672096
hs8 5000000 9999999 0.738959
hs8 10000000 14999999 0.0738499
hs8 15000000 19999999 0.697019
hs8 20000000 24999999 0.928522
hs8 25000000 29999999 0.156347
hs8 30000000 34999999 0.427226
hs8 35000000 39999999 0.336312
hs8 40000000 44999999 0.219203
hs8 45000000 49999999 0.663904
hs8 50000000 54999999 0.0613948
hs8 55000000 59999999 0.817386
hs8 60000000 64999999 0.316539
hs8 65000000 69999999 0.257993
hs8 70000000 74999999 0.359015
hs8 75000000 79999999 0.125754
hs8 80000000 84999999 0.616822
hs8 85000000 89999999 0.100471
hs8 90000000 94999999 0.19225
hs8 95000000 99999999 0.0964766
hs8 100000000 104999999 0.268752
hs8 105000000 109999999 0.801016
hs8 110000000 114999999 0.279672
hs8 115000000 119999999 0.204828
hs8 120000000 124999999 0.859055
hs8 125000000 129999999 0.562621
hs8 130000000 134999999 0.121417
hs8 135000000 139999999 0.835402
hs8 140000000 144999999 0.184447
hs8 145000000 149999999 0.284981
hs9 0 4999999 0.115712
hs9 5000000 9999999 0.150626
hs9 10000000 14999999 0.85715
hs9 15000000 19999999 0.861337
hs9 20000000 24999999 0.776045
hs9 25000000 29999999 0.555287
hs9 30000000 34999999 0.505756
hs9 35000000 39999999 0.689193
hs9 40000000 44999999 0.555593
hs9 45000000 49999999 0.137179
hs9 65000000 69999999 0.314924
hs9 70000000 74999999 0.0106405
hs9 75000000 79999999 0.521221
hs9 80000000 84999999 0.668356
hs9 85000000 89999999 0.929327
hs9 90000000 94999999 0.155452
hs9 95000000 99999999 0.839179
hs9 100000000 104999999 0.493404
hs9 105000000 109999999 0.614724
hs9 110000000 114999999 0.622691
hs9 115000000 119999999 0.573719
hs9 120000000 124999999 0.160109
hs9 125000000 129999999 0.666007
hs9 130000000 134999999 0.503548
hs9 135000000 139999999 0.43553
hs9 140000000 144999999 0.486293
hsX 5000000 9999999 0.130122
hsX 10000000 14999999 0.395501
hsX 15000000 19999999 0.252227
hsX 20000000 24999999 0.397868
hsX 25000000 29999999 0.688948
hsX 30000000 34999999 0.269057
hsX 35000000 39999999 0.475281
hsX 40000000 44999999 0.147376
hsX 45000000 49999999 0.886335
hsX 50000000 54999999 0.960185
hsX 55000000 59999999 0.657204
hsX 60000000 64999999 0.585725
hsX 65000000 69999999 0.742073
hsX 70000000 74999999 0.169299
hsX 75000000 79999999 0.50561
hsX 80000000 84999999 0.724814
hsX 85000000 89999999 0.388718
hsX 90000000 94999999 0.450112
hsX 95000000 99999999 0.267498
hsX 100000000 104999999 0.584037
hsX 105000000 109999999 0.84203
hsX 110000000 114999999 0.201045
hsX 115000000 119999999 0.326799
hsX 120000000 124999999 0.943621
hsX 125000000 129999999 0.0440921
hsX 130000000 134999999 0.236342
hsX 135000000 139999999 0.332819
hsX 140000000 144999999 0.601571
hsX 145000000 149999999 0.402587
hsX 150000000 154999999 0.682259
hsY 0 4999999 0.887087
hsY 5000000 9999999 0.746141
hsY 10000000 14999999 0.308762
hsY 15000000 19999999 0.430179
hsY 20000000 24999999 0.265581
hsY 25000000 29999999 0.450028
hsY 55000000 59999999 0.735009
