hs1 0 4999999 0.961569
hs1 5000000 9999999 0.146083
hs1 10000000 14999999 0.625382
hs1 15000000 19999999 0.694135
hs1 20000000 24999999 0.683928
hs1 25000000 29999999 0.319722
hs1 30000000 34999999 0.530244
hs1 35000000 39999999 0.0497954
hs1 40000000 44999999 0.977838
hs1 45000000 49999999 0.458509
hs1 50000000 54999999 0.583854
hs1 55000000 59999999 0.77391
hs1 60000000 64999999 0.93279
hs1 65000000 69999999 0.768456
hs1 70000000 74999999 0.0130946
hs1 75000000 79999999 0.235301
hs1 80000000 84999999 0.0742279
hs1 85000000 89999999 0.883663
hs1 90000000 94999999 0.02158
hs1 95000000 99999999 0.622492
hs1 100000000 104999999 0.285451
hs1 105000000 109999999 0.56364
hs1 110000000 114999999 0.368602
hs1 115000000 119999999 0.359432
hs1 120000000 124999999 0.423161
hs1 140000000 144999999 0.844374
hs1 145000000 149999999 0.277975
hs1 150000000 154999999 0.826112
hs1 155000000 159999999 0.163164
hs1 160000000 164999999 0.769006
hs1 165000000 169999999 0.971055
hs1 170000000 174999999 0.0305634
hs1 175000000 179999999 0.568417
hs1 180000000 184999999 0.145311
hs1 185000000 189999999 0.162894
hs1 190000000 194999999 0.89957
hs1 195000000 199999999 0.0207821
hs1 200000000 204999999 0.1926
hs1 205000000 209999999 0.446292
hs1 210000000 214999999 0.81513
hs1 215000000 219999999 0.0558941
hs1 220000000 224999999 0.96351
hs1 225000000 229999999 0.222392
hs1 230000000 234999999 0.403885
hs1 235000000 239999999 0.298512
hs1 240000000 244999999 0.353356
hs1 245000000 249999999 0.658788
hs10 0 4999999 0.935381
hs10 5000000 9999999 0.752983
hs10 10000000 14999999 0.703941
hs10 15000000 19999999 0.43413
hs10 20000000 24999999 0.627975
hs10 25000000 29999999 0.774611
hs10 30000000 34999999 0.462648
hs10 35000000 39999999 0.726261
hs10 40000000 44999999 0.34898
hs10 45000000 49999999 0.885859
hs10 50000000 54999999 0.548089
hs10 55000000 59999999 0.148845
hs10 60000000 64999999 0.569741
hs10 65000000 69999999 0.513646
hs10 70000000 74999999 0.709507
hs10 75000000 79999999 0.587135
hs10 80000000 84999999 0.548704
hs10 85000000 89999999 0.694787
hs10 90000000 94999999 0.320169
hs10 95000000 99999999 0.0143037
hs10 100000000 104999999 0.698231
hs10 105000000 109999999 0.0179537
hs10 110000000 114999999 0.548198
hs10 115000000 119999999 0.597993
hs10 120000000 124999999 0.575831
hs10 125000000 129999999 0.0343402
hs10 130000000 134999999 0.618194
hs10 135000000 139999999 0.392104
hs11 0 4999999 0.324894
hs11 5000000 9999999 0.0933503
hs11 10000000 14999999 0.106445
hs11 15000000 19999999 0.341746
hs11 20000000 24999999 0.415974
hs11 25000000 29999999 0.299637
hs11 30000000 34999999 0.321217
hs11 35000000 39999999 0.943709
hs11 40000000 44999999 0.22916
hs11 45000000 49999999 0.7928
hs11 50000000 54999999 0.161402
hs11 55000000 59999999 0.520833
hs11 60000000 64999999 0.943994
hs11 65000000 69999999 0.788368
hs11 70000000 74999999 0.0663431
hs11 75000000 79999999 0.892455
hs11 80000000 84999999 0.0556187
hs11 85000000 89999999 0.824625
hs11 90000000 94999999 0.79568
hs11 95000000 99999999 0.826243
hs11 100000000 104999999 0.39466
hs11 105000000 109999999 0.539971
hs11 110000000 114999999 0.702865
hs11 115000000 119999999 0.602434
hs11 120000000 124999999 0.623216
hs11 125000000 129999999 0.815816
hs11 130000000 134999999 0.262108
hs12 0 4999999 0.0772378
hs12 5000000 9999999 0.133132
hs12 10000000 14999999 0.0966419
hs12 15000000 19999999 0.319034
hs12 20000000 24999999 0.722919
hs12 25000000 29999999 0.0214307
hs12 30000000 34999999 0.374787
hs12 35000000 39999999 0.0335748
hs12 40000000 44999999 0.968956
hs12 45000000 49999999 0.721939
hs12 50000000 54999999 0.42588
hs12 55000000 59999999 0.86001
hs12 60000000 64999999 0.487985
hs12 65000000 69999999 0.262596
hs12 70000000 74999999 0.725244
hs12 75000000 79999999 0.451505
hs12 80000000 84999999 0.800484
hs12 85000000 89999999 0.686343
hs12 90000000 94999999 0.234432
hs12 95000000 99999999 0.383277
hs12 100000000 104999999 0.953018
hs12 105000000 109999999 0.466664
hs12 110000000 114999999 0.17617
hs12 115000000 119999999 0.763305
hs12 120000000 124999999 0.312009
hs12 125000000 129999999 0.00679542
hs12 130000000 134999999 0.326965
hs13 15000000 19999999 0.341268
hs13 20000000 24999999 0.0394995
hs13 25000000 29999999 0.0574532
hs13 30000000 34999999 0.605651
hs13 35000000 39999999 0.203644
hs13 40000000 44999999 0.779475
hs13 45000000 49999999 0.813815
hs13 50000000 54999999 0.432009
hs13 55000000 59999999 0.824113
hs13 60000000 64999999 0.149007
hs13 65000000 69999999 0.242358
hs13 70000000 74999999 0.348802
hs13 75000000 79999999 0.690549
hs13 80000000 84999999 0.106523
hs13 85000000 89999999 0.40616
hs13 90000000 94999999 0.727377
hs13 95000000 99999999 0.671086
hs13 100000000 104999999 0.900245
hs13 105000000 109999999 0.693045
hs13 110000000 114999999 0.854447
hs14 15000000 19999999 0.37528
hs14 20000000 24999999 0.319274
hs14 25000000 29999999 0.107642
hs14 30000000 34999999 0.173985
hs14 35000000 39999999 0.0664399
hs14 40000000 44999999 0.122059
hs14 45000000 49999999 0.946684
hs14 50000000 54999999 0.742363
hs14 55000000 59999999 0.568606
hs14 60000000 64999999 0.963266
hs14 65000000 69999999 0.503237
hs14 70000000 74999999 0.206102
hs14 75000000 79999999 0.808536
hs14 80000000 84999999 0.431753
hs14 85000000 89999999 0.247569
hs14 90000000 94999999 0.509676
hs14 95000000 99999999 0.586914
hs14 100000000 104999999 0.720046
hs14 105000000 109999999 0.816688
hs15 15000000 19999999 0.135722
hs15 20000000 24999999 0.85864
hs15 25000000 29999999 0.880071
hs15 30000000 34999999 0.254858
hs15 35000000 39999999 0.288433
hs15 40000000 44999999 0.257389
hs15 45000000 49999999 0.979328
hs15 50000000 54999999 0.405207
hs15 55000000 59999999 0.265217
hs15 60000000 64999999 0.753202
hs15 65000000 69999999 0.0157973
hs15 70000000 74999999 0.741041
hs15 75000000 79999999 0.192545
hs15 80000000 84999999 0.99303
hs15 85000000 89999999 0.679372
hs15 90000000 94999999 0.913804
hs15 95000000 99999999 0.297081
hs15 100000000 104999999 0.250099
hs16 0 4999999 0.716763
hs16 5000000 9999999 0.892933
hs16 10000000 14999999 0.656238
hs16 15000000 19999999 0.968246
hs16 20000000 24999999 0.975042
hs16 25000000 29999999 0.302006
hs16 30000000 34999999 0.643274
hs16 45000000 49999999 0.682774
hs16 50000000 54999999 0.740227
hs16 55000000 59999999 0.345878
hs16 60000000 64999999 0.549522
hs16 65000000 69999999 0.328996
hs16 70000000 74999999 0.142812
hs16 75000000 79999999 0.574821
hs16 80000000 84999999 0.398934
hs16 85000000 89999999 0.547941
hs17 0 4999999 0.790299
hs17 5000000 9999999 0.139101
hs17 10000000 14999999 0.82965
hs17 15000000 19999999 0.936172
hs17 20000000 24999999 0.342332
hs17 25000000 29999999 0.0697087
hs17 30000000 34999999 0.740795
hs17 35000000 39999999 0.64104
hs17 40000000 44999999 0.334085
hs17 45000000 49999999 0.188532
hs17 50000000 54999999 0.563811
hs17 55000000 59999999 0.883085
hs17 60000000 64999999 0.990727
hs17 65000000 69999999 0.164712
hs17 70000000 74999999 0.231151
hs17 75000000 79999999 0.35321
hs18 0 4999999 0.299894
hs18 5000000 9999999 0.0422567
hs18 10000000 14999999 0.610863
hs18 15000000 19999999 0.574129
hs18 20000000 24999999 0.0773664
hs18 25000000 29999999 0.283469
hs18 30000000 34999999 0.0920048
hs18 35000000 39999999 0.523757
hs18 40000000 44999999 0.771326
hs18 45000000 49999999 0.281002
hs18 50000000 54999999 0.867916
hs18 55000000 59999999 0.587962
hs18 60000000 64999999 0.40465
hs18 65000000 69999999 0.540371
hs18 70000000 74999999 0.399012
hs18 75000000 79999999 0.279083
hs19 0 4999999 0.533941
hs19 5000000 9999999 0.822374
hs19 10000000 14999999 0.0797623
hs19 15000000 19999999 0.0590898
hs19 20000000 24999999 0.464297
hs19 30000000 34999999 0.729514
hs19 35000000 39999999 0.482716
hs19 40000000 44999999 0.498513
hs19 45000000 49999999 0.239554
hs19 50000000 54999999 0.432099
hs19 55000000 59999999 0.425129
hs19 60000000 64999999 0.104501
hs2 0 4999999 0.0183054
hs2 5000000 9999999 0.315386
hs2 10000000 14999999 0.565485
hs2 15000000 19999999 0.282248
hs2 20000000 24999999 0.17518
hs2 25000000 29999999 0.831418
hs2 30000000 34999999 0.799664
hs2 35000000 39999999 0.774706
hs2 40000000 44999999 0.0767125
hs2 45000000 49999999 0.719987
hs2 50000000 54999999 0.402761
hs2 55000000 59999999 0.142988
hs2 60000000 64999999 0.488866
hs2 65000000 69999999 0.0383875
hs2 70000000 74999999 0.367384
hs2 75000000 79999999 0.510196
hs2 80000000 84999999 0.0850163
hs2 85000000 89999999 0.48395
hs2 90000000 94999999 0.0318911
hs2 95000000 99999999 0.82219
hs2 100000000 104999999 0.961291
hs2 105000000 109999999 0.79094
hs2 110000000 114999999 0.727112
hs2 115000000 119999999 0.0694441
hs2 120000000 124999999 0.139153
hs2 125000000 129999999 0.879947
hs2 130000000 134999999 0.520987
hs2 135000000 139999999 0.855072
hs2 140000000 144999999 0.043604
hs2 145000000 149999999 0.607415
hs2 150000000 154999999 0.490501
hs2 155000000 159999999 0.481228
hs2 160000000 164999999 0.645939
hs2 165000000 169999999 0.87709
hs2 170000000 174999999 0.2303
hs2 175000000 179999999 0.530194
hs2 180000000 184999999 0.572451
hs2 185000000 189999999 0.183314
hs2 190000000 194999999 0.757443
hs2 195000000 199999999 0.834809
hs2 200000000 204999999 0.118277
hs2 205000000 209999999 0.210282
hs2 210000000 214999999 0.73404
hs2 215000000 219999999 0.505366
hs2 220000000 224999999 0.786368
hs2 225000000 229999999 0.654284
hs2 230000000 234999999 0.242246
hs2 235000000 239999999 0.646895
hs2 240000000 244999999 0.187266
hs20 0 4999999 0.586278
hs20 5000000 9999999 0.865361
hs20 10000000 14999999 0.399302
hs20 15000000 19999999 0.221675
hs20 20000000 24999999 0.301438
hs20 25000000 29999999 0.360528
hs20 30000000 34999999 0.824825
hs20 35000000 39999999 0.554339
hs20 40000000 44999999 0.0370552
hs20 45000000 49999999 0.535568
hs20 50000000 54999999 0.775123
hs20 55000000 59999999 0.207222
hs20 60000000 64999999 0.632351
hs21 5000000 9999999 0.736852
hs21 10000000 14999999 0.755158
hs21 15000000 19999999 0.070544
hs21 20000000 24999999 0.636029
hs21 25000000 29999999 0.918277
hs21 30000000 34999999 0.0934575
hs21 35000000 39999999 0.924876
hs21 40000000 44999999 0.72454
hs21 45000000 49999999 0.499246
hs22 15000000 19999999 0.575959
hs22 20000000 24999999 0.295946
hs22 25000000 29999999 0.698707
hs22 30000000 34999999 0.841695
hs22 35000000 39999999 0.330561
hs22 40000000 44999999 0.368948
hs22 45000000 49999999 0.736332
hs3 0 4999999 0.246528
hs3 5000000 9999999 0.331544
hs3 10000000 14999999 0.815494
hs3 15000000 19999999 0.847385
hs3 20000000 24999999 0.669575
hs3 25000000 29999999 0.630865
hs3 30000000 34999999 0.421806
hs3 35000000 39999999 0.148918
hs3 40000000 44999999 0.218362
hs3 45000000 49999999 0.357515
hs3 50000000 54999999 0.237462
hs3 55000000 59999999 0.758449
hs3 60000000 64999999 0.613522
hs3 65000000 69999999 0.657126
hs3 70000000 74999999 0.264541
hs3 75000000 79999999 0.755042
hs3 80000000 84999999 0.236269
hs3 85000000 89999999 0.882208
hs3 90000000 94999999 0.759299
hs3 95000000 99999999 0.989599
hs3 100000000 104999999 0.519793
hs3 105000000 109999999 0.0922441
hs3 110000000 114999999 0.275558
hs3 115000000 119999999 0.0330002
hs3 120000000 124999999 0.867809
hs3 125000000 129999999 0.986087
hs3 130000000 134999999 0.196369
hs3 135000000 139999999 0.930409
hs3 140000000 144999999 0.435774
hs3 145000000 149999999 0.222142
hs3 150000000 154999999 0.876426
hs3 155000000 159999999 0.118672
hs3 160000000 164999999 0.765567
hs3 165000000 169999999 0.952833
hs3 170000000 174999999 0.539111
hs3 175000000 179999999 0.404472
hs3 180000000 184999999 0.803774
hs3 185000000 189999999 0.0254495
hs3 190000000 194999999 0.326887
hs3 195000000 199999999 0.687415
hs4 0 4999999 0.51224
hs4 5000000 9999999 0.0665787
hs4 10000000 14999999 0.103634
hs4 15000000 19999999 0.639202
hs4 20000000 24999999 0.414325
hs4 25000000 29999999 0.621547
hs4 30000000 34999999 0.253898
hs4 35000000 39999999 0.99075
hs4 40000000 44999999 0.745908
hs4 45000000 49999999 0.816452
hs4 50000000 54999999 0.452481
hs4 55000000 59999999 0.370758
hs4 60000000 64999999 0.464216
hs4 65000000 69999999 0.389091
hs4 70000000 74999999 0.113631
hs4 75000000 79999999 0.612877
hs4 80000000 84999999 0.188836
hs4 85000000 89999999 0.484782
hs4 90000000 94999999 0.183488
hs4 95000000 99999999 0.0251831
hs4 100000000 104999999 0.355744
hs4 105000000 109999999 0.724692
hs4 110000000 114999999 0.461024
hs4 115000000 119999999 0.707552
hs4 120000000 124999999 0.0390958
hs4 125000000 129999999 0.85459
hs4 130000000 134999999 0.701975
hs4 135000000 139999999 0.37155
hs4 140000000 144999999 0.00241515
hs4 145000000 149999999 0.424221
hs4 150000000 154999999 0.573138
hs4 155000000 159999999 0.7915
hs4 160000000 164999999 0.149015
hs4 165000000 169999999 0.386477
hs4 170000000 174999999 0.144926
hs4 175000000 179999999 0.758448
hs4 180000000 184999999 0.415573
hs4 185000000 189999999 0.680114
hs4 190000000 194999999 0.435156
hs5 0 4999999 0.671425
hs5 5000000 9999999 0.553634
hs5 10000000 14999999 0.312932
hs5 15000000 19999999 0.302532
hs5 20000000 24999999 0.822325
hs5 25000000 29999999 0.914569
hs5 30000000 34999999 0.190127
hs5 35000000 39999999 0.223127
hs5 40000000 44999999 0.0909362
hs5 45000000 49999999 0.0770228
hs5 50000000 54999999 0.273392
hs5 55000000 59999999 0.2038
hs5 60000000 64999999 0.639575
hs5 65000000 69999999 0.861717
hs5 70000000 74999999 0.738143
hs5 75000000 79999999 0.856815
hs5 80000000 84999999 0.622381
hs5 85000000 89999999 0.575214
hs5 90000000 94999999 0.114326
hs5 95000000 99999999 0.518798
hs5 100000000 104999999 0.322572
hs5 105000000 109999999 0.348021
hs5 110000000 114999999 0.674909
hs5 115000000 119999999 0.362323
hs5 120000000 124999999 0.874563
hs5 125000000 129999999 0.941142
hs5 130000000 134999999 0.0447755
hs5 135000000 139999999 0.683978
hs5 140000000 144999999 0.0983027
hs5 145000000 149999999 0.71985
hs5 150000000 154999999 0.973748
hs5 155000000 159999999 0.964498
hs5 160000000 164999999 0.710406
hs5 165000000 169999999 0.526858
hs5 170000000 174999999 0.979339
hs5 175000000 179999999 0.350098
hs5 180000000 184999999 0.814314
hs6 0 4999999 0.203405
hs6 5000000 9999999 0.317036
hs6 10000000 14999999 0.929914
hs6 15000000 19999999 0.11875
hs6 20000000 24999999 0.603532
hs6 25000000 29999999 0.78702
hs6 30000000 34999999 0.812203
hs6 35000000 39999999 0.167947
hs6 40000000 44999999 0.892639
hs6 45000000 49999999 0.353663
hs6 50000000 54999999 0.0612152
hs6 55000000 59999999 0.100311
hs6 60000000 64999999 0.954901
hs6 65000000 69999999 0.656876
hs6 70000000 74999999 0.0284257
hs6 75000000 79999999 0.0308408
hs6 80000000 84999999 0.455062
hs6 85000000 89999999 0.0282
hs6 90000000 94999999 0.8197
hs6 95000000 99999999 0.968715
hs6 100000000 104999999 0.355192
hs6 105000000 109999999 0.500119
hs6 110000000 114999999 0.258566
hs6 115000000 119999999 0.67414
hs6 120000000 124999999 0.354254
hs6 125000000 129999999 0.78941
hs6 130000000 134999999 0.460835
hs6 135000000 139999999 0.014469
hs6 140000000 144999999 0.327402
hs6 145000000 149999999 0.629933
hs6 150000000 154999999 0.452258
hs6 155000000 159999999 0.366828
hs6 160000000 164999999 0.556955
hs6 165000000 169999999 0.780082
hs6 170000000 174999999 0.871018
hs7 0 4999999 0.948041
hs7 5000000 9999999 0.221432
hs7 10000000 14999999 0.425233
hs7 15000000 19999999 0.0648077
hs7 20000000 24999999 0.926525
hs7 25000000 29999999 0.664668
hs7 30000000 34999999 0.521483
hs7 35000000 39999999 0.143864
hs7 40000000 44999999 0.719079
hs7 45000000 49999999 0.833405
hs7 50000000 54999999 0.352202
hs7 55000000 59999999 0.674774
hs7 60000000 64999999 0.0227954
hs7 65000000 69999999 0.697704
hs7 70000000 74999999 0.0600273
hs7 75000000 79999999 0.93459
hs7 80000000 84999999 0.875732
hs7 85000000 89999999 0.920507
hs7 90000000 94999999 0.604485
hs7 95000000 99999999 0.702788
hs7 100000000 104999999 0.422637
hs7 105000000 109999999 0.396385
hs7 110000000 114999999 0.360883
hs7 115000000 119999999 0.0712886
hs7 120000000 124999999 0.598147
hs7 125000000 129999999 0.577486
hs7 130000000 134999999 0.927584
hs7 135000000 139999999 0.741898
hs7 140000000 144999999 0.945303
hs7 145000000 149999999 0.262339
hs7 150000000 154999999 0.192253
hs7 155000000 159999999 0.311003
hs8 0 4999999 0.914535
hs8 5000000 9999999 0.701555
hs8 10000000 14999999 0.513758
hs8 15000000 19999999 0.681705
hs8 20000000 24999999 0.574345
hs8 25000000 29999999 0.928008
hs8 30000000 34999999 0.989223
hs8 35000000 39999999 0.089534
hs8 40000000 44999999 0.0444349
hs8 45000000 49999999 0.701311
hs8 50000000 54999999 0.729737
hs8 55000000 59999999 0.760577
hs8 60000000 64999999 0.215639
hs8 65000000 69999999 0.243839
hs8 70000000 74999999 0.0635391
hs8 75000000 79999999 0.0322544
hs8 80000000 84999999 0.387447
hs8 85000000 89999999 0.887565
hs8 90000000 94999999 0.146131
hs8 95000000 99999999 0.820271
hs8 100000000 104999999 0.174525
hs8 105000000 109999999 0.963935
hs8 110000000 114999999 0.424771
hs8 115000000 119999999 0.43924
hs8 120000000 124999999 0.766641
hs8 125000000 129999999 0.396575
hs8 130000000 134999999 0.848833
hs8 135000000 139999999 0.215661
hs8 140000000 144999999 0.772615
hs8 145000000 149999999 0.552697
hs9 0 4999999 0.423714
hs9 5000000 9999999 0.371755
hs9 10000000 14999999 0.593187
hs9 15000000 19999999 0.01842
hs9 20000000 24999999 0.0832277
hs9 25000000 29999999 0.00975257
hs9 30000000 34999999 0.674421
hs9 35000000 39999999 0.195904
hs9 40000000 44999999 0.339768
hs9 45000000 49999999 0.058847
hs9 65000000 69999999 0.892252
hs9 70000000 74999999 0.244454
hs9 75000000 79999999 0.919228
hs9 80000000 84999999 0.942024
hs9 85000000 89999999 0.639727
hs9 90000000 94999999 0.699755
hs9 95000000 99999999 0.634345
hs9 100000000 104999999 0.510077
hs9 105000000 109999999 0.430584
hs9 110000000 114999999 0.0350688
hs9 115000000 119999999 0.737857
hs9 120000000 124999999 0.160494
hs9 125000000 129999999 0.556879
hs9 130000000 134999999 0.917761
hs9 135000000 139999999 0.98905
hs9 140000000 144999999 0.587196
hsX 5000000 9999999 0.164682
hsX 10000000 14999999 0.0922663
hsX 15000000 19999999 0.834164
hsX 20000000 24999999 0.779466
hsX 25000000 29999999 0.0418057
hsX 30000000 34999999 0.234059
hsX 35000000 39999999 0.545062
hsX 40000000 44999999 0.459597
hsX 45000000 49999999 0.161152
hsX 50000000 54999999 0.67491
hsX 55000000 59999999 0.356616
hsX 60000000 64999999 0.93096
hsX 65000000 69999999 0.858968
hsX 70000000 74999999 0.848191
hsX 75000000 79999999 0.937725
hsX 80000000 84999999 0.98216
hsX 85000000 89999999 0.683471
hsX 90000000 94999999 0.413207
hsX 95000000 99999999 0.173785
hsX 100000000 104999999 0.389424
hsX 105000000 109999999 0.633262
hsX 110000000 114999999 0.696802
hsX 115000000 119999999 0.729056
hsX 120000000 124999999 0.116503
hsX 125000000 129999999 0.00406781
hsX 130000000 134999999 0.150199
hsX 135000000 139999999 0.97047
hsX 140000000 144999999 0.144996
hsX 145000000 149999999 0.108931
hsX 150000000 154999999 0.533701
hsY 0 4999999 0.972941
hsY 5000000 9999999 0.739582
hsY 10000000 14999999 0.136157
hsY 15000000 19999999 0.98499
hsY 20000000 24999999 0.20065
hsY 25000000 29999999 0.973266
hsY 55000000 59999999 0.525962
