hs1 0 4999999 0.0144171
hs1 5000000 9999999 0.94631
hs1 10000000 14999999 0.63693
hs1 15000000 19999999 0.0464729
hs1 20000000 24999999 0.0293468
hs1 25000000 29999999 0.790596
hs1 30000000 34999999 0.431084
hs1 35000000 39999999 0.285359
hs1 40000000 44999999 0.616117
hs1 45000000 49999999 0.276079
hs1 50000000 54999999 0.781829
hs1 55000000 59999999 0.466773
hs1 60000000 64999999 0.852419
hs1 65000000 69999999 0.450064
hs1 70000000 74999999 0.356487
hs1 75000000 79999999 0.870595
hs1 80000000 84999999 0.973123
hs1 85000000 89999999 0.180384
hs1 90000000 94999999 0.428008
hs1 95000000 99999999 0.944202
hs1 100000000 104999999 0.509332
hs1 105000000 109999999 0.456068
hs1 110000000 114999999 0.769475
hs1 115000000 119999999 0.697491
hs1 120000000 124999999 0.61554
hs1 140000000 144999999 0.79678
hs1 145000000 149999999 0.796778
hs1 150000000 154999999 0.176138
hs1 155000000 159999999 0.118169
hs1 160000000 164999999 0.446748
hs1 165000000 169999999 0.350828
hs1 170000000 174999999 0.598
hs1 175000000 179999999 0.0129493
hs1 180000000 184999999 0.703325
hs1 185000000 189999999 0.303938
hs1 190000000 194999999 0.168544
hs1 195000000 199999999 0.00769726
hs1 200000000 204999999 0.0489589
hs1 205000000 209999999 0.553835
hs1 210000000 214999999 0.659347
hs1 215000000 219999999 0.401179
hs1 220000000 224999999 0.206732
hs1 225000000 229999999 0.977069
hs1 230000000 234999999 0.373865
hs1 235000000 239999999 0.701224
hs1 240000000 244999999 0.911377
hs1 245000000 249999999 0.989373
hs10 0 4999999 0.541801
hs10 5000000 9999999 0.558967
hs10 10000000 14999999 0.198858
hs10 15000000 19999999 0.529052
hs10 20000000 24999999 0.248683
hs10 25000000 29999999 0.731368
hs10 30000000 34999999 0.915136
hs10 35000000 39999999 0.62393
hs10 40000000 44999999 0.0988168
hs10 45000000 49999999 0.202564
hs10 50000000 54999999 0.389315
hs10 55000000 59999999 0.0456869
hs10 60000000 64999999 0.607117
hs10 65000000 69999999 0.540446
hs10 70000000 74999999 0.679532
hs10 75000000 79999999 0.635226
hs10 80000000 84999999 0.649643
hs10 85000000 89999999 0.595954
hs10 90000000 94999999 0.232883
hs10 95000000 99999999 0.279356
hs10 100000000 104999999 0.308703
hs10 105000000 109999999 0.099299
hs10 110000000 114999999 0.530383
hs10 115000000 119999999 0.815742
hs10 120000000 124999999 0.431858
hs10 125000000 129999999 0.707938
hs10 130000000 134999999 0.489767
hs10 135000000 139999999 0.95654
hs11 0 4999999 0.808959
hs11 5000000 9999999 0.259023
hs11 10000000 14999999 0.61551
hs11 15000000 19999999 0.486105
hs11 20000000 24999999 0.459229
hs11 25000000 29999999 0.639612
hs11 30000000 34999999 0.0676207
hs11 35000000 39999999 0.0118227
hs11 40000000 44999999 0.521155
hs11 45000000 49999999 0.977223
hs11 50000000 54999999 0.746699
hs11 55000000 59999999 0.44419
hs11 60000000 64999999 0.0597304
hs11 65000000 69999999 0.85651
hs11 70000000 74999999 0.653288
hs11 75000000 79999999 0.829426
hs11 80000000 84999999 0.947595
hs11 85000000 89999999 0.394343
hs11 90000000 94999999 0.745172
hs11 95000000 99999999 0.343172
hs11 100000000 104999999 0.356121
hs11 105000000 109999999 0.0594463
hs11 110000000 114999999 0.363385
hs11 115000000 119999999 0.531929
hs11 120000000 124999999 0.539626
hs11 125000000 129999999 0.588585
hs11 130000000 134999999 0.142419
hs12 0 4999999 0.801766
hs12 5000000 9999999 0.202945
hs12 10000000 14999999 0.409677
hs12 15000000 19999999 0.386746
hs12 20000000 24999999 0.760611
hs12 25000000 29999999 0.461835
hs12 30000000 34999999 0.373212
hs12 35000000 39999999 0.362585
hs12 40000000 44999999 0.904386
hs12 45000000 49999999 0.463354
hs12 50000000 54999999 0.662212
hs12 55000000 59999999 0.191264
hs12 60000000 64999999 0.439947
hs12 65000000 69999999 0.171315
hs12 70000000 74999999 0.0864513
hs12 75000000 79999999 0.710381
hs12 80000000 84999999 0.809198
hs12 85000000 89999999 0.0117617
hs12 90000000 94999999 0.401076
hs12 95000000 99999999 0.446763
hs12 100000000 104999999 0.0538807
hs12 105000000 109999999 0.594326
hs12 110000000 114999999 0.273858
hs12 115000000 119999999 0.909084
hs12 120000000 124999999 0.558728
hs12 125000000 129999999 0.154681
hs12 130000000 134999999 0.387564
hs13 15000000 19999999 0.666921
hs13 20000000 24999999 0.975624
hs13 25000000 29999999 0.0749226
hs13 30000000 34999999 0.605305
hs13 35000000 39999999 0.421047
hs13 40000000 44999999 0.852906
hs13 45000000 49999999 0.560843
hs13 50000000 54999999 0.0506099
hs13 55000000 59999999 0.00714957
hs13 60000000 64999999 0.816108
hs13 65000000 69999999 0.0751309
hs13 70000000 74999999 0.690641
hs13 75000000 79999999 0.176746
hs13 80000000 84999999 0.635975
hs13 85000000 89999999 0.275587
hs13 90000000 94999999 0.343208
hs13 95000000 99999999 0.35503
hs13 100000000 104999999 0.876185
hs13 105000000 109999999 0.853408
hs13 110000000 114999999 0.600107
hs14 15000000 19999999 0.0442971
hs14 20000000 24999999 0.104028
hs14 25000000 29999999 0.960538
hs14 30000000 34999999 0.613826
hs14 35000000 39999999 0.443252
hs14 40000000 44999999 0.390847
hs14 45000000 49999999 0.78519
hs14 50000000 54999999 0.530362
hs14 55000000 59999999 0.873534
hs14 60000000 64999999 0.229655
hs14 65000000 69999999 0.289101
hs14 70000000 74999999 0.652486
hs14 75000000 79999999 0.184415
hs14 80000000 84999999 0.724041
hs14 85000000 89999999 0.312625
hs14 90000000 94999999 0.455044
hs14 95000000 99999999 0.256811
hs14 100000000 104999999 0.459756
hs14 105000000 109999999 0.869433
hs15 15000000 19999999 0.25618
hs15 20000000 24999999 0.0167908
hs15 25000000 29999999 0.478626
hs15 30000000 34999999 0.851838
hs15 35000000 39999999 0.214424
hs15 40000000 44999999 0.11881
hs15 45000000 49999999 0.582164
hs15 50000000 54999999 0.244375
hs15 55000000 59999999 0.435639
hs15 60000000 64999999 0.875587
hs15 65000000 69999999 0.0469015
hs15 70000000 74999999 0.133353
hs15 75000000 79999999 0.843734
hs15 80000000 84999999 0.652932
hs15 85000000 89999999 0.664693
hs15 90000000 94999999 0.0657697
hs15 95000000 99999999 0.512533
hs15 100000000 104999999 0.566414
hs16 0 4999999 0.16074
hs16 5000000 9999999 0.434598
hs16 10000000 14999999 0.343682
hs16 15000000 19999999 0.90241
hs16 20000000 24999999 0.0570908
hs16 25000000 29999999 0.444655
hs16 30000000 34999999 0.111576
hs16 45000000 49999999 0.0871995
hs16 50000000 54999999 0.162122
hs16 55000000 59999999 0.767427
hs16 60000000 64999999 0.188475
hs16 65000000 69999999 0.0413802
hs16 70000000 74999999 0.602223
hs16 75000000 79999999 0.652833
hs16 80000000 84999999 0.659983
hs16 85000000 89999999 0.476091
hs17 0 4999999 0.551222
hs17 5000000 9999999 0.241863
hs17 10000000 14999999 0.418609
hs17 15000000 19999999 0.0545841
hs17 20000000 24999999 0.330171
hs17 25000000 29999999 0.673379
hs17 30000000 34999999 0.0284095
hs17 35000000 39999999 0.904595
hs17 40000000 44999999 0.758003
hs17 45000000 49999999 0.35811
hs17 50000000 54999999 0.402407
hs17 55000000 59999999 0.506435
hs17 60000000 64999999 0.466972
hs17 65000000 69999999 0.0807981
hs17 70000000 74999999 0.52405
hs17 75000000 79999999 0.914896
hs18 0 4999999 0.700087
hs18 5000000 9999999 0.230449
hs18 10000000 14999999 0.103983
hs18 15000000 19999999 0.333638
hs18 20000000 24999999 0.622739
hs18 25000000 29999999 0.275225
hs18 30000000 34999999 0.45964
hs18 35000000 39999999 0.183681
hs18 40000000 44999999 0.496306
hs18 45000000 49999999 0.95135
hs18 50000000 54999999 0.208161
hs18 55000000 59999999 0.667917
hs18 60000000 64999999 0.53735
hs18 65000000 69999999 0.793529
hs18 70000000 74999999 0.81032
hs18 75000000 79999999 0.288947
hs19 0 4999999 0.140785
hs19 5000000 9999999 0.355209
hs19 10000000 14999999 0.474019
hs19 15000000 19999999 0.0561823
hs19 20000000 24999999 0.300558
hs19 30000000 34999999 0.736197
hs19 35000000 39999999 0.611784
hs19 40000000 44999999 0.658685
hs19 45000000 49999999 0.792038
hs19 50000000 54999999 0.635772
hs19 55000000 59999999 0.288704
hs19 60000000 64999999 0.953397
hs2 0 4999999 0.0191666
hs2 5000000 9999999 0.5317
hs2 10000000 14999999 0.0981134
hs2 15000000 19999999 0.258853
hs2 20000000 24999999 0.693451
hs2 25000000 29999999 0.0371335
hs2 30000000 34999999 0.939543
hs2 35000000 39999999 0.996634
hs2 40000000 44999999 0.441289
hs2 45000000 49999999 0.552865
hs2 50000000 54999999 0.640065
hs2 55000000 59999999 0.802187
hs2 60000000 64999999 0.569614
hs2 65000000 69999999 0.758089
hs2 70000000 74999999 0.799469
hs2 75000000 79999999 0.401692
hs2 80000000 84999999 0.0545257
hs2 85000000 89999999 0.714509
hs2 90000000 94999999 0.1906
hs2 95000000 99999999 0.741822
hs2 100000000 104999999 0.983685
hs2 105000000 109999999 0.402294
hs2 110000000 114999999 0.456878
hs2 115000000 119999999 0.787049
hs2 120000000 124999999 0.460428
hs2 125000000 129999999 0.488838
hs2 130000000 134999999 0.393433
hs2 135000000 139999999 0.151436
hs2 140000000 144999999 0.509546
hs2 145000000 149999999 0.911953
hs2 150000000 154999999 0.418388
hs2 155000000 159999999 0.885361
hs2 160000000 164999999 0.966159
hs2 165000000 169999999 0.490209
hs2 170000000 174999999 0.405105
hs2 175000000 179999999 0.105192
hs2 180000000 184999999 0.33564
hs2 185000000 189999999 0.439623
hs2 190000000 194999999 0.773261
hs2 195000000 199999999 0.396
hs2 200000000 204999999 0.671226
hs2 205000000 209999999 0.130866
hs2 210000000 214999999 0.314546
hs2 215000000 219999999 0.810852
hs2 220000000 224999999 0.762203
hs2 225000000 229999999 0.970364
hs2 230000000 234999999 0.638281
hs2 235000000 239999999 0.17563
hs2 240000000 244999999 0.96916
hs20 0 4999999 0.77948
hs20 5000000 9999999 0.0684268
hs20 10000000 14999999 0.209212
hs20 15000000 19999999 0.56442
hs20 20000000 24999999 0.0384389
hs20 25000000 29999999 0.0946212
hs20 30000000 34999999 0.395179
hs20 35000000 39999999 0.131376
hs20 40000000 44999999 0.74316
hs20 45000000 49999999 0.401845
hs20 50000000 54999999 0.193883
hs20 55000000 59999999 0.829655
hs20 60000000 64999999 0.118359
hs21 5000000 9999999 0.0717559
hs21 10000000 14999999 0.0909225
hs21 15000000 19999999 0.622622
hs21 20000000 24999999 0.720735
hs21 25000000 29999999 0.979589
hs21 30000000 34999999 0.67304
hs21 35000000 39999999 0.710174
hs21 40000000 44999999 0.649717
hs21 45000000 49999999 0.646351
hs22 15000000 19999999 0.0876404
hs22 20000000 24999999 0.640506
hs22 25000000 29999999 0.28057
hs22 30000000 34999999 0.0827572
hs22 35000000 39999999 0.652371
hs22 40000000 44999999 0.41046
hs22 45000000 49999999 0.209929
hs3 0 4999999 0.611621
hs3 5000000 9999999 0.666147
hs3 10000000 14999999 0.380656
hs3 15000000 19999999 0.571256
hs3 20000000 24999999 0.313077
hs3 25000000 29999999 0.296762
hs3 30000000 34999999 0.699056
hs3 35000000 39999999 0.155934
hs3 40000000 44999999 0.942984
hs3 45000000 49999999 0.403412
hs3 50000000 54999999 0.89225
hs3 55000000 59999999 0.285683
hs3 60000000 64999999 0.437118
hs3 65000000 69999999 0.946664
hs3 70000000 74999999 0.858618
hs3 75000000 79999999 0.277006
hs3 80000000 84999999 0.162367
hs3 85000000 89999999 0.128526
hs3 90000000 94999999 0.618734
hs3 95000000 99999999 0.0238394
hs3 100000000 104999999 0.129031
hs3 105000000 109999999 0.464672
hs3 110000000 114999999 0.904295
hs3 115000000 119999999 0.677556
hs3 120000000 124999999 0.0735557
hs3 125000000 129999999 0.744781
hs3 130000000 134999999 0.875647
hs3 135000000 139999999 0.190194
hs3 140000000 144999999 0.00104597
hs3 145000000 149999999 0.763249
hs3 150000000 154999999 0.733613
hs3 155000000 159999999 0.371893
hs3 160000000 164999999 0.547524
hs3 165000000 169999999 0.516684
hs3 170000000 174999999 0.296164
hs3 175000000 179999999 0.36459
hs3 180000000 184999999 0.573802
hs3 185000000 189999999 0.138222
hs3 190000000 194999999 0.176661
hs3 195000000 199999999 0.271282
hs4 0 4999999 0.666461
hs4 5000000 9999999 0.797837
hs4 10000000 14999999 0.540997
hs4 15000000 19999999 0.942843
hs4 20000000 24999999 0.136726
hs4 25000000 29999999 0.966381
hs4 30000000 34999999 0.0847404
hs4 35000000 39999999 0.156496
hs4 40000000 44999999 0.247419
hs4 45000000 49999999 0.870041
hs4 50000000 54999999 0.590776
hs4 55000000 59999999 0.570365
hs4 60000000 64999999 0.243405
hs4 65000000 69999999 0.953579
hs4 70000000 74999999 0.603296
hs4 75000000 79999999 0.249647
hs4 80000000 84999999 0.337288
hs4 85000000 89999999 0.977794
hs4 90000000 94999999 0.258364
hs4 95000000 99999999 0.341121
hs4 100000000 104999999 0.993493
hs4 105000000 109999999 0.403953
hs4 110000000 114999999 0.613882
hs4 115000000 119999999 0.225503
hs4 120000000 124999999 0.89165
hs4 125000000 129999999 0.272306
hs4 130000000 134999999 0.843562
hs4 135000000 139999999 0.156639
hs4 140000000 144999999 0.453401
hs4 145000000 149999999 0.152457
hs4 150000000 154999999 0.308392
hs4 155000000 159999999 0.251375
hs4 160000000 164999999 0.654787
hs4 165000000 169999999 0.547037
hs4 170000000 174999999 0.83272
hs4 175000000 179999999 0.269838
hs4 180000000 184999999 0.216503
hs4 185000000 189999999 0.0751205
hs4 190000000 194999999 0.352127
hs5 0 4999999 0.514494
hs5 5000000 9999999 0.643019
hs5 10000000 14999999 0.261754
hs5 15000000 19999999 0.285593
hs5 20000000 24999999 0.414624
hs5 25000000 29999999 0.879296
hs5 30000000 34999999 0.783591
hs5 35000000 39999999 0.461146
hs5 40000000 44999999 0.534702
hs5 45000000 49999999 0.279483
hs5 50000000 54999999 0.15513
hs5 55000000 59999999 0.345324
hs5 60000000 64999999 0.34637
hs5 65000000 69999999 0.109618
hs5 70000000 74999999 0.843231
hs5 75000000 79999999 0.215124
hs5 80000000 84999999 0.762648
hs5 85000000 89999999 0.279331
hs5 90000000 94999999 0.575495
hs5 95000000 99999999 0.940085
hs5 100000000 104999999 0.513887
hs5 105000000 109999999 0.65211
hs5 110000000 114999999 0.828771
hs5 115000000 119999999 0.100053
hs5 120000000 124999999 0.766514
hs5 125000000 129999999 0.564352
hs5 130000000 134999999 0.105349
hs5 135000000 139999999 0.0481915
hs5 140000000 144999999 0.184917
hs5 145000000 149999999 0.151299
hs5 150000000 154999999 0.236039
hs5 155000000 159999999 0.392536
hs5 160000000 164999999 0.639954
hs5 165000000 169999999 0.509995
hs5 170000000 174999999 0.100772
hs5 175000000 179999999 0.671137
hs5 180000000 184999999 0.914542
hs6 0 4999999 0.868122
hs6 5000000 9999999 0.471418
hs6 10000000 14999999 0.721066
hs6 15000000 19999999 0.0583535
hs6 20000000 24999999 0.036147
hs6 25000000 29999999 0.294511
hs6 30000000 34999999 0.635632
hs6 35000000 39999999 0.629125
hs6 40000000 44999999 0.0330776
hs6 45000000 49999999 0.64696
hs6 50000000 54999999 0.872463
hs6 55000000 59999999 0.764113
hs6 60000000 64999999 0.0364196
hs6 65000000 69999999 0.879981
hs6 70000000 74999999 0.0366206
hs6 75000000 79999999 0.490022
hs6 80000000 84999999 0.642479
hs6 85000000 89999999 0.950871
hs6 90000000 94999999 0.202246
hs6 95000000 99999999 0.857034
hs6 100000000 104999999 0.404071
hs6 105000000 109999999 0.236791
hs6 110000000 114999999 0.506629
hs6 115000000 119999999 0.723132
hs6 120000000 124999999 0.798253
hs6 125000000 129999999 0.150379
hs6 130000000 134999999 0.664873
hs6 135000000 139999999 0.307892
hs6 140000000 144999999 0.569646
hs6 145000000 149999999 0.855239
hs6 150000000 154999999 0.269863
hs6 155000000 159999999 0.149159
hs6 160000000 164999999 0.93275
hs6 165000000 169999999 0.393896
hs6 170000000 174999999 0.928598
hs7 0 4999999 0.208081
hs7 5000000 9999999 0.363211
hs7 10000000 14999999 0.708535
hs7 15000000 19999999 0.0549041
hs7 20000000 24999999 0.164523
hs7 25000000 29999999 0.00775343
hs7 30000000 34999999 0.222877
hs7 35000000 39999999 0.985525
hs7 40000000 44999999 0.264856
hs7 45000000 49999999 0.840351
hs7 50000000 54999999 0.780436
hs7 55000000 59999999 0.294324
hs7 60000000 64999999 0.946434
hs7 65000000 69999999 0.775204
hs7 70000000 74999999 0.875258
hs7 75000000 79999999 0.641772
hs7 80000000 84999999 0.206124
hs7 85000000 89999999 0.311472
hs7 90000000 94999999 0.359664
hs7 95000000 99999999 0.544581
hs7 100000000 104999999 0.69588
hs7 105000000 109999999 0.93192
hs7 110000000 114999999 0.324455
hs7 115000000 119999999 0.96441
hs7 120000000 124999999 0.474405
hs7 125000000 129999999 0.575177
hs7 130000000 134999999 0.246314
hs7 135000000 139999999 0.160856
hs7 140000000 144999999 0.0289782
hs7 145000000 149999999 0.500396
hs7 150000000 154999999 0.221462
hs7 155000000 159999999 0.279815
hs8 0 4999999 0.315962
hs8 5000000 9999999 0.610473
hs8 10000000 14999999 0.246106
hs8 15000000 19999999 0.87523
hs8 20000000 24999999 0.908308
hs8 25000000 29999999 0.555268
hs8 30000000 34999999 0.42773
hs8 35000000 39999999 0.191844
hs8 40000000 44999999 0.228263
hs8 45000000 49999999 0.108245
hs8 50000000 54999999 0.144865
hs8 55000000 59999999 0.634887
hs8 60000000 64999999 0.277367
hs8 65000000 69999999 0.228238
hs8 70000000 74999999 0.430484
hs8 75000000 79999999 0.287518
hs8 80000000 84999999 0.691589
hs8 85000000 89999999 0.928381
hs8 90000000 94999999 0.43501
hs8 95000000 99999999 0.158142
hs8 100000000 104999999 0.956395
hs8 105000000 109999999 0.106774
hs8 110000000 114999999 0.771647
hs8 115000000 119999999 0.0795393
hs8 120000000 124999999 0.649185
hs8 125000000 129999999 0.504424
hs8 130000000 134999999 0.774288
hs8 135000000 139999999 0.923447
hs8 140000000 144999999 0.856197
hs8 145000000 149999999 0.250093
hs9 0 4999999 0.178691
hs9 5000000 9999999 0.386772
hs9 10000000 14999999 0.749983
hs9 15000000 19999999 0.458517
hs9 20000000 24999999 0.513421
hs9 25000000 29999999 0.677944
hs9 30000000 34999999 0.685697
hs9 35000000 39999999 0.908575
hs9 40000000 44999999 0.8941
hs9 45000000 49999999 0.158956
hs9 65000000 69999999 0.999307
hs9 70000000 74999999 0.779744
hs9 75000000 79999999 0.0740675
hs9 80000000 84999999 0.0205011
hs9 85000000 89999999 0.795705
hs9 90000000 94999999 0.670963
hs9 95000000 99999999 0.312735
hs9 100000000 104999999 0.518858
hs9 105000000 109999999 0.830331
hs9 110000000 114999999 0.189995
hs9 115000000 119999999 0.734576
hs9 120000000 124999999 0.430456
hs9 125000000 129999999 0.362376
hs9 130000000 134999999 0.686831
hs9 135000000 139999999 0.651241
hs9 140000000 144999999 0.125646
hsX 5000000 9999999 0.700823
hsX 10000000 14999999 0.947137
hsX 15000000 19999999 0.107994
hsX 20000000 24999999 0.136972
hsX 25000000 29999999 0.637368
hsX 30000000 34999999 0.85883
hsX 35000000 39999999 0.138645
hsX 40000000 44999999 0.454608
hsX 45000000 49999999 0.0650811
hsX 50000000 54999999 0.311187
hsX 55000000 59999999 0.186417
hsX 60000000 64999999 0.0947252
hsX 65000000 69999999 0.649993
hsX 70000000 74999999 0.0777232
hsX 75000000 79999999 0.269567
hsX 80000000 84999999 0.49783
hsX 85000000 89999999 0.606075
hsX 90000000 94999999 0.75094
hsX 95000000 99999999 0.385827
hsX 100000000 104999999 0.663194
hsX 105000000 109999999 0.891432
hsX 110000000 114999999 0.321916
hsX 115000000 119999999 0.609434
hsX 120000000 124999999 0.301024
hsX 125000000 129999999 0.229404
hsX 130000000 134999999 0.664414
hsX 135000000 139999999 0.822556
hsX 140000000 144999999 0.778951
hsX 145000000 149999999 0.885725
hsX 150000000 154999999 0.657372
hsY 0 4999999 0.736912
hsY 5000000 9999999 0.386097
hsY 10000000 14999999 0.890521
hsY 15000000 19999999 0.664809
hsY 20000000 24999999 0.588256
hsY 25000000 29999999 0.444453
hsY 55000000 59999999 0.694546
