hs1 0 4999999 0.986642
hs1 5000000 9999999 0.686943
hs1 10000000 14999999 0.0347982
hs1 15000000 19999999 0.324892
hs1 20000000 24999999 0.0760775
hs1 25000000 29999999 0.938266
hs1 30000000 34999999 0.620683
hs1 35000000 39999999 0.612204
hs1 40000000 44999999 0.308885
hs1 45000000 49999999 0.435208
hs1 50000000 54999999 0.533172
hs1 55000000 59999999 0.229412
hs1 60000000 64999999 0.749489
hs1 65000000 69999999 0.979271
hs1 70000000 74999999 0.623638
hs1 75000000 79999999 0.421594
hs1 80000000 84999999 0.753934
hs1 85000000 89999999 0.392916
hs1 90000000 94999999 0.0897056
hs1 95000000 99999999 0.898019
hs1 100000000 104999999 0.398784
hs1 105000000 109999999 0.195914
hs1 110000000 114999999 0.419414
hs1 115000000 119999999 0.726213
hs1 120000000 124999999 0.973687
hs1 140000000 144999999 0.190673
hs1 145000000 149999999 0.75732
hs1 150000000 154999999 0.306031
hs1 155000000 159999999 0.594033
hs1 160000000 164999999 0.380215
hs1 165000000 169999999 0.559754
hs1 170000000 174999999 0.0654473
hs1 175000000 179999999 0.32131
hs1 180000000 184999999 0.647134
hs1 185000000 189999999 0.582778
hs1 190000000 194999999 0.50364
hs1 195000000 199999999 0.446503
hs1 200000000 204999999 0.248285
hs1 205000000 209999999 0.488746
hs1 210000000 214999999 0.231712
hs1 215000000 219999999 0.149553
hs1 220000000 224999999 0.67928
hs1 225000000 229999999 0.991557
hs1 230000000 234999999 0.385386
hs1 235000000 239999999 0.897756
hs1 240000000 244999999 0.527938
hs1 245000000 249999999 0.926091
hs10 0 4999999 0.184122
hs10 5000000 9999999 0.329531
hs10 10000000 14999999 0.307373
hs10 15000000 19999999 0.120295
hs10 20000000 24999999 0.935768
hs10 25000000 29999999 0.244588
hs10 30000000 34999999 0.707375
hs10 35000000 39999999 0.492754
hs10 40000000 44999999 0.199472
hs10 45000000 49999999 0.724638
hs10 50000000 54999999 0.69599
hs10 55000000 59999999 0.370769
hs10 60000000 64999999 0.682812
hs10 65000000 69999999 0.116248
hs10 70000000 74999999 0.482029
hs10 75000000 79999999 0.966962
hs10 80000000 84999999 0.953604
hs10 85000000 89999999 0.640547
hs10 90000000 94999999 0.675345
hs10 95000000 99999999 0.000237041
hs10 100000000 104999999 0.0763145
hs10 105000000 109999999 0.0145805
hs10 110000000 114999999 0.635264
hs10 115000000 119999999 0.247468
hs10 120000000 124999999 0.556353
hs10 125000000 129999999 0.991561
hs10 130000000 134999999 0.524733
hs10 135000000 139999999 0.754145
hs11 0 4999999 0.503634
hs11 5000000 9999999 0.482905
hs11 10000000 14999999 0.106543
hs11 15000000 19999999 0.528138
hs11 20000000 24999999 0.282072
hs11 25000000 29999999 0.674988
hs11 30000000 34999999 0.764693
hs11 35000000 39999999 0.662713
hs11 40000000 44999999 0.0614968
hs11 45000000 49999999 0.25741
hs11 50000000 54999999 0.676824
hs11 55000000 59999999 0.403037
hs11 60000000 64999999 0.376724
hs11 65000000 69999999 0.567397
hs11 70000000 74999999 0.324716
hs11 75000000 79999999 0.630748
hs11 80000000 84999999 0.22478
hs11 85000000 89999999 0.604995
hs11 90000000 94999999 0.164749
hs11 95000000 99999999 0.230196
hs11 100000000 104999999 0.551506
hs11 105000000 109999999 0.19864
hs11 110000000 114999999 0.781418
hs11 115000000 119999999 0.285057
hs11 120000000 124999999 0.73156
hs11 125000000 129999999 0.979846
hs11 130000000 134999999 0.468591
hs12 0 4999999 0.700303
hs12 5000000 9999999 0.849857
hs12 10000000 14999999 0.529137
hs12 15000000 19999999 0.520694
hs12 20000000 24999999 0.90608
hs12 25000000 29999999 0.803836
hs12 30000000 34999999 0.331774
hs12 35000000 39999999 0.257865
hs12 40000000 44999999 0.441987
hs12 45000000 49999999 0.771518
hs12 50000000 54999999 0.0788909
hs12 55000000 59999999 0.199185
hs12 60000000 64999999 0.134954
hs12 65000000 69999999 0.379542
hs12 70000000 74999999 0.0869167
hs12 75000000 79999999 0.57967
hs12 80000000 84999999 0.779143
hs12 85000000 89999999 0.503781
hs12 90000000 94999999 0.199771
hs12 95000000 99999999 0.570539
hs12 100000000 104999999 0.253352
hs12 105000000 109999999 0.3696
hs12 110000000 114999999 0.851628
hs12 115000000 119999999 0.818591
hs12 120000000 124999999 0.772195
hs12 125000000 129999999 0.412742
hs12 130000000 134999999 0.0880868
hs13 15000000 19999999 0.0883238
hs13 20000000 24999999 0.164638
hs13 25000000 29999999 0.179219
hs13 30000000 34999999 0.814482
hs13 35000000 39999999 0.0619501
hs13 40000000 44999999 0.618303
hs13 45000000 49999999 0.609863
hs13 50000000 54999999 0.134596
hs13 55000000 59999999 0.888741
hs13 60000000 64999999 0.392375
hs13 65000000 69999999 0.87528
hs13 70000000 74999999 0.981823
hs13 75000000 79999999 0.509961
hs13 80000000 84999999 0.792033
hs13 85000000 89999999 0.467021
hs13 90000000 94999999 0.231714
hs13 95000000 99999999 0.894426
hs13 100000000 104999999 0.955923
hs13 105000000 109999999 0.213334
hs13 110000000 114999999 0.890158
hs14 15000000 19999999 0.293195
hs14 20000000 24999999 0.669918
hs14 25000000 29999999 0.237315
hs14 30000000 34999999 0.562031
hs14 35000000 39999999 0.192779
hs14 40000000 44999999 0.417559
hs14 45000000 49999999 0.0225545
hs14 50000000 54999999 0.187303
hs14 55000000 59999999 0.417499
hs14 60000000 64999999 0.969005
hs14 65000000 69999999 0.167645
hs14 70000000 74999999 0.949063
hs14 75000000 79999999 0.23412
hs14 80000000 84999999 0.96568
hs14 85000000 89999999 0.945526
hs14 90000000 94999999 0.414117
hs14 95000000 99999999 0.114421
hs14 100000000 104999999 0.964277
hs14 105000000 109999999 0.493414
hs15 15000000 19999999 0.0141081
hs15 20000000 24999999 0.920188
hs15 25000000 29999999 0.724023
hs15 30000000 34999999 0.0557976
hs15 35000000 39999999 0.313663
hs15 40000000 44999999 0.75565
hs15 45000000 49999999 0.527167
hs15 50000000 54999999 0.606058
hs15 55000000 59999999 0.805244
hs15 60000000 64999999 0.940197
hs15 65000000 69999999 0.319739
hs15 70000000 74999999 0.406656
hs15 75000000 79999999 0.986326
hs15 80000000 84999999 0.765469
hs15 85000000 89999999 0.26925
hs15 90000000 94999999 0.46902
hs15 95000000 99999999 0.0395593
hs15 100000000 104999999 0.292911
hs16 0 4999999 0.662511
hs16 5000000 9999999 0.514139
hs16 10000000 14999999 0.33273
hs16 15000000 19999999 0.104925
hs16 20000000 24999999 0.517667
hs16 25000000 29999999 0.605754
hs16 30000000 34999999 0.694077
hs16 45000000 49999999 0.858716
hs16 50000000 54999999 0.0379345
hs16 55000000 59999999 0.852417
hs16 60000000 64999999 0.914367
hs16 65000000 69999999 0.53267
hs16 70000000 74999999 0.142533
hs16 75000000 79999999 0.27713
hs16 80000000 84999999 0.165871
hs16 85000000 89999999 0.558245
hs17 0 4999999 0.433526
hs17 5000000 9999999 0.415349
hs17 10000000 14999999 0.92531
hs17 15000000 19999999 0.717343
hs17 20000000 24999999 0.184364
hs17 25000000 29999999 0.416078
hs17 30000000 34999999 0.310504
hs17 35000000 39999999 0.266427
hs17 40000000 44999999 0.479761
hs17 45000000 49999999 0.369919
hs17 50000000 54999999 0.663113
hs17 55000000 59999999 0.333032
hs17 60000000 64999999 0.570347
hs17 65000000 69999999 0.132378
hs17 70000000 74999999 0.325157
hs17 75000000 79999999 0.742716
hs18 0 4999999 0.76527
hs18 5000000 9999999 0.952574
hs18 10000000 14999999 0.370073
hs18 15000000 19999999 0.339078
hs18 20000000 24999999 0.506723
hs18 25000000 29999999 0.455786
hs18 30000000 34999999 0.689906
hs18 35000000 39999999 0.655586
hs18 40000000 44999999 0.601113
hs18 45000000 49999999 0.0152298
hs18 50000000 54999999 0.12965
hs18 55000000 59999999 0.0939275
hs18 60000000 64999999 0.587342
hs18 65000000 69999999 0.60145
hs18 70000000 74999999 0.521637
hs18 75000000 79999999 0.245661
hs19 0 4999999 0.301458
hs19 5000000 9999999 0.615121
hs19 10000000 14999999 0.37077
hs19 15000000 19999999 0.897938
hs19 20000000 24999999 0.503996
hs19 30000000 34999999 0.30924
hs19 35000000 39999999 0.249437
hs19 40000000 44999999 0.569176
hs19 45000000 49999999 0.975831
hs19 50000000 54999999 0.962157
hs19 55000000 59999999 0.727626
hs19 60000000 64999999 0.996875
hs2 0 4999999 0.465895
hs2 5000000 9999999 0.505455
hs2 10000000 14999999 0.798366
hs2 15000000 19999999 0.460876
hs2 20000000 24999999 0.975016
hs2 25000000 29999999 0.307746
hs2 30000000 34999999 0.412671
hs2 35000000 39999999 0.930338
hs2 40000000 44999999 0.536091
hs2 45000000 49999999 0.230168
hs2 50000000 54999999 0.0888841
hs2 55000000 59999999 0.126819
hs2 60000000 64999999 0.979236
hs2 65000000 69999999 0.893603
hs2 70000000 74999999 0.426273
hs2 75000000 79999999 0.568806
hs2 80000000 84999999 0.845935
hs2 85000000 89999999 0.0118061
hs2 90000000 94999999 0.570052
hs2 95000000 99999999 0.00357724
hs2 100000000 104999999 0.418926
hs2 105000000 109999999 0.344236
hs2 110000000 114999999 0.0615795
hs2 115000000 119999999 0.245943
hs2 120000000 124999999 0.662021
hs2 125000000 129999999 0.972525
hs2 130000000 134999999 0.238952
hs2 135000000 139999999 0.718713
hs2 140000000 144999999 0.0886316
hs2 145000000 149999999 0.751745
hs2 150000000 154999999 0.0847768
hs2 155000000 159999999 0.655124
hs2 160000000 164999999 0.787501
hs2 165000000 169999999 0.112658
hs2 170000000 174999999 0.855374
hs2 175000000 179999999 0.620645
hs2 180000000 184999999 0.573219
hs2 185000000 189999999 0.943292
hs2 190000000 194999999 0.28237
hs2 195000000 199999999 0.789093
hs2 200000000 204999999 0.244879
hs2 205000000 209999999 0.934785
hs2 210000000 214999999 0.590371
hs2 215000000 219999999 0.191484
hs2 220000000 224999999 0.206714
hs2 225000000 229999999 0.336364
hs2 230000000 234999999 0.430291
hs2 235000000 239999999 0.017633
hs2 240000000 244999999 0.619083
hs20 0 4999999 0.14072
hs20 5000000 9999999 0.386381
hs20 10000000 14999999 0.687839
hs20 15000000 19999999 0.30296
hs20 20000000 24999999 0.673731
hs20 25000000 29999999 0.571668
hs20 30000000 34999999 0.0756642
hs20 35000000 39999999 0.384904
hs20 40000000 44999999 0.634341
hs20 45000000 49999999 0.203516
hs20 50000000 54999999 0.179347
hs20 55000000 59999999 0.141504
hs20 60000000 64999999 0.86913
hs21 5000000 9999999 0.866005
hs21 10000000 14999999 0.3319
hs21 15000000 19999999 0.837355
hs21 20000000 24999999 0.635721
hs21 25000000 29999999 0.096597
hs21 30000000 34999999 0.0716125
hs21 35000000 39999999 0.379358
hs21 40000000 44999999 0.792029
hs21 45000000 49999999 0.722367
hs22 15000000 19999999 0.258458
hs22 20000000 24999999 0.488626
hs22 25000000 29999999 0.57751
hs22 30000000 34999999 0.704329
hs22 35000000 39999999 0.683564
hs22 40000000 44999999 0.577167
hs22 45000000 49999999 0.00343958
hs3 0 4999999 0.572245
hs3 5000000 9999999 0.418181
hs3 10000000 14999999 0.429987
hs3 15000000 19999999 3.85358e-05
hs3 20000000 24999999 0.00361578
hs3 25000000 29999999 0.422542
hs3 30000000 34999999 0.766778
hs3 35000000 39999999 0.828358
hs3 40000000 44999999 0.0743012
hs3 45000000 49999999 0.736322
hs3 50000000 54999999 0.708847
hs3 55000000 59999999 0.947799
hs3 60000000 64999999 0.666512
hs3 65000000 69999999 0.755144
hs3 70000000 74999999 0.506889
hs3 75000000 79999999 0.591666
hs3 80000000 84999999 0.246789
hs3 85000000 89999999 0.0342906
hs3 90000000 94999999 0.146949
hs3 95000000 99999999 0.00232319
hs3 100000000 104999999 0.622968
hs3 105000000 109999999 0.196187
hs3 110000000 114999999 0.139478
hs3 115000000 119999999 0.421848
hs3 120000000 124999999 0.210941
hs3 125000000 129999999 0.45582
hs3 130000000 134999999 0.390604
hs3 135000000 139999999 0.980976
hs3 140000000 144999999 0.172459
hs3 145000000 149999999 0.379173
hs3 150000000 154999999 0.715537
hs3 155000000 159999999 0.145828
hs3 160000000 164999999 0.163461
hs3 165000000 169999999 0.782544
hs3 170000000 174999999 0.923264
hs3 175000000 179999999 0.309645
hs3 180000000 184999999 0.997484
hs3 185000000 189999999 0.300444
hs3 190000000 194999999 0.974174
hs3 195000000 199999999 0.545843
hs4 0 4999999 0.621507
hs4 5000000 9999999 0.00641058
hs4 10000000 14999999 0.640751
hs4 15000000 19999999 0.844267
hs4 20000000 24999999 0.0236147
hs4 25000000 29999999 0.165119
hs4 30000000 34999999 0.0342492
hs4 35000000 39999999 0.900254
hs4 40000000 44999999 0.232155
hs4 45000000 49999999 0.0695097
hs4 50000000 54999999 0.70523
hs4 55000000 59999999 0.801827
hs4 60000000 64999999 0.87344
hs4 65000000 69999999 0.252798
hs4 70000000 74999999 0.044827
hs4 75000000 79999999 0.767193
hs4 80000000 84999999 0.0256511
hs4 85000000 89999999 0.514277
hs4 90000000 94999999 0.0917874
hs4 95000000 99999999 0.796116
hs4 100000000 104999999 0.479681
hs4 105000000 109999999 0.0568477
hs4 110000000 114999999 0.0602872
hs4 115000000 119999999 0.632533
hs4 120000000 124999999 0.0507136
hs4 125000000 129999999 0.480701
hs4 130000000 134999999 0.480739
hs4 135000000 139999999 0.484355
hs4 140000000 144999999 0.906897
hs4 145000000 149999999 0.673675
hs4 150000000 154999999 0.502033
hs4 155000000 159999999 0.576335
hs4 160000000 164999999 0.312657
hs4 165000000 169999999 0.0215037
hs4 170000000 174999999 0.969303
hs4 175000000 179999999 0.635815
hs4 180000000 184999999 0.390959
hs4 185000000 189999999 0.897847
hs4 190000000 194999999 0.489513
hs5 0 4999999 0.736302
hs5 5000000 9999999 0.770593
hs5 10000000 14999999 0.917541
hs5 15000000 19999999 0.919865
hs5 20000000 24999999 0.542833
hs5 25000000 29999999 0.739019
hs5 30000000 34999999 0.878497
hs5 35000000 39999999 0.300345
hs5 40000000 44999999 0.511286
hs5 45000000 49999999 0.967106
hs5 50000000 54999999 0.35771
hs5 55000000 59999999 0.338686
hs5 60000000 64999999 0.511145
hs5 65000000 69999999 0.890318
hs5 70000000 74999999 0.605855
hs5 75000000 79999999 0.751683
hs5 80000000 84999999 0.915144
hs5 85000000 89999999 0.697688
hs5 90000000 94999999 0.620952
hs5 95000000 99999999 0.930597
hs5 100000000 104999999 0.928081
hs5 105000000 109999999 0.228525
hs5 110000000 114999999 0.202699
hs5 115000000 119999999 0.748542
hs5 120000000 124999999 0.370049
hs5 125000000 129999999 0.376459
hs5 130000000 134999999 0.0172103
hs5 135000000 139999999 0.861478
hs5 140000000 144999999 0.885092
hs5 145000000 149999999 0.0502115
hs5 150000000 154999999 0.0844607
hs5 155000000 159999999 0.984715
hs5 160000000 164999999 0.21687
hs5 165000000 169999999 0.286379
hs5 170000000 174999999 0.99161
hs5 175000000 179999999 0.793437
hs5 180000000 184999999 0.666877
hs6 0 4999999 0.919675
hs6 5000000 9999999 0.964501
hs6 10000000 14999999 0.731695
hs6 15000000 19999999 0.757346
hs6 20000000 24999999 0.271623
hs6 25000000 29999999 0.363411
hs6 30000000 34999999 0.159527
hs6 35000000 39999999 0.639207
hs6 40000000 44999999 0.696055
hs6 45000000 49999999 0.756342
hs6 50000000 54999999 0.388875
hs6 55000000 59999999 0.439589
hs6 60000000 64999999 0.920289
hs6 65000000 69999999 0.401028
hs6 70000000 74999999 0.885383
hs6 75000000 79999999 0.79228
hs6 80000000 84999999 0.465955
hs6 85000000 89999999 0.967989
hs6 90000000 94999999 0.544323
hs6 95000000 99999999 0.85698
hs6 100000000 104999999 0.878484
hs6 105000000 109999999 0.847787
hs6 110000000 114999999 0.483602
hs6 115000000 119999999 0.87456
hs6 120000000 124999999 0.772408
hs6 125000000 129999999 0.26192
hs6 130000000 134999999 0.998222
hs6 135000000 139999999 0.768815
hs6 140000000 144999999 0.686356
hs6 145000000 149999999 0.606221
hs6 150000000 154999999 0.149054
hs6 155000000 159999999 0.888073
hs6 160000000 164999999 0.76657
hs6 165000000 169999999 0.0669158
hs6 170000000 174999999 0.578202
hs7 0 4999999 0.545308
hs7 5000000 9999999 0.903018
hs7 10000000 14999999 0.241704
hs7 15000000 19999999 0.752849
hs7 20000000 24999999 0.643167
hs7 25000000 29999999 0.249021
hs7 30000000 34999999 0.000704059
hs7 35000000 39999999 0.915848
hs7 40000000 44999999 0.613536
hs7 45000000 49999999 0.234489
hs7 50000000 54999999 0.165086
hs7 55000000 59999999 0.0931663
hs7 60000000 64999999 0.321691
hs7 65000000 69999999 0.52439
hs7 70000000 74999999 0.272932
hs7 75000000 79999999 0.64298
hs7 80000000 84999999 0.0194393
hs7 85000000 89999999 0.0366496
hs7 90000000 94999999 0.898127
hs7 95000000 99999999 0.78322
hs7 100000000 104999999 0.833431
hs7 105000000 109999999 0.917892
hs7 110000000 114999999 0.902607
hs7 115000000 119999999 0.119476
hs7 120000000 124999999 0.405856
hs7 125000000 129999999 0.397465
hs7 130000000 134999999 0.190902
hs7 135000000 139999999 0.857779
hs7 140000000 144999999 0.777453
hs7 145000000 149999999 0.741955
hs7 150000000 154999999 0.47365
hs7 155000000 159999999 0.230996
hs8 0 4999999 0.502619
hs8 5000000 9999999 0.86603
hs8 10000000 14999999 0.0255564
hs8 15000000 19999999 0.664764
hs8 20000000 24999999 0.360819
hs8 25000000 29999999 0.117161
hs8 30000000 34999999 0.506036
hs8 35000000 39999999 0.945625
hs8 40000000 44999999 0.865914
hs8 45000000 49999999 0.266942
hs8 50000000 54999999 0.152325
hs8 55000000 59999999 0.944605
hs8 60000000 64999999 0.410561
hs8 65000000 69999999 0.378549
hs8 70000000 74999999 0.922873
hs8 75000000 79999999 0.779853
hs8 80000000 84999999 0.658337
hs8 85000000 89999999 0.506123
hs8 90000000 94999999 0.989725
hs8 95000000 99999999 0.864285
hs8 100000000 104999999 0.636693
hs8 105000000 109999999 0.898613
hs8 110000000 114999999 0.896836
hs8 115000000 119999999 0.665651
hs8 120000000 124999999 0.352007
hs8 125000000 129999999 0.958228
hs8 130000000 134999999 0.107282
hs8 135000000 139999999 0.995355
hs8 140000000 144999999 0.761925
hs8 145000000 149999999 0.828841
hs9 0 4999999 0.407043
hs9 5000000 9999999 0.952351
hs9 10000000 14999999 0.855369
hs9 15000000 19999999 0.0970733
hs9 20000000 24999999 0.849922
hs9 25000000 29999999 0.493089
hs9 30000000 34999999 0.74211
hs9 35000000 39999999 0.742814
hs9 40000000 44999999 0.658662
hs9 45000000 49999999 0.272199
hs9 65000000 69999999 0.506687
hs9 70000000 74999999 0.671773
hs9 75000000 79999999 0.764939
hs9 80000000 84999999 0.0866299
hs9 85000000 89999999 0.61102
hs9 90000000 94999999 0.883952
hs9 95000000 99999999 0.526932
hs9 100000000 104999999 0.546371
hs9 105000000 109999999 0.583021
hs9 110000000 114999999 0.481148
hs9 115000000 119999999 0.264368
hs9 120000000 124999999 0.0977986
hs9 125000000 129999999 0.0156904
hs9 130000000 134999999 0.918297
hs9 135000000 139999999 0.0377736
hs9 140000000 144999999 0.443629
hsX 5000000 9999999 0.841095
hsX 10000000 14999999 0.0319969
hsX 15000000 19999999 0.889776
hsX 20000000 24999999 0.667229
hsX 25000000 29999999 0.409183
hsX 30000000 34999999 0.882833
hsX 35000000 39999999 0.113829
hsX 40000000 44999999 0.616448
hsX 45000000 49999999 0.482477
hsX 50000000 54999999 0.508034
hsX 55000000 59999999 0.172798
hsX 60000000 64999999 0.533616
hsX 65000000 69999999 0.650777
hsX 70000000 74999999 0.156814
hsX 75000000 79999999 0.102438
hsX 80000000 84999999 0.968352
hsX 85000000 89999999 0.235294
hsX 90000000 94999999 0.387619
hsX 95000000 99999999 0.332224
hsX 100000000 104999999 0.742785
hsX 105000000 109999999 0.121334
hsX 110000000 114999999 0.0442068
hsX 115000000 119999999 0.82406
hsX 120000000 124999999 0.482397
hsX 125000000 129999999 0.98852
hsX 130000000 134999999 0.978245
hsX 135000000 139999999 0.84253
hsX 140000000 144999999 0.479223
hsX 145000000 149999999 0.377836
hsX 150000000 154999999 0.274672
hsY 0 4999999 0.940323
hsY 5000000 9999999 0.29233
hsY 10000000 14999999 0.250558
hsY 15000000 19999999 0.35784
hsY 20000000 24999999 0.353195
hsY 25000000 29999999 0.115121
hsY 55000000 59999999 0.943962
