hs1 0 4999999 0.152288
hs1 5000000 9999999 0.6104
hs1 10000000 14999999 0.124026
hs1 15000000 19999999 0.182207
hs1 20000000 24999999 0.69858
hs1 25000000 29999999 0.0658515
hs1 30000000 34999999 0.75967
hs1 35000000 39999999 0.730015
hs1 40000000 44999999 0.0537834
hs1 45000000 49999999 0.164703
hs1 50000000 54999999 0.742186
hs1 55000000 59999999 0.77001
hs1 60000000 64999999 0.543967
hs1 65000000 69999999 0.0428675
hs1 70000000 74999999 0.0198317
hs1 75000000 79999999 0.397758
hs1 80000000 84999999 0.263355
hs1 85000000 89999999 0.378568
hs1 90000000 94999999 0.183739
hs1 95000000 99999999 0.763275
hs1 100000000 104999999 0.314676
hs1 105000000 109999999 0.602095
hs1 110000000 114999999 0.268382
hs1 115000000 119999999 0.555586
hs1 120000000 124999999 0.127609
hs1 140000000 144999999 0.932625
hs1 145000000 149999999 0.434565
hs1 150000000 154999999 0.247126
hs1 155000000 159999999 0.774598
hs1 160000000 164999999 0.584972
hs1 165000000 169999999 0.897856
hs1 170000000 174999999 0.781989
hs1 175000000 179999999 0.915664
hs1 180000000 184999999 0.72212
hs1 185000000 189999999 0.233439
hs1 190000000 194999999 0.149923
hs1 195000000 199999999 0.45875
hs1 200000000 204999999 0.89839
hs1 205000000 209999999 0.856296
hs1 210000000 214999999 0.38114
hs1 215000000 219999999 0.488629
hs1 220000000 224999999 0.929605
hs1 225000000 229999999 0.337726
hs1 230000000 234999999 0.845949
hs1 235000000 239999999 0.757023
hs1 240000000 244999999 0.76223
hs1 245000000 249999999 0.71983
hs10 0 4999999 0.821487
hs10 5000000 9999999 0.166149
hs10 10000000 14999999 0.584442
hs10 15000000 19999999 0.51956
hs10 20000000 24999999 0.783116
hs10 25000000 29999999 0.471718
hs10 30000000 34999999 0.956002
hs10 35000000 39999999 0.779212
hs10 40000000 44999999 0.756377
hs10 45000000 49999999 0.925799
hs10 50000000 54999999 0.653803
hs10 55000000 59999999 0.868906
hs10 60000000 64999999 0.0513873
hs10 65000000 69999999 0.268187
hs10 70000000 74999999 0.455281
hs10 75000000 79999999 0.855317
hs10 80000000 84999999 0.00760514
hs10 85000000 89999999 0.618006
hs10 90000000 94999999 0.742032
hs10 95000000 99999999 0.924239
hs10 100000000 104999999 0.622819
hs10 105000000 109999999 0.68867
hs10 110000000 114999999 0.44834
hs10 115000000 119999999 0.178355
hs10 120000000 124999999 0.232138
hs10 125000000 129999999 0.396841
hs10 130000000 134999999 0.139027
hs10 135000000 139999999 0.909037
hs11 0 4999999 0.453004
hs11 5000000 9999999 0.495871
hs11 10000000 14999999 0.515703
hs11 15000000 19999999 0.913461
hs11 20000000 24999999 0.176816
hs11 25000000 29999999 0.555383
hs11 30000000 34999999 0.739123
hs11 35000000 39999999 0.502398
hs11 40000000 44999999 0.817073
hs11 45000000 49999999 0.419169
hs11 50000000 54999999 0.687551
hs11 55000000 59999999 0.243137
hs11 60000000 64999999 0.370746
hs11 65000000 69999999 0.303371
hs11 70000000 74999999 0.737936
hs11 75000000 79999999 0.985062
hs11 80000000 84999999 0.75966
hs11 85000000 89999999 0.344632
hs11 90000000 94999999 0.242488
hs11 95000000 99999999 0.0244769
hs11 100000000 104999999 0.94014
hs11 105000000 109999999 0.66226
hs11 110000000 114999999 0.8957
hs11 115000000 119999999 0.045623
hs11 120000000 124999999 0.504373
hs11 125000000 129999999 0.402763
hs11 130000000 134999999 0.259059
hs12 0 4999999 0.640198
hs12 5000000 9999999 0.128827
hs12 10000000 14999999 0.0584319
hs12 15000000 19999999 0.396158
hs12 20000000 24999999 0.242107
hs12 25000000 29999999 0.99913
hs12 30000000 34999999 0.76136
hs12 35000000 39999999 0.48119
hs12 40000000 44999999 0.302676
hs12 45000000 49999999 0.468825
hs12 50000000 54999999 0.053267
hs12 55000000 59999999 0.572827
hs12 60000000 64999999 0.355943
hs12 65000000 69999999 0.827661
hs12 70000000 74999999 0.783663
hs12 75000000 79999999 0.562875
hs12 80000000 84999999 0.319252
hs12 85000000 89999999 0.245051
hs12 90000000 94999999 0.898855
hs12 95000000 99999999 0.76776
hs12 100000000 104999999 0.819147
hs12 105000000 109999999 0.0873342
hs12 110000000 114999999 0.542615
hs12 115000000 119999999 0.397931
hs12 120000000 124999999 0.405537
hs12 125000000 129999999 0.0235421
hs12 130000000 134999999 0.765574
hs13 15000000 19999999 0.689812
hs13 20000000 24999999 0.312631
hs13 25000000 29999999 0.00130106
hs13 30000000 34999999 0.449641
hs13 35000000 39999999 0.627995
hs13 40000000 44999999 0.860134
hs13 45000000 49999999 0.256975
hs13 50000000 54999999 0.396002
hs13 55000000 59999999 0.305039
hs13 60000000 64999999 0.758042
hs13 65000000 69999999 0.253913
hs13 70000000 74999999 0.769616
hs13 75000000 79999999 0.683077
hs13 80000000 84999999 0.859893
hs13 85000000 89999999 0.415276
hs13 90000000 94999999 0.154399
hs13 95000000 99999999 0.656797
hs13 100000000 104999999 0.47387
hs13 105000000 109999999 0.893038
hs13 110000000 114999999 0.580589
hs14 15000000 19999999 0.823726
hs14 20000000 24999999 0.194472
hs14 25000000 29999999 0.497843
hs14 30000000 34999999 0.235779
hs14 35000000 39999999 0.220841
hs14 40000000 44999999 0.980501
hs14 45000000 49999999 0.325132
hs14 50000000 54999999 0.56762
hs14 55000000 59999999 0.592097
hs14 60000000 64999999 0.532238
hs14 65000000 69999999 0.194498
hs14 70000000 74999999 0.0901979
hs14 75000000 79999999 0.135821
hs14 80000000 84999999 0.640194
hs14 85000000 89999999 0.0429565
hs14 90000000 94999999 0.302015
hs14 95000000 99999999 0.942213
hs14 100000000 104999999 0.0710402
hs14 105000000 109999999 0.129472
hs15 15000000 19999999 0.52563
hs15 20000000 24999999 0.767737
hs15 25000000 29999999 0.766867
hs15 30000000 34999999 0.528227
hs15 35000000 39999999 0.00941687
hs15 40000000 44999999 0.312093
hs15 45000000 49999999 0.780918
hs15 50000000 54999999 0.834185
hs15 55000000 59999999 0.407012
hs15 60000000 64999999 0.762955
hs15 65000000 69999999 0.590616
hs15 70000000 74999999 0.37428
hs15 75000000 79999999 0.937155
hs15 80000000 84999999 0.256407
hs15 85000000 89999999 0.501458
hs15 90000000 94999999 0.400313
hs15 95000000 99999999 0.168073
hs15 100000000 104999999 0.98722
hs16 0 4999999 0.0745546
hs16 5000000 9999999 0.617169
hs16 10000000 14999999 0.0151009
hs16 15000000 19999999 0.420638
hs16 20000000 24999999 0.44418
hs16 25000000 29999999 0.209753
hs16 30000000 34999999 0.899566
hs16 45000000 49999999 0.212197
hs16 50000000 54999999 0.213498
hs16 55000000 59999999 0.663139
hs16 60000000 64999999 0.291134
hs16 65000000 69999999 0.151268
hs16 70000000 74999999 0.408243
hs16 75000000 79999999 0.804245
hs16 80000000 84999999 0.109283
hs16 85000000 89999999 0.867326
hs17 0 4999999 0.121239
hs17 5000000 9999999 0.890855
hs17 10000000 14999999 0.573933
hs17 15000000 19999999 0.433825
hs17 20000000 24999999 0.849101
hs17 25000000 29999999 0.00350033
hs17 30000000 34999999 0.660297
hs17 35000000 39999999 0.134167
hs17 40000000 44999999 0.0272052
hs17 45000000 49999999 0.607794
hs17 50000000 54999999 0.43152
hs17 55000000 59999999 0.625992
hs17 60000000 64999999 0.123834
hs17 65000000 69999999 0.359613
hs17 70000000 74999999 0.580454
hs17 75000000 79999999 0.560955
hs18 0 4999999 0.886087
hs18 5000000 9999999 0.453708
hs18 10000000 14999999 0.0458053
hs18 15000000 19999999 0.578043
hs18 20000000 24999999 0.772541
hs18 25000000 29999999 0.862739
hs18 30000000 34999999 0.99856
hs18 35000000 39999999 0.638754
hs18 40000000 44999999 0.681711
hs18 45000000 49999999 0.983726
hs18 50000000 54999999 0.925939
hs18 55000000 59999999 0.996979
hs18 60000000 64999999 0.126452
hs18 65000000 69999999 0.652081
hs18 70000000 74999999 0.419818
hs18 75000000 79999999 0.186686
hs19 0 4999999 0.714913
hs19 5000000 9999999 0.72433
hs19 10000000 14999999 0.0364233
hs19 15000000 19999999 0.817341
hs19 20000000 24999999 0.651526
hs19 30000000 34999999 0.0585382
hs19 35000000 39999999 0.821493
hs19 40000000 44999999 0.41211
hs19 45000000 49999999 0.786389
hs19 50000000 54999999 0.723544
hs19 55000000 59999999 0.979951
hs19 60000000 64999999 0.481409
hs2 0 4999999 0.881722
hs2 5000000 9999999 0.049795
hs2 10000000 14999999 0.0370154
hs2 15000000 19999999 0.11157
hs2 20000000 24999999 0.728739
hs2 25000000 29999999 0.74384
hs2 30000000 34999999 0.164478
hs2 35000000 39999999 0.608657
hs2 40000000 44999999 0.818411
hs2 45000000 49999999 0.717977
hs2 50000000 54999999 0.930174
hs2 55000000 59999999 0.143672
hs2 60000000 64999999 0.80681
hs2 65000000 69999999 0.0979445
hs2 70000000 74999999 0.249212
hs2 75000000 79999999 0.657455
hs2 80000000 84999999 0.4617
hs2 85000000 89999999 0.570983
hs2 90000000 94999999 0.438309
hs2 95000000 99999999 0.559548
hs2 100000000 104999999 0.450403
hs2 105000000 109999999 0.0243359
hs2 110000000 114999999 0.458161
hs2 115000000 119999999 0.307263
hs2 120000000 124999999 0.310763
hs2 125000000 129999999 0.97106
hs2 130000000 134999999 0.105227
hs2 135000000 139999999 0.132432
hs2 140000000 144999999 0.740226
hs2 145000000 149999999 0.171746
hs2 150000000 154999999 0.797738
hs2 155000000 159999999 0.921572
hs2 160000000 164999999 0.281185
hs2 165000000 169999999 0.86164
hs2 170000000 174999999 0.422595
hs2 175000000 179999999 0.308682
hs2 180000000 184999999 0.76239
hs2 185000000 189999999 0.808195
hs2 190000000 194999999 0.386239
hs2 195000000 199999999 0.15878
hs2 200000000 204999999 0.0215194
hs2 205000000 209999999 0.0200797
hs2 210000000 214999999 0.658834
hs2 215000000 219999999 0.340545
hs2 220000000 224999999 0.324271
hs2 225000000 229999999 0.25021
hs2 230000000 234999999 0.247189
hs2 235000000 239999999 0.373641
hs2 240000000 244999999 0.0257221
hs20 0 4999999 0.445541
hs20 5000000 9999999 0.632226
hs20 10000000 14999999 0.34714
hs20 15000000 19999999 0.0714699
hs20 20000000 24999999 0.107893
hs20 25000000 29999999 0.925234
hs20 30000000 34999999 0.576761
hs20 35000000 39999999 0.635299
hs20 40000000 44999999 0.456792
hs20 45000000 49999999 0.868902
hs20 50000000 54999999 0.655291
hs20 55000000 59999999 0.378835
hs20 60000000 64999999 0.358786
hs21 5000000 9999999 0.840195
hs21 10000000 14999999 0.721917
hs21 15000000 19999999 0.771712
hs21 20000000 24999999 0.808728
hs21 25000000 29999999 0.920298
hs21 30000000 34999999 0.649037
hs21 35000000 39999999 0.392877
hs21 40000000 44999999 0.557355
hs21 45000000 49999999 0.166012
hs22 15000000 19999999 0.984423
hs22 20000000 24999999 0.7024
hs22 25000000 29999999 0.632574
hs22 30000000 34999999 0.776245
hs22 35000000 39999999 0.583056
hs22 40000000 44999999 0.681
hs22 45000000 49999999 0.930213
hs3 0 4999999 0.587668
hs3 5000000 9999999 0.0493674
hs3 10000000 14999999 0.620351
hs3 15000000 19999999 0.0586596
hs3 20000000 24999999 0.618208
hs3 25000000 29999999 0.068611
hs3 30000000 34999999 0.0929469
hs3 35000000 39999999 0.551108
hs3 40000000 44999999 0.858371
hs3 45000000 49999999 0.169134
hs3 50000000 54999999 0.140194
hs3 55000000 59999999 0.24542
hs3 60000000 64999999 0.377852
hs3 65000000 69999999 0.118078
hs3 70000000 74999999 0.289824
hs3 75000000 79999999 0.0875617
hs3 80000000 84999999 0.00913366
hs3 85000000 89999999 0.290319
hs3 90000000 94999999 0.151959
hs3 95000000 99999999 0.574554
hs3 100000000 104999999 0.883236
hs3 105000000 109999999 0.645626
hs3 110000000 114999999 0.453821
hs3 115000000 119999999 0.84006
hs3 120000000 124999999 0.99884
hs3 125000000 129999999 0.0203593
hs3 130000000 134999999 0.040439
hs3 135000000 139999999 0.699273
hs3 140000000 144999999 0.0398175
hs3 145000000 149999999 0.364088
hs3 150000000 154999999 0.614298
hs3 155000000 159999999 0.861487
hs3 160000000 164999999 0.235127
hs3 165000000 169999999 0.26085
hs3 170000000 174999999 0.70639
hs3 175000000 179999999 0.338617
hs3 180000000 184999999 0.685756
hs3 185000000 189999999 0.757226
hs3 190000000 194999999 0.865119
hs3 195000000 199999999 0.790354
hs4 0 4999999 0.367115
hs4 5000000 9999999 0.0024134
hs4 10000000 14999999 0.459206
hs4 15000000 19999999 0.328107
hs4 20000000 24999999 0.983399
hs4 25000000 29999999 0.362234
hs4 30000000 34999999 0.72102
hs4 35000000 39999999 0.561215
hs4 40000000 44999999 0.283133
hs4 45000000 49999999 0.0548451
hs4 50000000 54999999 0.863573
hs4 55000000 59999999 0.783871
hs4 60000000 64999999 0.432908
hs4 65000000 69999999 0.825785
hs4 70000000 74999999 0.38314
hs4 75000000 79999999 0.549152
hs4 80000000 84999999 0.533575
hs4 85000000 89999999 0.235975
hs4 90000000 94999999 0.868549
hs4 95000000 99999999 0.644794
hs4 100000000 104999999 0.22785
hs4 105000000 109999999 0.908851
hs4 110000000 114999999 0.839063
hs4 115000000 119999999 0.426731
hs4 120000000 124999999 0.476098
hs4 125000000 129999999 0.0964489
hs4 130000000 134999999 0.155108
hs4 135000000 139999999 0.773316
hs4 140000000 144999999 0.841927
hs4 145000000 149999999 0.934874
hs4 150000000 154999999 0.485982
hs4 155000000 159999999 0.344353
hs4 160000000 164999999 0.513487
hs4 165000000 169999999 0.65368
hs4 170000000 174999999 0.899101
hs4 175000000 179999999 0.276953
hs4 180000000 184999999 0.395031
hs4 185000000 189999999 0.684855
hs4 190000000 194999999 0.772416
hs5 0 4999999 0.78155
hs5 5000000 9999999 0.0718691
hs5 10000000 14999999 0.223828
hs5 15000000 19999999 0.798382
hs5 20000000 24999999 0.681617
hs5 25000000 29999999 0.327243
hs5 30000000 34999999 0.781064
hs5 35000000 39999999 0.621124
hs5 40000000 44999999 0.619964
hs5 45000000 49999999 0.640324
hs5 50000000 54999999 0.680763
hs5 55000000 59999999 0.380035
hs5 60000000 64999999 0.419853
hs5 65000000 69999999 0.783941
hs5 70000000 74999999 0.398239
hs5 75000000 79999999 0.259725
hs5 80000000 84999999 0.494853
hs5 85000000 89999999 0.755702
hs5 90000000 94999999 0.462092
hs5 95000000 99999999 0.800709
hs5 100000000 104999999 0.486465
hs5 105000000 109999999 0.243692
hs5 110000000 114999999 0.108811
hs5 115000000 119999999 0.899165
hs5 120000000 124999999 0.266279
hs5 125000000 129999999 0.268693
hs5 130000000 134999999 0.727898
hs5 135000000 139999999 0.0560057
hs5 140000000 144999999 0.0394043
hs5 145000000 149999999 0.401638
hs5 150000000 154999999 0.122658
hs5 155000000 159999999 0.683873
hs5 160000000 164999999 0.967006
hs5 165000000 169999999 0.0218511
hs5 170000000 174999999 0.885424
hs5 175000000 179999999 0.669294
hs5 180000000 184999999 0.102202
hs6 0 4999999 0.927987
hs6 5000000 9999999 0.311127
hs6 10000000 14999999 0.860279
hs6 15000000 19999999 0.393854
hs6 20000000 24999999 0.629829
hs6 25000000 29999999 0.498378
hs6 30000000 34999999 0.143172
hs6 35000000 39999999 0.371023
hs6 40000000 44999999 0.279873
hs6 45000000 49999999 0.118936
hs6 50000000 54999999 0.545667
hs6 55000000 59999999 0.0217655
hs6 60000000 64999999 0.118214
hs6 65000000 69999999 0.273323
hs6 70000000 74999999 0.046639
hs6 75000000 79999999 0.888566
hs6 80000000 84999999 0.82344
hs6 85000000 89999999 0.309422
hs6 90000000 94999999 0.653775
hs6 95000000 99999999 0.167262
hs6 100000000 104999999 0.820942
hs6 105000000 109999999 0.720043
hs6 110000000 114999999 0.996995
hs6 115000000 119999999 0.392026
hs6 120000000 124999999 0.0768806
hs6 125000000 129999999 0.849297
hs6 130000000 134999999 0.630847
hs6 135000000 139999999 0.702716
hs6 140000000 144999999 0.926544
hs6 145000000 149999999 0.724926
hs6 150000000 154999999 0.406543
hs6 155000000 159999999 0.733786
hs6 160000000 164999999 0.514851
hs6 165000000 169999999 0.135975
hs6 170000000 174999999 0.755939
hs7 0 4999999 0.396263
hs7 5000000 9999999 0.0770255
hs7 10000000 14999999 0.457061
hs7 15000000 19999999 0.876914
hs7 20000000 24999999 0.660855
hs7 25000000 29999999 0.0590934
hs7 30000000 34999999 0.318819
hs7 35000000 39999999 0.813672
hs7 40000000 44999999 0.569374
hs7 45000000 49999999 0.0314664
hs7 50000000 54999999 0.832175
hs7 55000000 59999999 0.318641
hs7 60000000 64999999 0.562332
hs7 65000000 69999999 0.671143
hs7 70000000 74999999 0.570308
hs7 75000000 79999999 0.836587
hs7 80000000 84999999 0.10528
hs7 85000000 89999999 0.833178
hs7 90000000 94999999 0.889184
hs7 95000000 99999999 0.928589
hs7 100000000 104999999 0.330227
hs7 105000000 109999999 0.452885
hs7 110000000 114999999 0.136758
hs7 115000000 119999999 0.103764
hs7 120000000 124999999 0.125615
hs7 125000000 129999999 0.0110389
hs7 130000000 134999999 0.680333
hs7 135000000 139999999 0.782535
hs7 140000000 144999999 0.710522
hs7 145000000 149999999 0.0216487
hs7 150000000 154999999 0.881927
hs7 155000000 159999999 0.275781
hs8 0 4999999 0.905611
hs8 5000000 9999999 0.403989
hs8 10000000 14999999 0.547161
hs8 15000000 19999999 0.918184
hs8 20000000 24999999 0.198057
hs8 25000000 29999999 0.316994
hs8 30000000 34999999 0.862661
hs8 35000000 39999999 0.884426
hs8 40000000 44999999 0.00264064
hs8 45000000 49999999 0.275963
hs8 50000000 54999999 0.322602
hs8 55000000 59999999 0.211169
hs8 60000000 64999999 0.0346087
hs8 65000000 69999999 0.344031
hs8 70000000 74999999 0.997806
hs8 75000000 79999999 0.165068
hs8 80000000 84999999 0.98601
hs8 85000000 89999999 0.706053
hs8 90000000 94999999 0.703048
hs8 95000000 99999999 0.095074
hs8 100000000 104999999 0.171955
hs8 105000000 109999999 0.0212515
hs8 110000000 114999999 0.652098
hs8 115000000 119999999 0.354815
hs8 120000000 124999999 0.281359
hs8 125000000 129999999 0.00628421
hs8 130000000 134999999 0.412827
hs8 135000000 139999999 0.146614
hs8 140000000 144999999 0.661464
hs8 145000000 149999999 0.797439
hs9 0 4999999 0.553379
hs9 5000000 9999999 0.949642
hs9 10000000 14999999 0.0266671
hs9 15000000 19999999 0.483728
hs9 20000000 24999999 0.360642
hs9 25000000 29999999 0.0214968
hs9 30000000 34999999 0.0805902
hs9 35000000 39999999 0.399409
hs9 40000000 44999999 0.213081
hs9 45000000 49999999 0.782455
hs9 65000000 69999999 0.813921
hs9 70000000 74999999 0.646096
hs9 75000000 79999999 0.964737
hs9 80000000 84999999 0.527069
hs9 85000000 89999999 0.198212
hs9 90000000 94999999 0.76852
hs9 95000000 99999999 0.605108
hs9 100000000 104999999 0.710388
hs9 105000000 109999999 0.543566
hs9 110000000 114999999 0.43275
hs9 115000000 119999999 0.361339
hs9 120000000 124999999 0.691566
hs9 125000000 129999999 0.14445
hs9 130000000 134999999 0.281208
hs9 135000000 139999999 0.384972
hs9 140000000 144999999 0.510587
hsX 5000000 9999999 0.521626
hsX 10000000 14999999 0.201959
hsX 15000000 19999999 0.984494
hsX 20000000 24999999 0.695016
hsX 25000000 29999999 0.716665
hsX 30000000 34999999 0.598593
hsX 35000000 39999999 0.874374
hsX 40000000 44999999 0.779985
hsX 45000000 49999999 0.183974
hsX 50000000 54999999 0.731135
hsX 55000000 59999999 0.649319
hsX 60000000 64999999 0.847376
hsX 65000000 69999999 0.16437
hsX 70000000 74999999 0.0270306
hsX 75000000 79999999 0.911457
hsX 80000000 84999999 0.914098
hsX 85000000 89999999 0.190061
hsX 90000000 94999999 0.512663
hsX 95000000 99999999 0.723832
hsX 100000000 104999999 0.758441
hsX 105000000 109999999 0.102472
hsX 110000000 114999999 0.100278
hsX 115000000 119999999 0.265346
hsX 120000000 124999999 0.251356
hsX 125000000 129999999 0.957409
hsX 130000000 134999999 0.660457
hsX 135000000 139999999 0.755531
hsX 140000000 144999999 0.927485
hsX 145000000 149999999 0.948737
hsX 150000000 154999999 0.600835
hsY 0 4999999 0.95565
hsY 5000000 9999999 0.237008
hsY 10000000 14999999 0.243292
hsY 15000000 19999999 0.65612
hsY 20000000 24999999 0.802733
hsY 25000000 29999999 0.464198
hsY 55000000 59999999 0.261637
