hs1 0 4999999 0.104872
hs1 5000000 9999999 0.798313
hs1 10000000 14999999 0.973578
hs1 15000000 19999999 0.110285
hs1 20000000 24999999 0.92534
hs1 25000000 29999999 0.376985
hs1 30000000 34999999 0.150818
hs1 35000000 39999999 0.932669
hs1 40000000 44999999 0.99324
hs1 45000000 49999999 0.676301
hs1 50000000 54999999 0.701679
hs1 55000000 59999999 0.336906
hs1 60000000 64999999 0.0466497
hs1 65000000 69999999 0.1221
hs1 70000000 74999999 0.333918
hs1 75000000 79999999 0.424745
hs1 80000000 84999999 0.229694
hs1 85000000 89999999 0.582145
hs1 90000000 94999999 0.518961
hs1 95000000 99999999 0.694823
hs1 100000000 104999999 0.814536
hs1 105000000 109999999 0.080334
hs1 110000000 114999999 0.404968
hs1 115000000 119999999 0.0204877
hs1 120000000 124999999 0.10765
hs1 140000000 144999999 0.356836
hs1 145000000 149999999 0.492332
hs1 150000000 154999999 0.582187
hs1 155000000 159999999 0.43132
hs1 160000000 164999999 0.8109
hs1 165000000 169999999 0.353509
hs1 170000000 174999999 0.435456
hs1 175000000 179999999 0.409202
hs1 180000000 184999999 0.414175
hs1 185000000 189999999 0.31731
hs1 190000000 194999999 0.192539
hs1 195000000 199999999 0.623653
hs1 200000000 204999999 0.643313
hs1 205000000 209999999 0.0523748
hs1 210000000 214999999 0.327425
hs1 215000000 219999999 0.523383
hs1 220000000 224999999 0.199861
hs1 225000000 229999999 0.450907
hs1 230000000 234999999 0.623961
hs1 235000000 239999999 0.712666
hs1 240000000 244999999 0.288417
hs1 245000000 249999999 0.0766391
hs10 0 4999999 0.818979
hs10 5000000 9999999 0.0721368
hs10 10000000 14999999 0.723239
hs10 15000000 19999999 0.261445
hs10 20000000 24999999 0.411315
hs10 25000000 29999999 0.15679
hs10 30000000 34999999 0.178224
hs10 35000000 39999999 0.258639
hs10 40000000 44999999 0.264324
hs10 45000000 49999999 0.250049
hs10 50000000 54999999 0.51593
hs10 55000000 59999999 0.888384
hs10 60000000 64999999 0.128875
hs10 65000000 69999999 0.347766
hs10 70000000 74999999 0.214832
hs10 75000000 79999999 0.522511
hs10 80000000 84999999 0.627382
hs10 85000000 89999999 0.425695
hs10 90000000 94999999 0.399274
hs10 95000000 99999999 0.509558
hs10 100000000 104999999 0.434898
hs10 105000000 109999999 0.811884
hs10 110000000 114999999 0.962701
hs10 115000000 119999999 0.89537
hs10 120000000 124999999 0.888611
hs10 125000000 129999999 0.564912
hs10 130000000 134999999 0.266591
hs10 135000000 139999999 0.603497
hs11 0 4999999 0.650146
hs11 5000000 9999999 0.772247
hs11 10000000 14999999 0.106165
hs11 15000000 19999999 0.53091
hs11 20000000 24999999 0.760604
hs11 25000000 29999999 0.342749
hs11 30000000 34999999 0.86171
hs11 35000000 39999999 0.556533
hs11 40000000 44999999 0.371069
hs11 45000000 49999999 0.451403
hs11 50000000 54999999 0.856371
hs11 55000000 59999999 0.876859
hs11 60000000 64999999 0.984509
hs11 65000000 69999999 0.341345
hs11 70000000 74999999 0.833677
hs11 75000000 79999999 0.415864
hs11 80000000 84999999 0.847184
hs11 85000000 89999999 0.658084
hs11 90000000 94999999 0.0115929
hs11 95000000 99999999 0.447049
hs11 100000000 104999999 0.856251
hs11 105000000 109999999 0.270426
hs11 110000000 114999999 0.587736
hs11 115000000 119999999 0.780275
hs11 120000000 124999999 0.403928
hs11 125000000 129999999 0.0472414
hs11 130000000 134999999 0.0996162
hs12 0 4999999 0.427041
hs12 5000000 9999999 0.950424
hs12 10000000 14999999 0.150285
hs12 15000000 19999999 0.601192
hs12 20000000 24999999 0.225152
hs12 25000000 29999999 0.937818
hs12 30000000 34999999 0.226235
hs12 35000000 39999999 0.302874
hs12 40000000 44999999 0.121853
hs12 45000000 49999999 0.193989
hs12 50000000 54999999 0.917228
hs12 55000000 59999999 0.178673
hs12 60000000 64999999 0.589988
hs12 65000000 69999999 0.746778
hs12 70000000 74999999 0.925003
hs12 75000000 79999999 0.183641
hs12 80000000 84999999 0.447965
hs12 85000000 89999999 0.698014
hs12 90000000 94999999 0.213944
hs12 95000000 99999999 0.102327
hs12 100000000 104999999 0.231202
hs12 105000000 109999999 0.578968
hs12 110000000 114999999 0.7938
hs12 115000000 119999999 0.316311
hs12 120000000 124999999 0.943693
hs12 125000000 129999999 0.369389
hs12 130000000 134999999 0.768662
hs13 15000000 19999999 0.278221
hs13 20000000 24999999 0.713119
hs13 25000000 29999999 0.525003
hs13 30000000 34999999 0.487704
hs13 35000000 39999999 0.383075
hs13 40000000 44999999 0.271685
hs13 45000000 49999999 0.836597
hs13 50000000 54999999 0.103188
hs13 55000000 59999999 0.706685
hs13 60000000 64999999 0.356831
hs13 65000000 69999999 0.129078
hs13 70000000 74999999 0.235243
hs13 75000000 79999999 0.766153
hs13 80000000 84999999 0.526757
hs13 85000000 89999999 0.869507
hs13 90000000 94999999 0.731217
hs13 95000000 99999999 0.28775
hs13 100000000 104999999 0.658819
hs13 105000000 109999999 0.110222
hs13 110000000 114999999 0.966593
hs14 15000000 19999999 0.843451
hs14 20000000 24999999 0.82796
hs14 25000000 29999999 0.169305
hs14 30000000 34999999 0.00298177
hs14 35000000 39999999 0.418845
hs14 40000000 44999999 0.266029
hs14 45000000 49999999 0.924113
hs14 50000000 54999999 0.935706
hs14 55000000 59999999 0.382755
hs14 60000000 64999999 0.239006
hs14 65000000 69999999 0.509432
hs14 70000000 74999999 0.0971677
hs14 75000000 79999999 0.877443
hs14 80000000 84999999 0.281371
hs14 85000000 89999999 0.328612
hs14 90000000 94999999 0.428229
hs14 95000000 99999999 0.85527
hs14 100000000 104999999 0.805693
hs14 105000000 109999999 0.955979
hs15 15000000 19999999 0.55717
hs15 20000000 24999999 0.782322
hs15 25000000 29999999 0.72014
hs15 30000000 34999999 0.946375
hs15 35000000 39999999 0.249249
hs15 40000000 44999999 0.371101
hs15 45000000 49999999 0.565091
hs15 50000000 54999999 0.482319
hs15 55000000 59999999 0.660992
hs15 60000000 64999999 0.25098
hs15 65000000 69999999 0.997759
hs15 70000000 74999999 0.922761
hs15 75000000 79999999 0.106402
hs15 80000000 84999999 0.554367
hs15 85000000 89999999 0.252381
hs15 90000000 94999999 0.466325
hs15 95000000 99999999 0.568652
hs15 100000000 104999999 0.799855
hs16 0 4999999 0.378823
hs16 5000000 9999999 0.172623
hs16 10000000 14999999 0.488934
hs16 15000000 19999999 0.432627
hs16 20000000 24999999 0.802016
hs16 25000000 29999999 0.570678
hs16 30000000 34999999 0.848899
hs16 45000000 49999999 0.562018
hs16 50000000 54999999 0.0870209
hs16 55000000 59999999 0.574725
hs16 60000000 64999999 0.9578
hs16 65000000 69999999 0.229485
hs16 70000000 74999999 0.0660821
hs16 75000000 79999999 0.16927
hs16 80000000 84999999 0.875955
hs16 85000000 89999999 0.232786
hs17 0 4999999 0.361864
hs17 5000000 9999999 0.597107
hs17 10000000 14999999 0.36326
hs17 15000000 19999999 0.890017
hs17 20000000 24999999 0.759524
hs17 25000000 29999999 0.490741
hs17 30000000 34999999 0.778491
hs17 35000000 39999999 0.43731
hs17 40000000 44999999 0.547531
hs17 45000000 49999999 0.514124
hs17 50000000 54999999 0.357575
hs17 55000000 59999999 0.185536
hs17 60000000 64999999 0.354841
hs17 65000000 69999999 0.357822
hs17 70000000 74999999 0.776668
hs17 75000000 79999999 0.042697
hs18 0 4999999 0.96681
hs18 5000000 9999999 0.902516
hs18 10000000 14999999 0.285271
hs18 15000000 19999999 0.524277
hs18 20000000 24999999 0.0337084
hs18 25000000 29999999 0.130876
hs18 30000000 34999999 0.00831919
hs18 35000000 39999999 0.28969
hs18 40000000 44999999 0.618303
hs18 45000000 49999999 0.0465312
hs18 50000000 54999999 0.901801
hs18 55000000 59999999 0.707494
hs18 60000000 64999999 0.663473
hs18 65000000 69999999 0.220643
hs18 70000000 74999999 0.00296533
hs18 75000000 79999999 0.723106
hs19 0 4999999 0.66948
hs19 5000000 9999999 0.918729
hs19 10000000 14999999 0.28983
hs19 15000000 19999999 0.854921
hs19 20000000 24999999 0.337239
hs19 30000000 34999999 0.998231
hs19 35000000 39999999 0.249212
hs19 40000000 44999999 0.24697
hs19 45000000 49999999 0.169731
hs19 50000000 54999999 0.276134
hs19 55000000 59999999 0.830501
hs19 60000000 64999999 0.0828819
hs2 0 4999999 0.549207
hs2 5000000 9999999 0.117859
hs2 10000000 14999999 0.917714
hs2 15000000 19999999 0.296536
hs2 20000000 24999999 0.469159
hs2 25000000 29999999 0.958093
hs2 30000000 34999999 0.39072
hs2 35000000 39999999 0.192735
hs2 40000000 44999999 0.763413
hs2 45000000 49999999 0.612312
hs2 50000000 54999999 0.17433
hs2 55000000 59999999 0.261351
hs2 60000000 64999999 0.836076
hs2 65000000 69999999 0.793876
hs2 70000000 74999999 0.023361
hs2 75000000 79999999 0.0894431
hs2 80000000 84999999 0.258713
hs2 85000000 89999999 0.134668
hs2 90000000 94999999 0.367455
hs2 95000000 99999999 0.729319
hs2 100000000 104999999 0.326426
hs2 105000000 109999999 0.689686
hs2 110000000 114999999 0.579703
hs2 115000000 119999999 0.339227
hs2 120000000 124999999 0.829968
hs2 125000000 129999999 0.608458
hs2 130000000 134999999 0.0457681
hs2 135000000 139999999 0.5933
hs2 140000000 144999999 0.107424
hs2 145000000 149999999 0.464999
hs2 150000000 154999999 0.650535
hs2 155000000 159999999 0.00537537
hs2 160000000 164999999 0.363198
hs2 165000000 169999999 0.139865
hs2 170000000 174999999 0.182562
hs2 175000000 179999999 0.149373
hs2 180000000 184999999 0.0518887
hs2 185000000 189999999 0.33716
hs2 190000000 194999999 0.861436
hs2 195000000 199999999 0.895145
hs2 200000000 204999999 0.026021
hs2 205000000 209999999 0.0343402
hs2 210000000 214999999 0.32403
hs2 215000000 219999999 0.942333
hs2 220000000 224999999 0.988864
hs2 225000000 229999999 0.890665
hs2 230000000 234999999 0.598159
hs2 235000000 239999999 0.261632
hs2 240000000 244999999 0.482275
hs20 0 4999999 0.48524
hs20 5000000 9999999 0.208346
hs20 10000000 14999999 0.877826
hs20 15000000 19999999 0.796555
hs20 20000000 24999999 0.086385
hs20 25000000 29999999 0.941306
hs20 30000000 34999999 0.278545
hs20 35000000 39999999 0.276776
hs20 40000000 44999999 0.525988
hs20 45000000 49999999 0.772958
hs20 50000000 54999999 0.94269
hs20 55000000 59999999 0.218824
hs20 60000000 64999999 0.0493246
hs21 5000000 9999999 0.132206
hs21 10000000 14999999 0.681413
hs21 15000000 19999999 0.799272
hs21 20000000 24999999 0.716986
hs21 25000000 29999999 0.0135221
hs21 30000000 34999999 0.482681
hs21 35000000 39999999 0.440774
hs21 40000000 44999999 0.831493
hs21 45000000 49999999 0.0242289
hs22 15000000 19999999 0.787642
hs22 20000000 24999999 0.399954
hs22 25000000 29999999 0.574285
hs22 30000000 34999999 0.835636
hs22 35000000 39999999 0.671712
hs22 40000000 44999999 0.465588
hs22 45000000 49999999 0.488949
hs3 0 4999999 0.578392
hs3 5000000 9999999 0.837105
hs3 10000000 14999999 0.971773
hs3 15000000 19999999 0.339228
hs3 20000000 24999999 0.0685465
hs3 25000000 29999999 0.394972
hs3 30000000 34999999 0.084658
hs3 35000000 39999999 0.664361
hs3 40000000 44999999 0.00358756
hs3 45000000 49999999 0.833555
hs3 50000000 54999999 0.442013
hs3 55000000 59999999 0.487782
hs3 60000000 64999999 0.0810812
hs3 65000000 69999999 0.188505
hs3 70000000 74999999 0.653504
hs3 75000000 79999999 0.304039
hs3 80000000 84999999 0.309414
hs3 85000000 89999999 0.672612
hs3 90000000 94999999 0.812477
hs3 95000000 99999999 0.99504
hs3 100000000 104999999 0.144412
hs3 105000000 109999999 0.196301
hs3 110000000 114999999 0.533461
hs3 115000000 119999999 0.394897
hs3 120000000 124999999 0.290042
hs3 125000000 129999999 0.316063
hs3 130000000 134999999 0.350403
hs3 135000000 139999999 0.674433
hs3 140000000 144999999 0.616766
hs3 145000000 149999999 0.605631
hs3 150000000 154999999 0.496295
hs3 155000000 159999999 0.0944546
hs3 160000000 164999999 0.356087
hs3 165000000 169999999 0.838362
hs3 170000000 174999999 0.323602
hs3 175000000 179999999 0.531948
hs3 180000000 184999999 0.409774
hs3 185000000 189999999 0.206329
hs3 190000000 194999999 0.292714
hs3 195000000 199999999 0.234019
hs4 0 4999999 0.512564
hs4 5000000 9999999 0.789341
hs4 10000000 14999999 0.315329
hs4 15000000 19999999 0.0882873
hs4 20000000 24999999 0.030977
hs4 25000000 29999999 0.2498
hs4 30000000 34999999 0.299125
hs4 35000000 39999999 0.431332
hs4 40000000 44999999 0.112745
hs4 45000000 49999999 0.912017
hs4 50000000 54999999 0.629003
hs4 55000000 59999999 0.642525
hs4 60000000 64999999 0.125206
hs4 65000000 69999999 0.56598
hs4 70000000 74999999 0.397473
hs4 75000000 79999999 0.421702
hs4 80000000 84999999 0.209345
hs4 85000000 89999999 0.609299
hs4 90000000 94999999 0.183584
hs4 95000000 99999999 0.0192191
hs4 100000000 104999999 0.690931
hs4 105000000 109999999 0.156519
hs4 110000000 114999999 0.645467
hs4 115000000 119999999 0.223859
hs4 120000000 124999999 0.0609642
hs4 125000000 129999999 0.0327374
hs4 130000000 134999999 0.371965
hs4 135000000 139999999 0.440512
hs4 140000000 144999999 0.835484
hs4 145000000 149999999 0.920142
hs4 150000000 154999999 0.584503
hs4 155000000 159999999 0.58809
hs4 160000000 164999999 0.421645
hs4 165000000 169999999 0.863659
hs4 170000000 174999999 0.35144
hs4 175000000 179999999 0.432522
hs4 180000000 184999999 0.621027
hs4 185000000 189999999 0.274531
hs4 190000000 194999999 0.578569
hs5 0 4999999 0.887983
hs5 5000000 9999999 0.560595
hs5 10000000 14999999 0.373072
hs5 15000000 19999999 0.368112
hs5 20000000 24999999 0.512524
hs5 25000000 29999999 0.708825
hs5 30000000 34999999 0.242286
hs5 35000000 39999999 0.637183
hs5 40000000 44999999 0.927225
hs5 45000000 49999999 0.243288
hs5 50000000 54999999 0.593691
hs5 55000000 59999999 0.268124
hs5 60000000 64999999 0.88489
hs5 65000000 69999999 0.490521
hs5 70000000 74999999 0.986816
hs5 75000000 79999999 0.081271
hs5 80000000 84999999 0.437358
hs5 85000000 89999999 0.275719
hs5 90000000 94999999 0.599321
hs5 95000000 99999999 0.131269
hs5 100000000 104999999 0.541042
hs5 105000000 109999999 0.747371
hs5 110000000 114999999 0.040085
hs5 115000000 119999999 0.274104
hs5 120000000 124999999 0.786669
hs5 125000000 129999999 0.576009
hs5 130000000 134999999 0.891338
hs5 135000000 139999999 0.979626
hs5 140000000 144999999 0.0106025
hs5 145000000 149999999 0.260403
hs5 150000000 154999999 0.559528
hs5 155000000 159999999 0.990859
hs5 160000000 164999999 0.103604
hs5 165000000 169999999 0.0156212
hs5 170000000 174999999 0.644624
hs5 175000000 179999999 0.287149
hs5 180000000 184999999 0.412355
hs6 0 4999999 0.978335
hs6 5000000 9999999 0.375808
hs6 10000000 14999999 0.79751
hs6 15000000 19999999 0.00685481
hs6 20000000 24999999 0.616154
hs6 25000000 29999999 0.799737
hs6 30000000 34999999 0.818957
hs6 35000000 39999999 0.509887
hs6 40000000 44999999 0.666406
hs6 45000000 49999999 0.311873
hs6 50000000 54999999 0.535733
hs6 55000000 59999999 0.596697
hs6 60000000 64999999 0.629434
hs6 65000000 69999999 0.00139932
hs6 70000000 74999999 0.441911
hs6 75000000 79999999 0.277395
hs6 80000000 84999999 0.197537
hs6 85000000 89999999 0.78204
hs6 90000000 94999999 0.37013
hs6 95000000 99999999 0.791776
hs6 100000000 104999999 0.655434
hs6 105000000 109999999 0.00687493
hs6 110000000 114999999 0.439397
hs6 115000000 119999999 0.0604232
hs6 120000000 124999999 0.334954
hs6 125000000 129999999 0.913523
hs6 130000000 134999999 0.801506
hs6 135000000 139999999 0.362101
hs6 140000000 144999999 0.735173
hs6 145000000 149999999 0.103286
hs6 150000000 154999999 0.61581
hs6 155000000 159999999 0.324635
hs6 160000000 164999999 0.566921
hs6 165000000 169999999 0.204104
hs6 170000000 174999999 0.131329
hs7 0 4999999 0.374617
hs7 5000000 9999999 0.968308
hs7 10000000 14999999 0.236432
hs7 15000000 19999999 0.121322
hs7 20000000 24999999 0.611843
hs7 25000000 29999999 0.598659
hs7 30000000 34999999 0.67993
hs7 35000000 39999999 0.117288
hs7 40000000 44999999 0.393007
hs7 45000000 49999999 0.992328
hs7 50000000 54999999 0.123597
hs7 55000000 59999999 0.664639
hs7 60000000 64999999 0.41201
hs7 65000000 69999999 0.452095
hs7 70000000 74999999 0.7262
hs7 75000000 79999999 0.512868
hs7 80000000 84999999 0.0888775
hs7 85000000 89999999 0.980216
hs7 90000000 94999999 0.959841
hs7 95000000 99999999 0.970444
hs7 100000000 104999999 0.230847
hs7 105000000 109999999 0.790375
hs7 110000000 114999999 0.781234
hs7 115000000 119999999 0.884838
hs7 120000000 124999999 0.90046
hs7 125000000 129999999 0.545084
hs7 130000000 134999999 0.832233
hs7 135000000 139999999 0.244587
hs7 140000000 144999999 0.222922
hs7 145000000 149999999 0.59873
hs7 150000000 154999999 0.396241
hs7 155000000 159999999 0.403095
hs8 0 4999999 0.0192493
hs8 5000000 9999999 0.818987
hs8 10000000 14999999 0.637943
hs8 15000000 19999999 0.147831
hs8 20000000 24999999 0.814237
hs8 25000000 29999999 0.12611
hs8 30000000 34999999 0.661843
hs8 35000000 39999999 0.258539
hs8 40000000 44999999 0.887974
hs8 45000000 49999999 0.889373
hs8 50000000 54999999 0.331284
hs8 55000000 59999999 0.608679
hs8 60000000 64999999 0.806216
hs8 65000000 69999999 0.588256
hs8 70000000 74999999 0.958386
hs8 75000000 79999999 0.750161
hs8 80000000 84999999 0.405596
hs8 85000000 89999999 0.412471
hs8 90000000 94999999 0.851867
hs8 95000000 99999999 0.91229
hs8 100000000 104999999 0.247244
hs8 105000000 109999999 0.160767
hs8 110000000 114999999 0.962273
hs8 115000000 119999999 0.324374
hs8 120000000 124999999 0.0595478
hs8 125000000 129999999 0.162833
hs8 130000000 134999999 0.778643
hs8 135000000 139999999 0.103279
hs8 140000000 144999999 0.6702
hs8 145000000 149999999 0.874304
hs9 0 4999999 0.00563307
hs9 5000000 9999999 0.38025
hs9 10000000 14999999 0.348557
hs9 15000000 19999999 0.584989
hs9 20000000 24999999 0.706311
hs9 25000000 29999999 0.318154
hs9 30000000 34999999 0.916813
hs9 35000000 39999999 0.596744
hs9 40000000 44999999 0.714031
hs9 45000000 49999999 0.107038
hs9 65000000 69999999 0.0993664
hs9 70000000 74999999 0.222963
hs9 75000000 79999999 0.887602
hs9 80000000 84999999 0.299613
hs9 85000000 89999999 0.751708
hs9 90000000 94999999 0.477908
hs9 95000000 99999999 0.990776
hs9 100000000 104999999 0.0796532
hs9 105000000 109999999 0.0598689
hs9 110000000 114999999 0.0197102
hs9 115000000 119999999 0.990154
hs9 120000000 124999999 0.221001
hs9 125000000 129999999 0.0113752
hs9 130000000 134999999 0.792609
hs9 135000000 139999999 0.677448
hs9 140000000 144999999 0.577907
hsX 5000000 9999999 0.122991
hsX 10000000 14999999 0.955223
hsX 15000000 19999999 0.199811
hsX 20000000 24999999 0.422733
hsX 25000000 29999999 0.0214635
hsX 30000000 34999999 0.417704
hsX 35000000 39999999 0.8208
hsX 40000000 44999999 0.840049
hsX 45000000 49999999 0.659035
hsX 50000000 54999999 0.296979
hsX 55000000 59999999 0.444809
hsX 60000000 64999999 0.259046
hsX 65000000 69999999 0.385156
hsX 70000000 74999999 0.0469984
hsX 75000000 79999999 0.305538
hsX 80000000 84999999 0.193511
hsX 85000000 89999999 0.0828842
hsX 90000000 94999999 0.414168
hsX 95000000 99999999 0.0228469
hsX 100000000 104999999 0.829063
hsX 105000000 109999999 0.417318
hsX 110000000 114999999 0.375704
hsX 115000000 119999999 0.125865
hsX 120000000 124999999 0.531461
hsX 125000000 129999999 0.943932
hsX 130000000 134999999 0.795799
hsX 135000000 139999999 0.708089
hsX 140000000 144999999 0.955333
hsX 145000000 149999999 0.116101
hsX 150000000 154999999 0.0783738
hsY 0 4999999 0.402748
hsY 5000000 9999999 0.462296
hsY 10000000 14999999 0.625129
hsY 15000000 19999999 0.403773
hsY 20000000 24999999 0.507051
hsY 25000000 29999999 0.177251
hsY 55000000 59999999 0.0515549
