hs1 0 4999999 0.936198
hs1 5000000 9999999 0.626989
hs1 10000000 14999999 0.481787
hs1 15000000 19999999 0.836017
hs1 20000000 24999999 0.316199
hs1 25000000 29999999 0.994868
hs1 30000000 34999999 0.729736
hs1 35000000 39999999 0.291657
hs1 40000000 44999999 0.652625
hs1 45000000 49999999 0.198642
hs1 50000000 54999999 0.789747
hs1 55000000 59999999 0.0922209
hs1 60000000 64999999 0.302069
hs1 65000000 69999999 0.49863
hs1 70000000 74999999 0.111896
hs1 75000000 79999999 0.123192
hs1 80000000 84999999 0.805542
hs1 85000000 89999999 0.445584
hs1 90000000 94999999 0.441776
hs1 95000000 99999999 0.371851
hs1 100000000 104999999 0.0343847
hs1 105000000 109999999 0.413867
hs1 110000000 114999999 0.689634
hs1 115000000 119999999 0.67873
hs1 120000000 124999999 0.543899
hs1 140000000 144999999 0.757809
hs1 145000000 149999999 0.747671
hs1 150000000 154999999 0.17622
hs1 155000000 159999999 0.576574
hs1 160000000 164999999 0.511329
hs1 165000000 169999999 0.244419
hs1 170000000 174999999 0.0674189
hs1 175000000 179999999 0.114244
hs1 180000000 184999999 0.143923
hs1 185000000 189999999 0.249305
hs1 190000000 194999999 0.0742744
hs1 195000000 199999999 0.561924
hs1 200000000 204999999 0.467617
hs1 205000000 209999999 0.911188
hs1 210000000 214999999 0.596177
hs1 215000000 219999999 0.919652
hs1 220000000 224999999 0.421181
hs1 225000000 229999999 0.66372
hs1 230000000 234999999 0.642328
hs1 235000000 239999999 0.507087
hs1 240000000 244999999 0.353171
hs1 245000000 249999999 0.900425
hs10 0 4999999 0.264914
hs10 5000000 9999999 0.079417
hs10 10000000 14999999 0.432234
hs10 15000000 19999999 0.962834
hs10 20000000 24999999 0.858724
hs10 25000000 29999999 0.553078
hs10 30000000 34999999 0.813448
hs10 35000000 39999999 0.120507
hs10 40000000 44999999 0.499641
hs10 45000000 49999999 0.160114
hs10 50000000 54999999 0.69041
hs10 55000000 59999999 0.693491
hs10 60000000 64999999 0.432391
hs10 65000000 69999999 0.601335
hs10 70000000 74999999 0.245708
hs10 75000000 79999999 0.942026
hs10 80000000 84999999 0.878224
hs10 85000000 89999999 0.505213
hs10 90000000 94999999 0.987
hs10 95000000 99999999 0.823017
hs10 100000000 104999999 0.139216
hs10 105000000 109999999 0.134084
hs10 110000000 114999999 0.86382
hs10 115000000 119999999 0.155477
hs10 120000000 124999999 0.808102
hs10 125000000 129999999 0.00674368
hs10 130000000 134999999 0.796491
hs10 135000000 139999999 0.888712
hs11 0 4999999 0.19078
hs11 5000000 9999999 0.68941
hs11 10000000 14999999 0.801306
hs11 15000000 19999999 0.924498
hs11 20000000 24999999 0.730041
hs11 25000000 29999999 0.175625
hs11 30000000 34999999 0.617401
hs11 35000000 39999999 0.989253
hs11 40000000 44999999 0.0236372
hs11 45000000 49999999 0.437504
hs11 50000000 54999999 0.127138
hs11 55000000 59999999 0.805868
hs11 60000000 64999999 0.349767
hs11 65000000 69999999 0.107576
hs11 70000000 74999999 0.855247
hs11 75000000 79999999 0.0314664
hs11 80000000 84999999 0.60804
hs11 85000000 89999999 0.119369
hs11 90000000 94999999 0.363789
hs11 95000000 99999999 0.431208
hs11 100000000 104999999 0.545452
hs11 105000000 109999999 0.689375
hs11 110000000 114999999 0.93868
hs11 115000000 119999999 0.0129541
hs11 120000000 124999999 0.574878
hs11 125000000 129999999 0.0424949
hs11 130000000 134999999 0.953683
hs12 0 4999999 0.54986
hs12 5000000 9999999 0.469512
hs12 10000000 14999999 0.890692
hs12 15000000 19999999 0.554413
hs12 20000000 24999999 0.196741
hs12 25000000 29999999 0.703828
hs12 30000000 34999999 0.0569981
hs12 35000000 39999999 0.957423
hs12 40000000 44999999 0.222337
hs12 45000000 49999999 0.301754
hs12 50000000 54999999 0.733988
hs12 55000000 59999999 0.696822
hs12 60000000 64999999 0.555546
hs12 65000000 69999999 0.108624
hs12 70000000 74999999 0.922073
hs12 75000000 79999999 0.042579
hs12 80000000 84999999 0.54222
hs12 85000000 89999999 0.702334
hs12 90000000 94999999 0.392744
hs12 95000000 99999999 0.0862351
hs12 100000000 104999999 0.518627
hs12 105000000 109999999 0.119962
hs12 110000000 114999999 0.36567
hs12 115000000 119999999 0.307696
hs12 120000000 124999999 0.185919
hs12 125000000 129999999 0.691132
hs12 130000000 134999999 0.678132
hs13 15000000 19999999 0.501149
hs13 20000000 24999999 0.640365
hs13 25000000 29999999 0.774449
hs13 30000000 34999999 0.63827
hs13 35000000 39999999 0.793747
hs13 40000000 44999999 0.601849
hs13 45000000 49999999 0.608593
hs13 50000000 54999999 0.405083
hs13 55000000 59999999 0.293795
hs13 60000000 64999999 0.484575
hs13 65000000 69999999 0.173985
hs13 70000000 74999999 0.975291
hs13 75000000 79999999 0.89979
hs13 80000000 84999999 0.629831
hs13 85000000 89999999 0.805456
hs13 90000000 94999999 0.422857
hs13 95000000 99999999 0.41211
hs13 100000000 104999999 0.435747
hs13 105000000 109999999 0.873251
hs13 110000000 114999999 0.000389047
hs14 15000000 19999999 0.806257
hs14 20000000 24999999 0.156023
hs14 25000000 29999999 0.263599
hs14 30000000 34999999 0.118846
hs14 35000000 39999999 0.150312
hs14 40000000 44999999 0.758352
hs14 45000000 49999999 0.877722
hs14 50000000 54999999 0.241511
hs14 55000000 59999999 0.672718
hs14 60000000 64999999 0.21817
hs14 65000000 69999999 0.907545
hs14 70000000 74999999 0.846225
hs14 75000000 79999999 0.859179
hs14 80000000 84999999 0.434057
hs14 85000000 89999999 0.476551
hs14 90000000 94999999 0.430234
hs14 95000000 99999999 0.980094
hs14 100000000 104999999 0.449606
hs14 105000000 109999999 0.340298
hs15 15000000 19999999 0.894711
hs15 20000000 24999999 0.0914522
hs15 25000000 29999999 0.79528
hs15 30000000 34999999 0.852278
hs15 35000000 39999999 0.809701
hs15 40000000 44999999 0.0320382
hs15 45000000 49999999 0.333792
hs15 50000000 54999999 0.0677804
hs15 55000000 59999999 0.764603
hs15 60000000 64999999 0.320149
hs15 65000000 69999999 0.428773
hs15 70000000 74999999 0.350845
hs15 75000000 79999999 0.393425
hs15 80000000 84999999 0.935645
hs15 85000000 89999999 0.637979
hs15 90000000 94999999 0.0307228
hs15 95000000 99999999 0.116958
hs15 100000000 104999999 0.635584
hs16 0 4999999 0.755546
hs16 5000000 9999999 0.121216
hs16 10000000 14999999 0.428912
hs16 15000000 19999999 0.614831
hs16 20000000 24999999 0.305963
hs16 25000000 29999999 0.984096
hs16 30000000 34999999 0.485245
hs16 45000000 49999999 0.12561
hs16 50000000 54999999 0.90006
hs16 55000000 59999999 0.538329
hs16 60000000 64999999 0.332076
hs16 65000000 69999999 0.933925
hs16 70000000 74999999 0.542517
hs16 75000000 79999999 0.947601
hs16 80000000 84999999 0.241395
hs16 85000000 89999999 0.725971
hs17 0 4999999 0.899956
hs17 5000000 9999999 0.875247
hs17 10000000 14999999 0.775037
hs17 15000000 19999999 0.404868
hs17 20000000 24999999 0.210324
hs17 25000000 29999999 0.633182
hs17 30000000 34999999 0.0452913
hs17 35000000 39999999 0.481038
hs17 40000000 44999999 0.354289
hs17 45000000 49999999 0.354678
hs17 50000000 54999999 0.160935
hs17 55000000 59999999 0.316958
hs17 60000000 64999999 0.580557
hs17 65000000 69999999 0.699403
hs17 70000000 74999999 0.849716
hs17 75000000 79999999 0.608068
hs18 0 4999999 0.48579
hs18 5000000 9999999 0.727301
hs18 10000000 14999999 0.400019
hs18 15000000 19999999 0.618189
hs18 20000000 24999999 0.525734
hs18 25000000 29999999 0.371959
hs18 30000000 34999999 0.231137
hs18 35000000 39999999 0.665194
hs18 40000000 44999999 0.141745
hs18 45000000 49999999 0.571979
hs18 50000000 54999999 0.552074
hs18 55000000 59999999 0.00167985
hs18 60000000 64999999 0.341978
hs18 65000000 69999999 0.23669
hs18 70000000 74999999 0.328142
hs18 75000000 79999999 0.123421
hs19 0 4999999 0.975699
hs19 5000000 9999999 0.7854
hs19 10000000 14999999 0.817438
hs19 15000000 19999999 0.151231
hs19 20000000 24999999 0.219011
hs19 30000000 34999999 0.983614
hs19 35000000 39999999 0.303762
hs19 40000000 44999999 0.732535
hs19 45000000 49999999 0.0833809
hs19 50000000 54999999 0.476805
hs19 55000000 59999999 0.41245
hs19 60000000 64999999 0.0504288
hs2 0 4999999 0.0811517
hs2 5000000 9999999 0.19811
hs2 10000000 14999999 0.833694
hs2 15000000 19999999 0.58924
hs2 20000000 24999999 0.710457
hs2 25000000 29999999 0.139369
hs2 30000000 34999999 0.7542
hs2 35000000 39999999 0.0601632
hs2 40000000 44999999 0.0442589
hs2 45000000 49999999 0.529504
hs2 50000000 54999999 0.655114
hs2 55000000 59999999 0.555174
hs2 60000000 64999999 0.0935036
hs2 65000000 69999999 0.42558
hs2 70000000 74999999 0.359505
hs2 75000000 79999999 0.902022
hs2 80000000 84999999 0.849623
hs2 85000000 89999999 0.091018
hs2 90000000 94999999 0.816989
hs2 95000000 99999999 0.716945
hs2 100000000 104999999 0.592192
hs2 105000000 109999999 0.367229
hs2 110000000 114999999 0.772097
hs2 115000000 119999999 0.982422
hs2 120000000 124999999 0.615603
hs2 125000000 129999999 0.660895
hs2 130000000 134999999 0.141933
hs2 135000000 139999999 0.496222
hs2 140000000 144999999 0.850901
hs2 145000000 149999999 0.0118358
hs2 150000000 154999999 0.328794
hs2 155000000 159999999 0.909351
hs2 160000000 164999999 0.608755
hs2 165000000 169999999 0.458471
hs2 170000000 174999999 0.0665391
hs2 175000000 179999999 0.552329
hs2 180000000 184999999 0.27963
hs2 185000000 189999999 0.679649
hs2 190000000 194999999 0.297838
hs2 195000000 199999999 0.823572
hs2 200000000 204999999 0.195531
hs2 205000000 209999999 0.426668
hs2 210000000 214999999 0.0918618
hs2 215000000 219999999 0.233607
hs2 220000000 224999999 0.805587
hs2 225000000 229999999 0.35766
hs2 230000000 234999999 0.35934
hs2 235000000 239999999 0.701319
hs2 240000000 244999999 0.938008
hs20 0 4999999 0.26615
hs20 5000000 9999999 0.389571
hs20 10000000 14999999 0.365271
hs20 15000000 19999999 0.150671
hs20 20000000 24999999 0.968109
hs20 25000000 29999999 0.11934
hs20 30000000 34999999 0.338351
hs20 35000000 39999999 0.321965
hs20 40000000 44999999 0.625727
hs20 45000000 49999999 0.358263
hs20 50000000 54999999 0.441644
hs20 55000000 59999999 0.918449
hs20 60000000 64999999 0.330899
hs21 5000000 9999999 0.381328
hs21 10000000 14999999 0.46248
hs21 15000000 19999999 0.660589
hs21 20000000 24999999 0.494283
hs21 25000000 29999999 0.0835238
hs21 30000000 34999999 0.79398
hs21 35000000 39999999 0.933349
hs21 40000000 44999999 0.687549
hs21 45000000 49999999 0.747712
hs22 15000000 19999999 0.791971
hs22 20000000 24999999 0.321475
hs22 25000000 29999999 0.976589
hs22 30000000 34999999 0.531764
hs22 35000000 39999999 0.625267
hs22 40000000 44999999 0.0508468
hs22 45000000 49999999 0.410351
hs3 0 4999999 0.312373
hs3 5000000 9999999 0.161996
hs3 10000000 14999999 0.253014
hs3 15000000 19999999 0.0700024
hs3 20000000 24999999 0.786947
hs3 25000000 29999999 0.379139
hs3 30000000 34999999 0.746369
hs3 35000000 39999999 0.518466
hs3 40000000 44999999 0.500888
hs3 45000000 49999999 0.116491
hs3 50000000 54999999 0.777386
hs3 55000000 59999999 0.919318
hs3 60000000 64999999 0.415541
hs3 65000000 69999999 0.266441
hs3 70000000 74999999 0.278277
hs3 75000000 79999999 0.607071
hs3 80000000 84999999 0.516423
hs3 85000000 89999999 0.125177
hs3 90000000 94999999 0.583648
hs3 95000000 99999999 0.650187
hs3 100000000 104999999 0.202517
hs3 105000000 109999999 0.482147
hs3 110000000 114999999 0.161796
hs3 115000000 119999999 0.459634
hs3 120000000 124999999 0.283205
hs3 125000000 129999999 0.478736
hs3 130000000 134999999 0.905404
hs3 135000000 139999999 0.997266
hs3 140000000 144999999 0.230873
hs3 145000000 149999999 0.0364594
hs3 150000000 154999999 0.39412
hs3 155000000 159999999 0.75346
hs3 160000000 164999999 0.454778
hs3 165000000 169999999 0.392787
hs3 170000000 174999999 0.658936
hs3 175000000 179999999 0.0485076
hs3 180000000 184999999 0.413778
hs3 185000000 189999999 0.564449
hs3 190000000 194999999 0.532558
hs3 195000000 199999999 0.651898
hs4 0 4999999 0.990249
hs4 5000000 9999999 0.312214
hs4 10000000 14999999 0.937942
hs4 15000000 19999999 0.296205
hs4 20000000 24999999 0.737848
hs4 25000000 29999999 0.656298
hs4 30000000 34999999 0.987197
hs4 35000000 39999999 0.368525
hs4 40000000 44999999 0.831004
hs4 45000000 49999999 0.491594
hs4 50000000 54999999 0.985877
hs4 55000000 59999999 0.0694009
hs4 60000000 64999999 0.863381
hs4 65000000 69999999 0.79673
hs4 70000000 74999999 0.484279
hs4 75000000 79999999 0.231991
hs4 80000000 84999999 0.0239623
hs4 85000000 89999999 0.345437
hs4 90000000 94999999 0.322027
hs4 95000000 99999999 0.85379
hs4 100000000 104999999 0.479057
hs4 105000000 109999999 0.529904
hs4 110000000 114999999 0.940255
hs4 115000000 119999999 0.252629
hs4 120000000 124999999 0.414624
hs4 125000000 129999999 0.667638
hs4 130000000 134999999 0.737641
hs4 135000000 139999999 0.524588
hs4 140000000 144999999 0.903727
hs4 145000000 149999999 0.650095
hs4 150000000 154999999 0.168561
hs4 155000000 159999999 0.669449
hs4 160000000 164999999 0.78594
hs4 165000000 169999999 0.563326
hs4 170000000 174999999 0.482644
hs4 175000000 179999999 0.898185
hs4 180000000 184999999 0.164626
hs4 185000000 189999999 0.442904
hs4 190000000 194999999 0.0499746
hs5 0 4999999 0.566397
hs5 5000000 9999999 0.691574
hs5 10000000 14999999 0.275223
hs5 15000000 19999999 0.92541
hs5 20000000 24999999 0.127926
hs5 25000000 29999999 0.610073
hs5 30000000 34999999 0.771869
hs5 35000000 39999999 0.231502
hs5 40000000 44999999 0.514707
hs5 45000000 49999999 0.993444
hs5 50000000 54999999 0.898848
hs5 55000000 59999999 0.896113
hs5 60000000 64999999 0.126986
hs5 65000000 69999999 0.163446
hs5 70000000 74999999 0.557565
hs5 75000000 79999999 0.311025
hs5 80000000 84999999 0.765804
hs5 85000000 89999999 0.15859
hs5 90000000 94999999 0.817526
hs5 95000000 99999999 0.866034
hs5 100000000 104999999 0.279812
hs5 105000000 109999999 0.844261
hs5 110000000 114999999 0.376819
hs5 115000000 119999999 0.0287173
hs5 120000000 124999999 0.0189666
hs5 125000000 129999999 0.331181
hs5 130000000 134999999 0.269123
hs5 135000000 139999999 0.565327
hs5 140000000 144999999 0.303176
hs5 145000000 149999999 0.959473
hs5 150000000 154999999 0.94667
hs5 155000000 159999999 0.315195
hs5 160000000 164999999 0.146199
hs5 165000000 169999999 0.637793
hs5 170000000 174999999 0.62367
hs5 175000000 179999999 0.693071
hs5 180000000 184999999 0.556452
hs6 0 4999999 0.353183
hs6 5000000 9999999 0.837462
hs6 10000000 14999999 0.0694533
hs6 15000000 19999999 0.0934156
hs6 20000000 24999999 0.438853
hs6 25000000 29999999 0.760879
hs6 30000000 34999999 0.614669
hs6 35000000 39999999 0.0937266
hs6 40000000 44999999 0.623631
hs6 45000000 49999999 0.563886
hs6 50000000 54999999 0.816515
hs6 55000000 59999999 0.231139
hs6 60000000 64999999 0.898777
hs6 65000000 69999999 0.636418
hs6 70000000 74999999 0.161005
hs6 75000000 79999999 0.0647321
hs6 80000000 84999999 0.714827
hs6 85000000 89999999 0.883389
hs6 90000000 94999999 0.552838
hs6 95000000 99999999 0.338778
hs6 100000000 104999999 0.902104
hs6 105000000 109999999 0.384748
hs6 110000000 114999999 0.282933
hs6 115000000 119999999 0.44756
hs6 120000000 124999999 0.890463
hs6 125000000 129999999 0.940438
hs6 130000000 134999999 0.506835
hs6 135000000 139999999 0.198409
hs6 140000000 144999999 0.473632
hs6 145000000 149999999 0.399042
hs6 150000000 154999999 0.526968
hs6 155000000 159999999 0.137041
hs6 160000000 164999999 0.90891
hs6 165000000 169999999 0.140412
hs6 170000000 174999999 0.655119
hs7 0 4999999 0.648563
hs7 5000000 9999999 0.54741
hs7 10000000 14999999 0.443523
hs7 15000000 19999999 0.57051
hs7 20000000 24999999 0.733955
hs7 25000000 29999999 0.29152
hs7 30000000 34999999 0.602545
hs7 35000000 39999999 0.368349
hs7 40000000 44999999 0.526939
hs7 45000000 49999999 0.344466
hs7 50000000 54999999 0.2105
hs7 55000000 59999999 0.490312
hs7 60000000 64999999 0.334573
hs7 65000000 69999999 0.711392
hs7 70000000 74999999 0.740109
hs7 75000000 79999999 0.759076
hs7 80000000 84999999 0.0902565
hs7 85000000 89999999 0.359379
hs7 90000000 94999999 0.924706
hs7 95000000 99999999 0.227882
hs7 100000000 104999999 0.187355
hs7 105000000 109999999 0.134025
hs7 110000000 114999999 0.449219
hs7 115000000 119999999 0.595419
hs7 120000000 124999999 0.233211
hs7 125000000 129999999 0.856881
hs7 130000000 134999999 0.549952
hs7 135000000 139999999 0.106404
hs7 140000000 144999999 0.459587
hs7 145000000 149999999 0.297049
hs7 150000000 154999999 0.366502
hs7 155000000 159999999 0.459918
hs8 0 4999999 0.89877
hs8 5000000 9999999 0.65965
hs8 10000000 14999999 0.274319
hs8 15000000 19999999 0.368046
hs8 20000000 24999999 0.991676
hs8 25000000 29999999 0.555562
hs8 30000000 34999999 0.372077
hs8 35000000 39999999 0.603216
hs8 40000000 44999999 0.501993
hs8 45000000 49999999 0.138411
hs8 50000000 54999999 0.299416
hs8 55000000 59999999 0.364148
hs8 60000000 64999999 0.0789753
hs8 65000000 69999999 0.962364
hs8 70000000 74999999 0.515202
hs8 75000000 79999999 0.85398
hs8 80000000 84999999 0.756084
hs8 85000000 89999999 0.140833
hs8 90000000 94999999 0.423766
hs8 95000000 99999999 0.871326
hs8 100000000 104999999 0.761789
hs8 105000000 109999999 0.702226
hs8 110000000 114999999 0.209061
hs8 115000000 119999999 0.407471
hs8 120000000 124999999 0.881103
hs8 125000000 129999999 0.280145
hs8 130000000 134999999 0.807113
hs8 135000000 139999999 0.944154
hs8 140000000 144999999 0.853063
hs8 145000000 149999999 0.993475
hs9 0 4999999 0.648594
hs9 5000000 9999999 0.297157
hs9 10000000 14999999 0.844567
hs9 15000000 19999999 0.28809
hs9 20000000 24999999 0.8586
hs9 25000000 29999999 0.592555
hs9 30000000 34999999 0.884075
hs9 35000000 39999999 0.486621
hs9 40000000 44999999 0.85497
hs9 45000000 49999999 0.381909
hs9 65000000 69999999 0.726374
hs9 70000000 74999999 0.936874
hs9 75000000 79999999 0.427186
hs9 80000000 84999999 0.761758
hs9 85000000 89999999 0.47315
hs9 90000000 94999999 0.213259
hs9 95000000 99999999 0.972335
hs9 100000000 104999999 0.0625915
hs9 105000000 109999999 0.421971
hs9 110000000 114999999 0.346677
hs9 115000000 119999999 0.574559
hs9 120000000 124999999 0.761914
hs9 125000000 129999999 0.895939
hs9 130000000 134999999 0.345158
hs9 135000000 139999999 0.940577
hs9 140000000 144999999 0.173788
hsX 5000000 9999999 0.0306693
hsX 10000000 14999999 0.580621
hsX 15000000 19999999 0.687026
hsX 20000000 24999999 0.146613
hsX 25000000 29999999 0.443662
hsX 30000000 34999999 0.810164
hsX 35000000 39999999 0.270082
hsX 40000000 44999999 0.168852
hsX 45000000 49999999 0.828502
hsX 50000000 54999999 0.102821
hsX 55000000 59999999 0.470867
hsX 60000000 64999999 0.462543
hsX 65000000 69999999 0.018105
hsX 70000000 74999999 0.390182
hsX 75000000 79999999 0.993397
hsX 80000000 84999999 0.49539
hsX 85000000 89999999 0.633801
hsX 90000000 94999999 0.933217
hsX 95000000 99999999 0.297365
hsX 100000000 104999999 0.37634
hsX 105000000 109999999 0.338704
hsX 110000000 114999999 0.853906
hsX 115000000 119999999 0.707886
hsX 120000000 124999999 0.463971
hsX 125000000 129999999 0.604804
hsX 130000000 134999999 0.0285697
hsX 135000000 139999999 0.899895
hsX 140000000 144999999 0.661684
hsX 145000000 149999999 0.363911
hsX 150000000 154999999 0.572972
hsY 0 4999999 0.980443
hsY 5000000 9999999 0.861545
hsY 10000000 14999999 0.14169
hsY 15000000 19999999 0.948803
hsY 20000000 24999999 0.892956
hsY 25000000 29999999 0.74602
hsY 55000000 59999999 0.739495
