hs1 0 4999999 0.74055
hs1 5000000 9999999 0.57733
hs1 10000000 14999999 0.342241
hs1 15000000 19999999 0.0908712
hs1 20000000 24999999 0.152012
hs1 25000000 29999999 0.685191
hs1 30000000 34999999 0.961817
hs1 35000000 39999999 0.440341
hs1 40000000 44999999 0.096885
hs1 45000000 49999999 0.0708614
hs1 50000000 54999999 0.410818
hs1 55000000 59999999 0.501787
hs1 60000000 64999999 0.653318
hs1 65000000 69999999 0.384723
hs1 70000000 74999999 0.397802
hs1 75000000 79999999 0.499757
hs1 80000000 84999999 0.330323
hs1 85000000 89999999 0.427162
hs1 90000000 94999999 0.705868
hs1 95000000 99999999 0.936269
hs1 100000000 104999999 0.575877
hs1 105000000 109999999 0.782943
hs1 110000000 114999999 0.214877
hs1 115000000 119999999 0.362614
hs1 120000000 124999999 0.802156
hs1 140000000 144999999 0.0682856
hs1 145000000 149999999 0.454122
hs1 150000000 154999999 0.882539
hs1 155000000 159999999 0.519775
hs1 160000000 164999999 0.581271
hs1 165000000 169999999 0.742216
hs1 170000000 174999999 0.982075
hs1 175000000 179999999 0.119607
hs1 180000000 184999999 0.688505
hs1 185000000 189999999 0.528907
hs1 190000000 194999999 0.13963
hs1 195000000 199999999 0.448285
hs1 200000000 204999999 0.523002
hs1 205000000 209999999 0.246873
hs1 210000000 214999999 0.869691
hs1 215000000 219999999 0.838371
hs1 220000000 224999999 0.974364
hs1 225000000 229999999 0.792412
hs1 230000000 234999999 0.583533
hs1 235000000 239999999 0.353259
hs1 240000000 244999999 0.402826
hs1 245000000 249999999 0.119398
hs10 0 4999999 0.674499
hs10 5000000 9999999 0.337651
hs10 10000000 14999999 0.87981
hs10 15000000 19999999 0.0353668
hs10 20000000 24999999 0.470719
hs10 25000000 29999999 0.614134
hs10 30000000 34999999 0.65153
hs10 35000000 39999999 0.834624
hs10 40000000 44999999 0.251397
hs10 45000000 49999999 0.725496
hs10 50000000 54999999 0.384064
hs10 55000000 59999999 0.907845
hs10 60000000 64999999 0.81189
hs10 65000000 69999999 0.673142
hs10 70000000 74999999 0.612862
hs10 75000000 79999999 0.458646
hs10 80000000 84999999 0.199196
hs10 85000000 89999999 0.776526
hs10 90000000 94999999 0.118767
hs10 95000000 99999999 0.209638
hs10 100000000 104999999 0.36165
hs10 105000000 109999999 0.0468418
hs10 110000000 114999999 0.00865914
hs10 115000000 119999999 0.449
hs10 120000000 124999999 0.545885
hs10 125000000 129999999 0.616747
hs10 130000000 134999999 0.0275646
hs10 135000000 139999999 0.529352
hs11 0 4999999 0.18267
hs11 5000000 9999999 0.567392
hs11 10000000 14999999 0.965195
hs11 15000000 19999999 0.464952
hs11 20000000 24999999 0.795274
hs11 25000000 29999999 0.222437
hs11 30000000 34999999 0.928305
hs11 35000000 39999999 0.864573
hs11 40000000 44999999 0.440451
hs11 45000000 49999999 0.223393
hs11 50000000 54999999 0.43827
hs11 55000000 59999999 0.800884
hs11 60000000 64999999 0.60304
hs11 65000000 69999999 0.671325
hs11 70000000 74999999 0.125447
hs11 75000000 79999999 0.00798625
hs11 80000000 84999999 0.527761
hs11 85000000 89999999 0.109032
hs11 90000000 94999999 0.851248
hs11 95000000 99999999 0.833323
hs11 100000000 104999999 0.952931
hs11 105000000 109999999 0.641436
hs11 110000000 114999999 0.170343
hs11 115000000 119999999 0.309974
hs11 120000000 124999999 0.758259
hs11 125000000 129999999 0.281261
hs11 130000000 134999999 0.528134
hs12 0 4999999 0.397825
hs12 5000000 9999999 0.236196
hs12 10000000 14999999 0.210559
hs12 15000000 19999999 0.00297122
hs12 20000000 24999999 0.586504
hs12 25000000 29999999 0.939763
hs12 30000000 34999999 0.342589
hs12 35000000 39999999 0.461987
hs12 40000000 44999999 0.136485
hs12 45000000 49999999 0.474137
hs12 50000000 54999999 0.353947
hs12 55000000 59999999 0.389314
hs12 60000000 64999999 0.860033
hs12 65000000 69999999 0.474167
hs12 70000000 74999999 0.125697
hs12 75000000 79999999 0.96032
hs12 80000000 84999999 0.211717
hs12 85000000 89999999 0.937213
hs12 90000000 94999999 0.321277
hs12 95000000 99999999 0.229122
hs12 100000000 104999999 0.041012
hs12 105000000 109999999 0.714154
hs12 110000000 114999999 0.327016
hs12 115000000 119999999 0.785662
hs12 120000000 124999999 0.984858
hs12 125000000 129999999 0.761383
hs12 130000000 134999999 0.880151
hs13 15000000 19999999 0.0897888
hs13 20000000 24999999 0.451439
hs13 25000000 29999999 0.498281
hs13 30000000 34999999 0.50694
hs13 35000000 39999999 0.95594
hs13 40000000 44999999 0.501826
hs13 45000000 49999999 0.118572
hs13 50000000 54999999 0.146137
hs13 55000000 59999999 0.675489
hs13 60000000 64999999 0.858158
hs13 65000000 69999999 0.425551
hs13 70000000 74999999 0.390745
hs13 75000000 79999999 0.855697
hs13 80000000 84999999 0.650971
hs13 85000000 89999999 0.873408
hs13 90000000 94999999 0.801713
hs13 95000000 99999999 0.666286
hs13 100000000 104999999 0.106737
hs13 105000000 109999999 0.330131
hs13 110000000 114999999 0.768401
hs14 15000000 19999999 0.569285
hs14 20000000 24999999 0.172325
hs14 25000000 29999999 0.84365
hs14 30000000 34999999 0.969097
hs14 35000000 39999999 0.977084
hs14 40000000 44999999 0.504845
hs14 45000000 49999999 0.613877
hs14 50000000 54999999 0.465125
hs14 55000000 59999999 0.298448
hs14 60000000 64999999 0.251379
hs14 65000000 69999999 0.892815
hs14 70000000 74999999 0.0631584
hs14 75000000 79999999 0.373132
hs14 80000000 84999999 0.131391
hs14 85000000 89999999 0.412652
hs14 90000000 94999999 0.940786
hs14 95000000 99999999 0.338611
hs14 100000000 104999999 0.574807
hs14 105000000 109999999 0.785366
hs15 15000000 19999999 0.788337
hs15 20000000 24999999 0.374842
hs15 25000000 29999999 0.314605
hs15 30000000 34999999 0.657194
hs15 35000000 39999999 0.11918
hs15 40000000 44999999 0.255665
hs15 45000000 49999999 0.729802
hs15 50000000 54999999 0.0837488
hs15 55000000 59999999 0.473062
hs15 60000000 64999999 0.333095
hs15 65000000 69999999 0.807261
hs15 70000000 74999999 0.932958
hs15 75000000 79999999 0.893278
hs15 80000000 84999999 0.104995
hs15 85000000 89999999 0.0422081
hs15 90000000 94999999 0.363485
hs15 95000000 99999999 0.592607
hs15 100000000 104999999 0.633619
hs16 0 4999999 0.347772
hs16 5000000 9999999 0.674788
hs16 10000000 14999999 0.46045
hs16 15000000 19999999 0.445308
hs16 20000000 24999999 0.206691
hs16 25000000 29999999 0.0868415
hs16 30000000 34999999 0.17663
hs16 45000000 49999999 0.62807
hs16 50000000 54999999 0.126351
hs16 55000000 59999999 0.633291
hs16 60000000 64999999 0.589231
hs16 65000000 69999999 0.0910568
hs16 70000000 74999999 0.209629
hs16 75000000 79999999 0.355766
hs16 80000000 84999999 0.0312548
hs16 85000000 89999999 0.889413
hs17 0 4999999 0.314964
hs17 5000000 9999999 0.705709
hs17 10000000 14999999 0.561406
hs17 15000000 19999999 0.212378
hs17 20000000 24999999 0.085786
hs17 25000000 29999999 0.887499
hs17 30000000 34999999 0.553785
hs17 35000000 39999999 0.660522
hs17 40000000 44999999 0.990653
hs17 45000000 49999999 0.759054
hs17 50000000 54999999 0.328338
hs17 55000000 59999999 0.500663
hs17 60000000 64999999 0.344313
hs17 65000000 69999999 0.313411
hs17 70000000 74999999 0.290494
hs17 75000000 79999999 0.795339
hs18 0 4999999 0.409216
hs18 5000000 9999999 0.874341
hs18 10000000 14999999 0.172789
hs18 15000000 19999999 0.424168
hs18 20000000 24999999 0.316983
hs18 25000000 29999999 0.380141
hs18 30000000 34999999 0.753273
hs18 35000000 39999999 0.884664
hs18 40000000 44999999 0.297316
hs18 45000000 49999999 0.238102
hs18 50000000 54999999 0.576713
hs18 55000000 59999999 0.15152
hs18 60000000 64999999 0.936886
hs18 65000000 69999999 0.725224
hs18 70000000 74999999 0.100065
hs18 75000000 79999999 0.41467
hs19 0 4999999 0.0718637
hs19 5000000 9999999 0.191044
hs19 10000000 14999999 0.446709
hs19 15000000 19999999 0.176511
hs19 20000000 24999999 0.26026
hs19 30000000 34999999 0.733323
hs19 35000000 39999999 0.0664174
hs19 40000000 44999999 0.873679
hs19 45000000 49999999 0.806637
hs19 50000000 54999999 0.699915
hs19 55000000 59999999 0.80491
hs19 60000000 64999999 0.847118
hs2 0 4999999 0.210603
hs2 5000000 9999999 0.80321
hs2 10000000 14999999 0.436829
hs2 15000000 19999999 0.784601
hs2 20000000 24999999 0.45939
hs2 25000000 29999999 0.919839
hs2 30000000 34999999 0.365147
hs2 35000000 39999999 0.571838
hs2 40000000 44999999 0.65868
hs2 45000000 49999999 0.83531
hs2 50000000 54999999 0.463379
hs2 55000000 59999999 0.58973
hs2 60000000 64999999 0.223021
hs2 65000000 69999999 0.812252
hs2 70000000 74999999 0.903309
hs2 75000000 79999999 0.112938
hs2 80000000 84999999 0.468704
hs2 85000000 89999999 0.499959
hs2 90000000 94999999 0.389372
hs2 95000000 99999999 0.704336
hs2 100000000 104999999 0.410045
hs2 105000000 109999999 0.971452
hs2 110000000 114999999 0.183829
hs2 115000000 119999999 0.269615
hs2 120000000 124999999 0.157114
hs2 125000000 129999999 0.710899
hs2 130000000 134999999 0.371422
hs2 135000000 139999999 0.362074
hs2 140000000 144999999 0.121128
hs2 145000000 149999999 0.449466
hs2 150000000 154999999 0.950129
hs2 155000000 159999999 0.294443
hs2 160000000 164999999 0.607853
hs2 165000000 169999999 0.898348
hs2 170000000 174999999 0.693686
hs2 175000000 179999999 0.102902
hs2 180000000 184999999 0.977243
hs2 185000000 189999999 0.150031
hs2 190000000 194999999 0.574199
hs2 195000000 199999999 0.891182
hs2 200000000 204999999 0.271323
hs2 205000000 209999999 0.0245961
hs2 210000000 214999999 0.90926
hs2 215000000 219999999 0.206577
hs2 220000000 224999999 0.444679
hs2 225000000 229999999 0.0213924
hs2 230000000 234999999 0.172913
hs2 235000000 239999999 0.109799
hs2 240000000 244999999 0.835022
hs20 0 4999999 0.935088
hs20 5000000 9999999 0.349758
hs20 10000000 14999999 0.421621
hs20 15000000 19999999 0.612665
hs20 20000000 24999999 0.0593749
hs20 25000000 29999999 0.235886
hs20 30000000 34999999 0.496147
hs20 35000000 39999999 0.229469
hs20 40000000 44999999 0.295887
hs20 45000000 49999999 0.169566
hs20 50000000 54999999 0.976203
hs20 55000000 59999999 0.676118
hs20 60000000 64999999 0.481028
hs21 5000000 9999999 0.328147
hs21 10000000 14999999 0.53875
hs21 15000000 19999999 0.34196
hs21 20000000 24999999 0.77879
hs21 25000000 29999999 0.563391
hs21 30000000 34999999 0.0227806
hs21 35000000 39999999 0.94262
hs21 40000000 44999999 0.307767
hs21 45000000 49999999 0.879605
hs22 15000000 19999999 0.538285
hs22 20000000 24999999 0.373595
hs22 25000000 29999999 0.836974
hs22 30000000 34999999 0.426704
hs22 35000000 39999999 0.649725
hs22 40000000 44999999 0.461977
hs22 45000000 49999999 0.365286
hs3 0 4999999 0.478224
hs3 5000000 9999999 0.946928
hs3 10000000 14999999 0.446887
hs3 15000000 19999999 0.836259
hs3 20000000 24999999 0.540595
hs3 25000000 29999999 0.95064
hs3 30000000 34999999 0.922092
hs3 35000000 39999999 0.105921
hs3 40000000 44999999 0.375536
hs3 45000000 49999999 0.53265
hs3 50000000 54999999 0.24355
hs3 55000000 59999999 0.614971
hs3 60000000 64999999 0.977046
hs3 65000000 69999999 0.0981736
hs3 70000000 74999999 0.54764
hs3 75000000 79999999 0.497769
hs3 80000000 84999999 0.792212
hs3 85000000 89999999 0.400066
hs3 90000000 94999999 0.298413
hs3 95000000 99999999 0.9921
hs3 100000000 104999999 0.0950017
hs3 105000000 109999999 0.0722443
hs3 110000000 114999999 0.222276
hs3 115000000 119999999 0.796475
hs3 120000000 124999999 0.687657
hs3 125000000 129999999 0.95898
hs3 130000000 134999999 0.983576
hs3 135000000 139999999 0.892836
hs3 140000000 144999999 0.0994129
hs3 145000000 149999999 0.544092
hs3 150000000 154999999 0.565484
hs3 155000000 159999999 0.738397
hs3 160000000 164999999 0.848196
hs3 165000000 169999999 0.683218
hs3 170000000 174999999 0.618306
hs3 175000000 179999999 0.968064
hs3 180000000 184999999 0.389685
hs3 185000000 189999999 0.00235064
hs3 190000000 194999999 0.0617256
hs3 195000000 199999999 0.297612
hs4 0 4999999 0.793759
hs4 5000000 9999999 0.023228
hs4 10000000 14999999 0.319115
hs4 15000000 19999999 0.48868
hs4 20000000 24999999 0.464883
hs4 25000000 29999999 0.141001
hs4 30000000 34999999 0.622029
hs4 35000000 39999999 0.950176
hs4 40000000 44999999 0.488926
hs4 45000000 49999999 0.830886
hs4 50000000 54999999 0.609676
hs4 55000000 59999999 0.173067
hs4 60000000 64999999 0.195847
hs4 65000000 69999999 0.138467
hs4 70000000 74999999 0.446235
hs4 75000000 79999999 0.32584
hs4 80000000 84999999 0.864124
hs4 85000000 89999999 0.237719
hs4 90000000 94999999 0.0746929
hs4 95000000 99999999 0.501397
hs4 100000000 104999999 0.151122
hs4 105000000 109999999 0.613099
hs4 110000000 114999999 0.978385
hs4 115000000 119999999 0.456609
hs4 120000000 124999999 0.403537
hs4 125000000 129999999 0.850423
hs4 130000000 134999999 0.686682
hs4 135000000 139999999 0.227277
hs4 140000000 144999999 0.177917
hs4 145000000 149999999 0.100009
hs4 150000000 154999999 0.20593
hs4 155000000 159999999 0.581466
hs4 160000000 164999999 0.114116
hs4 165000000 169999999 0.357666
hs4 170000000 174999999 0.972637
hs4 175000000 179999999 0.949683
hs4 180000000 184999999 0.0478565
hs4 185000000 189999999 0.595496
hs4 190000000 194999999 0.0932659
hs5 0 4999999 0.885478
hs5 5000000 9999999 0.285544
hs5 10000000 14999999 0.583957
hs5 15000000 19999999 0.576057
hs5 20000000 24999999 0.671058
hs5 25000000 29999999 0.743302
hs5 30000000 34999999 0.965578
hs5 35000000 39999999 0.762053
hs5 40000000 44999999 0.44971
hs5 45000000 49999999 0.40869
hs5 50000000 54999999 0.392266
hs5 55000000 59999999 0.285102
hs5 60000000 64999999 0.384515
hs5 65000000 69999999 0.928607
hs5 70000000 74999999 0.494091
hs5 75000000 79999999 0.232488
hs5 80000000 84999999 0.0806837
hs5 85000000 89999999 0.763902
hs5 90000000 94999999 0.382208
hs5 95000000 99999999 0.350271
hs5 100000000 104999999 0.739957
hs5 105000000 109999999 0.742307
hs5 110000000 114999999 0.804033
hs5 115000000 119999999 0.101645
hs5 120000000 124999999 0.895404
hs5 125000000 129999999 0.918632
hs5 130000000 134999999 0.237746
hs5 135000000 139999999 0.726426
hs5 140000000 144999999 0.191309
hs5 145000000 149999999 0.33231
hs5 150000000 154999999 0.954338
hs5 155000000 159999999 0.904514
hs5 160000000 164999999 0.39344
hs5 165000000 169999999 0.224326
hs5 170000000 174999999 0.834001
hs5 175000000 179999999 0.00706813
hs5 180000000 184999999 0.202915
hs6 0 4999999 0.341383
hs6 5000000 9999999 0.787617
hs6 10000000 14999999 0.113457
hs6 15000000 19999999 0.977581
hs6 20000000 24999999 0.2153
hs6 25000000 29999999 0.289993
hs6 30000000 34999999 0.79139
hs6 35000000 39999999 0.942512
hs6 40000000 44999999 0.555611
hs6 45000000 49999999 0.533996
hs6 50000000 54999999 0.990604
hs6 55000000 59999999 0.394141
hs6 60000000 64999999 0.244565
hs6 65000000 69999999 0.931247
hs6 70000000 74999999 0.158524
hs6 75000000 79999999 0.336441
hs6 80000000 84999999 0.43645
hs6 85000000 89999999 0.642379
hs6 90000000 94999999 0.223845
hs6 95000000 99999999 0.337961
hs6 100000000 104999999 0.695627
hs6 105000000 109999999 0.668265
hs6 110000000 114999999 0.617948
hs6 115000000 119999999 0.665804
hs6 120000000 124999999 0.261301
hs6 125000000 129999999 0.354566
hs6 130000000 134999999 0.240045
hs6 135000000 139999999 0.525588
hs6 140000000 144999999 0.109545
hs6 145000000 149999999 0.685602
hs6 150000000 154999999 0.35666
hs6 155000000 159999999 0.0999624
hs6 160000000 164999999 0.0655406
hs6 165000000 169999999 0.827594
hs6 170000000 174999999 0.277304
hs7 0 4999999 0.685993
hs7 5000000 9999999 0.078259
hs7 10000000 14999999 0.363361
hs7 15000000 19999999 0.747876
hs7 20000000 24999999 0.676482
hs7 25000000 29999999 0.170574
hs7 30000000 34999999 0.403062
hs7 35000000 39999999 0.483745
hs7 40000000 44999999 0.247647
hs7 45000000 49999999 0.629855
hs7 50000000 54999999 0.980126
hs7 55000000 59999999 0.720083
hs7 60000000 64999999 0.46239
hs7 65000000 69999999 0.266423
hs7 70000000 74999999 0.368068
hs7 75000000 79999999 0.263471
hs7 80000000 84999999 0.182103
hs7 85000000 89999999 0.419849
hs7 90000000 94999999 0.146275
hs7 95000000 99999999 0.337584
hs7 100000000 104999999 0.669894
hs7 105000000 109999999 0.624232
hs7 110000000 114999999 0.528746
hs7 115000000 119999999 0.922186
hs7 120000000 124999999 0.146512
hs7 125000000 129999999 0.980513
hs7 130000000 134999999 0.987581
hs7 135000000 139999999 0.190497
hs7 140000000 144999999 0.53188
hs7 145000000 149999999 0.319497
hs7 150000000 154999999 0.432954
hs7 155000000 159999999 0.410535
hs8 0 4999999 0.625836
hs8 5000000 9999999 0.915829
hs8 10000000 14999999 0.707219
hs8 15000000 19999999 0.649731
hs8 20000000 24999999 0.205342
hs8 25000000 29999999 0.739338
hs8 30000000 34999999 0.729942
hs8 35000000 39999999 0.124083
hs8 40000000 44999999 0.368648
hs8 45000000 49999999 0.299895
hs8 50000000 54999999 0.458418
hs8 55000000 59999999 0.794859
hs8 60000000 64999999 0.231309
hs8 65000000 69999999 0.873688
hs8 70000000 74999999 0.0975335
hs8 75000000 79999999 0.435495
hs8 80000000 84999999 0.131122
hs8 85000000 89999999 0.799387
hs8 90000000 94999999 0.417335
hs8 95000000 99999999 0.0831389
hs8 100000000 104999999 0.344439
hs8 105000000 109999999 0.699006
hs8 110000000 114999999 0.939051
hs8 115000000 119999999 0.464639
hs8 120000000 124999999 0.574184
hs8 125000000 129999999 0.259786
hs8 130000000 134999999 0.616446
hs8 135000000 139999999 0.716408
hs8 140000000 144999999 0.781949
hs8 145000000 149999999 0.609542
hs9 0 4999999 0.886846
hs9 5000000 9999999 0.572839
hs9 10000000 14999999 0.651098
hs9 15000000 19999999 0.0144591
hs9 20000000 24999999 0.762335
hs9 25000000 29999999 0.438817
hs9 30000000 34999999 0.609391
hs9 35000000 39999999 0.0124524
hs9 40000000 44999999 0.496198
hs9 45000000 49999999 0.743845
hs9 65000000 69999999 0.373699
hs9 70000000 74999999 0.353825
hs9 75000000 79999999 0.0739083
hs9 80000000 84999999 0.536298
hs9 85000000 89999999 0.802721
hs9 90000000 94999999 0.170789
hs9 95000000 99999999 0.434261
hs9 100000000 104999999 0.616364
hs9 105000000 109999999 0.0362128
hs9 110000000 114999999 0.182488
hs9 115000000 119999999 0.520073
hs9 120000000 124999999 0.189967
hs9 125000000 129999999 0.814199
hs9 130000000 134999999 0.342946
hs9 135000000 139999999 0.265131
hs9 140000000 144999999 0.411643
hsX 5000000 9999999 0.392156
hsX 10000000 14999999 0.379738
hsX 15000000 19999999 0.570234
hsX 20000000 24999999 0.102114
hsX 25000000 29999999 0.421611
hsX 30000000 34999999 0.854565
hsX 35000000 39999999 0.2651
hsX 40000000 44999999 0.890936
hsX 45000000 49999999 0.806765
hsX 50000000 54999999 0.513984
hsX 55000000 59999999 0.163715
hsX 60000000 64999999 0.369057
hsX 65000000 69999999 0.108395
hsX 70000000 74999999 0.838337
hsX 75000000 79999999 0.96242
hsX 80000000 84999999 0.331068
hsX 85000000 89999999 0.630962
hsX 90000000 94999999 0.0893807
hsX 95000000 99999999 0.88424
hsX 100000000 104999999 0.115549
hsX 105000000 109999999 0.989237
hsX 110000000 114999999 0.0867708
hsX 115000000 119999999 0.522266
hsX 120000000 124999999 0.653388
hsX 125000000 129999999 0.452775
hsX 130000000 134999999 0.87011
hsX 135000000 139999999 0.953249
hsX 140000000 144999999 0.297689
hsX 145000000 149999999 0.996694
hsX 150000000 154999999 0.935745
hsY 0 4999999 0.400384
hsY 5000000 9999999 0.974568
hsY 10000000 14999999 0.234353
hsY 15000000 19999999 0.850799
hsY 20000000 24999999 0.567207
hsY 25000000 29999999 0.349155
hsY 55000000 59999999 0.958698
