hs1 0 4999999 0.0597247
hs1 5000000 9999999 0.637567
hs1 10000000 14999999 0.650502
hs1 15000000 19999999 0.0408272
hs1 20000000 24999999 0.762917
hs1 25000000 29999999 0.0867714
hs1 30000000 34999999 0.113891
hs1 35000000 39999999 0.577461
hs1 40000000 44999999 0.656611
hs1 45000000 49999999 0.999235
hs1 50000000 54999999 0.683119
hs1 55000000 59999999 0.841118
hs1 60000000 64999999 0.879472
hs1 65000000 69999999 0.642594
hs1 70000000 74999999 0.814602
hs1 75000000 79999999 0.802059
hs1 80000000 84999999 0.862498
hs1 85000000 89999999 0.0899786
hs1 90000000 94999999 0.930961
hs1 95000000 99999999 0.395868
hs1 100000000 104999999 0.347178
hs1 105000000 109999999 0.924555
hs1 110000000 114999999 0.36509
hs1 115000000 119999999 0.668337
hs1 120000000 124999999 0.456039
hs1 140000000 144999999 0.830493
hs1 145000000 149999999 0.0736761
hs1 150000000 154999999 0.16429
hs1 155000000 159999999 0.184034
hs1 160000000 164999999 0.97625
hs1 165000000 169999999 0.174535
hs1 170000000 174999999 0.328844
hs1 175000000 179999999 0.0308018
hs1 180000000 184999999 0.431274
hs1 185000000 189999999 0.492852
hs1 190000000 194999999 0.155315
hs1 195000000 199999999 0.881192
hs1 200000000 204999999 0.499274
hs1 205000000 209999999 0.716814
hs1 210000000 214999999 0.115024
hs1 215000000 219999999 0.945762
hs1 220000000 224999999 0.698273
hs1 225000000 229999999 0.664814
hs1 230000000 234999999 0.0775168
hs1 235000000 239999999 0.398817
hs1 240000000 244999999 0.61297
hs1 245000000 249999999 0.502795
hs10 0 4999999 0.804482
hs10 5000000 9999999 0.916211
hs10 10000000 14999999 0.687854
hs10 15000000 19999999 0.266382
hs10 20000000 24999999 0.750681
hs10 25000000 29999999 0.657077
hs10 30000000 34999999 0.160854
hs10 35000000 39999999 0.0462303
hs10 40000000 44999999 0.726343
hs10 45000000 49999999 0.477603
hs10 50000000 54999999 0.320027
hs10 55000000 59999999 0.000964579
hs10 60000000 64999999 0.596985
hs10 65000000 69999999 0.96072
hs10 70000000 74999999 0.66194
hs10 75000000 79999999 0.572163
hs10 80000000 84999999 0.631888
hs10 85000000 89999999 0.269455
hs10 90000000 94999999 0.919957
hs10 95000000 99999999 0.960784
hs10 100000000 104999999 0.723701
hs10 105000000 109999999 0.810473
hs10 110000000 114999999 0.924364
hs10 115000000 119999999 0.501825
hs10 120000000 124999999 0.158436
hs10 125000000 129999999 0.15767
hs10 130000000 134999999 0.840789
hs10 135000000 139999999 0.681907
hs11 0 4999999 0.561378
hs11 5000000 9999999 0.203973
hs11 10000000 14999999 0.018575
hs11 15000000 19999999 0.820634
hs11 20000000 24999999 0.683132
hs11 25000000 29999999 0.773111
hs11 30000000 34999999 0.704071
hs11 35000000 39999999 0.0999394
hs11 40000000 44999999 0.447117
hs11 45000000 49999999 0.371672
hs11 50000000 54999999 0.736763
hs11 55000000 59999999 0.4051
hs11 60000000 64999999 0.861139
hs11 65000000 69999999 0.691632
hs11 70000000 74999999 0.765308
hs11 75000000 79999999 0.929598
hs11 80000000 84999999 0.113632
hs11 85000000 89999999 0.089882
hs11 90000000 94999999 0.264417
hs11 95000000 99999999 0.593261
hs11 100000000 104999999 0.624063
hs11 105000000 109999999 0.0553375
hs11 110000000 114999999 0.548189
hs11 115000000 119999999 0.703504
hs11 120000000 124999999 0.584696
hs11 125000000 129999999 0.08397
hs11 130000000 134999999 0.800784
hs12 0 4999999 0.915808
hs12 5000000 9999999 0.86157
hs12 10000000 14999999 0.559843
hs12 15000000 19999999 0.224657
hs12 20000000 24999999 0.302173
hs12 25000000 29999999 0.700991
hs12 30000000 34999999 0.313961
hs12 35000000 39999999 0.816756
hs12 40000000 44999999 0.621237
hs12 45000000 49999999 0.537448
hs12 50000000 54999999 0.225302
hs12 55000000 59999999 0.491684
hs12 60000000 64999999 0.242365
hs12 65000000 69999999 0.899442
hs12 70000000 74999999 0.0602959
hs12 75000000 79999999 0.106526
hs12 80000000 84999999 0.83287
hs12 85000000 89999999 0.310472
hs12 90000000 94999999 0.6305
hs12 95000000 99999999 0.631464
hs12 100000000 104999999 0.228449
hs12 105000000 109999999 0.189168
hs12 110000000 114999999 0.851108
hs12 115000000 119999999 0.423272
hs12 120000000 124999999 0.0551597
hs12 125000000 129999999 0.324615
hs12 130000000 134999999 0.244572
hs13 15000000 19999999 0.205356
hs13 20000000 24999999 0.929057
hs13 25000000 29999999 0.73953
hs13 30000000 34999999 0.663894
hs13 35000000 39999999 0.165718
hs13 40000000 44999999 0.324154
hs13 45000000 49999999 0.481824
hs13 50000000 54999999 0.322613
hs13 55000000 59999999 0.00451987
hs13 60000000 64999999 0.565898
hs13 65000000 69999999 0.769871
hs13 70000000 74999999 0.788446
hs13 75000000 79999999 0.60908
hs13 80000000 84999999 0.292212
hs13 85000000 89999999 0.0653225
hs13 90000000 94999999 0.769394
hs13 95000000 99999999 0.869333
hs13 100000000 104999999 0.316451
hs13 105000000 109999999 0.688123
hs13 110000000 114999999 0.424886
hs14 15000000 19999999 0.829986
hs14 20000000 24999999 0.691125
hs14 25000000 29999999 0.382757
hs14 30000000 34999999 0.148064
hs14 35000000 39999999 0.0776625
hs14 40000000 44999999 0.191295
hs14 45000000 49999999 0.281177
hs14 50000000 54999999 0.545594
hs14 55000000 59999999 0.138856
hs14 60000000 64999999 0.762919
hs14 65000000 69999999 0.818256
hs14 70000000 74999999 0.366446
hs14 75000000 79999999 0.0699496
hs14 80000000 84999999 0.654646
hs14 85000000 89999999 0.738616
hs14 90000000 94999999 0.539399
hs14 95000000 99999999 0.455207
hs14 100000000 104999999 0.316777
hs14 105000000 109999999 0.87662
hs15 15000000 19999999 0.101277
hs15 20000000 24999999 0.40345
hs15 25000000 29999999 0.104441
hs15 30000000 34999999 0.418402
hs15 35000000 39999999 0.235157
hs15 40000000 44999999 0.856395
hs15 45000000 49999999 0.393843
hs15 50000000 54999999 0.619145
hs15 55000000 59999999 0.110829
hs15 60000000 64999999 0.353194
hs15 65000000 69999999 0.252636
hs15 70000000 74999999 0.312932
hs15 75000000 79999999 0.419458
hs15 80000000 84999999 0.252327
hs15 85000000 89999999 0.5628
hs15 90000000 94999999 0.193299
hs15 95000000 99999999 0.824764
hs15 100000000 104999999 0.0532122
hs16 0 4999999 0.24238
hs16 5000000 9999999 0.0934889
hs16 10000000 14999999 0.516761
hs16 15000000 19999999 0.57192
hs16 20000000 24999999 0.896535
hs16 25000000 29999999 0.141107
hs16 30000000 34999999 0.346463
hs16 45000000 49999999 0.27552
hs16 50000000 54999999 0.0150499
hs16 55000000 59999999 0.678944
hs16 60000000 64999999 0.844662
hs16 65000000 69999999 0.168816
hs16 70000000 74999999 0.65064
hs16 75000000 79999999 0.973253
hs16 80000000 84999999 0.977773
hs16 85000000 89999999 0.543671
hs17 0 4999999 0.313542
hs17 5000000 9999999 0.101988
hs17 10000000 14999999 0.711068
hs17 15000000 19999999 0.00327988
hs17 20000000 24999999 0.0686024
hs17 25000000 29999999 0.837996
hs17 30000000 34999999 0.70733
hs17 35000000 39999999 0.0237803
hs17 40000000 44999999 0.711903
hs17 45000000 49999999 0.136789
hs17 50000000 54999999 0.966775
hs17 55000000 59999999 0.6579
hs17 60000000 64999999 0.0406563
hs17 65000000 69999999 0.188721
hs17 70000000 74999999 0.266383
hs17 75000000 79999999 0.457678
hs18 0 4999999 0.738854
hs18 5000000 9999999 0.284449
hs18 10000000 14999999 0.423304
hs18 15000000 19999999 0.186223
hs18 20000000 24999999 0.00447947
hs18 25000000 29999999 0.370925
hs18 30000000 34999999 0.440875
hs18 35000000 39999999 0.0955203
hs18 40000000 44999999 0.834136
hs18 45000000 49999999 0.373535
hs18 50000000 54999999 0.828743
hs18 55000000 59999999 0.14552
hs18 60000000 64999999 0.0221399
hs18 65000000 69999999 0.123417
hs18 70000000 74999999 0.526867
hs18 75000000 79999999 0.631307
hs19 0 4999999 0.0497091
hs19 5000000 9999999 0.284866
hs19 10000000 14999999 0.141261
hs19 15000000 19999999 0.535104
hs19 20000000 24999999 0.154248
hs19 30000000 34999999 0.265077
hs19 35000000 39999999 0.618271
hs19 40000000 44999999 0.870907
hs19 45000000 49999999 0.183838
hs19 50000000 54999999 0.603296
hs19 55000000 59999999 0.855623
hs19 60000000 64999999 0.418423
hs2 0 4999999 0.611723
hs2 5000000 9999999 0.436486
hs2 10000000 14999999 0.489699
hs2 15000000 19999999 0.732079
hs2 20000000 24999999 0.825568
hs2 25000000 29999999 0.342329
hs2 30000000 34999999 0.914249
hs2 35000000 39999999 0.810784
hs2 40000000 44999999 0.951891
hs2 45000000 49999999 0.298354
hs2 50000000 54999999 0.573874
hs2 55000000 59999999 0.588924
hs2 60000000 64999999 0.267868
hs2 65000000 69999999 0.11253
hs2 70000000 74999999 0.281346
hs2 75000000 79999999 0.931986
hs2 80000000 84999999 0.905239
hs2 85000000 89999999 0.883012
hs2 90000000 94999999 0.426683
hs2 95000000 99999999 0.740226
hs2 100000000 104999999 0.842214
hs2 105000000 109999999 0.553283
hs2 110000000 114999999 0.556562
hs2 115000000 119999999 0.625165
hs2 120000000 124999999 0.463161
hs2 125000000 129999999 0.170491
hs2 130000000 134999999 0.194271
hs2 135000000 139999999 0.906174
hs2 140000000 144999999 0.0429633
hs2 145000000 149999999 0.0097382
hs2 150000000 154999999 0.667638
hs2 155000000 159999999 0.708294
hs2 160000000 164999999 0.897015
hs2 165000000 169999999 0.163398
hs2 170000000 174999999 0.621076
hs2 175000000 179999999 0.35993
hs2 180000000 184999999 0.644379
hs2 185000000 189999999 0.0676831
hs2 190000000 194999999 0.253906
hs2 195000000 199999999 0.258386
hs2 200000000 204999999 0.629311
hs2 205000000 209999999 0.0701855
hs2 210000000 214999999 0.165706
hs2 215000000 219999999 0.999842
hs2 220000000 224999999 0.373377
hs2 225000000 229999999 0.202119
hs2 230000000 234999999 0.347639
hs2 235000000 239999999 0.369779
hs2 240000000 244999999 0.493195
hs20 0 4999999 0.0200621
hs20 5000000 9999999 0.651369
hs20 10000000 14999999 0.701079
hs20 15000000 19999999 0.985945
hs20 20000000 24999999 0.127206
hs20 25000000 29999999 0.662309
hs20 30000000 34999999 0.816558
hs20 35000000 39999999 0.081635
hs20 40000000 44999999 0.699906
hs20 45000000 49999999 0.570813
hs20 50000000 54999999 0.754651
hs20 55000000 59999999 0.357947
hs20 60000000 64999999 0.21357
hs21 5000000 9999999 0.631994
hs21 10000000 14999999 0.243717
hs21 15000000 19999999 0.680203
hs21 20000000 24999999 0.169902
hs21 25000000 29999999 0.901981
hs21 30000000 34999999 0.727549
hs21 35000000 39999999 0.0698777
hs21 40000000 44999999 0.984127
hs21 45000000 49999999 0.794911
hs22 15000000 19999999 0.746803
hs22 20000000 24999999 0.0451569
hs22 25000000 29999999 0.619031
hs22 30000000 34999999 0.207956
hs22 35000000 39999999 0.475823
hs22 40000000 44999999 0.588353
hs22 45000000 49999999 0.869699
hs3 0 4999999 0.801684
hs3 5000000 9999999 0.706923
hs3 10000000 14999999 0.589935
hs3 15000000 19999999 0.0166188
hs3 20000000 24999999 0.756845
hs3 25000000 29999999 0.599059
hs3 30000000 34999999 0.152342
hs3 35000000 39999999 0.708904
hs3 40000000 44999999 0.334069
hs3 45000000 49999999 0.79723
hs3 50000000 54999999 0.967721
hs3 55000000 59999999 0.161992
hs3 60000000 64999999 0.0681658
hs3 65000000 69999999 0.111129
hs3 70000000 74999999 0.120867
hs3 75000000 79999999 0.788505
hs3 80000000 84999999 0.496799
hs3 85000000 89999999 0.393814
hs3 90000000 94999999 0.557212
hs3 95000000 99999999 0.178288
hs3 100000000 104999999 0.538218
hs3 105000000 109999999 0.182597
hs3 110000000 114999999 0.25028
hs3 115000000 119999999 0.504186
hs3 120000000 124999999 0.762572
hs3 125000000 129999999 0.391882
hs3 130000000 134999999 0.462068
hs3 135000000 139999999 0.627774
hs3 140000000 144999999 0.627615
hs3 145000000 149999999 0.000991783
hs3 150000000 154999999 0.203111
hs3 155000000 159999999 0.55075
hs3 160000000 164999999 0.920529
hs3 165000000 169999999 0.413724
hs3 170000000 174999999 0.433786
hs3 175000000 179999999 0.0851556
hs3 180000000 184999999 0.786234
hs3 185000000 189999999 0.772179
hs3 190000000 194999999 0.899385
hs3 195000000 199999999 0.561694
hs4 0 4999999 0.378252
hs4 5000000 9999999 0.459887
hs4 10000000 14999999 0.159793
hs4 15000000 19999999 0.730605
hs4 20000000 24999999 0.485256
hs4 25000000 29999999 0.843203
hs4 30000000 34999999 0.0567732
hs4 35000000 39999999 0.688767
hs4 40000000 44999999 0.932483
hs4 45000000 49999999 0.612687
hs4 50000000 54999999 0.782588
hs4 55000000 59999999 0.684569
hs4 60000000 64999999 0.412118
hs4 65000000 69999999 0.481996
hs4 70000000 74999999 0.466123
hs4 75000000 79999999 0.261034
hs4 80000000 84999999 0.00783617
hs4 85000000 89999999 0.0529931
hs4 90000000 94999999 0.672024
hs4 95000000 99999999 0.87998
hs4 100000000 104999999 0.355803
hs4 105000000 109999999 0.944156
hs4 110000000 114999999 0.813855
hs4 115000000 119999999 0.61554
hs4 120000000 124999999 0.322463
hs4 125000000 129999999 0.912398
hs4 130000000 134999999 0.929017
hs4 135000000 139999999 0.685862
hs4 140000000 144999999 0.284921
hs4 145000000 149999999 0.437262
hs4 150000000 154999999 0.146167
hs4 155000000 159999999 0.480236
hs4 160000000 164999999 0.277466
hs4 165000000 169999999 0.245186
hs4 170000000 174999999 0.407178
hs4 175000000 179999999 0.475344
hs4 180000000 184999999 0.586473
hs4 185000000 189999999 0.70734
hs4 190000000 194999999 0.495846
hs5 0 4999999 0.992645
hs5 5000000 9999999 0.386459
hs5 10000000 14999999 0.943671
hs5 15000000 19999999 0.121959
hs5 20000000 24999999 0.660177
hs5 25000000 29999999 0.842773
hs5 30000000 34999999 0.0930532
hs5 35000000 39999999 0.597239
hs5 40000000 44999999 0.359811
hs5 45000000 49999999 0.751693
hs5 50000000 54999999 0.213761
hs5 55000000 59999999 0.841535
hs5 60000000 64999999 0.46915
hs5 65000000 69999999 0.470142
hs5 70000000 74999999 0.673252
hs5 75000000 79999999 0.224002
hs5 80000000 84999999 0.144531
hs5 85000000 89999999 0.558255
hs5 90000000 94999999 0.992041
hs5 95000000 99999999 0.0771969
hs5 100000000 104999999 0.863431
hs5 105000000 109999999 0.63561
hs5 110000000 114999999 0.534995
hs5 115000000 119999999 0.096689
hs5 120000000 124999999 0.474941
hs5 125000000 129999999 0.934828
hs5 130000000 134999999 0.0946207
hs5 135000000 139999999 0.825226
hs5 140000000 144999999 0.310482
hs5 145000000 149999999 0.153685
hs5 150000000 154999999 0.210458
hs5 155000000 159999999 0.899225
hs5 160000000 164999999 0.831709
hs5 165000000 169999999 0.444395
hs5 170000000 174999999 0.226984
hs5 175000000 179999999 0.911553
hs5 180000000 184999999 0.323671
hs6 0 4999999 0.805667
hs6 5000000 9999999 0.27179
hs6 10000000 14999999 0.532824
hs6 15000000 19999999 0.54066
hs6 20000000 24999999 0.593653
hs6 25000000 29999999 0.265677
hs6 30000000 34999999 0.145657
hs6 35000000 39999999 0.50146
hs6 40000000 44999999 0.445617
hs6 45000000 49999999 0.259472
hs6 50000000 54999999 0.875012
hs6 55000000 59999999 0.197474
hs6 60000000 64999999 0.109872
hs6 65000000 69999999 0.0388893
hs6 70000000 74999999 0.724751
hs6 75000000 79999999 0.00967146
hs6 80000000 84999999 0.446934
hs6 85000000 89999999 0.5931
hs6 90000000 94999999 0.0733359
hs6 95000000 99999999 0.350802
hs6 100000000 104999999 0.595988
hs6 105000000 109999999 0.00316598
hs6 110000000 114999999 0.47851
hs6 115000000 119999999 0.0649828
hs6 120000000 124999999 0.772323
hs6 125000000 129999999 0.268169
hs6 130000000 134999999 0.260813
hs6 135000000 139999999 0.647273
hs6 140000000 144999999 0.590944
hs6 145000000 149999999 0.712902
hs6 150000000 154999999 0.373079
hs6 155000000 159999999 0.215853
hs6 160000000 164999999 0.308906
hs6 165000000 169999999 0.906145
hs6 170000000 174999999 0.265955
hs7 0 4999999 0.0176486
hs7 5000000 9999999 0.231409
hs7 10000000 14999999 0.072944
hs7 15000000 19999999 0.542094
hs7 20000000 24999999 0.0122352
hs7 25000000 29999999 0.685488
hs7 30000000 34999999 0.90949
hs7 35000000 39999999 0.0540209
hs7 40000000 44999999 0.612276
hs7 45000000 49999999 0.604317
hs7 50000000 54999999 0.681514
hs7 55000000 59999999 0.544945
hs7 60000000 64999999 0.180555
hs7 65000000 69999999 0.71555
hs7 70000000 74999999 0.812239
hs7 75000000 79999999 0.28718
hs7 80000000 84999999 0.222008
hs7 85000000 89999999 0.316629
hs7 90000000 94999999 0.141855
hs7 95000000 99999999 0.452337
hs7 100000000 104999999 0.606022
hs7 105000000 109999999 0.816481
hs7 110000000 114999999 0.715706
hs7 115000000 119999999 0.547415
hs7 120000000 124999999 0.99181
hs7 125000000 129999999 0.218793
hs7 130000000 134999999 0.130346
hs7 135000000 139999999 0.454018
hs7 140000000 144999999 0.259685
hs7 145000000 149999999 0.531475
hs7 150000000 154999999 0.0642982
hs7 155000000 159999999 0.604958
hs8 0 4999999 0.198611
hs8 5000000 9999999 0.464288
hs8 10000000 14999999 0.609945
hs8 15000000 19999999 0.111405
hs8 20000000 24999999 0.557022
hs8 25000000 29999999 0.816494
hs8 30000000 34999999 0.691506
hs8 35000000 39999999 0.88898
hs8 40000000 44999999 0.998853
hs8 45000000 49999999 0.037742
hs8 50000000 54999999 0.762493
hs8 55000000 59999999 0.772164
hs8 60000000 64999999 0.219098
hs8 65000000 69999999 0.812198
hs8 70000000 74999999 0.885534
hs8 75000000 79999999 0.236336
hs8 80000000 84999999 0.832324
hs8 85000000 89999999 0.83549
hs8 90000000 94999999 0.314
hs8 95000000 99999999 0.378983
hs8 100000000 104999999 0.151306
hs8 105000000 109999999 0.419474
hs8 110000000 114999999 0.680288
hs8 115000000 119999999 0.32756
hs8 120000000 124999999 0.918504
hs8 125000000 129999999 0.631406
hs8 130000000 134999999 0.0044852
hs8 135000000 139999999 0.220338
hs8 140000000 144999999 0.529243
hs8 145000000 149999999 0.435388
hs9 0 4999999 0.701344
hs9 5000000 9999999 0.718992
hs9 10000000 14999999 0.950402
hs9 15000000 19999999 0.0233457
hs9 20000000 24999999 0.565439
hs9 25000000 29999999 0.577675
hs9 30000000 34999999 0.263162
hs9 35000000 39999999 0.172652
hs9 40000000 44999999 0.226673
hs9 45000000 49999999 0.838949
hs9 65000000 69999999 0.443266
hs9 70000000 74999999 0.12478
hs9 75000000 79999999 0.669725
hs9 80000000 84999999 0.850281
hs9 85000000 89999999 0.565831
hs9 90000000 94999999 0.37807
hs9 95000000 99999999 0.66525
hs9 100000000 104999999 0.887258
hs9 105000000 109999999 0.203887
hs9 110000000 114999999 0.345741
hs9 115000000 119999999 0.798078
hs9 120000000 124999999 0.4041
hs9 125000000 129999999 0.220581
hs9 130000000 134999999 0.936287
hs9 135000000 139999999 0.483701
hs9 140000000 144999999 0.475511
hsX 5000000 9999999 0.694304
hsX 10000000 14999999 0.824651
hsX 15000000 19999999 0.278668
hsX 20000000 24999999 0.538353
hsX 25000000 29999999 0.0698275
hsX 30000000 34999999 0.134126
hsX 35000000 39999999 0.739084
hsX 40000000 44999999 0.937694
hsX 45000000 49999999 0.401982
hsX 50000000 54999999 0.0119268
hsX 55000000 59999999 0.123332
hsX 60000000 64999999 0.680354
hsX 65000000 69999999 0.496848
hsX 70000000 74999999 0.188354
hsX 75000000 79999999 0.0773343
hsX 80000000 84999999 0.076187
hsX 85000000 89999999 0.113929
hsX 90000000 94999999 0.876422
hsX 95000000 99999999 0.648586
hsX 100000000 104999999 0.867684
hsX 105000000 109999999 0.679882
hsX 110000000 114999999 0.565417
hsX 115000000 119999999 0.801753
hsX 120000000 124999999 0.634077
hsX 125000000 129999999 0.469567
hsX 130000000 134999999 0.783567
hsX 135000000 139999999 0.162549
hsX 140000000 144999999 0.313855
hsX 145000000 149999999 0.733329
hsX 150000000 154999999 0.413616
hsY 0 4999999 0.741176
hsY 5000000 9999999 0.65968
hsY 10000000 14999999 0.291086
hsY 15000000 19999999 0.295571
hsY 20000000 24999999 0.515909
hsY 25000000 29999999 0.0451523
hsY 55000000 59999999 0.480541
