hs1 0 4999999 0.840138
hs1 5000000 9999999 0.772257
hs1 10000000 14999999 0.223951
hs1 15000000 19999999 0.787308
hs1 20000000 24999999 0.671215
hs1 25000000 29999999 0.306518
hs1 30000000 34999999 0.06802
hs1 35000000 39999999 0.284675
hs1 40000000 44999999 0.460413
hs1 45000000 49999999 0.246094
hs1 50000000 54999999 0.914546
hs1 55000000 59999999 0.806627
hs1 60000000 64999999 0.697449
hs1 65000000 69999999 0.909366
hs1 70000000 74999999 0.342005
hs1 75000000 79999999 0.771095
hs1 80000000 84999999 0.216457
hs1 85000000 89999999 0.559512
hs1 90000000 94999999 0.844835
hs1 95000000 99999999 0.797629
hs1 100000000 104999999 0.329983
hs1 105000000 109999999 0.501194
hs1 110000000 114999999 0.929309
hs1 115000000 119999999 0.623903
hs1 120000000 124999999 0.502566
hs1 140000000 144999999 0.555424
hs1 145000000 149999999 0.284466
hs1 150000000 154999999 0.662358
hs1 155000000 159999999 0.521681
hs1 160000000 164999999 0.572475
hs1 165000000 169999999 0.983655
hs1 170000000 174999999 0.896512
hs1 175000000 179999999 0.713935
hs1 180000000 184999999 0.06124
hs1 185000000 189999999 0.5743
hs1 190000000 194999999 0.0397478
hs1 195000000 199999999 0.830394
hs1 200000000 204999999 0.396064
hs1 205000000 209999999 0.24073
hs1 210000000 214999999 0.040554
hs1 215000000 219999999 0.354106
hs1 220000000 224999999 0.233427
hs1 225000000 229999999 0.490951
hs1 230000000 234999999 0.214878
hs1 235000000 239999999 0.218777
hs1 240000000 244999999 0.549038
hs1 245000000 249999999 0.467072
hs10 0 4999999 0.421642
hs10 5000000 9999999 0.399561
hs10 10000000 14999999 0.0609746
hs10 15000000 19999999 0.731489
hs10 20000000 24999999 0.282586
hs10 25000000 29999999 0.942984
hs10 30000000 34999999 0.34197
hs10 35000000 39999999 0.90276
hs10 40000000 44999999 0.562802
hs10 45000000 49999999 0.574282
hs10 50000000 54999999 0.159603
hs10 55000000 59999999 0.701811
hs10 60000000 64999999 0.818178
hs10 65000000 69999999 0.0195193
hs10 70000000 74999999 0.0679918
hs10 75000000 79999999 0.29287
hs10 80000000 84999999 0.133008
hs10 85000000 89999999 0.905265
hs10 90000000 94999999 0.129216
hs10 95000000 99999999 0.916524
hs10 100000000 104999999 0.587739
hs10 105000000 109999999 0.894257
hs10 110000000 114999999 0.962277
hs10 115000000 119999999 0.246952
hs10 120000000 124999999 0.707365
hs10 125000000 129999999 0.953459
hs10 130000000 134999999 0.868005
hs10 135000000 139999999 0.674632
hs11 0 4999999 0.372081
hs11 5000000 9999999 0.281447
hs11 10000000 14999999 0.623452
hs11 15000000 19999999 0.394547
hs11 20000000 24999999 0.611004
hs11 25000000 29999999 0.170516
hs11 30000000 34999999 0.0153513
hs11 35000000 39999999 0.81298
hs11 40000000 44999999 0.142963
hs11 45000000 49999999 0.644157
hs11 50000000 54999999 0.573466
hs11 55000000 59999999 0.197369
hs11 60000000 64999999 0.699935
hs11 65000000 69999999 0.255359
hs11 70000000 74999999 0.539825
hs11 75000000 79999999 0.202183
hs11 80000000 84999999 0.723864
hs11 85000000 89999999 0.296339
hs11 90000000 94999999 0.279994
hs11 95000000 99999999 0.176506
hs11 100000000 104999999 0.89044
hs11 105000000 109999999 0.95168
hs11 110000000 114999999 0.525981
hs11 115000000 119999999 0.565728
hs11 120000000 124999999 0.396123
hs11 125000000 129999999 0.792186
hs11 130000000 134999999 0.0329165
hs12 0 4999999 0.0734705
hs12 5000000 9999999 0.427576
hs12 10000000 14999999 0.661003
hs12 15000000 19999999 0.151954
hs12 20000000 24999999 0.366832
hs12 25000000 29999999 0.585609
hs12 30000000 34999999 0.134647
hs12 35000000 39999999 0.601719
hs12 40000000 44999999 0.0233613
hs12 45000000 49999999 0.422922
hs12 50000000 54999999 0.483897
hs12 55000000 59999999 0.215386
hs12 60000000 64999999 0.497971
hs12 65000000 69999999 0.440955
hs12 70000000 74999999 0.782925
hs12 75000000 79999999 0.685685
hs12 80000000 84999999 0.248486
hs12 85000000 89999999 0.822768
hs12 90000000 94999999 0.982371
hs12 95000000 99999999 0.684182
hs12 100000000 104999999 0.50236
hs12 105000000 109999999 0.521879
hs12 110000000 114999999 0.589871
hs12 115000000 119999999 0.882741
hs12 120000000 124999999 0.0157487
hs12 125000000 129999999 0.921014
hs12 130000000 134999999 0.0502299
hs13 15000000 19999999 0.966754
hs13 20000000 24999999 0.554494
hs13 25000000 29999999 0.448751
hs13 30000000 34999999 0.411028
hs13 35000000 39999999 0.65798
hs13 40000000 44999999 0.365345
hs13 45000000 49999999 0.318804
hs13 50000000 54999999 0.186809
hs13 55000000 59999999 0.861441
hs13 60000000 64999999 0.233522
hs13 65000000 69999999 0.51497
hs13 70000000 74999999 0.138422
hs13 75000000 79999999 0.532969
hs13 80000000 84999999 0.143973
hs13 85000000 89999999 0.314489
hs13 90000000 94999999 0.32984
hs13 95000000 99999999 0.14282
hs13 100000000 104999999 0.285783
hs13 105000000 109999999 0.929939
hs13 110000000 114999999 0.503405
hs14 15000000 19999999 0.700774
hs14 20000000 24999999 0.400709
hs14 25000000 29999999 0.656068
hs14 30000000 34999999 0.195893
hs14 35000000 39999999 0.398076
hs14 40000000 44999999 0.12194
hs14 45000000 49999999 0.418279
hs14 50000000 54999999 0.698273
hs14 55000000 59999999 0.874779
hs14 60000000 64999999 0.765219
hs14 65000000 69999999 0.7169
hs14 70000000 74999999 0.24288
hs14 75000000 79999999 0.808609
hs14 80000000 84999999 0.204731
hs14 85000000 89999999 0.996918
hs14 90000000 94999999 0.0298342
hs14 95000000 99999999 0.103305
hs14 100000000 104999999 0.530881
hs14 105000000 109999999 0.191884
hs15 15000000 19999999 0.343838
hs15 20000000 24999999 0.71067
hs15 25000000 29999999 0.29628
hs15 30000000 34999999 0.430927
hs15 35000000 39999999 0.0326467
hs15 40000000 44999999 0.0560081
hs15 45000000 49999999 0.478931
hs15 50000000 54999999 0.962828
hs15 55000000 59999999 0.178213
hs15 60000000 64999999 0.676185
hs15 65000000 69999999 0.11714
hs15 70000000 74999999 0.900065
hs15 75000000 79999999 0.585749
hs15 80000000 84999999 0.834236
hs15 85000000 89999999 0.657004
hs15 90000000 94999999 0.639375
hs15 95000000 99999999 0.323556
hs15 100000000 104999999 0.825916
hs16 0 4999999 0.347796
hs16 5000000 9999999 0.937667
hs16 10000000 14999999 0.820408
hs16 15000000 19999999 0.836156
hs16 20000000 24999999 0.75717
hs16 25000000 29999999 0.8074
hs16 30000000 34999999 0.774154
hs16 45000000 49999999 0.328648
hs16 50000000 54999999 0.777399
hs16 55000000 59999999 0.188427
hs16 60000000 64999999 0.846407
hs16 65000000 69999999 0.211752
hs16 70000000 74999999 0.530556
hs16 75000000 79999999 0.717365
hs16 80000000 84999999 0.578806
hs16 85000000 89999999 0.812328
hs17 0 4999999 0.327298
hs17 5000000 9999999 0.46572
hs17 10000000 14999999 0.998689
hs17 15000000 19999999 0.142661
hs17 20000000 24999999 0.45715
hs17 25000000 29999999 0.78699
hs17 30000000 34999999 0.92981
hs17 35000000 39999999 0.215592
hs17 40000000 44999999 0.145532
hs17 45000000 49999999 0.648937
hs17 50000000 54999999 0.349712
hs17 55000000 59999999 0.750421
hs17 60000000 64999999 0.406489
hs17 65000000 69999999 0.602382
hs17 70000000 74999999 0.000458034
hs17 75000000 79999999 0.122398
hs18 0 4999999 0.540677
hs18 5000000 9999999 0.23895
hs18 10000000 14999999 0.113729
hs18 15000000 19999999 0.878948
hs18 20000000 24999999 0.595848
hs18 25000000 29999999 0.838728
hs18 30000000 34999999 0.647336
hs18 35000000 39999999 0.852068
hs18 40000000 44999999 0.848985
hs18 45000000 49999999 0.878819
hs18 50000000 54999999 0.982124
hs18 55000000 59999999 0.513005
hs18 60000000 64999999 0.704889
hs18 65000000 69999999 0.0487273
hs18 70000000 74999999 0.759398
hs18 75000000 79999999 0.0556776
hs19 0 4999999 0.486605
hs19 5000000 9999999 0.519252
hs19 10000000 14999999 0.57526
hs19 15000000 19999999 0.0541902
hs19 20000000 24999999 0.0170178
hs19 30000000 34999999 0.195231
hs19 35000000 39999999 0.871416
hs19 40000000 44999999 0.988556
hs19 45000000 49999999 0.88862
hs19 50000000 54999999 0.47437
hs19 55000000 59999999 0.308606
hs19 60000000 64999999 0.96561
hs2 0 4999999 0.604985
hs2 5000000 9999999 0.928541
hs2 10000000 14999999 0.754457
hs2 15000000 19999999 0.102253
hs2 20000000 24999999 0.0399197
hs2 25000000 29999999 0.860327
hs2 30000000 34999999 0.696484
hs2 35000000 39999999 0.453654
hs2 40000000 44999999 0.261054
hs2 45000000 49999999 0.0352078
hs2 50000000 54999999 0.363856
hs2 55000000 59999999 0.141254
hs2 60000000 64999999 0.329681
hs2 65000000 69999999 0.176088
hs2 70000000 74999999 0.38784
hs2 75000000 79999999 0.918396
hs2 80000000 84999999 0.635761
hs2 85000000 89999999 0.214567
hs2 90000000 94999999 0.0268957
hs2 95000000 99999999 0.354194
hs2 100000000 104999999 0.819914
hs2 105000000 109999999 0.818603
hs2 110000000 114999999 0.961264
hs2 115000000 119999999 0.418414
hs2 120000000 124999999 0.205404
hs2 125000000 129999999 0.135214
hs2 130000000 134999999 0.350806
hs2 135000000 139999999 0.496338
hs2 140000000 144999999 0.145275
hs2 145000000 149999999 0.494987
hs2 150000000 154999999 0.245408
hs2 155000000 159999999 0.651896
hs2 160000000 164999999 0.254278
hs2 165000000 169999999 0.254736
hs2 170000000 174999999 0.377134
hs2 175000000 179999999 0.917812
hs2 180000000 184999999 0.156762
hs2 185000000 189999999 0.27049
hs2 190000000 194999999 0.149438
hs2 195000000 199999999 0.745286
hs2 200000000 204999999 0.584014
hs2 205000000 209999999 0.23135
hs2 210000000 214999999 0.0834177
hs2 215000000 219999999 0.932403
hs2 220000000 224999999 0.811222
hs2 225000000 229999999 0.793347
hs2 230000000 234999999 0.306352
hs2 235000000 239999999 0.0112409
hs2 240000000 244999999 0.0599682
hs20 0 4999999 0.819366
hs20 5000000 9999999 0.875044
hs20 10000000 14999999 0.361648
hs20 15000000 19999999 0.8809
hs20 20000000 24999999 0.45616
hs20 25000000 29999999 0.51035
hs20 30000000 34999999 0.527368
hs20 35000000 39999999 0.722599
hs20 40000000 44999999 0.594015
hs20 45000000 49999999 0.58257
hs20 50000000 54999999 0.471191
hs20 55000000 59999999 0.94556
hs20 60000000 64999999 0.254166
hs21 5000000 9999999 0.219776
hs21 10000000 14999999 0.82476
hs21 15000000 19999999 0.753301
hs21 20000000 24999999 0.507758
hs21 25000000 29999999 0.610011
hs21 30000000 34999999 0.649931
hs21 35000000 39999999 0.510259
hs21 40000000 44999999 0.206742
hs21 45000000 49999999 0.660396
hs22 15000000 19999999 0.92145
hs22 20000000 24999999 0.956657
hs22 25000000 29999999 0.320513
hs22 30000000 34999999 0.461768
hs22 35000000 39999999 0.791448
hs22 40000000 44999999 0.967536
hs22 45000000 49999999 0.355376
hs3 0 4999999 0.273772
hs3 5000000 9999999 0.909533
hs3 10000000 14999999 0.1241
hs3 15000000 19999999 0.150995
hs3 20000000 24999999 0.505189
hs3 25000000 29999999 0.325103
hs3 30000000 34999999 0.143706
hs3 35000000 39999999 0.10497
hs3 40000000 44999999 0.523384
hs3 45000000 49999999 0.728788
hs3 50000000 54999999 0.864002
hs3 55000000 59999999 0.214808
hs3 60000000 64999999 0.711146
hs3 65000000 69999999 0.856422
hs3 70000000 74999999 0.351409
hs3 75000000 79999999 0.596817
hs3 80000000 84999999 0.248713
hs3 85000000 89999999 0.502991
hs3 90000000 94999999 0.757727
hs3 95000000 99999999 0.134862
hs3 100000000 104999999 0.0526732
hs3 105000000 109999999 0.209435
hs3 110000000 114999999 0.479925
hs3 115000000 119999999 0.629364
hs3 120000000 124999999 0.37465
hs3 125000000 129999999 0.958664
hs3 130000000 134999999 0.190014
hs3 135000000 139999999 0.273431
hs3 140000000 144999999 0.205834
hs3 145000000 149999999 0.0170567
hs3 150000000 154999999 0.810403
hs3 155000000 159999999 0.116755
hs3 160000000 164999999 0.127996
hs3 165000000 169999999 0.187964
hs3 170000000 174999999 0.0073301
hs3 175000000 179999999 0.882374
hs3 180000000 184999999 0.244022
hs3 185000000 189999999 0.124922
hs3 190000000 194999999 0.581082
hs3 195000000 199999999 0.0914318
hs4 0 4999999 0.6188
hs4 5000000 9999999 0.341398
hs4 10000000 14999999 0.935413
hs4 15000000 19999999 0.517983
hs4 20000000 24999999 0.989174
hs4 25000000 29999999 0.934734
hs4 30000000 34999999 0.1889
hs4 35000000 39999999 0.408676
hs4 40000000 44999999 0.233436
hs4 45000000 49999999 0.986737
hs4 50000000 54999999 0.494496
hs4 55000000 59999999 0.104507
hs4 60000000 64999999 0.754438
hs4 65000000 69999999 0.264697
hs4 70000000 74999999 0.471439
hs4 75000000 79999999 0.131835
hs4 80000000 84999999 0.0532846
hs4 85000000 89999999 0.00994205
hs4 90000000 94999999 0.330455
hs4 95000000 99999999 0.792223
hs4 100000000 104999999 0.583671
hs4 105000000 109999999 0.551207
hs4 110000000 114999999 0.906583
hs4 115000000 119999999 0.180354
hs4 120000000 124999999 0.089887
hs4 125000000 129999999 0.213987
hs4 130000000 134999999 0.364982
hs4 135000000 139999999 0.870171
hs4 140000000 144999999 0.195274
hs4 145000000 149999999 0.33898
hs4 150000000 154999999 0.443949
hs4 155000000 159999999 0.967333
hs4 160000000 164999999 0.696121
hs4 165000000 169999999 0.560123
hs4 170000000 174999999 0.774931
hs4 175000000 179999999 0.486078
hs4 180000000 184999999 0.3425
hs4 185000000 189999999 0.693909
hs4 190000000 194999999 0.290725
hs5 0 4999999 0.539438
hs5 5000000 9999999 0.0424291
hs5 10000000 14999999 0.800156
hs5 15000000 19999999 0.935018
hs5 20000000 24999999 0.987691
hs5 25000000 29999999 0.197126
hs5 30000000 34999999 0.677051
hs5 35000000 39999999 0.306415
hs5 40000000 44999999 0.681065
hs5 45000000 49999999 0.639729
hs5 50000000 54999999 0.829742
hs5 55000000 59999999 0.103174
hs5 60000000 64999999 0.309008
hs5 65000000 69999999 0.326065
hs5 70000000 74999999 0.136468
hs5 75000000 79999999 0.253223
hs5 80000000 84999999 0.381219
hs5 85000000 89999999 0.569183
hs5 90000000 94999999 0.576513
hs5 95000000 99999999 0.458887
hs5 100000000 104999999 0.702909
hs5 105000000 109999999 0.827831
hs5 110000000 114999999 0.408913
hs5 115000000 119999999 0.500345
hs5 120000000 124999999 0.119144
hs5 125000000 129999999 0.460542
hs5 130000000 134999999 0.395955
hs5 135000000 139999999 0.913939
hs5 140000000 144999999 0.903112
hs5 145000000 149999999 0.837847
hs5 150000000 154999999 0.0267466
hs5 155000000 159999999 0.435422
hs5 160000000 164999999 0.668858
hs5 165000000 169999999 0.655595
hs5 170000000 174999999 0.150091
hs5 175000000 179999999 0.254598
hs5 180000000 184999999 0.0090362
hs6 0 4999999 0.273733
hs6 5000000 9999999 0.745172
hs6 10000000 14999999 0.877007
hs6 15000000 19999999 0.930292
hs6 20000000 24999999 0.940234
hs6 25000000 29999999 0.270689
hs6 30000000 34999999 0.0629118
hs6 35000000 39999999 0.646583
hs6 40000000 44999999 0.19779
hs6 45000000 49999999 0.104373
hs6 50000000 54999999 0.284727
hs6 55000000 59999999 0.374614
hs6 60000000 64999999 0.588601
hs6 65000000 69999999 0.953583
hs6 70000000 74999999 0.823755
hs6 75000000 79999999 0.0190287
hs6 80000000 84999999 0.358008
hs6 85000000 89999999 0.801958
hs6 90000000 94999999 0.769291
hs6 95000000 99999999 0.465412
hs6 100000000 104999999 0.0255354
hs6 105000000 109999999 0.800467
hs6 110000000 114999999 0.286545
hs6 115000000 119999999 0.629044
hs6 120000000 124999999 0.322953
hs6 125000000 129999999 0.613678
hs6 130000000 134999999 0.153116
hs6 135000000 139999999 0.195545
hs6 140000000 144999999 0.995702
hs6 145000000 149999999 0.93072
hs6 150000000 154999999 0.918411
hs6 155000000 159999999 0.115537
hs6 160000000 164999999 0.792588
hs6 165000000 169999999 0.0990034
hs6 170000000 174999999 0.780069
hs7 0 4999999 0.419797
hs7 5000000 9999999 0.24954
hs7 10000000 14999999 0.352713
hs7 15000000 19999999 0.661721
hs7 20000000 24999999 0.987786
hs7 25000000 29999999 0.124254
hs7 30000000 34999999 0.377477
hs7 35000000 39999999 0.758696
hs7 40000000 44999999 0.327879
hs7 45000000 49999999 0.904392
hs7 50000000 54999999 0.363279
hs7 55000000 59999999 0.0661876
hs7 60000000 64999999 0.894019
hs7 65000000 69999999 0.302931
hs7 70000000 74999999 0.803276
hs7 75000000 79999999 0.92242
hs7 80000000 84999999 0.382962
hs7 85000000 89999999 0.778918
hs7 90000000 94999999 0.692856
hs7 95000000 99999999 0.595969
hs7 100000000 104999999 0.433815
hs7 105000000 109999999 0.460562
hs7 110000000 114999999 0.895984
hs7 115000000 119999999 0.564843
hs7 120000000 124999999 0.220438
hs7 125000000 129999999 0.370529
hs7 130000000 134999999 0.625127
hs7 135000000 139999999 0.634163
hs7 140000000 144999999 0.907896
hs7 145000000 149999999 0.653068
hs7 150000000 154999999 0.530075
hs7 155000000 159999999 0.460367
hs8 0 4999999 0.400601
hs8 5000000 9999999 0.67129
hs8 10000000 14999999 0.734202
hs8 15000000 19999999 0.380785
hs8 20000000 24999999 0.578575
hs8 25000000 29999999 0.682948
hs8 30000000 34999999 0.967676
hs8 35000000 39999999 0.34229
hs8 40000000 44999999 0.930891
hs8 45000000 49999999 0.884474
hs8 50000000 54999999 0.708229
hs8 55000000 59999999 0.727257
hs8 60000000 64999999 0.0852659
hs8 65000000 69999999 0.887224
hs8 70000000 74999999 0.656515
hs8 75000000 79999999 0.121927
hs8 80000000 84999999 0.147462
hs8 85000000 89999999 0.947929
hs8 90000000 94999999 0.234474
hs8 95000000 99999999 0.863518
hs8 100000000 104999999 0.186471
hs8 105000000 109999999 0.80015
hs8 110000000 114999999 0.953266
hs8 115000000 119999999 0.148812
hs8 120000000 124999999 0.144513
hs8 125000000 129999999 0.0752327
hs8 130000000 134999999 0.993643
hs8 135000000 139999999 0.10918
hs8 140000000 144999999 0.901768
hs8 145000000 149999999 0.000771634
hs9 0 4999999 0.78084
hs9 5000000 9999999 0.200637
hs9 10000000 14999999 0.450177
hs9 15000000 19999999 0.80289
hs9 20000000 24999999 0.464611
hs9 25000000 29999999 0.452397
hs9 30000000 34999999 0.57665
hs9 35000000 39999999 0.954127
hs9 40000000 44999999 0.712823
hs9 45000000 49999999 0.0407013
hs9 65000000 69999999 0.945093
hs9 70000000 74999999 0.308372
hs9 75000000 79999999 0.37456
hs9 80000000 84999999 0.268578
hs9 85000000 89999999 0.571509
hs9 90000000 94999999 0.374785
hs9 95000000 99999999 0.297205
hs9 100000000 104999999 0.680168
hs9 105000000 109999999 0.459085
hs9 110000000 114999999 0.151942
hs9 115000000 119999999 0.747911
hs9 120000000 124999999 0.181726
hs9 125000000 129999999 0.642288
hs9 130000000 134999999 0.538272
hs9 135000000 139999999 0.103115
hs9 140000000 144999999 0.323553
hsX 5000000 9999999 0.694082
hsX 10000000 14999999 0.319209
hsX 15000000 19999999 0.953372
hsX 20000000 24999999 0.861268
hsX 25000000 29999999 0.514336
hsX 30000000 34999999 0.0444118
hsX 35000000 39999999 0.504779
hsX 40000000 44999999 0.90538
hsX 45000000 49999999 0.576671
hsX 50000000 54999999 0.310873
hsX 55000000 59999999 0.691658
hsX 60000000 64999999 0.270233
hsX 65000000 69999999 0.953181
hsX 70000000 74999999 0.920857
hsX 75000000 79999999 0.263147
hsX 80000000 84999999 0.194038
hsX 85000000 89999999 0.0785118
hsX 90000000 94999999 0.786741
hsX 95000000 99999999 0.513998
hsX 100000000 104999999 0.599264
hsX 105000000 109999999 0.486487
hsX 110000000 114999999 0.143002
hsX 115000000 119999999 0.264929
hsX 120000000 124999999 0.412392
hsX 125000000 129999999 0.360321
hsX 130000000 134999999 0.594795
hsX 135000000 139999999 0.458313
hsX 140000000 144999999 0.644785
hsX 145000000 149999999 0.444934
hsX 150000000 154999999 0.398201
hsY 0 4999999 0.547012
hsY 5000000 9999999 0.691525
hsY 10000000 14999999 0.766758
hsY 15000000 19999999 0.760401
hsY 20000000 24999999 0.869581
hsY 25000000 29999999 0.77135
hsY 55000000 59999999 0.772121
