hs1 0 4999999 0.783181
hs1 5000000 9999999 0.95094
hs1 10000000 14999999 0.169842
hs1 15000000 19999999 0.496706
hs1 20000000 24999999 0.477247
hs1 25000000 29999999 0.851964
hs1 30000000 34999999 0.0137147
hs1 35000000 39999999 0.254794
hs1 40000000 44999999 0.123501
hs1 45000000 49999999 0.879384
hs1 50000000 54999999 0.63983
hs1 55000000 59999999 0.100019
hs1 60000000 64999999 0.615403
hs1 65000000 69999999 0.297727
hs1 70000000 74999999 0.421538
hs1 75000000 79999999 0.0287115
hs1 80000000 84999999 0.543283
hs1 85000000 89999999 0.0999785
hs1 90000000 94999999 0.941382
hs1 95000000 99999999 0.537802
hs1 100000000 104999999 0.166685
hs1 105000000 109999999 0.88513
hs1 110000000 114999999 0.639007
hs1 115000000 119999999 0.318846
hs1 120000000 124999999 0.662429
hs1 140000000 144999999 0.0219462
hs1 145000000 149999999 0.217308
hs1 150000000 154999999 0.142851
hs1 155000000 159999999 0.65155
hs1 160000000 164999999 0.859563
hs1 165000000 169999999 0.912632
hs1 170000000 174999999 0.129486
hs1 175000000 179999999 0.346498
hs1 180000000 184999999 0.527108
hs1 185000000 189999999 0.896047
hs1 190000000 194999999 0.738706
hs1 195000000 199999999 0.467473
hs1 200000000 204999999 0.662687
hs1 205000000 209999999 0.705812
hs1 210000000 214999999 0.606087
hs1 215000000 219999999 0.0164222
hs1 220000000 224999999 0.0271071
hs1 225000000 229999999 0.167764
hs1 230000000 234999999 0.216872
hs1 235000000 239999999 0.205815
hs1 240000000 244999999 0.999747
hs1 245000000 249999999 0.683116
hs10 0 4999999 0.63941
hs10 5000000 9999999 0.950854
hs10 10000000 14999999 0.150594
hs10 15000000 19999999 0.432198
hs10 20000000 24999999 0.273797
hs10 25000000 29999999 0.533344
hs10 30000000 34999999 0.0945922
hs10 35000000 39999999 0.243707
hs10 40000000 44999999 0.62524
hs10 45000000 49999999 0.73367
hs10 50000000 54999999 0.663031
hs10 55000000 59999999 0.702116
hs10 60000000 64999999 0.0679481
hs10 65000000 69999999 0.805364
hs10 70000000 74999999 0.286646
hs10 75000000 79999999 0.774055
hs10 80000000 84999999 0.557237
hs10 85000000 89999999 0.508176
hs10 90000000 94999999 0.678019
hs10 95000000 99999999 0.174725
hs10 100000000 104999999 0.651973
hs10 105000000 109999999 0.503936
hs10 110000000 114999999 0.517651
hs10 115000000 119999999 0.772445
hs10 120000000 124999999 0.895945
hs10 125000000 129999999 0.77533
hs10 130000000 134999999 0.41516
hs10 135000000 139999999 0.515179
hs11 0 4999999 0.130582
hs11 5000000 9999999 0.42831
hs11 10000000 14999999 0.849848
hs11 15000000 19999999 0.878559
hs11 20000000 24999999 0.421842
hs11 25000000 29999999 0.521821
hs11 30000000 34999999 0.463202
hs11 35000000 39999999 0.00100433
hs11 40000000 44999999 0.167689
hs11 45000000 49999999 0.0528191
hs11 50000000 54999999 0.691826
hs11 55000000 59999999 0.0106725
hs11 60000000 64999999 0.673102
hs11 65000000 69999999 0.695048
hs11 70000000 74999999 0.912356
hs11 75000000 79999999 0.0552065
hs11 80000000 84999999 0.706757
hs11 85000000 89999999 0.56632
hs11 90000000 94999999 0.478952
hs11 95000000 99999999 0.608437
hs11 100000000 104999999 0.954935
hs11 105000000 109999999 0.482043
hs11 110000000 114999999 0.378091
hs11 115000000 119999999 0.116796
hs11 120000000 124999999 0.584269
hs11 125000000 129999999 0.246957
hs11 130000000 134999999 0.952769
hs12 0 4999999 0.558856
hs12 5000000 9999999 0.575278
hs12 10000000 14999999 0.602385
hs12 15000000 19999999 0.770149
hs12 20000000 24999999 0.987022
hs12 25000000 29999999 0.192837
hs12 30000000 34999999 0.192584
hs12 35000000 39999999 0.8757
hs12 40000000 44999999 0.515111
hs12 45000000 49999999 0.465965
hs12 50000000 54999999 0.616559
hs12 55000000 59999999 0.048757
hs12 60000000 64999999 0.322554
hs12 65000000 69999999 0.855898
hs12 70000000 74999999 0.95049
hs12 75000000 79999999 0.194198
hs12 80000000 84999999 0.819438
hs12 85000000 89999999 0.553108
hs12 90000000 94999999 0.216139
hs12 95000000 99999999 0.918255
hs12 100000000 104999999 0.986203
hs12 105000000 109999999 0.791568
hs12 110000000 114999999 0.0782137
hs12 115000000 119999999 0.852269
hs12 120000000 124999999 0.409506
hs12 125000000 129999999 0.917682
hs12 130000000 134999999 0.595701
hs13 15000000 19999999 0.770426
hs13 20000000 24999999 0.422399
hs13 25000000 29999999 0.926335
hs13 30000000 34999999 0.443986
hs13 35000000 39999999 0.216431
hs13 40000000 44999999 0.112376
hs13 45000000 49999999 0.887706
hs13 50000000 54999999 0.302866
hs13 55000000 59999999 0.818045
hs13 60000000 64999999 0.948627
hs13 65000000 69999999 0.376937
hs13 70000000 74999999 0.226784
hs13 75000000 79999999 0.105344
hs13 80000000 84999999 0.527186
hs13 85000000 89999999 0.0490064
hs13 90000000 94999999 0.512209
hs13 95000000 99999999 0.513213
hs13 100000000 104999999 0.680903
hs13 105000000 109999999 0.733722
hs13 110000000 114999999 0.425548
hs14 15000000 19999999 0.436221
hs14 20000000 24999999 0.109322
hs14 25000000 29999999 0.80437
hs14 30000000 34999999 0.716726
hs14 35000000 39999999 0.771932
hs14 40000000 44999999 0.478689
hs14 45000000 49999999 0.0450087
hs14 50000000 54999999 0.523961
hs14 55000000 59999999 0.132398
hs14 60000000 64999999 0.0873329
hs14 65000000 69999999 0.569376
hs14 70000000 74999999 0.947467
hs14 75000000 79999999 0.0642632
hs14 80000000 84999999 0.648532
hs14 85000000 89999999 0.895489
hs14 90000000 94999999 0.848258
hs14 95000000 99999999 0.407114
hs14 100000000 104999999 0.982392
hs14 105000000 109999999 0.584777
hs15 15000000 19999999 0.354926
hs15 20000000 24999999 0.341947
hs15 25000000 29999999 0.534784
hs15 30000000 34999999 0.727368
hs15 35000000 39999999 0.603068
hs15 40000000 44999999 0.118179
hs15 45000000 49999999 0.584144
hs15 50000000 54999999 0.200703
hs15 55000000 59999999 0.24946
hs15 60000000 64999999 0.572014
hs15 65000000 69999999 0.427912
hs15 70000000 74999999 0.378402
hs15 75000000 79999999 0.5726
hs15 80000000 84999999 0.392038
hs15 85000000 89999999 0.945145
hs15 90000000 94999999 0.161284
hs15 95000000 99999999 0.0795391
hs15 100000000 104999999 0.0657425
hs16 0 4999999 0.85731
hs16 5000000 9999999 0.935524
hs16 10000000 14999999 0.787793
hs16 15000000 19999999 0.197299
hs16 20000000 24999999 0.114981
hs16 25000000 29999999 0.710682
hs16 30000000 34999999 0.481108
hs16 45000000 49999999 0.903507
hs16 50000000 54999999 0.829842
hs16 55000000 59999999 0.273829
hs16 60000000 64999999 0.49026
hs16 65000000 69999999 0.602636
hs16 70000000 74999999 0.490342
hs16 75000000 79999999 0.793208
hs16 80000000 84999999 0.611252
hs16 85000000 89999999 0.559879
hs17 0 4999999 0.936816
hs17 5000000 9999999 0.1636
hs17 10000000 14999999 0.268944
hs17 15000000 19999999 0.79613
hs17 20000000 24999999 0.845136
hs17 25000000 29999999 0.357345
hs17 30000000 34999999 0.870558
hs17 35000000 39999999 0.551461
hs17 40000000 44999999 0.285183
hs17 45000000 49999999 0.710731
hs17 50000000 54999999 0.146952
hs17 55000000 59999999 0.256274
hs17 60000000 64999999 0.0606443
hs17 65000000 69999999 0.77737
hs17 70000000 74999999 0.549303
hs17 75000000 79999999 0.0279918
hs18 0 4999999 0.0730004
hs18 5000000 9999999 0.596961
hs18 10000000 14999999 0.729359
hs18 15000000 19999999 0.816692
hs18 20000000 24999999 0.386068
hs18 25000000 29999999 0.333535
hs18 30000000 34999999 0.397798
hs18 35000000 39999999 0.0463308
hs18 40000000 44999999 0.94182
hs18 45000000 49999999 0.790078
hs18 50000000 54999999 0.197191
hs18 55000000 59999999 0.179583
hs18 60000000 64999999 0.76436
hs18 65000000 69999999 0.119285
hs18 70000000 74999999 0.461233
hs18 75000000 79999999 0.996017
hs19 0 4999999 0.723385
hs19 5000000 9999999 0.326453
hs19 10000000 14999999 0.444633
hs19 15000000 19999999 0.0287768
hs19 20000000 24999999 0.22948
hs19 30000000 34999999 0.47894
hs19 35000000 39999999 0.0509539
hs19 40000000 44999999 0.478866
hs19 45000000 49999999 0.857268
hs19 50000000 54999999 0.429868
hs19 55000000 59999999 0.821906
hs19 60000000 64999999 0.767051
hs2 0 4999999 0.928335
hs2 5000000 9999999 0.00787421
hs2 10000000 14999999 0.0736167
hs2 15000000 19999999 0.930927
hs2 20000000 24999999 0.866451
hs2 25000000 29999999 0.654244
hs2 30000000 34999999 0.851542
hs2 35000000 39999999 0.966523
hs2 40000000 44999999 0.677204
hs2 45000000 49999999 0.158312
hs2 50000000 54999999 0.0618195
hs2 55000000 59999999 0.891662
hs2 60000000 64999999 0.165491
hs2 65000000 69999999 0.655751
hs2 70000000 74999999 0.258387
hs2 75000000 79999999 0.748729
hs2 80000000 84999999 0.541937
hs2 85000000 89999999 0.153189
hs2 90000000 94999999 0.713068
hs2 95000000 99999999 0.649884
hs2 100000000 104999999 0.813484
hs2 105000000 109999999 0.0824276
hs2 110000000 114999999 0.878557
hs2 115000000 119999999 0.723693
hs2 120000000 124999999 0.081038
hs2 125000000 129999999 0.951596
hs2 130000000 134999999 0.503057
hs2 135000000 139999999 0.78824
hs2 140000000 144999999 0.498971
hs2 145000000 149999999 0.645922
hs2 150000000 154999999 0.902196
hs2 155000000 159999999 0.962841
hs2 160000000 164999999 0.740211
hs2 165000000 169999999 0.289514
hs2 170000000 174999999 0.317505
hs2 175000000 179999999 0.390506
hs2 180000000 184999999 0.987467
hs2 185000000 189999999 0.716826
hs2 190000000 194999999 0.533518
hs2 195000000 199999999 0.919586
hs2 200000000 204999999 0.253121
hs2 205000000 209999999 0.650919
hs2 210000000 214999999 0.69725
hs2 215000000 219999999 0.63907
hs2 220000000 224999999 0.429148
hs2 225000000 229999999 0.626339
hs2 230000000 234999999 0.805922
hs2 235000000 239999999 0.570281
hs2 240000000 244999999 0.689567
hs20 0 4999999 0.150799
hs20 5000000 9999999 0.146816
hs20 10000000 14999999 0.870201
hs20 15000000 19999999 0.196655
hs20 20000000 24999999 0.641288
hs20 25000000 29999999 0.670065
hs20 30000000 34999999 0.899544
hs20 35000000 39999999 0.378484
hs20 40000000 44999999 0.429438
hs20 45000000 49999999 0.908304
hs20 50000000 54999999 0.765572
hs20 55000000 59999999 0.195441
hs20 60000000 64999999 0.0173467
hs21 5000000 9999999 0.784398
hs21 10000000 14999999 0.712733
hs21 15000000 19999999 0.720607
hs21 20000000 24999999 0.794224
hs21 25000000 29999999 0.725151
hs21 30000000 34999999 0.591601
hs21 35000000 39999999 0.245845
hs21 40000000 44999999 0.0973873
hs21 45000000 49999999 0.0639101
hs22 15000000 19999999 0.741115
hs22 20000000 24999999 0.899427
hs22 25000000 29999999 0.961247
hs22 30000000 34999999 0.852908
hs22 35000000 39999999 0.0183994
hs22 40000000 44999999 0.67415
hs22 45000000 49999999 0.932537
hs3 0 4999999 0.681266
hs3 5000000 9999999 0.223203
hs3 10000000 14999999 0.376392
hs3 15000000 19999999 0.0894601
hs3 20000000 24999999 0.739344
hs3 25000000 29999999 0.552828
hs3 30000000 34999999 0.635255
hs3 35000000 39999999 0.513812
hs3 40000000 44999999 0.237505
hs3 45000000 49999999 0.318543
hs3 50000000 54999999 0.27014
hs3 55000000 59999999 0.773197
hs3 60000000 64999999 0.561436
hs3 65000000 69999999 0.0604069
hs3 70000000 74999999 0.706329
hs3 75000000 79999999 0.608525
hs3 80000000 84999999 0.571366
hs3 85000000 89999999 0.311576
hs3 90000000 94999999 0.60109
hs3 95000000 99999999 0.918595
hs3 100000000 104999999 0.309101
hs3 105000000 109999999 0.296568
hs3 110000000 114999999 0.0133936
hs3 115000000 119999999 0.546911
hs3 120000000 124999999 0.466497
hs3 125000000 129999999 0.719618
hs3 130000000 134999999 0.370538
hs3 135000000 139999999 0.067788
hs3 140000000 144999999 0.706858
hs3 145000000 149999999 0.136006
hs3 150000000 154999999 0.762344
hs3 155000000 159999999 0.568266
hs3 160000000 164999999 0.138548
hs3 165000000 169999999 0.828114
hs3 170000000 174999999 0.978914
hs3 175000000 179999999 0.12573
hs3 180000000 184999999 0.995932
hs3 185000000 189999999 0.192587
hs3 190000000 194999999 0.833874
hs3 195000000 199999999 0.503939
hs4 0 4999999 0.403483
hs4 5000000 9999999 0.781968
hs4 10000000 14999999 0.211406
hs4 15000000 19999999 0.11971
hs4 20000000 24999999 0.885283
hs4 25000000 29999999 0.0807233
hs4 30000000 34999999 0.09807
hs4 35000000 39999999 0.882468
hs4 40000000 44999999 0.595201
hs4 45000000 49999999 0.315808
hs4 50000000 54999999 0.110031
hs4 55000000 59999999 0.835182
hs4 60000000 64999999 0.426783
hs4 65000000 69999999 0.672629
hs4 70000000 74999999 0.770016
hs4 75000000 79999999 0.833926
hs4 80000000 84999999 0.575041
hs4 85000000 89999999 0.474468
hs4 90000000 94999999 0.435714
hs4 95000000 99999999 0.288623
hs4 100000000 104999999 0.307022
hs4 105000000 109999999 0.981172
hs4 110000000 114999999 0.91371
hs4 115000000 119999999 0.594976
hs4 120000000 124999999 0.818179
hs4 125000000 129999999 0.194572
hs4 130000000 134999999 0.284032
hs4 135000000 139999999 0.0233755
hs4 140000000 144999999 0.576203
hs4 145000000 149999999 0.211458
hs4 150000000 154999999 0.725271
hs4 155000000 159999999 0.962776
hs4 160000000 164999999 0.28132
hs4 165000000 169999999 0.551459
hs4 170000000 174999999 0.324656
hs4 175000000 179999999 0.886092
hs4 180000000 184999999 0.946499
hs4 185000000 189999999 0.652828
hs4 190000000 194999999 0.261353
hs5 0 4999999 0.832719
hs5 5000000 9999999 0.144296
hs5 10000000 14999999 0.745386
hs5 15000000 19999999 0.663981
hs5 20000000 24999999 0.973082
hs5 25000000 29999999 0.26965
hs5 30000000 34999999 0.283043
hs5 35000000 39999999 0.829955
hs5 40000000 44999999 0.296452
hs5 45000000 49999999 0.0160701
hs5 50000000 54999999 0.386608
hs5 55000000 59999999 0.454396
hs5 60000000 64999999 0.161254
hs5 65000000 69999999 0.297259
hs5 70000000 74999999 0.0596037
hs5 75000000 79999999 0.62787
hs5 80000000 84999999 0.766417
hs5 85000000 89999999 0.594532
hs5 90000000 94999999 0.573446
hs5 95000000 99999999 0.699176
hs5 100000000 104999999 0.695107
hs5 105000000 109999999 0.887694
hs5 110000000 114999999 0.721568
hs5 115000000 119999999 0.225507
hs5 120000000 124999999 0.628991
hs5 125000000 129999999 0.410958
hs5 130000000 134999999 0.622364
hs5 135000000 139999999 0.742074
hs5 140000000 144999999 0.627357
hs5 145000000 149999999 0.70808
hs5 150000000 154999999 0.80615
hs5 155000000 159999999 0.688618
hs5 160000000 164999999 0.283818
hs5 165000000 169999999 0.599626
hs5 170000000 174999999 0.709658
hs5 175000000 179999999 0.54484
hs5 180000000 184999999 0.971623
hs6 0 4999999 0.644252
hs6 5000000 9999999 0.414267
hs6 10000000 14999999 0.248194
hs6 15000000 19999999 0.823234
hs6 20000000 24999999 0.297702
hs6 25000000 29999999 0.733416
hs6 30000000 34999999 0.0220386
hs6 35000000 39999999 0.329061
hs6 40000000 44999999 0.310233
hs6 45000000 49999999 0.223943
hs6 50000000 54999999 0.818919
hs6 55000000 59999999 0.637098
hs6 60000000 64999999 0.83167
hs6 65000000 69999999 0.115701
hs6 70000000 74999999 0.139077
hs6 75000000 79999999 0.71528
hs6 80000000 84999999 0.926738
hs6 85000000 89999999 0.652009
hs6 90000000 94999999 0.614785
hs6 95000000 99999999 0.896105
hs6 100000000 104999999 0.447564
hs6 105000000 109999999 0.77222
hs6 110000000 114999999 0.658313
hs6 115000000 119999999 0.604812
hs6 120000000 124999999 0.25764
hs6 125000000 129999999 0.518994
hs6 130000000 134999999 0.351713
hs6 135000000 139999999 0.496009
hs6 140000000 144999999 0.241394
hs6 145000000 149999999 0.905375
hs6 150000000 154999999 0.878457
hs6 155000000 159999999 0.148107
hs6 160000000 164999999 0.43115
hs6 165000000 169999999 0.261105
hs6 170000000 174999999 0.557557
hs7 0 4999999 0.573627
hs7 5000000 9999999 0.960234
hs7 10000000 14999999 0.41463
hs7 15000000 19999999 0.575884
hs7 20000000 24999999 0.873143
hs7 25000000 29999999 0.932747
hs7 30000000 34999999 0.560617
hs7 35000000 39999999 0.327034
hs7 40000000 44999999 0.921566
hs7 45000000 49999999 0.495011
hs7 50000000 54999999 0.194187
hs7 55000000 59999999 0.889294
hs7 60000000 64999999 0.776988
hs7 65000000 69999999 0.498557
hs7 70000000 74999999 0.724064
hs7 75000000 79999999 0.353055
hs7 80000000 84999999 0.764013
hs7 85000000 89999999 0.386377
hs7 90000000 94999999 0.128451
hs7 95000000 99999999 0.755808
hs7 100000000 104999999 0.463888
hs7 105000000 109999999 0.270038
hs7 110000000 114999999 0.958656
hs7 115000000 119999999 0.242474
hs7 120000000 124999999 0.8421
hs7 125000000 129999999 0.551758
hs7 130000000 134999999 0.0965975
hs7 135000000 139999999 0.0682206
hs7 140000000 144999999 0.712472
hs7 145000000 149999999 0.12674
hs7 150000000 154999999 0.374933
hs7 155000000 159999999 0.198167
hs8 0 4999999 0.495869
hs8 5000000 9999999 0.229285
hs8 10000000 14999999 0.251324
hs8 15000000 19999999 0.580384
hs8 20000000 24999999 0.890617
hs8 25000000 29999999 0.11456
hs8 30000000 34999999 0.933479
hs8 35000000 39999999 0.570577
hs8 40000000 44999999 0.402246
hs8 45000000 49999999 0.517948
hs8 50000000 54999999 0.657025
hs8 55000000 59999999 0.372304
hs8 60000000 64999999 0.299043
hs8 65000000 69999999 0.951051
hs8 70000000 74999999 0.565837
hs8 75000000 79999999 0.461941
hs8 80000000 84999999 0.909506
hs8 85000000 89999999 0.681726
hs8 90000000 94999999 0.340038
hs8 95000000 99999999 0.94485
hs8 100000000 104999999 0.202491
hs8 105000000 109999999 0.721484
hs8 110000000 114999999 0.0731974
hs8 115000000 119999999 0.569206
hs8 120000000 124999999 0.8106
hs8 125000000 129999999 0.715975
hs8 130000000 134999999 0.594432
hs8 135000000 139999999 0.742539
hs8 140000000 144999999 0.173689
hs8 145000000 149999999 0.434794
hs9 0 4999999 0.99235
hs9 5000000 9999999 0.565977
hs9 10000000 14999999 0.526211
hs9 15000000 19999999 0.940841
hs9 20000000 24999999 0.516725
hs9 25000000 29999999 0.389868
hs9 30000000 34999999 0.322615
hs9 35000000 39999999 0.883232
hs9 40000000 44999999 0.210266
hs9 45000000 49999999 0.131831
hs9 65000000 69999999 0.626843
hs9 70000000 74999999 0.821029
hs9 75000000 79999999 0.710324
hs9 80000000 84999999 0.487312
hs9 85000000 89999999 0.985869
hs9 90000000 94999999 0.709933
hs9 95000000 99999999 0.062988
hs9 100000000 104999999 0.827001
hs9 105000000 109999999 0.213378
hs9 110000000 114999999 0.341829
hs9 115000000 119999999 0.0976366
hs9 120000000 124999999 0.561524
hs9 125000000 129999999 0.831562
hs9 130000000 134999999 0.790218
hs9 135000000 139999999 0.0326917
hs9 140000000 144999999 0.874792
hsX 5000000 9999999 0.42655
hsX 10000000 14999999 0.523147
hsX 15000000 19999999 0.591368
hsX 20000000 24999999 0.30384
hsX 25000000 29999999 0.43058
hsX 30000000 34999999 0.805513
hsX 35000000 39999999 0.0036804
hsX 40000000 44999999 0.499549
hsX 45000000 49999999 0.728835
hsX 50000000 54999999 0.980158
hsX 55000000 59999999 0.560542
hsX 60000000 64999999 0.45116
hsX 65000000 69999999 0.56572
hsX 70000000 74999999 0.499198
hsX 75000000 79999999 0.0697751
hsX 80000000 84999999 0.472022
hsX 85000000 89999999 0.989969
hsX 90000000 94999999 0.646994
hsX 95000000 99999999 0.0192982
hsX 100000000 104999999 0.318341
hsX 105000000 109999999 0.269392
hsX 110000000 114999999 0.835229
hsX 115000000 119999999 0.29717
hsX 120000000 124999999 0.206676
hsX 125000000 129999999 0.888401
hsX 130000000 134999999 0.22844
hsX 135000000 139999999 0.17329
hsX 140000000 144999999 0.375781
hsX 145000000 149999999 0.0972654
hsX 150000000 154999999 0.170463
hsY 0 4999999 0.739669
hsY 5000000 9999999 0.550269
hsY 10000000 14999999 0.266244
hsY 15000000 19999999 0.860676
hsY 20000000 24999999 0.603215
hsY 25000000 29999999 0.776904
hsY 55000000 59999999 0.211697
