hs1 0 4999999 0.034176
hs1 5000000 9999999 0.677982
hs1 10000000 14999999 0.552536
hs1 15000000 19999999 0.504872
hs1 20000000 24999999 0.763417
hs1 25000000 29999999 0.842128
hs1 30000000 34999999 0.791806
hs1 35000000 39999999 0.737004
hs1 40000000 44999999 0.825877
hs1 45000000 49999999 0.736108
hs1 50000000 54999999 0.807413
hs1 55000000 59999999 0.940418
hs1 60000000 64999999 0.0310228
hs1 65000000 69999999 0.617999
hs1 70000000 74999999 0.660776
hs1 75000000 79999999 0.22763
hs1 80000000 84999999 0.870793
hs1 85000000 89999999 0.322752
hs1 90000000 94999999 0.607454
hs1 95000000 99999999 0.853947
hs1 100000000 104999999 0.657299
hs1 105000000 109999999 0.515583
hs1 110000000 114999999 0.847333
hs1 115000000 119999999 0.879296
hs1 120000000 124999999 0.891873
hs1 140000000 144999999 0.679678
hs1 145000000 149999999 0.664214
hs1 150000000 154999999 0.0583241
hs1 155000000 159999999 0.266947
hs1 160000000 164999999 0.832239
hs1 165000000 169999999 0.646621
hs1 170000000 174999999 0.208206
hs1 175000000 179999999 0.800944
hs1 180000000 184999999 0.160147
hs1 185000000 189999999 0.0704027
hs1 190000000 194999999 0.189514
hs1 195000000 199999999 0.224244
hs1 200000000 204999999 0.823185
hs1 205000000 209999999 0.744199
hs1 210000000 214999999 0.557697
hs1 215000000 219999999 0.248127
hs1 220000000 224999999 0.462455
hs1 225000000 229999999 0.809869
hs1 230000000 234999999 0.791808
hs1 235000000 239999999 0.1458
hs1 240000000 244999999 0.209315
hs1 245000000 249999999 0.0987142
hs10 0 4999999 0.970298
hs10 5000000 9999999 0.776702
hs10 10000000 14999999 0.17224
hs10 15000000 19999999 0.0743432
hs10 20000000 24999999 0.560734
hs10 25000000 29999999 0.117405
hs10 30000000 34999999 0.981277
hs10 35000000 39999999 0.0718729
hs10 40000000 44999999 0.745328
hs10 45000000 49999999 0.718089
hs10 50000000 54999999 0.539613
hs10 55000000 59999999 0.979014
hs10 60000000 64999999 0.784907
hs10 65000000 69999999 0.870498
hs10 70000000 74999999 0.894364
hs10 75000000 79999999 0.589626
hs10 80000000 84999999 0.623802
hs10 85000000 89999999 0.301784
hs10 90000000 94999999 0.85432
hs10 95000000 99999999 0.359192
hs10 100000000 104999999 0.122608
hs10 105000000 109999999 0.964736
hs10 110000000 114999999 0.756542
hs10 115000000 119999999 0.493546
hs10 120000000 124999999 0.319423
hs10 125000000 129999999 0.0555312
hs10 130000000 134999999 0.862944
hs10 135000000 139999999 0.803362
hs11 0 4999999 0.834385
hs11 5000000 9999999 0.452384
hs11 10000000 14999999 0.11316
hs11 15000000 19999999 0.34079
hs11 20000000 24999999 0.211583
hs11 25000000 29999999 0.534334
hs11 30000000 34999999 0.141789
hs11 35000000 39999999 0.995736
hs11 40000000 44999999 0.653035
hs11 45000000 49999999 0.168618
hs11 50000000 54999999 0.0159512
hs11 55000000 59999999 0.895248
hs11 60000000 64999999 0.78712
hs11 65000000 69999999 0.466799
hs11 70000000 74999999 0.131013
hs11 75000000 79999999 0.189337
hs11 80000000 84999999 0.456285
hs11 85000000 89999999 0.288524
hs11 90000000 94999999 0.935145
hs11 95000000 99999999 0.143352
hs11 100000000 104999999 0.944296
hs11 105000000 109999999 0.104443
hs11 110000000 114999999 0.174845
hs11 115000000 119999999 0.364359
hs11 120000000 124999999 0.588603
hs11 125000000 129999999 0.411788
hs11 130000000 134999999 0.155987
hs12 0 4999999 0.713684
hs12 5000000 9999999 0.961811
hs12 10000000 14999999 0.424266
hs12 15000000 19999999 0.234135
hs12 20000000 24999999 0.0259432
hs12 25000000 29999999 0.171743
hs12 30000000 34999999 0.381058
hs12 35000000 39999999 0.479772
hs12 40000000 44999999 0.45007
hs12 45000000 49999999 0.226772
hs12 50000000 54999999 0.399011
hs12 55000000 59999999 0.473355
hs12 60000000 64999999 0.0340892
hs12 65000000 69999999 0.151494
hs12 70000000 74999999 0.132771
hs12 75000000 79999999 0.204644
hs12 80000000 84999999 0.949973
hs12 85000000 89999999 0.668062
hs12 90000000 94999999 0.207674
hs12 95000000 99999999 0.186688
hs12 100000000 104999999 0.971595
hs12 105000000 109999999 0.842093
hs12 110000000 114999999 0.736457
hs12 115000000 119999999 0.326083
hs12 120000000 124999999 0.949885
hs12 125000000 129999999 0.25167
hs12 130000000 134999999 0.10599
hs13 15000000 19999999 0.465182
hs13 20000000 24999999 0.58779
hs13 25000000 29999999 0.552526
hs13 30000000 34999999 0.309068
hs13 35000000 39999999 0.802615
hs13 40000000 44999999 0.122038
hs13 45000000 49999999 0.177569
hs13 50000000 54999999 0.0405134
hs13 55000000 59999999 0.843876
hs13 60000000 64999999 0.678261
hs13 65000000 69999999 0.130645
hs13 70000000 74999999 0.243805
hs13 75000000 79999999 0.584595
hs13 80000000 84999999 0.796177
hs13 85000000 89999999 0.330512
hs13 90000000 94999999 0.4723
hs13 95000000 99999999 0.468036
hs13 100000000 104999999 0.121071
hs13 105000000 109999999 0.289689
hs13 110000000 114999999 0.30564
hs14 15000000 19999999 0.200888
hs14 20000000 24999999 0.988008
hs14 25000000 29999999 0.454807
hs14 30000000 34999999 0.58582
hs14 35000000 39999999 0.775157
hs14 40000000 44999999 0.231442
hs14 45000000 49999999 0.519966
hs14 50000000 54999999 0.455111
hs14 55000000 59999999 0.598462
hs14 60000000 64999999 0.542758
hs14 65000000 69999999 0.647201
hs14 70000000 74999999 0.822047
hs14 75000000 79999999 0.186406
hs14 80000000 84999999 0.775009
hs14 85000000 89999999 0.186798
hs14 90000000 94999999 0.342785
hs14 95000000 99999999 0.056469
hs14 100000000 104999999 0.01828
hs14 105000000 109999999 0.442546
hs15 15000000 19999999 0.676681
hs15 20000000 24999999 0.702625
hs15 25000000 29999999 0.874368
hs15 30000000 34999999 0.255426
hs15 35000000 39999999 0.735198
hs15 40000000 44999999 0.185268
hs15 45000000 49999999 0.41204
hs15 50000000 54999999 0.811051
hs15 55000000 59999999 0.284406
hs15 60000000 64999999 0.318495
hs15 65000000 69999999 0.469989
hs15 70000000 74999999 0.60276
hs15 75000000 79999999 0.807404
hs15 80000000 84999999 0.757377
hs15 85000000 89999999 0.425438
hs15 90000000 94999999 0.633113
hs15 95000000 99999999 0.819801
hs15 100000000 104999999 0.791397
hs16 0 4999999 0.633489
hs16 5000000 9999999 0.369946
hs16 10000000 14999999 0.69603
hs16 15000000 19999999 0.645915
hs16 20000000 24999999 0.897585
hs16 25000000 29999999 0.00357435
hs16 30000000 34999999 0.468756
hs16 45000000 49999999 0.0565459
hs16 50000000 54999999 0.609072
hs16 55000000 59999999 0.91814
hs16 60000000 64999999 0.720755
hs16 65000000 69999999 0.842793
hs16 70000000 74999999 0.0203628
hs16 75000000 79999999 0.0608762
hs16 80000000 84999999 0.904752
hs16 85000000 89999999 0.583012
hs17 0 4999999 0.713657
hs17 5000000 9999999 0.957462
hs17 10000000 14999999 0.542057
hs17 15000000 19999999 0.338234
hs17 20000000 24999999 0.668746
hs17 25000000 29999999 0.141046
hs17 30000000 34999999 0.609082
hs17 35000000 39999999 0.730154
hs17 40000000 44999999 0.0198424
hs17 45000000 49999999 0.325482
hs17 50000000 54999999 0.52637
hs17 55000000 59999999 0.514378
hs17 60000000 64999999 0.969185
hs17 65000000 69999999 0.555005
hs17 70000000 74999999 0.330162
hs17 75000000 79999999 0.561604
hs18 0 4999999 0.0815699
hs18 5000000 9999999 0.536681
hs18 10000000 14999999 0.135143
hs18 15000000 19999999 0.677902
hs18 20000000 24999999 0.325103
hs18 25000000 29999999 0.147149
hs18 30000000 34999999 0.333555
hs18 35000000 39999999 0.108564
hs18 40000000 44999999 0.295362
hs18 45000000 49999999 0.638147
hs18 50000000 54999999 0.694616
hs18 55000000 59999999 0.712896
hs18 60000000 64999999 0.155442
hs18 65000000 69999999 0.832124
hs18 70000000 74999999 0.534748
hs18 75000000 79999999 0.409116
hs19 0 4999999 0.664542
hs19 5000000 9999999 0.39974
hs19 10000000 14999999 0.585007
hs19 15000000 19999999 0.997047
hs19 20000000 24999999 0.808098
hs19 30000000 34999999 0.0925038
hs19 35000000 39999999 0.410999
hs19 40000000 44999999 0.880987
hs19 45000000 49999999 0.483747
hs19 50000000 54999999 0.291151
hs19 55000000 59999999 0.0485282
hs19 60000000 64999999 0.473967
hs2 0 4999999 0.10708
hs2 5000000 9999999 0.926881
hs2 10000000 14999999 0.718277
hs2 15000000 19999999 0.351767
hs2 20000000 24999999 0.721713
hs2 25000000 29999999 0.417743
hs2 30000000 34999999 0.0636578
hs2 35000000 39999999 0.961243
hs2 40000000 44999999 0.964817
hs2 45000000 49999999 0.433573
hs2 50000000 54999999 0.490119
hs2 55000000 59999999 0.0991909
hs2 60000000 64999999 0.0173313
hs2 65000000 69999999 0.738086
hs2 70000000 74999999 0.58088
hs2 75000000 79999999 0.601243
hs2 80000000 84999999 0.662119
hs2 85000000 89999999 0.566871
hs2 90000000 94999999 0.149883
hs2 95000000 99999999 0.863541
hs2 100000000 104999999 0.821003
hs2 105000000 109999999 0.36306
hs2 110000000 114999999 0.701295
hs2 115000000 119999999 0.370041
hs2 120000000 124999999 0.511087
hs2 125000000 129999999 0.12017
hs2 130000000 134999999 0.850323
hs2 135000000 139999999 0.870165
hs2 140000000 144999999 0.195648
hs2 145000000 149999999 0.722018
hs2 150000000 154999999 0.236396
hs2 155000000 159999999 0.205581
hs2 160000000 164999999 0.760586
hs2 165000000 169999999 0.0907479
hs2 170000000 174999999 0.652352
hs2 175000000 179999999 0.733922
hs2 180000000 184999999 0.270603
hs2 185000000 189999999 0.405746
hs2 190000000 194999999 0.0836476
hs2 195000000 199999999 0.40875
hs2 200000000 204999999 0.555899
hs2 205000000 209999999 0.889454
hs2 210000000 214999999 0.998019
hs2 215000000 219999999 0.293381
hs2 220000000 224999999 0.931528
hs2 225000000 229999999 0.626144
hs2 230000000 234999999 0.33904
hs2 235000000 239999999 0.494482
hs2 240000000 244999999 0.326606
hs20 0 4999999 0.861354
hs20 5000000 9999999 0.27047
hs20 10000000 14999999 0.935011
hs20 15000000 19999999 0.334751
hs20 20000000 24999999 0.919758
hs20 25000000 29999999 0.916806
hs20 30000000 34999999 0.724904
hs20 35000000 39999999 0.817407
hs20 40000000 44999999 0.228406
hs20 45000000 49999999 0.109393
hs20 50000000 54999999 0.59314
hs20 55000000 59999999 0.884292
hs20 60000000 64999999 0.93282
hs21 5000000 9999999 0.406787
hs21 10000000 14999999 0.513866
hs21 15000000 19999999 0.440747
hs21 20000000 24999999 0.159024
hs21 25000000 29999999 0.510791
hs21 30000000 34999999 0.232504
hs21 35000000 39999999 0.650246
hs21 40000000 44999999 0.713904
hs21 45000000 49999999 0.675147
hs22 15000000 19999999 0.639964
hs22 20000000 24999999 0.0735365
hs22 25000000 29999999 0.563655
hs22 30000000 34999999 0.662846
hs22 35000000 39999999 0.680177
hs22 40000000 44999999 0.418264
hs22 45000000 49999999 0.999144
hs3 0 4999999 0.600387
hs3 5000000 9999999 0.262505
hs3 10000000 14999999 0.829376
hs3 15000000 19999999 0.979259
hs3 20000000 24999999 0.8428
hs3 25000000 29999999 0.663803
hs3 30000000 34999999 0.0268627
hs3 35000000 39999999 0.728157
hs3 40000000 44999999 0.0981979
hs3 45000000 49999999 0.609285
hs3 50000000 54999999 0.729454
hs3 55000000 59999999 0.579778
hs3 60000000 64999999 0.449943
hs3 65000000 69999999 0.645591
hs3 70000000 74999999 0.367609
hs3 75000000 79999999 0.604005
hs3 80000000 84999999 0.809585
hs3 85000000 89999999 0.570171
hs3 90000000 94999999 0.660919
hs3 95000000 99999999 0.313271
hs3 100000000 104999999 0.0471932
hs3 105000000 109999999 0.317796
hs3 110000000 114999999 0.723542
hs3 115000000 119999999 0.80719
hs3 120000000 124999999 0.21594
hs3 125000000 129999999 0.771839
hs3 130000000 134999999 0.661294
hs3 135000000 139999999 0.659312
hs3 140000000 144999999 0.952693
hs3 145000000 149999999 0.884221
hs3 150000000 154999999 0.510364
hs3 155000000 159999999 0.849404
hs3 160000000 164999999 0.343886
hs3 165000000 169999999 0.670492
hs3 170000000 174999999 0.531846
hs3 175000000 179999999 0.802315
hs3 180000000 184999999 0.737327
hs3 185000000 189999999 0.0720777
hs3 190000000 194999999 0.991836
hs3 195000000 199999999 0.908642
hs4 0 4999999 0.633545
hs4 5000000 9999999 0.450953
hs4 10000000 14999999 0.679359
hs4 15000000 19999999 0.788752
hs4 20000000 24999999 0.381892
hs4 25000000 29999999 0.266184
hs4 30000000 34999999 0.199004
hs4 35000000 39999999 0.605791
hs4 40000000 44999999 0.119657
hs4 45000000 49999999 0.560404
hs4 50000000 54999999 0.719428
hs4 55000000 59999999 0.230219
hs4 60000000 64999999 0.462723
hs4 65000000 69999999 0.112969
hs4 70000000 74999999 0.826873
hs4 75000000 79999999 0.50202
hs4 80000000 84999999 0.141984
hs4 85000000 89999999 0.21552
hs4 90000000 94999999 0.779175
hs4 95000000 99999999 0.442022
hs4 100000000 104999999 0.122199
hs4 105000000 109999999 0.540463
hs4 110000000 114999999 0.539607
hs4 115000000 119999999 0.139993
hs4 120000000 124999999 0.402499
hs4 125000000 129999999 0.231875
hs4 130000000 134999999 0.211134
hs4 135000000 139999999 0.053934
hs4 140000000 144999999 0.717737
hs4 145000000 149999999 0.744599
hs4 150000000 154999999 0.472757
hs4 155000000 159999999 0.570955
hs4 160000000 164999999 0.18024
hs4 165000000 169999999 0.909694
hs4 170000000 174999999 0.489472
hs4 175000000 179999999 0.939415
hs4 180000000 184999999 0.585005
hs4 185000000 189999999 0.952614
hs4 190000000 194999999 0.556619
hs5 0 4999999 0.366204
hs5 5000000 9999999 0.936375
hs5 10000000 14999999 0.597294
hs5 15000000 19999999 0.910566
hs5 20000000 24999999 0.957759
hs5 25000000 29999999 0.275555
hs5 30000000 34999999 0.999097
hs5 35000000 39999999 0.806287
hs5 40000000 44999999 0.0222268
hs5 45000000 49999999 0.794066
hs5 50000000 54999999 0.45536
hs5 55000000 59999999 0.114672
hs5 60000000 64999999 0.0673647
hs5 65000000 69999999 0.951585
hs5 70000000 74999999 0.46195
hs5 75000000 79999999 0.311354
hs5 80000000 84999999 0.65524
hs5 85000000 89999999 0.325732
hs5 90000000 94999999 0.857578
hs5 95000000 99999999 0.659893
hs5 100000000 104999999 0.39722
hs5 105000000 109999999 0.469298
hs5 110000000 114999999 0.461134
hs5 115000000 119999999 0.369776
hs5 120000000 124999999 0.00332079
hs5 125000000 129999999 0.454273
hs5 130000000 134999999 0.133632
hs5 135000000 139999999 0.922384
hs5 140000000 144999999 0.304276
hs5 145000000 149999999 0.57046
hs5 150000000 154999999 0.769464
hs5 155000000 159999999 0.375255
hs5 160000000 164999999 0.494912
hs5 165000000 169999999 0.0553165
hs5 170000000 174999999 0.774745
hs5 175000000 179999999 0.00496372
hs5 180000000 184999999 0.467686
hs6 0 4999999 0.580655
hs6 5000000 9999999 0.407529
hs6 10000000 14999999 0.909548
hs6 15000000 19999999 0.051532
hs6 20000000 24999999 0.267052
hs6 25000000 29999999 0.0462274
hs6 30000000 34999999 0.488249
hs6 35000000 39999999 0.610448
hs6 40000000 44999999 0.150911
hs6 45000000 49999999 0.690518
hs6 50000000 54999999 0.830511
hs6 55000000 59999999 0.23301
hs6 60000000 64999999 0.464885
hs6 65000000 69999999 0.676019
hs6 70000000 74999999 0.729953
hs6 75000000 79999999 0.44769
hs6 80000000 84999999 0.192289
hs6 85000000 89999999 0.665046
hs6 90000000 94999999 0.236001
hs6 95000000 99999999 0.41624
hs6 100000000 104999999 0.325934
hs6 105000000 109999999 0.815406
hs6 110000000 114999999 0.754821
hs6 115000000 119999999 0.339826
hs6 120000000 124999999 0.29244
hs6 125000000 129999999 0.849059
hs6 130000000 134999999 0.215263
hs6 135000000 139999999 0.151638
hs6 140000000 144999999 0.748933
hs6 145000000 149999999 0.659498
hs6 150000000 154999999 0.617257
hs6 155000000 159999999 0.892812
hs6 160000000 164999999 0.891909
hs6 165000000 169999999 0.698196
hs6 170000000 174999999 0.720423
hs7 0 4999999 0.514489
hs7 5000000 9999999 0.969849
hs7 10000000 14999999 0.0845204
hs7 15000000 19999999 0.151885
hs7 20000000 24999999 0.103471
hs7 25000000 29999999 0.56542
hs7 30000000 34999999 0.876775
hs7 35000000 39999999 0.532015
hs7 40000000 44999999 0.857747
hs7 45000000 49999999 0.715325
hs7 50000000 54999999 0.375218
hs7 55000000 59999999 0.772438
hs7 60000000 64999999 0.241735
hs7 65000000 69999999 0.702869
hs7 70000000 74999999 0.0726447
hs7 75000000 79999999 0.0759655
hs7 80000000 84999999 0.530239
hs7 85000000 89999999 0.663871
hs7 90000000 94999999 0.586255
hs7 95000000 99999999 0.89053
hs7 100000000 104999999 0.46099
hs7 105000000 109999999 0.230455
hs7 110000000 114999999 0.60571
hs7 115000000 119999999 0.100622
hs7 120000000 124999999 0.155939
hs7 125000000 129999999 0.930684
hs7 130000000 134999999 0.935647
hs7 135000000 139999999 0.403334
hs7 140000000 144999999 0.983989
hs7 145000000 149999999 0.391518
hs7 150000000 154999999 0.301066
hs7 155000000 159999999 0.352598
hs8 0 4999999 0.61965
hs8 5000000 9999999 0.665878
hs8 10000000 14999999 0.154127
hs8 15000000 19999999 0.764575
hs8 20000000 24999999 0.915486
hs8 25000000 29999999 0.606003
hs8 30000000 34999999 0.436515
hs8 35000000 39999999 0.669524
hs8 40000000 44999999 0.134409
hs8 45000000 49999999 0.810429
hs8 50000000 54999999 0.540382
hs8 55000000 59999999 0.988072
hs8 60000000 64999999 0.180362
hs8 65000000 69999999 0.845408
hs8 70000000 74999999 0.0814086
hs8 75000000 79999999 0.497649
hs8 80000000 84999999 0.823583
hs8 85000000 89999999 0.638989
hs8 90000000 94999999 0.39381
hs8 95000000 99999999 0.733636
hs8 100000000 104999999 0.026076
hs8 105000000 109999999 0.875135
hs8 110000000 114999999 0.0903981
hs8 115000000 119999999 0.242037
hs8 120000000 124999999 0.990969
hs8 125000000 129999999 0.650468
hs8 130000000 134999999 0.267725
hs8 135000000 139999999 0.160537
hs8 140000000 144999999 0.0524467
hs8 145000000 149999999 0.750643
hs9 0 4999999 0.471066
hs9 5000000 9999999 0.985555
hs9 10000000 14999999 0.955404
hs9 15000000 19999999 0.0399241
hs9 20000000 24999999 0.191809
hs9 25000000 29999999 0.29528
hs9 30000000 34999999 0.8607
hs9 35000000 39999999 0.737475
hs9 40000000 44999999 0.26949
hs9 45000000 49999999 0.127237
hs9 65000000 69999999 0.842562
hs9 70000000 74999999 0.217779
hs9 75000000 79999999 0.990217
hs9 80000000 84999999 0.231953
hs9 85000000 89999999 0.934822
hs9 90000000 94999999 0.00746652
hs9 95000000 99999999 0.0834321
hs9 100000000 104999999 0.613671
hs9 105000000 109999999 0.277542
hs9 110000000 114999999 0.863796
hs9 115000000 119999999 0.754327
hs9 120000000 124999999 0.215317
hs9 125000000 129999999 0.445772
hs9 130000000 134999999 0.0514821
hs9 135000000 139999999 0.152104
hs9 140000000 144999999 0.308043
hsX 5000000 9999999 0.238727
hsX 10000000 14999999 0.174375
hsX 15000000 19999999 0.577708
hsX 20000000 24999999 0.561698
hsX 25000000 29999999 0.953215
hsX 30000000 34999999 0.254281
hsX 35000000 39999999 0.60688
hsX 40000000 44999999 0.22653
hsX 45000000 49999999 0.892408
hsX 50000000 54999999 0.0465343
hsX 55000000 59999999 0.811109
hsX 60000000 64999999 0.726595
hsX 65000000 69999999 0.332598
hsX 70000000 74999999 0.769112
hsX 75000000 79999999 0.438637
hsX 80000000 84999999 0.573046
hsX 85000000 89999999 0.383475
hsX 90000000 94999999 0.923857
hsX 95000000 99999999 0.911929
hsX 100000000 104999999 0.0922908
hsX 105000000 109999999 0.937699
hsX 110000000 114999999 0.0191071
hsX 115000000 119999999 0.516756
hsX 120000000 124999999 0.340339
hsX 125000000 129999999 0.979328
hsX 130000000 134999999 0.373138
hsX 135000000 139999999 0.106774
hsX 140000000 144999999 0.13285
hsX 145000000 149999999 0.00798487
hsX 150000000 154999999 0.0983829
hsY 0 4999999 0.340419
hsY 5000000 9999999 0.331389
hsY 10000000 14999999 0.981857
hsY 15000000 19999999 0.249582
hsY 20000000 24999999 0.410119
hsY 25000000 29999999 0.462566
hsY 55000000 59999999 0.213209
