hs1 0 4999999 0.0694042
hs1 5000000 9999999 0.85166
hs1 10000000 14999999 0.592392
hs1 15000000 19999999 0.520371
hs1 20000000 24999999 0.55294
hs1 25000000 29999999 0.649456
hs1 30000000 34999999 0.944442
hs1 35000000 39999999 0.665675
hs1 40000000 44999999 0.0157666
hs1 45000000 49999999 0.436022
hs1 50000000 54999999 0.152726
hs1 55000000 59999999 0.188612
hs1 60000000 64999999 0.938605
hs1 65000000 69999999 0.0754035
hs1 70000000 74999999 0.388476
hs1 75000000 79999999 0.0688485
hs1 80000000 84999999 0.210197
hs1 85000000 89999999 0.399016
hs1 90000000 94999999 0.0273665
hs1 95000000 99999999 0.55464
hs1 100000000 104999999 0.831186
hs1 105000000 109999999 0.528451
hs1 110000000 114999999 0.556857
hs1 115000000 119999999 0.341183
hs1 120000000 124999999 0.372084
hs1 140000000 144999999 0.364436
hs1 145000000 149999999 0.662066
hs1 150000000 154999999 0.577271
hs1 155000000 159999999 0.543047
hs1 160000000 164999999 0.913621
hs1 165000000 169999999 0.0838674
hs1 170000000 174999999 0.42859
hs1 175000000 179999999 0.9537
hs1 180000000 184999999 0.136132
hs1 185000000 189999999 0.0973446
hs1 190000000 194999999 0.346228
hs1 195000000 199999999 0.637893
hs1 200000000 204999999 0.839896
hs1 205000000 209999999 0.0200095
hs1 210000000 214999999 0.543461
hs1 215000000 219999999 0.269761
hs1 220000000 224999999 0.457964
hs1 225000000 229999999 0.446852
hs1 230000000 234999999 0.685795
hs1 235000000 239999999 0.79917
hs1 240000000 244999999 0.661207
hs1 245000000 249999999 0.870849
hs10 0 4999999 0.706566
hs10 5000000 9999999 0.105588
hs10 10000000 14999999 0.258003
hs10 15000000 19999999 0.0565805
hs10 20000000 24999999 0.369008
hs10 25000000 29999999 0.390686
hs10 30000000 34999999 0.932684
hs10 35000000 39999999 0.358212
hs10 40000000 44999999 0.215077
hs10 45000000 49999999 0.809919
hs10 50000000 54999999 0.629725
hs10 55000000 59999999 0.271751
hs10 60000000 64999999 0.118871
hs10 65000000 69999999 0.399749
hs10 70000000 74999999 0.69369
hs10 75000000 79999999 0.881143
hs10 80000000 84999999 0.950548
hs10 85000000 89999999 0.802208
hs10 90000000 94999999 0.3946
hs10 95000000 99999999 0.914971
hs10 100000000 104999999 0.467912
hs10 105000000 109999999 0.117368
hs10 110000000 114999999 0.0618096
hs10 115000000 119999999 0.727485
hs10 120000000 124999999 0.743251
hs10 125000000 129999999 0.179273
hs10 130000000 134999999 0.331999
hs10 135000000 139999999 0.520611
hs11 0 4999999 0.459216
hs11 5000000 9999999 0.53462
hs11 10000000 14999999 0.923096
hs11 15000000 19999999 0.991944
hs11 20000000 24999999 0.202141
hs11 25000000 29999999 0.601157
hs11 30000000 34999999 0.628524
hs11 35000000 39999999 0.183164
hs11 40000000 44999999 0.0143498
hs11 45000000 49999999 0.5428
hs11 50000000 54999999 0.0996572
hs11 55000000 59999999 0.44084
hs11 60000000 64999999 0.812924
hs11 65000000 69999999 0.17736
hs11 70000000 74999999 0.839426
hs11 75000000 79999999 0.416697
hs11 80000000 84999999 0.959745
hs11 85000000 89999999 0.873366
hs11 90000000 94999999 0.957233
hs11 95000000 99999999 0.385823
hs11 100000000 104999999 0.339523
hs11 105000000 109999999 0.475655
hs11 110000000 114999999 0.573
hs11 115000000 119999999 0.919228
hs11 120000000 124999999 0.557121
hs11 125000000 129999999 0.397017
hs11 130000000 134999999 0.417027
hs12 0 4999999 0.960488
hs12 5000000 9999999 0.230249
hs12 10000000 14999999 0.688213
hs12 15000000 19999999 0.135065
hs12 20000000 24999999 0.82086
hs12 25000000 29999999 0.62003
hs12 30000000 34999999 0.281237
hs12 35000000 39999999 0.152086
hs12 40000000 44999999 0.858651
hs12 45000000 49999999 0.964239
hs12 50000000 54999999 0.222242
hs12 55000000 59999999 0.278822
hs12 60000000 64999999 0.64783
hs12 65000000 69999999 0.0385163
hs12 70000000 74999999 0.9712
hs12 75000000 79999999 0.329412
hs12 80000000 84999999 0.544489
hs12 85000000 89999999 0.354408
hs12 90000000 94999999 0.984133
hs12 95000000 99999999 0.255884
hs12 100000000 104999999 0.374754
hs12 105000000 109999999 0.774503
hs12 110000000 114999999 0.468193
hs12 115000000 119999999 0.349336
hs12 120000000 124999999 0.299884
hs12 125000000 129999999 0.102092
hs12 130000000 134999999 0.496692
hs13 15000000 19999999 0.411663
hs13 20000000 24999999 0.879575
hs13 25000000 29999999 0.996943
hs13 30000000 34999999 0.0587524
hs13 35000000 39999999 0.786237
hs13 40000000 44999999 0.529489
hs13 45000000 49999999 0.708762
hs13 50000000 54999999 0.0407609
hs13 55000000 59999999 0.561372
hs13 60000000 64999999 0.0205879
hs13 65000000 69999999 0.555208
hs13 70000000 74999999 0.478303
hs13 75000000 79999999 0.470247
hs13 80000000 84999999 0.672389
hs13 85000000 89999999 0.273546
hs13 90000000 94999999 0.902069
hs13 95000000 99999999 0.0852329
hs13 100000000 104999999 0.0995827
hs13 105000000 109999999 0.642383
hs13 110000000 114999999 0.74204
hs14 15000000 19999999 0.18288
hs14 20000000 24999999 0.995804
hs14 25000000 29999999 0.173164
hs14 30000000 34999999 0.0125899
hs14 35000000 39999999 0.429287
hs14 40000000 44999999 0.389032
hs14 45000000 49999999 0.262398
hs14 50000000 54999999 0.219631
hs14 55000000 59999999 0.605454
hs14 60000000 64999999 0.944976
hs14 65000000 69999999 0.420631
hs14 70000000 74999999 0.993631
hs14 75000000 79999999 0.912859
hs14 80000000 84999999 0.46998
hs14 85000000 89999999 0.866998
hs14 90000000 94999999 0.284024
hs14 95000000 99999999 0.244512
hs14 100000000 104999999 0.474761
hs14 105000000 109999999 0.162974
hs15 15000000 19999999 0.298039
hs15 20000000 24999999 0.118898
hs15 25000000 29999999 0.738928
hs15 30000000 34999999 0.020165
hs15 35000000 39999999 0.172251
hs15 40000000 44999999 0.0309017
hs15 45000000 49999999 0.995141
hs15 50000000 54999999 0.217383
hs15 55000000 59999999 0.496205
hs15 60000000 64999999 0.144036
hs15 65000000 69999999 0.182552
hs15 70000000 74999999 0.153752
hs15 75000000 79999999 0.483164
hs15 80000000 84999999 0.0276536
hs15 85000000 89999999 0.382062
hs15 90000000 94999999 0.366195
hs15 95000000 99999999 0.622079
hs15 100000000 104999999 0.996833
hs16 0 4999999 0.771336
hs16 5000000 9999999 0.239529
hs16 10000000 14999999 0.588865
hs16 15000000 19999999 0.888749
hs16 20000000 24999999 0.990841
hs16 25000000 29999999 0.487533
hs16 30000000 34999999 0.899196
hs16 45000000 49999999 0.778771
hs16 50000000 54999999 0.775714
hs16 55000000 59999999 0.834466
hs16 60000000 64999999 0.620704
hs16 65000000 69999999 0.150193
hs16 70000000 74999999 0.858954
hs16 75000000 79999999 0.899715
hs16 80000000 84999999 0.461087
hs16 85000000 89999999 0.481675
hs17 0 4999999 0.0368824
hs17 5000000 9999999 0.515186
hs17 10000000 14999999 0.985433
hs17 15000000 19999999 0.657822
hs17 20000000 24999999 0.931367
hs17 25000000 29999999 0.833437
hs17 30000000 34999999 0.91867
hs17 35000000 39999999 0.0182523
hs17 40000000 44999999 0.660635
hs17 45000000 49999999 0.402676
hs17 50000000 54999999 0.585556
hs17 55000000 59999999 0.58136
hs17 60000000 64999999 0.754524
hs17 65000000 69999999 0.767114
hs17 70000000 74999999 0.196401
hs17 75000000 79999999 0.585433
hs18 0 4999999 0.847831
hs18 5000000 9999999 0.0674615
hs18 10000000 14999999 0.672915
hs18 15000000 19999999 0.617891
hs18 20000000 24999999 0.0385228
hs18 25000000 29999999 0.032154
hs18 30000000 34999999 0.945013
hs18 35000000 39999999 0.414994
hs18 40000000 44999999 0.281991
hs18 45000000 49999999 0.566015
hs18 50000000 54999999 0.810527
hs18 55000000 59999999 0.285288
hs18 60000000 64999999 0.448261
hs18 65000000 69999999 0.7463
hs18 70000000 74999999 0.865198
hs18 75000000 79999999 0.604126
hs19 0 4999999 0.624291
hs19 5000000 9999999 0.796542
hs19 10000000 14999999 0.827443
hs19 15000000 19999999 0.822584
hs19 20000000 24999999 0.0399672
hs19 30000000 34999999 0.536173
hs19 35000000 39999999 0.680208
hs19 40000000 44999999 0.86276
hs19 45000000 49999999 0.0165124
hs19 50000000 54999999 0.499677
hs19 55000000 59999999 0.52733
hs19 60000000 64999999 0.909392
hs2 0 4999999 0.275587
hs2 5000000 9999999 0.897665
hs2 10000000 14999999 0.894498
hs2 15000000 19999999 0.665834
hs2 20000000 24999999 0.905363
hs2 25000000 29999999 0.494228
hs2 30000000 34999999 0.382977
hs2 35000000 39999999 0.373818
hs2 40000000 44999999 0.861351
hs2 45000000 49999999 0.760548
hs2 50000000 54999999 0.539319
hs2 55000000 59999999 0.315033
hs2 60000000 64999999 0.1495
hs2 65000000 69999999 0.770203
hs2 70000000 74999999 0.920396
hs2 75000000 79999999 0.77935
hs2 80000000 84999999 0.679066
hs2 85000000 89999999 0.140153
hs2 90000000 94999999 0.621828
hs2 95000000 99999999 0.65871
hs2 100000000 104999999 0.173896
hs2 105000000 109999999 0.159329
hs2 110000000 114999999 0.817151
hs2 115000000 119999999 0.748518
hs2 120000000 124999999 0.581955
hs2 125000000 129999999 0.500625
hs2 130000000 134999999 0.518877
hs2 135000000 139999999 0.179512
hs2 140000000 144999999 0.582188
hs2 145000000 149999999 0.167744
hs2 150000000 154999999 0.749104
hs2 155000000 159999999 0.503628
hs2 160000000 164999999 0.270742
hs2 165000000 169999999 0.467143
hs2 170000000 174999999 0.0525759
hs2 175000000 179999999 0.900407
hs2 180000000 184999999 0.967868
hs2 185000000 189999999 0.640783
hs2 190000000 194999999 0.258675
hs2 195000000 199999999 0.297197
hs2 200000000 204999999 0.329351
hs2 205000000 209999999 0.274365
hs2 210000000 214999999 0.689359
hs2 215000000 219999999 0.97135
hs2 220000000 224999999 0.537365
hs2 225000000 229999999 0.347893
hs2 230000000 234999999 0.63318
hs2 235000000 239999999 0.0814417
hs2 240000000 244999999 0.827742
hs20 0 4999999 0.69294
hs20 5000000 9999999 0.297066
hs20 10000000 14999999 0.921357
hs20 15000000 19999999 0.717899
hs20 20000000 24999999 0.545342
hs20 25000000 29999999 0.367927
hs20 30000000 34999999 0.407894
hs20 35000000 39999999 0.944066
hs20 40000000 44999999 0.624275
hs20 45000000 49999999 0.487035
hs20 50000000 54999999 0.503548
hs20 55000000 59999999 0.00322429
hs20 60000000 64999999 0.530555
hs21 5000000 9999999 0.439947
hs21 10000000 14999999 0.715534
hs21 15000000 19999999 0.613199
hs21 20000000 24999999 0.507697
hs21 25000000 29999999 0.173532
hs21 30000000 34999999 0.0788948
hs21 35000000 39999999 0.573123
hs21 40000000 44999999 0.9561
hs21 45000000 49999999 0.329919
hs22 15000000 19999999 0.19127
hs22 20000000 24999999 0.951818
hs22 25000000 29999999 0.491137
hs22 30000000 34999999 0.80617
hs22 35000000 39999999 0.95567
hs22 40000000 44999999 0.725873
hs22 45000000 49999999 0.646269
hs3 0 4999999 0.42562
hs3 5000000 9999999 0.104685
hs3 10000000 14999999 0.244838
hs3 15000000 19999999 0.866666
hs3 20000000 24999999 0.525376
hs3 25000000 29999999 0.699272
hs3 30000000 34999999 0.858601
hs3 35000000 39999999 0.675752
hs3 40000000 44999999 0.42427
hs3 45000000 49999999 0.00622519
hs3 50000000 54999999 0.50685
hs3 55000000 59999999 0.0257268
hs3 60000000 64999999 0.205239
hs3 65000000 69999999 0.787427
hs3 70000000 74999999 0.955171
hs3 75000000 79999999 0.704275
hs3 80000000 84999999 0.207902
hs3 85000000 89999999 0.478644
hs3 90000000 94999999 0.945787
hs3 95000000 99999999 0.998362
hs3 100000000 104999999 0.898769
hs3 105000000 109999999 0.866637
hs3 110000000 114999999 0.507421
hs3 115000000 119999999 0.766095
hs3 120000000 124999999 0.0632928
hs3 125000000 129999999 0.392644
hs3 130000000 134999999 0.667009
hs3 135000000 139999999 0.356368
hs3 140000000 144999999 0.327717
hs3 145000000 149999999 0.865083
hs3 150000000 154999999 0.212975
hs3 155000000 159999999 0.846156
hs3 160000000 164999999 0.927597
hs3 165000000 169999999 0.755339
hs3 170000000 174999999 0.448279
hs3 175000000 179999999 0.745344
hs3 180000000 184999999 0.666701
hs3 185000000 189999999 0.3846
hs3 190000000 194999999 0.929942
hs3 195000000 199999999 0.297869
hs4 0 4999999 0.705763
hs4 5000000 9999999 0.649829
hs4 10000000 14999999 0.274104
hs4 15000000 19999999 0.761139
hs4 20000000 24999999 0.264687
hs4 25000000 29999999 0.267911
hs4 30000000 34999999 0.798465
hs4 35000000 39999999 0.238412
hs4 40000000 44999999 0.953946
hs4 45000000 49999999 0.567145
hs4 50000000 54999999 0.0748418
hs4 55000000 59999999 0.248373
hs4 60000000 64999999 0.327268
hs4 65000000 69999999 0.900391
hs4 70000000 74999999 0.856492
hs4 75000000 79999999 0.18641
hs4 80000000 84999999 0.377681
hs4 85000000 89999999 0.329499
hs4 90000000 94999999 0.820636
hs4 95000000 99999999 0.626806
hs4 100000000 104999999 0.582475
hs4 105000000 109999999 0.308349
hs4 110000000 114999999 0.954618
hs4 115000000 119999999 0.380237
hs4 120000000 124999999 0.484923
hs4 125000000 129999999 0.729761
hs4 130000000 134999999 0.596427
hs4 135000000 139999999 0.121804
hs4 140000000 144999999 0.821076
hs4 145000000 149999999 0.679677
hs4 150000000 154999999 0.355429
hs4 155000000 159999999 0.7797
hs4 160000000 164999999 0.785925
hs4 165000000 169999999 0.292775
hs4 170000000 174999999 0.318501
hs4 175000000 179999999 0.523741
hs4 180000000 184999999 0.311168
hs4 185000000 189999999 0.266339
hs4 190000000 194999999 0.970613
hs5 0 4999999 0.178516
hs5 5000000 9999999 0.657159
hs5 10000000 14999999 0.602946
hs5 15000000 19999999 0.601308
hs5 20000000 24999999 0.500078
hs5 25000000 29999999 0.366715
hs5 30000000 34999999 0.874136
hs5 35000000 39999999 0.640231
hs5 40000000 44999999 0.703524
hs5 45000000 49999999 0.0961679
hs5 50000000 54999999 0.763177
hs5 55000000 59999999 0.119544
hs5 60000000 64999999 0.447262
hs5 65000000 69999999 0.312345
hs5 70000000 74999999 0.52532
hs5 75000000 79999999 0.371475
hs5 80000000 84999999 0.299073
hs5 85000000 89999999 0.0544114
hs5 90000000 94999999 0.50269
hs5 95000000 99999999 0.248034
hs5 100000000 104999999 0.914736
hs5 105000000 109999999 0.299336
hs5 110000000 114999999 0.229278
hs5 115000000 119999999 0.527147
hs5 120000000 124999999 0.23291
hs5 125000000 129999999 0.882739
hs5 130000000 134999999 0.156843
hs5 135000000 139999999 0.917982
hs5 140000000 144999999 0.182669
hs5 145000000 149999999 0.45058
hs5 150000000 154999999 0.249045
hs5 155000000 159999999 0.487457
hs5 160000000 164999999 0.441403
hs5 165000000 169999999 0.00854755
hs5 170000000 174999999 0.0833893
hs5 175000000 179999999 0.331763
hs5 180000000 184999999 0.659031
hs6 0 4999999 0.559422
hs6 5000000 9999999 0.415914
hs6 10000000 14999999 0.602324
hs6 15000000 19999999 0.980005
hs6 20000000 24999999 0.309503
hs6 25000000 29999999 0.130139
hs6 30000000 34999999 0.756944
hs6 35000000 39999999 0.33942
hs6 40000000 44999999 0.647768
hs6 45000000 49999999 0.602386
hs6 50000000 54999999 0.982624
hs6 55000000 59999999 0.467546
hs6 60000000 64999999 0.197307
hs6 65000000 69999999 0.793735
hs6 70000000 74999999 0.915538
hs6 75000000 79999999 0.736614
hs6 80000000 84999999 0.416292
hs6 85000000 89999999 0.771721
hs6 90000000 94999999 0.551421
hs6 95000000 99999999 0.337345
hs6 100000000 104999999 0.63012
hs6 105000000 109999999 0.948621
hs6 110000000 114999999 0.472362
hs6 115000000 119999999 0.78353
hs6 120000000 124999999 0.0498681
hs6 125000000 129999999 0.0204813
hs6 130000000 134999999 0.198997
hs6 135000000 139999999 0.856156
hs6 140000000 144999999 0.459102
hs6 145000000 149999999 0.0604104
hs6 150000000 154999999 0.560488
hs6 155000000 159999999 0.927203
hs6 160000000 164999999 0.801338
hs6 165000000 169999999 0.441569
hs6 170000000 174999999 0.145093
hs7 0 4999999 0.241261
hs7 5000000 9999999 0.00443782
hs7 10000000 14999999 0.123982
hs7 15000000 19999999 0.571244
hs7 20000000 24999999 0.883589
hs7 25000000 29999999 0.408909
hs7 30000000 34999999 0.780384
hs7 35000000 39999999 0.0794566
hs7 40000000 44999999 0.133868
hs7 45000000 49999999 0.636558
hs7 50000000 54999999 0.884592
hs7 55000000 59999999 0.799328
hs7 60000000 64999999 0.0986642
hs7 65000000 69999999 0.327943
hs7 70000000 74999999 0.85509
hs7 75000000 79999999 0.0880004
hs7 80000000 84999999 0.97074
hs7 85000000 89999999 0.127583
hs7 90000000 94999999 0.0455651
hs7 95000000 99999999 0.228234
hs7 100000000 104999999 0.678813
hs7 105000000 109999999 0.927858
hs7 110000000 114999999 0.415315
hs7 115000000 119999999 0.856718
hs7 120000000 124999999 0.865266
hs7 125000000 129999999 0.948655
hs7 130000000 134999999 0.280418
hs7 135000000 139999999 0.939449
hs7 140000000 144999999 0.49887
hs7 145000000 149999999 0.914784
hs7 150000000 154999999 0.517108
hs7 155000000 159999999 0.497112
hs8 0 4999999 0.806616
hs8 5000000 9999999 0.936754
hs8 10000000 14999999 0.693699
hs8 15000000 19999999 0.0331185
hs8 20000000 24999999 0.680887
hs8 25000000 29999999 0.283273
hs8 30000000 34999999 0.265897
hs8 35000000 39999999 0.733443
hs8 40000000 44999999 0.93075
hs8 45000000 49999999 0.724485
hs8 50000000 54999999 0.640024
hs8 55000000 59999999 0.376638
hs8 60000000 64999999 0.79293
hs8 65000000 69999999 0.564651
hs8 70000000 74999999 0.116072
hs8 75000000 79999999 0.453417
hs8 80000000 84999999 0.083537
hs8 85000000 89999999 0.0321583
hs8 90000000 94999999 0.50452
hs8 95000000 99999999 0.28805
hs8 100000000 104999999 0.337918
hs8 105000000 109999999 0.358399
hs8 110000000 114999999 0.557396
hs8 115000000 119999999 0.413552
hs8 120000000 124999999 0.872654
hs8 125000000 129999999 0.933065
hs8 130000000 134999999 0.493553
hs8 135000000 139999999 0.420755
hs8 140000000 144999999 0.222094
hs8 145000000 149999999 0.663663
hs9 0 4999999 0.808756
hs9 5000000 9999999 0.050017
hs9 10000000 14999999 0.0544549
hs9 15000000 19999999 0.178437
hs9 20000000 24999999 0.749681
hs9 25000000 29999999 0.63327
hs9 30000000 34999999 0.0421787
hs9 35000000 39999999 0.822563
hs9 40000000 44999999 0.902019
hs9 45000000 49999999 0.0358873
hs9 65000000 69999999 0.672445
hs9 70000000 74999999 0.557038
hs9 75000000 79999999 0.356366
hs9 80000000 84999999 0.45503
hs9 85000000 89999999 0.782972
hs9 90000000 94999999 0.638063
hs9 95000000 99999999 0.726063
hs9 100000000 104999999 0.696803
hs9 105000000 109999999 0.824386
hs9 110000000 114999999 0.869951
hs9 115000000 119999999 0.0981846
hs9 120000000 124999999 0.776998
hs9 125000000 129999999 0.704856
hs9 130000000 134999999 0.120172
hs9 135000000 139999999 0.97689
hs9 140000000 144999999 0.842156
hsX 5000000 9999999 0.790811
hsX 10000000 14999999 0.0712294
hsX 15000000 19999999 0.0106779
hsX 20000000 24999999 0.509548
hsX 25000000 29999999 0.424332
hsX 30000000 34999999 0.94144
hsX 35000000 39999999 0.438553
hsX 40000000 44999999 0.245168
hsX 45000000 49999999 0.181923
hsX 50000000 54999999 0.875621
hsX 55000000 59999999 0.90874
hsX 60000000 64999999 0.589627
hsX 65000000 69999999 0.8729
hsX 70000000 74999999 0.138796
hsX 75000000 79999999 0.872239
hsX 80000000 84999999 0.80299
hsX 85000000 89999999 0.527475
hsX 90000000 94999999 0.167498
hsX 95000000 99999999 0.544136
hsX 100000000 104999999 0.337066
hsX 105000000 109999999 0.901717
hsX 110000000 114999999 0.0177888
hsX 115000000 119999999 0.471206
hsX 120000000 124999999 0.554743
hsX 125000000 129999999 0.586901
hsX 130000000 134999999 0.0914212
hsX 135000000 139999999 0.379471
hsX 140000000 144999999 0.717389
hsX 145000000 149999999 0.0757878
hsX 150000000 154999999 0.633184
hsY 0 4999999 0.046736
hsY 5000000 9999999 0.91939
hsY 10000000 14999999 0.852455
hsY 15000000 19999999 0.346007
hsY 20000000 24999999 0.766763
hsY 25000000 29999999 0.988857
hsY 55000000 59999999 0.65252
