hs1 0 4999999 0.02332
hs1 5000000 9999999 0.872662
hs1 10000000 14999999 0.14137
hs1 15000000 19999999 0.639539
hs1 20000000 24999999 0.340834
hs1 25000000 29999999 0.138153
hs1 30000000 34999999 0.918387
hs1 35000000 39999999 0.927292
hs1 40000000 44999999 0.693261
hs1 45000000 49999999 0.723506
hs1 50000000 54999999 0.235673
hs1 55000000 59999999 0.263975
hs1 60000000 64999999 0.598965
hs1 65000000 69999999 0.624225
hs1 70000000 74999999 0.660203
hs1 75000000 79999999 0.470645
hs1 80000000 84999999 0.749849
hs1 85000000 89999999 0.555668
hs1 90000000 94999999 0.00338643
hs1 95000000 99999999 0.435639
hs1 100000000 104999999 0.537195
hs1 105000000 109999999 0.312308
hs1 110000000 114999999 0.791309
hs1 115000000 119999999 0.196647
hs1 120000000 124999999 0.537098
hs1 140000000 144999999 0.674707
hs1 145000000 149999999 0.383498
hs1 150000000 154999999 0.778455
hs1 155000000 159999999 0.945469
hs1 160000000 164999999 0.887541
hs1 165000000 169999999 0.381762
hs1 170000000 174999999 0.435639
hs1 175000000 179999999 0.657369
hs1 180000000 184999999 0.187335
hs1 185000000 189999999 0.253059
hs1 190000000 194999999 0.545728
hs1 195000000 199999999 0.599443
hs1 200000000 204999999 0.354556
hs1 205000000 209999999 0.36607
hs1 210000000 214999999 0.231663
hs1 215000000 219999999 0.507348
hs1 220000000 224999999 0.839278
hs1 225000000 229999999 0.579842
hs1 230000000 234999999 0.490723
hs1 235000000 239999999 0.0204486
hs1 240000000 244999999 0.168077
hs1 245000000 249999999 0.566295
hs10 0 4999999 0.860588
hs10 5000000 9999999 0.87894
hs10 10000000 14999999 0.687764
hs10 15000000 19999999 0.90513
hs10 20000000 24999999 0.441589
hs10 25000000 29999999 0.481931
hs10 30000000 34999999 0.676762
hs10 35000000 39999999 0.00475244
hs10 40000000 44999999 0.840133
hs10 45000000 49999999 0.78315
hs10 50000000 54999999 0.449808
hs10 55000000 59999999 0.512176
hs10 60000000 64999999 0.00413328
hs10 65000000 69999999 0.833043
hs10 70000000 74999999 0.341838
hs10 75000000 79999999 0.736056
hs10 80000000 84999999 0.759376
hs10 85000000 89999999 0.632038
hs10 90000000 94999999 0.773408
hs10 95000000 99999999 0.412947
hs10 100000000 104999999 0.753781
hs10 105000000 109999999 0.891934
hs10 110000000 114999999 0.810322
hs10 115000000 119999999 0.737613
hs10 120000000 124999999 0.430875
hs10 125000000 129999999 0.154381
hs10 130000000 134999999 0.390054
hs10 135000000 139999999 0.654029
hs11 0 4999999 0.252994
hs11 5000000 9999999 0.87722
hs11 10000000 14999999 0.537423
hs11 15000000 19999999 0.00806843
hs11 20000000 24999999 0.757918
hs11 25000000 29999999 0.313585
hs11 30000000 34999999 0.316972
hs11 35000000 39999999 0.752611
hs11 40000000 44999999 0.289806
hs11 45000000 49999999 0.602114
hs11 50000000 54999999 0.393423
hs11 55000000 59999999 0.59007
hs11 60000000 64999999 0.127168
hs11 65000000 69999999 0.801875
hs11 70000000 74999999 0.185374
hs11 75000000 79999999 0.963829
hs11 80000000 84999999 0.909298
hs11 85000000 89999999 0.796839
hs11 90000000 94999999 0.1786
hs11 95000000 99999999 0.61424
hs11 100000000 104999999 0.271609
hs11 105000000 109999999 0.458944
hs11 110000000 114999999 0.712003
hs11 115000000 119999999 0.257732
hs11 120000000 124999999 0.857174
hs11 125000000 129999999 0.211731
hs11 130000000 134999999 0.577801
hs12 0 4999999 0.809463
hs12 5000000 9999999 0.316811
hs12 10000000 14999999 0.156089
hs12 15000000 19999999 0.735931
hs12 20000000 24999999 0.226654
hs12 25000000 29999999 0.247103
hs12 30000000 34999999 0.41518
hs12 35000000 39999999 0.981475
hs12 40000000 44999999 0.842063
hs12 45000000 49999999 0.721002
hs12 50000000 54999999 0.408766
hs12 55000000 59999999 0.313896
hs12 60000000 64999999 0.755486
hs12 65000000 69999999 0.237417
hs12 70000000 74999999 0.914179
hs12 75000000 79999999 0.918931
hs12 80000000 84999999 0.759065
hs12 85000000 89999999 0.542214
hs12 90000000 94999999 0.992023
hs12 95000000 99999999 0.504199
hs12 100000000 104999999 0.508332
hs12 105000000 109999999 0.341376
hs12 110000000 114999999 0.683214
hs12 115000000 119999999 0.41927
hs12 120000000 124999999 0.178646
hs12 125000000 129999999 0.810685
hs12 130000000 134999999 0.584093
hs13 15000000 19999999 0.99704
hs13 20000000 24999999 0.750821
hs13 25000000 29999999 0.642756
hs13 30000000 34999999 0.453077
hs13 35000000 39999999 0.19069
hs13 40000000 44999999 0.621565
hs13 45000000 49999999 0.775946
hs13 50000000 54999999 0.166
hs13 55000000 59999999 0.820029
hs13 60000000 64999999 0.0730233
hs13 65000000 69999999 0.950243
hs13 70000000 74999999 0.487666
hs13 75000000 79999999 0.495735
hs13 80000000 84999999 0.253652
hs13 85000000 89999999 0.567238
hs13 90000000 94999999 0.88421
hs13 95000000 99999999 0.636821
hs13 100000000 104999999 0.926626
hs13 105000000 109999999 0.52874
hs13 110000000 114999999 0.922163
hs14 15000000 19999999 0.512233
hs14 20000000 24999999 0.639401
hs14 25000000 29999999 0.441277
hs14 30000000 34999999 0.62665
hs14 35000000 39999999 0.590479
hs14 40000000 44999999 0.499777
hs14 45000000 49999999 0.296616
hs14 50000000 54999999 0.475216
hs14 55000000 59999999 0.0894559
hs14 60000000 64999999 0.361065
hs14 65000000 69999999 0.820009
hs14 70000000 74999999 0.532012
hs14 75000000 79999999 0.789744
hs14 80000000 84999999 0.646918
hs14 85000000 89999999 0.858649
hs14 90000000 94999999 0.43645
hs14 95000000 99999999 0.245913
hs14 100000000 104999999 0.562724
hs14 105000000 109999999 0.718812
hs15 15000000 19999999 0.454744
hs15 20000000 24999999 0.681398
hs15 25000000 29999999 0.928501
hs15 30000000 34999999 0.343681
hs15 35000000 39999999 0.325156
hs15 40000000 44999999 0.167219
hs15 45000000 49999999 0.888221
hs15 50000000 54999999 0.296988
hs15 55000000 59999999 0.610884
hs15 60000000 64999999 0.36637
hs15 65000000 69999999 0.603787
hs15 70000000 74999999 0.517965
hs15 75000000 79999999 0.436897
hs15 80000000 84999999 0.195961
hs15 85000000 89999999 0.738175
hs15 90000000 94999999 0.730198
hs15 95000000 99999999 0.234397
hs15 100000000 104999999 0.742729
hs16 0 4999999 0.0841049
hs16 5000000 9999999 0.767319
hs16 10000000 14999999 0.186589
hs16 15000000 19999999 0.365235
hs16 20000000 24999999 0.17592
hs16 25000000 29999999 0.760013
hs16 30000000 34999999 0.757053
hs16 45000000 49999999 0.507874
hs16 50000000 54999999 0.15063
hs16 55000000 59999999 0.603707
hs16 60000000 64999999 0.794397
hs16 65000000 69999999 0.415962
hs16 70000000 74999999 0.191908
hs16 75000000 79999999 0.357908
hs16 80000000 84999999 0.177937
hs16 85000000 89999999 0.250961
hs17 0 4999999 0.201204
hs17 5000000 9999999 0.68887
hs17 10000000 14999999 0.184605
hs17 15000000 19999999 0.438257
hs17 20000000 24999999 0.00549498
hs17 25000000 29999999 0.889705
hs17 30000000 34999999 0.526525
hs17 35000000 39999999 0.453151
hs17 40000000 44999999 0.981892
hs17 45000000 49999999 0.904055
hs17 50000000 54999999 0.416288
hs17 55000000 59999999 0.0556894
hs17 60000000 64999999 0.496966
hs17 65000000 69999999 0.123617
hs17 70000000 74999999 0.714096
hs17 75000000 79999999 0.213873
hs18 0 4999999 0.510489
hs18 5000000 9999999 0.985705
hs18 10000000 14999999 0.0751612
hs18 15000000 19999999 0.436226
hs18 20000000 24999999 0.256235
hs18 25000000 29999999 0.788247
hs18 30000000 34999999 0.577991
hs18 35000000 39999999 0.224909
hs18 40000000 44999999 0.0835582
hs18 45000000 49999999 0.520008
hs18 50000000 54999999 0.765921
hs18 55000000 59999999 0.328644
hs18 60000000 64999999 0.0474566
hs18 65000000 69999999 0.5022
hs18 70000000 74999999 0.183598
hs18 75000000 79999999 0.112099
hs19 0 4999999 0.455779
hs19 5000000 9999999 0.780935
hs19 10000000 14999999 0.948154
hs19 15000000 19999999 0.836375
hs19 20000000 24999999 0.133362
hs19 30000000 34999999 0.744246
hs19 35000000 39999999 0.110616
hs19 40000000 44999999 0.714403
hs19 45000000 49999999 0.232368
hs19 50000000 54999999 0.669265
hs19 55000000 59999999 0.865226
hs19 60000000 64999999 0.603402
hs2 0 4999999 0.3336
hs2 5000000 9999999 0.567997
hs2 10000000 14999999 0.310726
hs2 15000000 19999999 0.394831
hs2 20000000 24999999 0.16215
hs2 25000000 29999999 0.348739
hs2 30000000 34999999 0.713975
hs2 35000000 39999999 0.889895
hs2 40000000 44999999 0.649907
hs2 45000000 49999999 0.40696
hs2 50000000 54999999 0.914834
hs2 55000000 59999999 0.0654638
hs2 60000000 64999999 0.669171
hs2 65000000 69999999 0.463568
hs2 70000000 74999999 0.879531
hs2 75000000 79999999 0.0714389
hs2 80000000 84999999 0.429347
hs2 85000000 89999999 0.607285
hs2 90000000 94999999 0.858246
hs2 95000000 99999999 0.0594493
hs2 100000000 104999999 0.748319
hs2 105000000 109999999 0.932924
hs2 110000000 114999999 0.371181
hs2 115000000 119999999 0.376676
hs2 120000000 124999999 0.266381
hs2 125000000 129999999 0.792906
hs2 130000000 134999999 0.246058
hs2 135000000 139999999 0.227949
hs2 140000000 144999999 0.132004
hs2 145000000 149999999 0.548292
hs2 150000000 154999999 0.603981
hs2 155000000 159999999 0.100948
hs2 160000000 164999999 0.224565
hs2 165000000 169999999 0.938661
hs2 170000000 174999999 0.152534
hs2 175000000 179999999 0.663023
hs2 180000000 184999999 0.648728
hs2 185000000 189999999 0.723889
hs2 190000000 194999999 0.160115
hs2 195000000 199999999 0.41635
hs2 200000000 204999999 0.204597
hs2 205000000 209999999 0.782589
hs2 210000000 214999999 0.0074979
hs2 215000000 219999999 0.0910561
hs2 220000000 224999999 0.611064
hs2 225000000 229999999 0.376985
hs2 230000000 234999999 0.705629
hs2 235000000 239999999 0.753085
hs2 240000000 244999999 0.255286
hs20 0 4999999 0.438884
hs20 5000000 9999999 0.550982
hs20 10000000 14999999 0.00676151
hs20 15000000 19999999 0.787697
hs20 20000000 24999999 0.73585
hs20 25000000 29999999 0.572225
hs20 30000000 34999999 0.705587
hs20 35000000 39999999 0.449834
hs20 40000000 44999999 0.56045
hs20 45000000 49999999 0.274853
hs20 50000000 54999999 0.507221
hs20 55000000 59999999 0.176486
hs20 60000000 64999999 0.0417127
hs21 5000000 9999999 0.645114
hs21 10000000 14999999 0.978714
hs21 15000000 19999999 0.546711
hs21 20000000 24999999 0.857437
hs21 25000000 29999999 0.252268
hs21 30000000 34999999 0.414418
hs21 35000000 39999999 0.763157
hs21 40000000 44999999 0.477131
hs21 45000000 49999999 0.367026
hs22 15000000 19999999 0.0169333
hs22 20000000 24999999 0.423893
hs22 25000000 29999999 0.338728
hs22 30000000 34999999 0.404191
hs22 35000000 39999999 0.073362
hs22 40000000 44999999 0.53693
hs22 45000000 49999999 0.416461
hs3 0 4999999 0.4879
hs3 5000000 9999999 0.917247
hs3 10000000 14999999 0.524532
hs3 15000000 19999999 0.382777
hs3 20000000 24999999 0.442227
hs3 25000000 29999999 0.190546
hs3 30000000 34999999 0.12347
hs3 35000000 39999999 0.494651
hs3 40000000 44999999 0.871327
hs3 45000000 49999999 0.137708
hs3 50000000 54999999 0.930614
hs3 55000000 59999999 0.176672
hs3 60000000 64999999 0.404621
hs3 65000000 69999999 0.536625
hs3 70000000 74999999 0.0849171
hs3 75000000 79999999 0.688899
hs3 80000000 84999999 0.789846
hs3 85000000 89999999 0.0144108
hs3 90000000 94999999 0.953071
hs3 95000000 99999999 0.105605
hs3 100000000 104999999 0.768628
hs3 105000000 109999999 0.417356
hs3 110000000 114999999 0.141245
hs3 115000000 119999999 0.301361
hs3 120000000 124999999 0.717711
hs3 125000000 129999999 0.922308
hs3 130000000 134999999 0.704897
hs3 135000000 139999999 0.712395
hs3 140000000 144999999 0.803451
hs3 145000000 149999999 0.414515
hs3 150000000 154999999 0.791499
hs3 155000000 159999999 0.497128
hs3 160000000 164999999 0.250214
hs3 165000000 169999999 0.505499
hs3 170000000 174999999 0.944383
hs3 175000000 179999999 0.495365
hs3 180000000 184999999 0.502127
hs3 185000000 189999999 0.289823
hs3 190000000 194999999 0.0256735
hs3 195000000 199999999 0.597899
hs4 0 4999999 0.303486
hs4 5000000 9999999 0.75332
hs4 10000000 14999999 0.313769
hs4 15000000 19999999 0.588622
hs4 20000000 24999999 0.0958435
hs4 25000000 29999999 0.27233
hs4 30000000 34999999 0.314043
hs4 35000000 39999999 0.959157
hs4 40000000 44999999 0.937871
hs4 45000000 49999999 0.484582
hs4 50000000 54999999 0.342019
hs4 55000000 59999999 0.594286
hs4 60000000 64999999 0.00870398
hs4 65000000 69999999 0.771861
hs4 70000000 74999999 0.248992
hs4 75000000 79999999 0.616018
hs4 80000000 84999999 0.632951
hs4 85000000 89999999 0.0568449
hs4 90000000 94999999 0.395572
hs4 95000000 99999999 0.799764
hs4 100000000 104999999 0.873126
hs4 105000000 109999999 0.410056
hs4 110000000 114999999 0.826517
hs4 115000000 119999999 0.314416
hs4 120000000 124999999 0.231663
hs4 125000000 129999999 0.756195
hs4 130000000 134999999 0.138973
hs4 135000000 139999999 0.581199
hs4 140000000 144999999 0.771745
hs4 145000000 149999999 0.895215
hs4 150000000 154999999 0.389867
hs4 155000000 159999999 0.261194
hs4 160000000 164999999 0.398902
hs4 165000000 169999999 0.329516
hs4 170000000 174999999 0.506188
hs4 175000000 179999999 0.910809
hs4 180000000 184999999 0.447434
hs4 185000000 189999999 0.532351
hs4 190000000 194999999 0.221249
hs5 0 4999999 0.0110957
hs5 5000000 9999999 0.0255065
hs5 10000000 14999999 0.978578
hs5 15000000 19999999 0.0841832
hs5 20000000 24999999 0.852811
hs5 25000000 29999999 0.270167
hs5 30000000 34999999 0.411413
hs5 35000000 39999999 0.712773
hs5 40000000 44999999 0.430484
hs5 45000000 49999999 0.352793
hs5 50000000 54999999 0.0576894
hs5 55000000 59999999 0.770084
hs5 60000000 64999999 0.573535
hs5 65000000 69999999 0.98805
hs5 70000000 74999999 0.779549
hs5 75000000 79999999 0.276678
hs5 80000000 84999999 0.526891
hs5 85000000 89999999 0.0323906
hs5 90000000 94999999 0.976774
hs5 95000000 99999999 0.472139
hs5 100000000 104999999 0.974265
hs5 105000000 109999999 0.264089
hs5 110000000 114999999 0.289762
hs5 115000000 119999999 0.887661
hs5 120000000 124999999 0.191147
hs5 125000000 129999999 0.944466
hs5 130000000 134999999 0.258235
hs5 135000000 139999999 0.846858
hs5 140000000 144999999 0.942701
hs5 145000000 149999999 0.215031
hs5 150000000 154999999 0.529074
hs5 155000000 159999999 0.488231
hs5 160000000 164999999 0.426102
hs5 165000000 169999999 0.910684
hs5 170000000 174999999 0.252703
hs5 175000000 179999999 0.846989
hs5 180000000 184999999 0.855693
hs6 0 4999999 0.627554
hs6 5000000 9999999 0.876546
hs6 10000000 14999999 0.492564
hs6 15000000 19999999 0.125515
hs6 20000000 24999999 0.18236
hs6 25000000 29999999 0.577933
hs6 30000000 34999999 0.377697
hs6 35000000 39999999 0.250822
hs6 40000000 44999999 0.660878
hs6 45000000 49999999 0.487395
hs6 50000000 54999999 0.801811
hs6 55000000 59999999 0.0334748
hs6 60000000 64999999 0.78967
hs6 65000000 69999999 0.928643
hs6 70000000 74999999 0.509842
hs6 75000000 79999999 0.281588
hs6 80000000 84999999 0.176803
hs6 85000000 89999999 0.56667
hs6 90000000 94999999 0.827863
hs6 95000000 99999999 0.226765
hs6 100000000 104999999 0.556281
hs6 105000000 109999999 0.0624684
hs6 110000000 114999999 0.973277
hs6 115000000 119999999 0.420711
hs6 120000000 124999999 0.953062
hs6 125000000 129999999 0.174311
hs6 130000000 134999999 0.185407
hs6 135000000 139999999 0.210914
hs6 140000000 144999999 0.189491
hs6 145000000 149999999 0.273675
hs6 150000000 154999999 0.126486
hs6 155000000 159999999 0.396653
hs6 160000000 164999999 0.808066
hs6 165000000 169999999 0.520839
hs6 170000000 174999999 0.951324
hs7 0 4999999 0.304116
hs7 5000000 9999999 0.361806
hs7 10000000 14999999 0.13189
hs7 15000000 19999999 0.705425
hs7 20000000 24999999 0.693475
hs7 25000000 29999999 0.473024
hs7 30000000 34999999 0.749702
hs7 35000000 39999999 0.276593
hs7 40000000 44999999 0.308983
hs7 45000000 49999999 0.285757
hs7 50000000 54999999 0.757896
hs7 55000000 59999999 0.732161
hs7 60000000 64999999 0.99625
hs7 65000000 69999999 0.286012
hs7 70000000 74999999 0.173673
hs7 75000000 79999999 0.364819
hs7 80000000 84999999 0.309285
hs7 85000000 89999999 0.567521
hs7 90000000 94999999 0.414379
hs7 95000000 99999999 0.35708
hs7 100000000 104999999 0.572111
hs7 105000000 109999999 0.101185
hs7 110000000 114999999 0.589415
hs7 115000000 119999999 0.015517
hs7 120000000 124999999 0.926201
hs7 125000000 129999999 0.178903
hs7 130000000 134999999 0.0258925
hs7 135000000 139999999 0.881586
hs7 140000000 144999999 0.509139
hs7 145000000 149999999 0.385685
hs7 150000000 154999999 0.878249
hs7 155000000 159999999 0.00376474
hs8 0 4999999 0.186125
hs8 5000000 9999999 0.764058
hs8 10000000 14999999 0.141754
hs8 15000000 19999999 0.392577
hs8 20000000 24999999 0.0534552
hs8 25000000 29999999 0.54085
hs8 30000000 34999999 0.342662
hs8 35000000 39999999 0.376136
hs8 40000000 44999999 0.165807
hs8 45000000 49999999 0.0944494
hs8 50000000 54999999 0.604292
hs8 55000000 59999999 0.885879
hs8 60000000 64999999 0.0626826
hs8 65000000 69999999 0.629352
hs8 70000000 74999999 0.457216
hs8 75000000 79999999 0.683981
hs8 80000000 84999999 0.240261
hs8 85000000 89999999 0.30273
hs8 90000000 94999999 0.276007
hs8 95000000 99999999 0.696718
hs8 100000000 104999999 0.64978
hs8 105000000 109999999 0.824091
hs8 110000000 114999999 0.00949824
hs8 115000000 119999999 0.220412
hs8 120000000 124999999 0.409903
hs8 125000000 129999999 0.683578
hs8 130000000 134999999 0.810064
hs8 135000000 139999999 0.206717
hs8 140000000 144999999 0.014783
hs8 145000000 149999999 0.535622
hs9 0 4999999 0.486946
hs9 5000000 9999999 0.791062
hs9 10000000 14999999 0.152868
hs9 15000000 19999999 0.284757
hs9 20000000 24999999 0.990182
hs9 25000000 29999999 0.683657
hs9 30000000 34999999 0.156681
hs9 35000000 39999999 0.906382
hs9 40000000 44999999 0.182975
hs9 45000000 49999999 0.491959
hs9 65000000 69999999 0.777716
hs9 70000000 74999999 0.535611
hs9 75000000 79999999 0.267772
hs9 80000000 84999999 0.264022
hs9 85000000 89999999 0.550034
hs9 90000000 94999999 0.723707
hs9 95000000 99999999 0.0885264
hs9 100000000 104999999 0.397812
hs9 105000000 109999999 0.965333
hs9 110000000 114999999 0.379711
hs9 115000000 119999999 0.736791
hs9 120000000 124999999 0.308902
hs9 125000000 129999999 0.410087
hs9 130000000 134999999 0.999502
hs9 135000000 139999999 0.0150191
hs9 140000000 144999999 0.94122
hsX 5000000 9999999 0.120123
hsX 10000000 14999999 0.146016
hsX 15000000 19999999 0.0276016
hsX 20000000 24999999 0.536741
hsX 25000000 29999999 0.922426
hsX 30000000 34999999 0.800675
hsX 35000000 39999999 0.80444
hsX 40000000 44999999 0.990565
hsX 45000000 49999999 0.754623
hsX 50000000 54999999 0.896378
hsX 55000000 59999999 0.288954
hsX 60000000 64999999 0.34241
hsX 65000000 69999999 0.88326
hsX 70000000 74999999 0.225922
hsX 75000000 79999999 0.602058
hsX 80000000 84999999 0.767865
hsX 85000000 89999999 0.862314
hsX 90000000 94999999 0.466606
hsX 95000000 99999999 0.352485
hsX 100000000 104999999 0.415168
hsX 105000000 109999999 0.04452
hsX 110000000 114999999 0.501736
hsX 115000000 119999999 0.185716
hsX 120000000 124999999 0.425978
hsX 125000000 129999999 0.728708
hsX 130000000 134999999 0.00471464
hsX 135000000 139999999 0.701433
hsX 140000000 144999999 0.351212
hsX 145000000 149999999 0.175304
hsX 150000000 154999999 0.184802
hsY 0 4999999 0.405214
hsY 5000000 9999999 0.815117
hsY 10000000 14999999 0.498695
hsY 15000000 19999999 0.308758
hsY 20000000 24999999 0.515475
hsY 25000000 29999999 0.530258
hsY 55000000 59999999 0.0658807
