s1 1   2   0.592
s1 2   3   1.457
s1 3   4   0.258
s1 4   5   1.504
s1 5   6   0.093
s1 6   7   0.203
s1 7   8   0.086
s1 8   9   0.313
s1 9   10  0.173
s1 10  11  0.138
s1 11  12  0.135
s1 12  13  0.467
s1 13  14  0.343
s1 14  15  0.382
s1 15  16  0.191
s1 16  17  0.114
s1 17  18  0.212
s1 18  19  0.101
s1 19  20  0.184
s1 20  21  0.518
s1 21  22  0.442
s1 22  23  0.111
s1 23  24  0.221
s1 24  25  0.466
s1 25  26  0.204
s1 26  27  0.194
s1 27  28  0.108
s1 28  29  0.536
s1 29  30  3.143
s1 30  31  0.496
s1 31  32  1.79
s1 32  33  0.672
s1 33  34  0.707
s1 34  35  0.105
s1 35  36  0.403
s1 36  37  0.116
s1 37  38  1.471
s1 38  39  2.343
s1 39  40  0.198
s1 40  41  0.628
s1 41  42  1.319
s1 42  43  0.122
s1 43  44  0.119
s1 44  45  2.446
s1 45  46  2.056
s1 46  47  0.415
s1 47  48  0.102
s1 48  49  0.271
s1 49  50  0.108
s1 50  51  3.29
s1 51  52  0.385
s1 52  53  0.106
s1 53  54  0.678
s1 54  55  0.123
s1 55  56  0.145
s1 56  57  3.373
s1 57  58  1.854
s1 58  59  0.324
s1 59  60  0.759
s1 60  61  0.407
s1 61  62  0.173
s1 62  63  0.234
s1 63  64  0.584
s1 64  65  0.143
s1 65  66  1.598
s1 66  67  0.132
s1 67  68  0.121
s1 68  69  0.14
s1 69  70  0.579
s1 70  71  0.263
s1 71  72  0.123
s1 72  73  0.39
s1 73  74  1.454
s1 74  75  0.304
s1 75  76  0.151
s1 76  77  1.348
s1 77  78  1.898
s1 78  79  0.249
s1 79  80  0.242
s1 80  81  0.167
s1 81  82  0.71
s1 82  83  0.428
s1 83  84  0.143
s1 84  85  0.241
s1 85  86  1.88
s1 86  87  1.356
s1 87  88  0.279
s1 88  89  0.288
s1 89  90  1.04
s1 90  91  1.246
s1 91  92  0.381
s1 92  93  0.153
s1 93  94  1.003
s1 94  95  0.113
s1 95  96  0.765
s1 96  97  0.504
s1 97  98  0.496
s1 98  99  3.476
s1 99  100 0.877
s1 100 101 2.72
s1 101 102 0.457
s1 102 103 0.642
s1 103 104 1.309
s1 104 105 0.16
s1 105 106 0.935
s1 106 107 0.102
s1 107 108 0.171
s1 108 109 0.26
s1 109 110 0.474
s1 110 111 0.505
s1 111 112 0.3
s1 112 113 0.251
s1 113 114 0.212
s1 114 115 1.539
s1 115 116 0.214
s1 116 117 0.361
s1 117 118 0.599
s1 118 119 0.404
s1 119 120 1.146
s1 120 121 0.518
s1 121 122 1.325
s1 122 123 0.119
s1 123 124 0.286
s1 124 125 0.582
s1 125 126 0.302
s1 126 127 1.639
s1 127 128 0.321
s1 128 129 0.704
s1 129 130 0.584
s1 130 131 0.416
s1 131 132 0.413
s1 132 133 1.279
s1 133 134 2.081
s1 134 135 1.406
s1 135 136 1.969
s1 136 137 0.996
s1 137 138 0.402
s1 138 139 0.315
s1 139 140 0.409
s1 140 141 0.587
s1 141 142 2.832
s1 142 143 0.101
s1 143 144 0.117
s1 144 145 0.356
s1 145 146 0.16
s1 146 147 0.308
s1 147 148 1.849
s1 148 149 1.238
s1 149 150 0.232
s1 150 151 1.218
s1 151 152 0.127
s1 152 153 0.137
s1 153 154 0.25
s1 154 155 0.398
s1 155 156 0.199
s1 156 157 0.173
s1 157 158 1.11
s1 158 159 0.469
s1 159 160 0.84
s1 160 161 0.694
s1 161 162 0.149
s1 162 163 0.277
s1 163 164 0.14
s1 164 165 2.859
s1 165 166 0.476
s1 166 167 3.214
s1 167 168 0.299
s1 168 169 0.424
s1 169 170 0.565
s1 170 171 0.103
s1 171 172 0.458
s1 172 173 1.557
s1 173 174 3.242
s1 174 175 0.214
s1 175 176 0.29
s1 176 177 1.907
s1 177 178 0.183
s1 178 179 0.23
s1 179 180 0.69
s1 180 181 0.323
s1 181 182 0.143
s1 182 183 0.722
s1 183 184 0.235
s1 184 185 3.569
s1 185 186 0.311
s1 186 187 0.147
s1 187 188 0.456
s1 188 189 0.253
s1 189 190 0.115
s1 190 191 2.722
s1 191 192 0.356
s1 192 193 1.323
s1 193 194 0.128
s1 194 195 0.218
s1 195 196 0.373
s1 196 197 0.456
s1 197 198 0.63
s1 198 199 0.42
s1 199 200 0.278
s1 200 201 0.116
s1 201 202 0.368
s1 202 203 0.109
s1 203 204 0.491
s1 204 205 0.732
s1 205 206 0.358
s1 206 207 0.297
s1 207 208 1.584
s1 208 209 0.148
s1 209 210 0.629
s1 210 211 0.118
s1 211 212 0.127
s1 212 213 2.613
s1 213 214 0.519
s1 214 215 1.047
s1 215 216 0.1
s1 216 217 0.323
s1 217 218 2.245
s1 218 219 0.219
s1 219 220 0.155
s1 220 221 0.451
s1 221 222 0.353
s1 222 223 0.245
s1 223 224 0.435
s1 224 225 0.235
s1 225 226 0.462
s1 226 227 1.461
s1 227 228 0.118
s1 228 229 0.199
s1 229 230 0.106
s1 230 231 0.593
s1 231 232 2.095
s1 232 233 0.354
s1 233 234 0.282
s1 234 235 0.261
s1 235 236 0.124
s1 236 237 0.205
s1 237 238 0.121
s1 238 239 0.373
s1 239 240 0.123
s1 240 241 0.495
s1 241 242 0.177
s1 242 243 0.181
s1 243 244 1.288
s1 244 245 0.741
s1 245 246 0.85
s1 246 247 0.158
s1 247 248 0.263
s1 248 249 0.126
s1 249 250 0.652
s1 250 251 1.462
s1 251 252 0.144
s1 252 253 0.122
s1 253 254 0.232
s1 254 255 1.331
s1 255 256 0.099
s1 256 257 0.301
s1 257 258 0.629
s1 258 259 0.155
s1 259 260 0.115
s1 260 261 0.196
s1 261 262 2.953
s1 262 263 0.642
s1 263 264 0.69
s1 264 265 2.073
s1 265 266 0.159
s1 266 267 0.631
s1 267 268 1.07
s1 268 269 0.094
s1 269 270 0.274
s1 270 271 0.2
s1 271 272 0.853
s1 272 273 2.104
s1 273 274 0.25
s1 274 275 1.044
s1 275 276 0.118
s1 276 277 0.135
s1 277 278 1.543
s1 278 279 0.181
s1 279 280 0.115
s1 280 281 0.347
s1 281 282 0.445
s1 282 283 1.058
s1 283 284 0.248
s1 284 285 0.551
s1 285 286 2.156
s1 286 287 0.185
s1 287 288 0.176
s1 288 289 0.38
s1 289 290 0.166
s1 290 291 0.224
s1 291 292 1.521
s1 292 293 0.439
s1 293 294 0.813
s1 294 295 0.904
s1 295 296 0.917
s1 296 297 0.565
s1 297 298 0.535
s1 298 299 0.439
s1 299 300 0.11
s1 300 301 0.174
s1 301 302 1.879
s1 302 303 0.413
s1 303 304 1.094
s1 304 305 0.121
s1 305 306 0.263
s1 306 307 0.224
s1 307 308 0.414
s1 308 309 1.213
s1 309 310 0.138
s1 310 311 0.565
s1 311 312 0.153
s1 312 313 0.134
s1 313 314 1.486
s1 314 315 0.386
s1 315 316 2.324
s1 316 317 0.752
s1 317 318 0.317
s1 318 319 0.121
s1 319 320 1.272
s1 320 321 0.542
s1 321 322 0.168
s1 322 323 0.132
s1 323 324 1.614
s1 324 325 0.255
s1 325 326 1.304
s1 326 327 0.135
s1 327 328 0.31
s1 328 329 0.334
s1 329 330 0.882
s1 330 331 0.528
s1 331 332 1.471
s1 332 333 0.149
s1 333 334 0.165
s1 334 335 0.137
s1 335 336 1.056
s1 336 337 0.117
s1 337 338 0.14
s1 338 339 0.226
s1 339 340 0.867
s1 340 341 1.335
s1 341 342 0.618
s1 342 343 0.946
s1 343 344 2.997
s1 344 345 3.211
s1 345 346 0.182
s1 346 347 0.163
s1 347 348 0.291
s1 348 349 0.299
s1 349 350 0.131
s1 350 351 0.135
s1 351 352 1.324
s1 352 353 0.977
s1 353 354 0.123
s1 354 355 0.437
s1 355 356 0.761
s1 356 357 0.96
s1 357 358 0.654
s1 358 359 0.279
s1 359 360 0.257
s1 360 361 0.143
s1 361 362 0.1
s1 362 363 0.1
s1 363 364 0.222
s1 364 365 0.377
s1 365 366 1.031
s1 366 367 0.161
s1 367 368 0.448
s1 368 369 0.286
s1 369 370 1.651
s1 370 371 0.356
s1 371 372 0.16
s1 372 373 0.194
s1 373 374 0.279
s1 374 375 0.39
s1 375 376 3.155
s1 376 377 0.226
s1 377 378 0.708
s1 378 379 0.307
s1 379 380 2.069
s1 380 381 0.484
s1 381 382 0.445
s1 382 383 0.196
s1 383 384 0.295
s1 384 385 0.287
