s1 1   2   0.179
s1 2   3   0.286
s1 3   4   0.139
s1 4   5   0.284
s1 5   6   0.307
s1 6   7   2.345
s1 7   8   0.155
s1 8   9   0.172
s1 9   10  0.133
s1 10  11  0.162
s1 11  12  0.149
s1 12  13  1.027
s1 13  14  0.248
s1 14  15  0.124
s1 15  16  0.104
s1 16  17  0.781
s1 17  18  1.952
s1 18  19  1.496
s1 19  20  0.176
s1 20  21  1.24
s1 21  22  0.378
s1 22  23  0.236
s1 23  24  0.164
s1 24  25  0.461
s1 25  26  0.672
s1 26  27  0.089
s1 27  28  2.786
s1 28  29  0.127
s1 29  30  0.484
s1 30  31  0.42
s1 31  32  2.213
s1 32  33  1.169
s1 33  34  0.956
s1 34  35  0.554
s1 35  36  0.091
s1 36  37  0.382
s1 37  38  0.268
s1 38  39  0.224
s1 39  40  0.207
s1 40  41  1.916
s1 41  42  0.187
s1 42  43  0.364
s1 43  44  0.169
s1 44  45  0.806
s1 45  46  0.099
s1 46  47  1.422
s1 47  48  0.345
s1 48  49  0.474
s1 49  50  0.187
s1 50  51  0.573
s1 51  52  1.012
s1 52  53  0.177
s1 53  54  0.105
s1 54  55  3.361
s1 55  56  0.693
s1 56  57  0.142
s1 57  58  0.178
s1 58  59  0.312
s1 59  60  0.246
s1 60  61  0.098
s1 61  62  0.57
s1 62  63  3.337
s1 63  64  0.156
s1 64  65  0.399
s1 65  66  0.117
s1 66  67  0.13
s1 67  68  0.088
s1 68  69  1.026
s1 69  70  1.332
s1 70  71  0.325
s1 71  72  1.488
s1 72  73  0.663
s1 73  74  0.626
s1 74  75  0.086
s1 75  76  0.11
s1 76  77  1.796
s1 77  78  0.327
s1 78  79  0.09
s1 79  80  0.679
s1 80  81  0.832
s1 81  82  0.656
s1 82  83  0.217
s1 83  84  0.277
s1 84  85  0.594
s1 85  86  0.631
s1 86  87  1.908
s1 87  88  0.383
s1 88  89  2.89
s1 89  90  0.098
s1 90  91  0.302
s1 91  92  0.092
s1 92  93  0.101
s1 93  94  0.781
s1 94  95  0.187
s1 95  96  0.099
s1 96  97  0.098
s1 97  98  0.164
s1 98  99  0.096
s1 99  100 0.105
s1 100 101 0.084
s1 101 102 0.804
s1 102 103 0.124
s1 103 104 0.332
s1 104 105 1.052
s1 105 106 0.104
s1 106 107 3.302
s1 107 108 0.523
s1 108 109 0.13
s1 109 110 0.236
s1 110 111 1.001
s1 111 112 0.235
s1 112 113 0.214
s1 113 114 1.08
s1 114 115 2.51
s1 115 116 0.531
s1 116 117 3.138
s1 117 118 0.194
s1 118 119 0.394
s1 119 120 0.727
s1 120 121 0.385
s1 121 122 1.631
s1 122 123 0.409
s1 123 124 0.202
s1 124 125 0.869
s1 125 126 1.184
s1 126 127 1.844
s1 127 128 0.483
s1 128 129 2.027
s1 129 130 0.27
s1 130 131 1.138
s1 131 132 0.105
s1 132 133 1.046
s1 133 134 0.097
s1 134 135 0.382
s1 135 136 0.21
s1 136 137 0.141
s1 137 138 0.331
s1 138 139 0.097
s1 139 140 0.186
s1 140 141 1.256
s1 141 142 0.302
s1 142 143 0.233
s1 143 144 0.429
s1 144 145 0.546
s1 145 146 0.197
s1 146 147 1.049
s1 147 148 0.085
s1 148 149 1.53
s1 149 150 0.272
s1 150 151 0.581
s1 151 152 0.205
s1 152 153 3.243
s1 153 154 0.085
s1 154 155 1.695
s1 155 156 0.228
s1 156 157 0.86
s1 157 158 0.237
s1 158 159 0.319
s1 159 160 0.755
s1 160 161 0.332
s1 161 162 0.204
s1 162 163 0.214
s1 163 164 0.369
s1 164 165 1.613
s1 165 166 0.345
s1 166 167 0.788
s1 167 168 0.091
s1 168 169 0.363
s1 169 170 0.408
s1 170 171 0.516
s1 171 172 0.727
s1 172 173 0.165
s1 173 174 0.388
s1 174 175 0.888
s1 175 176 0.156
s1 176 177 3.155
s1 177 178 0.133
s1 178 179 1.121
s1 179 180 0.262
s1 180 181 3.061
s1 181 182 1.472
s1 182 183 0.989
s1 183 184 0.294
s1 184 185 0.337
s1 185 186 0.966
s1 186 187 0.407
s1 187 188 0.441
s1 188 189 0.201
s1 189 190 0.929
s1 190 191 0.092
s1 191 192 1.747
s1 192 193 0.232
s1 193 194 1.777
s1 194 195 0.239
s1 195 196 0.229
s1 196 197 0.328
s1 197 198 0.277
s1 198 199 0.219
s1 199 200 0.165
s1 200 201 0.14
s1 201 202 0.139
s1 202 203 0.281
s1 203 204 0.968
s1 204 205 0.444
s1 205 206 0.328
s1 206 207 0.803
s1 207 208 0.168
s1 208 209 0.569
s1 209 210 0.261
s1 210 211 0.191
s1 211 212 0.229
s1 212 213 2.112
s1 213 214 0.515
s1 214 215 0.648
s1 215 216 0.17
s1 216 217 3.025
s1 217 218 0.198
s1 218 219 0.179
s1 219 220 1.973
s1 220 221 0.168
s1 221 222 2.439
s1 222 223 1.466
s1 223 224 0.317
s1 224 225 0.305
s1 225 226 1.117
s1 226 227 0.191
s1 227 228 0.098
s1 228 229 0.197
s1 229 230 0.327
s1 230 231 0.159
s1 231 232 0.801
s1 232 233 0.105
s1 233 234 0.165
s1 234 235 0.105
s1 235 236 1.018
s1 236 237 0.131
s1 237 238 0.428
s1 238 239 0.336
s1 239 240 0.1
s1 240 241 0.101
s1 241 242 0.274
s1 242 243 1.075
s1 243 244 0.079
s1 244 245 1.45
s1 245 246 0.198
s1 246 247 0.671
s1 247 248 0.51
s1 248 249 0.612
s1 249 250 0.176
s1 250 251 0.62
s1 251 252 0.188
s1 252 253 2.608
s1 253 254 0.209
s1 254 255 0.207
s1 255 256 0.124
s1 256 257 0.127
s1 257 258 0.199
s1 258 259 0.136
s1 259 260 0.801
s1 260 261 0.208
s1 261 262 0.186
s1 262 263 0.364
s1 263 264 1.005
s1 264 265 1.588
s1 265 266 1.148
s1 266 267 0.156
s1 267 268 0.824
s1 268 269 1.844
s1 269 270 0.151
s1 270 271 0.942
s1 271 272 0.146
s1 272 273 1.231
s1 273 274 1.334
s1 274 275 0.208
s1 275 276 0.838
s1 276 277 0.381
s1 277 278 2.16
s1 278 279 0.081
s1 279 280 1.403
s1 280 281 0.4
s1 281 282 0.102
s1 282 283 1.023
s1 283 284 0.305
s1 284 285 0.386
s1 285 286 0.237
s1 286 287 0.402
s1 287 288 0.155
s1 288 289 0.803
s1 289 290 0.185
s1 290 291 0.377
s1 291 292 2.319
s1 292 293 0.089
s1 293 294 0.091
s1 294 295 0.136
s1 295 296 0.346
s1 296 297 0.244
s1 297 298 0.106
s1 298 299 0.099
s1 299 300 1.297
s1 300 301 1.341
s1 301 302 0.317
s1 302 303 2.325
s1 303 304 0.856
s1 304 305 0.329
s1 305 306 2.453
s1 306 307 0.927
s1 307 308 0.438
s1 308 309 0.54
s1 309 310 0.167
s1 310 311 1.365
s1 311 312 0.828
s1 312 313 0.358
s1 313 314 1.818
s1 314 315 0.283
s1 315 316 0.511
s1 316 317 0.425
s1 317 318 1.592
s1 318 319 0.289
s1 319 320 1.655
s1 320 321 0.278
s1 321 322 0.787
s1 322 323 0.534
s1 323 324 0.125
s1 324 325 2.122
s1 325 326 0.367
s1 326 327 0.107
s1 327 328 1.592
s1 328 329 0.259
s1 329 330 1.861
s1 330 331 1.254
s1 331 332 1.134
s1 332 333 0.284
s1 333 334 0.624
s1 334 335 0.117
s1 335 336 0.326
s1 336 337 2.65
s1 337 338 1.096
s1 338 339 0.188
s1 339 340 0.124
s1 340 341 1.644
s1 341 342 2.362
s1 342 343 0.32
s1 343 344 0.524
s1 344 345 0.999
s1 345 346 0.391
s1 346 347 0.116
s1 347 348 0.205
s1 348 349 0.515
s1 349 350 0.439
s1 350 351 0.227
s1 351 352 0.353
s1 352 353 0.94
s1 353 354 0.917
s1 354 355 1.002
s1 355 356 0.291
s1 356 357 0.505
s1 357 358 0.247
s1 358 359 0.427
s1 359 360 1.381
s1 360 361 0.148
s1 361 362 0.153
s1 362 363 1.57
s1 363 364 0.3
s1 364 365 0.264
s1 365 366 0.163
s1 366 367 0.142
s1 367 368 0.152
s1 368 369 0.7
s1 369 370 1.034
s1 370 371 0.119
s1 371 372 0.229
s1 372 373 0.213
s1 373 374 0.483
s1 374 375 0.223
s1 375 376 0.127
s1 376 377 0.543
s1 377 378 0.33
s1 378 379 0.515
s1 379 380 0.108
s1 380 381 0.126
s1 381 382 0.348
s1 382 383 0.139
s1 383 384 0.525
s1 384 385 0.319
