s1 1   2   0.205
s1 2   3   0.371
s1 3   4   0.283
s1 4   5   1.662
s1 5   6   0.128
s1 6   7   1.089
s1 7   8   1.94
s1 8   9   0.14
s1 9   10  0.841
s1 10  11  0.496
s1 11  12  2.169
s1 12  13  1.01
s1 13  14  0.277
s1 14  15  0.717
s1 15  16  1.773
s1 16  17  0.133
s1 17  18  0.174
s1 18  19  0.12
s1 19  20  0.122
s1 20  21  0.301
s1 21  22  0.117
s1 22  23  0.136
s1 23  24  0.146
s1 24  25  0.159
s1 25  26  1.926
s1 26  27  0.263
s1 27  28  0.689
s1 28  29  0.754
s1 29  30  3.12
s1 30  31  3.084
s1 31  32  0.785
s1 32  33  3.213
s1 33  34  1.162
s1 34  35  1.964
s1 35  36  3.247
s1 36  37  1.18
s1 37  38  0.793
s1 38  39  0.263
s1 39  40  1.658
s1 40  41  0.119
s1 41  42  1.233
s1 42  43  0.575
s1 43  44  0.106
s1 44  45  0.454
s1 45  46  0.135
s1 46  47  0.237
s1 47  48  0.289
s1 48  49  0.117
s1 49  50  0.846
s1 50  51  2.838
s1 51  52  1.562
s1 52  53  1.214
s1 53  54  0.434
s1 54  55  0.268
s1 55  56  0.632
s1 56  57  0.296
s1 57  58  1.558
s1 58  59  2.774
s1 59  60  3.556
s1 60  61  0.356
s1 61  62  0.343
s1 62  63  0.364
s1 63  64  2.943
s1 64  65  0.274
s1 65  66  0.888
s1 66  67  3.545
s1 67  68  0.193
s1 68  69  0.306
s1 69  70  0.134
s1 70  71  2.306
s1 71  72  0.822
s1 72  73  0.161
s1 73  74  0.153
s1 74  75  0.236
s1 75  76  0.255
s1 76  77  0.36
s1 77  78  1.209
s1 78  79  3.511
s1 79  80  3.52
s1 80  81  0.7
s1 81  82  3.534
s1 82  83  1.856
s1 83  84  0.311
s1 84  85  3.3
s1 85  86  0.387
s1 86  87  3.463
s1 87  88  0.405
s1 88  89  1.124
s1 89  90  0.252
s1 90  91  2.097
s1 91  92  0.39
s1 92  93  2.757
s1 93  94  3.435
s1 94  95  1.03
s1 95  96  0.274
s1 96  97  0.107
s1 97  98  0.315
s1 98  99  0.527
s1 99  100 1.133
s1 100 101 0.267
s1 101 102 3.539
s1 102 103 3.548
s1 103 104 3.434
s1 104 105 3.277
s1 105 106 2.058
s1 106 107 2.354
s1 107 108 2.99
s1 108 109 1.28
s1 109 110 0.124
s1 110 111 0.393
s1 111 112 0.399
s1 112 113 0.404
s1 113 114 0.773
s1 114 115 3.331
s1 115 116 0.103
s1 116 117 0.321
s1 117 118 0.43
s1 118 119 0.106
s1 119 120 0.144
s1 120 121 0.109
s1 121 122 0.246
s1 122 123 2.306
s1 123 124 2.285
s1 124 125 2.627
s1 125 126 3.538
s1 126 127 2.114
s1 127 128 0.396
s1 128 129 0.234
s1 129 130 0.121
s1 130 131 3.524
s1 131 132 0.196
s1 132 133 0.749
s1 133 134 3.555
s1 134 135 0.101
s1 135 136 0.19
s1 136 137 0.109
s1 137 138 0.394
s1 138 139 1.39
s1 139 140 0.106
s1 140 141 0.318
s1 141 142 0.355
s1 142 143 1.138
s1 143 144 0.103
s1 144 145 0.196
s1 145 146 3.414
s1 146 147 1.739
s1 147 148 1.265
s1 148 149 0.145
s1 149 150 1.389
s1 150 151 0.708
s1 151 152 3.097
s1 152 153 2.328
s1 153 154 1.44
s1 154 155 1.52
s1 155 156 0.198
s1 156 157 3.572
s1 157 158 0.605
s1 158 159 3.6
s1 159 160 0.672
s1 160 161 0.261
s1 161 162 0.15
s1 162 163 3.524
s1 163 164 0.563
s1 164 165 0.112
s1 165 166 0.397
s1 166 167 0.369
s1 167 168 0.682
s1 168 169 0.152
s1 169 170 2.695
s1 170 171 2.497
s1 171 172 0.954
s1 172 173 3.625
s1 173 174 0.65
s1 174 175 3.623
s1 175 176 0.26
s1 176 177 1.537
s1 177 178 0.53
s1 178 179 1.023
s1 179 180 0.639
s1 180 181 0.681
s1 181 182 0.673
s1 182 183 0.357
s1 183 184 0.495
s1 184 185 0.103
s1 185 186 2.255
s1 186 187 0.16
s1 187 188 0.129
s1 188 189 0.178
s1 189 190 0.116
s1 190 191 0.211
s1 191 192 1.072
s1 192 193 2.184
s1 193 194 2.351
s1 194 195 0.143
s1 195 196 1.533
s1 196 197 0.373
s1 197 198 2.015
s1 198 199 0.27
s1 199 200 0.651
s1 200 201 2.943
s1 201 202 1.219
s1 202 203 3.493
s1 203 204 0.478
s1 204 205 0.862
s1 205 206 0.173
s1 206 207 0.112
s1 207 208 0.293
s1 208 209 0.349
s1 209 210 0.415
s1 210 211 0.121
s1 211 212 0.152
s1 212 213 0.121
s1 213 214 0.991
s1 214 215 0.14
s1 215 216 0.451
s1 216 217 1.261
s1 217 218 0.317
s1 218 219 2.204
s1 219 220 0.181
s1 220 221 0.653
s1 221 222 3.464
s1 222 223 0.145
s1 223 224 1.621
s1 224 225 0.391
s1 225 226 0.554
s1 226 227 0.399
s1 227 228 2.008
s1 228 229 0.199
s1 229 230 3.445
s1 230 231 0.137
s1 231 232 2.589
s1 232 233 1.987
s1 233 234 1.107
s1 234 235 3.113
s1 235 236 1.21
s1 236 237 0.146
s1 237 238 0.232
s1 238 239 0.152
s1 239 240 0.429
s1 240 241 0.474
s1 241 242 1.609
s1 242 243 3.394
s1 243 244 0.569
s1 244 245 1.043
s1 245 246 1.007
s1 246 247 3.4
s1 247 248 1.741
s1 248 249 1.399
s1 249 250 0.84
s1 250 251 3.401
s1 251 252 0.119
s1 252 253 0.335
s1 253 254 0.99
s1 254 255 0.169
s1 255 256 0.22
s1 256 257 0.375
s1 257 258 0.164
s1 258 259 0.361
s1 259 260 0.106
s1 260 261 1.549
s1 261 262 2.579
s1 262 263 3.291
s1 263 264 0.117
s1 264 265 0.296
s1 265 266 3.406
s1 266 267 3.399
s1 267 268 2.903
s1 268 269 0.396
s1 269 270 0.201
s1 270 271 0.442
s1 271 272 0.858
s1 272 273 2.254
s1 273 274 1.223
s1 274 275 2.951
s1 275 276 1.035
s1 276 277 0.892
s1 277 278 3.403
s1 278 279 0.782
s1 279 280 0.906
s1 280 281 0.766
s1 281 282 0.11
s1 282 283 1.309
s1 283 284 0.703
s1 284 285 0.148
s1 285 286 1.892
s1 286 287 0.164
s1 287 288 3.318
s1 288 289 0.207
s1 289 290 1.288
s1 290 291 0.628
s1 291 292 3.462
s1 292 293 1.155
s1 293 294 3.427
s1 294 295 2.178
s1 295 296 1.466
s1 296 297 1.555
s1 297 298 0.158
s1 298 299 0.372
s1 299 300 0.164
s1 300 301 3.223
s1 301 302 0.79
s1 302 303 0.17
s1 303 304 0.588
s1 304 305 0.355
s1 305 306 2.858
s1 306 307 2.412
s1 307 308 0.183
s1 308 309 0.142
s1 309 310 0.295
s1 310 311 0.416
s1 311 312 0.123
s1 312 313 0.145
s1 313 314 0.231
s1 314 315 1.195
s1 315 316 1.447
s1 316 317 3.483
s1 317 318 0.183
s1 318 319 0.428
s1 319 320 1.564
s1 320 321 3.456
s1 321 322 2.228
s1 322 323 0.197
s1 323 324 0.614
s1 324 325 3.466
s1 325 326 2.902
s1 326 327 2.066
s1 327 328 0.85
s1 328 329 0.14
s1 329 330 0.362
s1 330 331 2.093
s1 331 332 0.112
s1 332 333 0.365
s1 333 334 1.328
s1 334 335 0.146
s1 335 336 1.255
s1 336 337 0.35
s1 337 338 0.135
s1 338 339 0.183
s1 339 340 1.948
s1 340 341 3.102
s1 341 342 0.159
s1 342 343 0.804
s1 343 344 0.644
s1 344 345 1.829
s1 345 346 0.191
s1 346 347 1.868
s1 347 348 0.324
s1 348 349 0.287
s1 349 350 0.137
s1 350 351 2.864
s1 351 352 1.027
s1 352 353 0.134
s1 353 354 0.15
s1 354 355 3.167
s1 355 356 0.118
s1 356 357 0.626
s1 357 358 0.126
s1 358 359 0.15
s1 359 360 0.117
s1 360 361 1.305
s1 361 362 0.181
s1 362 363 0.86
s1 363 364 0.146
s1 364 365 0.569
s1 365 366 0.135
s1 366 367 1.034
s1 367 368 0.258
s1 368 369 0.911
s1 369 370 0.147
s1 370 371 0.459
s1 371 372 0.204
s1 372 373 0.493
s1 373 374 0.314
s1 374 375 0.626
s1 375 376 0.125
s1 376 377 0.148
s1 377 378 0.754
s1 378 379 0.276
s1 379 380 0.13
s1 380 381 0.126
s1 381 382 0.381
s1 382 383 2.864
s1 383 384 0.15
s1 384 385 0.161
