s1 1   2   0.178
s1 2   3   0.145
s1 3   4   0.241
s1 4   5   0.152
s1 5   6   0.386
s1 6   7   0.186
s1 7   8   0.111
s1 8   9   0.153
s1 9   10  0.250
s1 10  11  0.199
s1 11  12  0.114
s1 12  13  0.751
s1 13  14  0.159
s1 14  15  0.299
s1 15  16  0.111
s1 16  17  0.190
s1 17  18  0.191
s1 18  19  1.250
s1 19  20  0.104
s1 20  21  0.145
s1 21  22  0.116
s1 22  23  0.801
s1 23  24  0.213
s1 24  25  0.203
s1 25  26  0.140
s1 26  27  0.112
s1 27  28  0.099
s1 28  29  0.096
s1 29  30  0.108
s1 30  31  0.145
s1 31  32  0.102
s1 32  33  0.111
s1 33  34  0.154
s1 34  35  0.198
s1 35  36  0.618
s1 36  37  0.264
s1 37  38  0.121
s1 38  39  0.209
s1 39  40  0.104
s1 40  41  0.204
s1 41  42  0.119
s1 42  43  0.120
s1 43  44  0.118
s1 44  45  0.099
s1 45  46  3.176
s1 46  47  0.104
s1 47  48  0.097
s1 48  49  0.260
s1 49  50  0.578
s1 50  51  0.091
s1 51  52  0.094
s1 52  53  0.106
s1 53  54  0.144
s1 54  55  0.121
s1 55  56  0.105
s1 56  57  0.107
s1 57  58  0.676
s1 58  59  0.102
s1 59  60  1.538
s1 60  61  0.672
s1 61  62  0.216
s1 62  63  0.179
s1 63  64  0.498
s1 64  65  0.108
s1 65  66  0.121
s1 66  67  0.206
s1 67  68  0.157
s1 68  69  0.096
s1 69  70  0.107
s1 70  71  0.097
s1 71  72  0.112
s1 72  73  0.105
s1 73  74  0.100
s1 74  75  0.111
s1 75  76  0.830
s1 76  77  0.088
s1 77  78  0.087
s1 78  79  0.089
s1 79  80  0.102
s1 80  81  0.113
s1 81  82  0.101
s1 82  83  0.938
s1 83  84  0.099
s1 84  85  0.586
s1 85  86  0.101
s1 86  87  0.994
s1 87  88  0.102
s1 88  89  0.126
s1 89  90  0.537
s1 90  91  0.366
s1 91  92  0.092
s1 92  93  0.101
s1 93  94  0.112
s1 94  95  0.094
s1 95  96  0.102
s1 96  97  0.112
s1 97  98  0.155
s1 98  99  0.091
s1 99  100 0.092
s1 100 101 0.094
s1 101 102 0.093
s1 102 103 0.094
s1 103 104 0.119
s1 104 105 1.497
s1 105 106 0.134
s1 106 107 0.143
s1 107 108 0.119
s1 108 109 0.103
s1 109 110 0.442
s1 110 111 0.104
s1 111 112 0.097
s1 112 113 0.102
s1 113 114 3.100
s1 114 115 0.124
s1 115 116 0.389
s1 116 117 0.094
s1 117 118 0.097
s1 118 119 0.282
s1 119 120 0.176
s1 120 121 0.118
s1 121 122 0.105
s1 122 123 0.103
s1 123 124 0.091
s1 124 125 0.097
s1 125 126 3.397
s1 126 127 0.105
s1 127 128 0.110
s1 128 129 0.114
s1 129 130 0.105
s1 130 131 0.778
s1 131 132 0.317
s1 132 133 0.106
s1 133 134 0.090
s1 134 135 0.092
s1 135 136 2.526
s1 136 137 0.101
s1 137 138 0.106
s1 138 139 0.114
s1 139 140 0.108
s1 140 141 0.108
s1 141 142 0.103
s1 142 143 0.108
s1 143 144 0.096
s1 144 145 0.116
s1 145 146 0.102
s1 146 147 0.444
s1 147 148 0.098
s1 148 149 0.248
s1 149 150 0.100
s1 150 151 0.102
s1 151 152 0.113
s1 152 153 0.430
s1 153 154 0.104
s1 154 155 0.107
s1 155 156 3.542
s1 156 157 0.100
s1 157 158 0.108
s1 158 159 0.108
s1 159 160 0.091
s1 160 161 0.107
s1 161 162 0.195
s1 162 163 0.111
s1 163 164 0.370
s1 164 165 0.097
s1 165 166 2.204
s1 166 167 2.514
s1 167 168 0.239
s1 168 169 1.085
s1 169 170 0.091
s1 170 171 0.497
s1 171 172 0.094
s1 172 173 0.094
s1 173 174 0.096
s1 174 175 0.244
s1 175 176 1.046
s1 176 177 0.136
s1 177 178 0.105
s1 178 179 0.099
s1 179 180 0.131
s1 180 181 0.130
s1 181 182 0.101
s1 182 183 0.109
s1 183 184 0.100
s1 184 185 0.103
s1 185 186 0.117
s1 186 187 0.449
s1 187 188 0.093
s1 188 189 0.095
s1 189 190 0.426
s1 190 191 0.495
s1 191 192 0.109
s1 192 193 0.194
s1 193 194 0.101
s1 194 195 0.094
s1 195 196 0.095
s1 196 197 0.097
s1 197 198 0.095
s1 198 199 0.480
s1 199 200 0.201
s1 200 201 0.104
s1 201 202 0.103
s1 202 203 0.097
s1 203 204 0.114
s1 204 205 0.102
s1 205 206 0.246
s1 206 207 0.144
s1 207 208 0.101
s1 208 209 0.106
s1 209 210 1.122
s1 210 211 0.096
s1 211 212 0.100
s1 212 213 0.152
s1 213 214 0.112
s1 214 215 0.106
s1 215 216 0.111
s1 216 217 1.622
s1 217 218 0.114
s1 218 219 0.104
s1 219 220 0.092
s1 220 221 0.106
s1 221 222 0.095
s1 222 223 0.107
s1 223 224 0.121
s1 224 225 0.102
s1 225 226 0.104
s1 226 227 0.103
s1 227 228 0.100
s1 228 229 0.154
s1 229 230 0.105
s1 230 231 0.132
s1 231 232 0.094
s1 232 233 0.127
s1 233 234 0.102
s1 234 235 3.324
s1 235 236 0.105
s1 236 237 0.263
s1 237 238 0.860
s1 238 239 0.146
s1 239 240 0.106
s1 240 241 0.105
s1 241 242 0.147
s1 242 243 0.099
s1 243 244 0.387
s1 244 245 0.095
s1 245 246 0.094
s1 246 247 0.101
s1 247 248 0.225
s1 248 249 0.098
s1 249 250 0.190
s1 250 251 0.662
s1 251 252 0.102
s1 252 253 0.102
s1 253 254 0.103
s1 254 255 0.096
s1 255 256 0.095
s1 256 257 0.226
s1 257 258 2.195
s1 258 259 1.422
s1 259 260 0.101
s1 260 261 0.102
s1 261 262 0.103
s1 262 263 0.216
s1 263 264 0.103
s1 264 265 0.121
s1 265 266 0.106
s1 266 267 0.102
s1 267 268 0.095
s1 268 269 0.095
s1 269 270 0.092
s1 270 271 0.096
s1 271 272 0.110
s1 272 273 0.112
s1 273 274 0.228
s1 274 275 0.096
s1 275 276 0.100
s1 276 277 0.131
s1 277 278 0.098
s1 278 279 0.667
s1 279 280 0.380
s1 280 281 0.473
s1 281 282 0.108
s1 282 283 0.107
s1 283 284 0.093
s1 284 285 0.561
s1 285 286 0.100
s1 286 287 0.107
s1 287 288 0.201
s1 288 289 1.449
s1 289 290 0.118
s1 290 291 0.107
s1 291 292 0.097
s1 292 293 0.095
s1 293 294 0.099
s1 294 295 0.103
s1 295 296 1.147
s1 296 297 0.111
s1 297 298 0.126
s1 298 299 0.108
s1 299 300 0.204
s1 300 301 0.147
s1 301 302 0.111
s1 302 303 1.073
s1 303 304 0.101
s1 304 305 0.100
s1 305 306 0.103
s1 306 307 0.123
s1 307 308 0.106
s1 308 309 0.103
s1 309 310 1.236
s1 310 311 0.101
s1 311 312 0.125
s1 312 313 0.162
s1 313 314 0.107
s1 314 315 0.107
s1 315 316 0.141
s1 316 317 0.121
s1 317 318 0.094
s1 318 319 0.104
s1 319 320 0.105
s1 320 321 0.105
s1 321 322 0.113
s1 322 323 0.110
s1 323 324 0.108
s1 324 325 0.128
s1 325 326 0.103
s1 326 327 0.104
s1 327 328 0.108
s1 328 329 0.109
s1 329 330 0.101
s1 330 331 0.132
s1 331 332 1.967
s1 332 333 0.106
s1 333 334 0.102
s1 334 335 0.753
s1 335 336 1.537
s1 336 337 0.200
s1 337 338 0.831
s1 338 339 1.241
s1 339 340 0.547
s1 340 341 0.116
s1 341 342 0.909
s1 342 343 0.106
s1 343 344 1.255
s1 344 345 0.112
s1 345 346 0.113
s1 346 347 0.119
s1 347 348 0.881
s1 348 349 0.111
s1 349 350 0.112
s1 350 351 0.191
s1 351 352 0.407
s1 352 353 0.133
s1 353 354 0.103
s1 354 355 0.177
s1 355 356 0.096
s1 356 357 0.110
s1 357 358 0.257
s1 358 359 0.120
s1 359 360 0.114
s1 360 361 0.125
s1 361 362 0.072
s1 362 363 0.088
s1 363 364 0.114
s1 364 365 0.097
s1 365 366 0.798
s1 366 367 0.115
s1 367 368 0.125
s1 368 369 0.109
s1 369 370 2.241
s1 370 371 0.106
s1 371 372 0.154
s1 372 373 0.129
s1 373 374 0.109
s1 374 375 0.104
s1 375 376 0.654
s1 376 377 0.147
s1 377 378 0.728
s1 378 379 0.244
s1 379 380 0.288
s1 380 381 1.014
s1 381 382 0.149
s1 382 383 0.283
s1 383 384 0.309
s1 384 385 0.426
