hs1 102024400 102025440 0
hs1 152617218 152618252 0
hs1 158502674 158503718 0
hs1 199147461 199151487 0
hs1 235049483 235050522 0
hs2 62226939 62227975 0
hs2 70376617 70378116 0
hs2 71106392 71113132 0
hs2 71132534 71138649 0
hs2 71175494 71176689 0
hs2 85623609 85625914 0
hs2 95572835 95579497 0
hs2 159415352 159421891 0
hs2 159436298 159442265 0
hs2 201395113 201396805 0
hs18 17910684 17912466 0
hs4 184641513 184642571 0
hs14 54010953 54014626 0
hs10 28849627 28850748 0
hs6 42964482 42965605 0
hs16 52219154 52220244 0
hs19 19765502 19767472 0
hs22 45254195 45256258 0
hs17 59040563 59042233 0
hs6 2990662 2992048 0
hs13 47798515 47800344 0
hs12 110589118 110592165 0
hs12 64324358 64326160 0
hsX 74672048 74674223 0
hs6 43030642 43032053 0
hsX 103956251 103957464 0
hs10 67289255 67290287 0
hs10 101586722 101590011 0
hs21 18753971 18756600 0
hs6 138067229 138070027 0
hs8 59497522 59501977 0
hs5 23337574 23341107 0
hs4 83718449 83721561 0
hs12 111428010 111429832 0
hs12 61621760 61623632 0
hsX 138073402 138074735 0
hs12 67232960 67234009 0
hs19 23801735 23802770 0
hs14 102910044 102911084 0
hs14 94262309 94263344 0
hs14 76170792 76171834 0
hs9 78203355 78204401 0
hs9 90129123 90130154 0
hs13 20433382 20434415 0
hs8 81633582 81634625 0
hs6 112783639 112784689 0
hsX 99297461 99298497 0
hsX 86844924 86845954 0
hsX 132724427 132725451 0
hs10 28765060 28766090 0
hsX 44485199 44486227 0
hs20 49180655 49181689 0
hs4 81301238 81302260 0
hs16 72531971 72532992 0
hs7 25143472 25144940 0
hs19 50083204 50084319 0
hs11 24315535 24316667 0
hs11 117773247 117775136 0
hs14 51305684 51308558 0
hs13 67374307 67377911 0
hs10 15087297 15094016 0
hs9 92550767 92555384 0
hs11 86243474 86246635 0
hs11 70980800 70985657 0
hs21 32908410 32910088 0
hs13 40909562 40914548 0
hs12 8478723 8483489 0
hs12 8456106 8460949 0
hs11 71005614 71012276 0
hs11 67495744 67500583 0
hs11 67243959 67248811 0
hs11 3574906 3579757 0
hs8 11925975 11930844 0
hs4 9068757 9073622 0
hs4 4176386 4181537 0
hs4 3858281 3863133 0
hs4 4206562 4211413 0
hs4 9093168 9098017 0
hs7 6870264 6875112 0
hs4 9122334 9127178 0
hs7 97411695 97416520 0
hs8 12583730 12588226 0
hs8 7934925 7938429 0
hs8 7436933 7440433 0
hs8 7089009 7092505 0
hs8 11820908 11825765 0
hs11 71280820 71285645 0
hs14 51290313 51296529 0
hs9 92031092 92037070 0
hs8 12603110 12608650 0
hs8 7600002 7601050 0
hs10 15068879 15070786 0
hs7 6844160 6847241 0
hs12 91777077 91778800 0
hs4 108904461 108906294 0
hsX 43645237 43647938 0
hs5 72328169 72329605 0
hs9 35094169 35098737 0
hs20 17940442 17941704 0
hs14 91562526 91563667 0
hs13 81162039 81163219 0
hs12 12155190 12156374 0
hs12 9283189 9284352 0
hs5 118337162 118338402 0
hs7 137738227 137739870 0
hs5 19472674 19473836 0
